23967554
16834046
20602394
16348549
17899109
34889448
69091913
14499829
33933259
9109712
19658936
15587500
146569971
36683668
183389028
21394764
199317536
90407341
272019676
77034693
561581597
63331116
21157904
156703580
32407106
135713596
234022257
550401754
1071900114
37007274
246373312
1598883018
17976923
1058807868
22508473
1061292174
21829541
386268561
237487320
469455621
12788332
5558312
27442925
15923226
563810869
318028966
78369108
5357812
22509548
86133628
10168082
17503749
330477546
15357126
44347346
633064406
15164565
37764422
50393960
93539280
28480805
50702694
26051676
14344823
184136149
15207668
207316673
250784170
224320485
191477653
34402366
357000686
59471027
70952983
44401911
26475983
16012783
15210284
121751302
14962779
110445334
89820928
158426909
20608910
21536398
46681100
312800783
14412533
50325797
807095
5988062
16311797
20733972
12133382
5402612
51241574
15675138
35218566
11856892
221780352
16227050
23536403
7402662
41405412
24903073
143798379
16187637
1137600571
46525604
125173619
19730420
138479037
11348282
16258736
58847319
120582445
21220931
5392522
125734125
21612122
97916248
14110585
14270650
16462068
3135241
20786801
21674448
32533893
27882000
60786902
48809111
237781383
221447516
33655490
237403203
14275291
25086658
23121519
20467163
37094727
16108251
14529929
17857102
15727562
15111202
14511951
113047940
25399852
15801273
137775956
301114652
640893
15075999
18227519
21619519
15918708
15458694
40116885
39308549
59676104
24554234
39155029
15689503
85131054
14266331
23791417
139782438
104560169
14946895
292935209
15745368
229966028
131546062
20597460
119110363
288433220
37131012
215440345
44195516
16624221
478167184
24432463
41660824
25408815
65651571
15572679
15922214
9300262
2467791
17400637
18939337
18709429
15731751
130600206
161743731
14246001
13058232
12925072
19553409
53169236
19739126
51596011
18891923
47970915
18847525
15248833
41649191
16565260
15428227
41363507
28176898
27676828
14736245
21131694
3108351
7713202
1917731
15582489
24905550
21874587
5561412
