259513949
245630358
423564565
26064607
5794972
228504956
61583656
294084341
31801993
65647594
2927758254
48834568
1366965672
2800232600
69193833
36697854
30935804
456899748
16139653
240722267
59199114
126669210
15918708
19609379
21328154
11886142
309889410
23111763
125732435
78370416
111693211
78033328
111687522
34291036
121220263
132939070
69568896
121219311
23365981
121231141
25728028
111073776
110721217
138849257
18391051
620029424
221932626
87799109
21012092
127544605
8011072
257605531
257517736
75179838
479843758
481569504
130160106
33600792
17293192
885144331
54905488
58463169
27675227
473128664
46627530
9855382
7402662
21312077
26946495
7152572
42666033
2272531993
18136692
145257224
43464013
245424983
19272796
818431566
30223211
14344823
16303106
607289206
90484508
19824430
18696134
39520162
50405341
76771090
407039290
48114476
119199684
37790344
465701566
91826372
209290784
273600139
44725196
16129920
15667802
409486555
53176629
102133945
159124223
1704933007
76035270
48568150
240703792
240711630
66562891
57673909
52077282
50399834
123653013
56699946
63003432
137868960
65087048
73238146
88445270
40788497
64489946
770116346
544553624
15248150
18917882
63619227
514557770
335886118
564866637
120188379
94262891
916935650
262474397
632365414
1132179139
634700674
479881819
353189692
248234228
111379452
221224724
2293097760
395664776
813286
1339835893
1330457336
1382011333
18695134
114624280
31128529
531591178
123974466
312064566
920149104
237012415
82900695
100115449
1411017944
293711667
369866376
77056184
259744278
34022952
492332909
442319975
50073507
15463671
15159913
22529427
23621827
9720702
86129724
15816595
44599480
1564967204
20468711
114916322
1291269834
152341106
19023793
172060131
16424606
15383116
17274379
41747410
28785486
52419540
21225519
14138785
44134773
42389136
21220931
20109973
20608910
14676022
56700964
293012979
1106501
97474887
77517639
312189104
13493302
15554922
37291805
130945778
45671898
156016878
19940085
59031230
15334380
55334133
610922415
297532865
20832374
30490986
14695133
16006592
20800328
102480261
15808765
20002475
59311173
308573576
18889548
261106396
28113052
14870670
20815668
389840566
15764644
234489403
259800864
59020790
1430799001
89669403
42121155
242939330
72651668
1656062496
19615832
20474813
413221463
373382787
90988134
373437924
605083018
34677788
27989791
15675138
14179819
38256654
17163156
8383592
160591075
12609882
254798840
57008551
286716928
1196894713
589309307
178052933
1617980293
407893775
69462289
59425403
28096105
49775312
39308373
23620357
243844861
17759597
184136149
14251225
81632144
16187637
1206174696
258885469
12272322
108990654
25522083
12354832
93069110
282545479
246089101
19608273
15781389
47498801
224320485
18992437
16955870
18067886
394383391
382232271
15856030
169586280
24773177
131627183
127944134
205226703
605804158
15824967
14628868
2219131
108796474
6576492
731350208
551777662
11877492
286345557
434294857
109266393
15909793
2528214978
12133382
9300262
102751218
38735700
7764332
69181624
105925025
14377605
43963249
1093090866
30313925
859793215
5741722
5392522
217518231
14677919
807095
3108351
1020058453
5695632
381724050
20402945
26585095
2836421
2097571
428333
759251
