16121482
43904362
35945229
23899556
292495654
41691265
339852137
45445240
96150289
87351609
96126817
247486443
22086734
95688842
21351719
16799616
96150958
26596727
14843435
29293808
242178962
113114946
12670512
15481070
52521572
46427814
11990942
48125246
15922214
167024520
57742381
22828333
17353051
125491455
47199132
263343908
14337158
59676104
118747545
289534571
80076673
68182884
15973881
64515574
34610599
22213141
41182253
18129681
184789108
285744541
21360690
245984358
16224705
77684440
168780835
267371257
39279393
165204211
109257354
64759560
11053512
15489945
97691156
15309804
41847726
104237736
234186830
34713362
198567769
253761367
27225542
18945939
114536998
19085493
15458694
35218566
888621
22534863
80595226
18794882
30138588
50370508
35773034
2911101
36124348
15764644
20608910
89820928
21220931
9300262
115979444
16311797
47694175
63246339
147649517
15399512
90077282
16340501
93876666
14434063
15918708
160561302
138479037
137466464
112695376
85131054
112526560
169586280
136300373
121566546
8953122
21619519
15210284
16898332
14268812
76715323
15731368
73238146
16930125
13524182
18097821
30313925
50325797
16789970
31127446
18695134
15210410
13215382
18678924
24619328
5336752
16072058
20245775
12340562
21612122
4119741
16250929
15458181
17074440
14529929
14412533
120181944
17092444
15826822
15901113
18696996
250188760
16187637
252249233
106514937
24431892
15463671
45577446
88426994
5739642
14717197
28652194
151963505
14837054
17220934
86697288
43920155
18510860
50775482
14185814
813286
131500972
35449630
14511951
22691359
20659086
50452197
12354832
7356562
19805776
22012091
21135085
16376937
14470284
130617778
16442365
111697597
15954140
90725320
133872807
17146101
23855099
17145979
14246001
11178672
18170672
15993122
20270907
19374524
19933527
47658459
50839075
16160352
2467791
35289761
63522533
15839303
14180091
70440918
2992751
54176768
14770470
46417885
18622869
14062180
5741722
21406834
92030522
7215512
14634720
22737278
48612066
16129920
34369632
35039244
16012783
69181624
87951215
17004618
16551172
14238142
41269920
44783853
29201047
20545793
54996440
16688755
63539533
113420831
48075643
31173062
8073492
44294876
31128529
31464192
12811282
55473790
92572677
22073470
15954997
1917731
55355654
44177383
43049724
89790332
