47911050
2430916028
44898703
3307473052
1635578742
65717080
241222434
337941418
18470222
25119699
2975350155
23600262
73413771
1633035175
368992130
3091316093
330921167
65647594
3290070855
190510601
77034745
1467874982
23812320
20272531
543732758
140519774
19926675
1536791610
361338750
164369297
74508260
102503081
38516217
23630028
50393960
356334842
405579653
44177201
488955018
1636590253
2248872301
18996563
1006382972
250556430
2860639065
911538276
487600344
1604366701
3066034505
21759820
2444007907
48103726
20609518
25673628
33600887
807586682
148491506
114785533
22650398
27048645
57296312
2651777486
26668729
1249982359
240700617
39384517
2289744980
2987671552
151200240
2885800714
567508925
64808610
1077121945
1064206014
336747361
712872716
217510835
63178163
2696715972
1618470324
1095488568
1387809914
47943607
1032898632
1111668871
336004914
48819814
635163456
1039785348
1264506732
2347058669
28037697
1946757306
197553681
44795141
45605983
1327222819
413466731
57099769
27043233
205864193
24773493
911294028
1112549472
2339213606
633924401
97503010
31080039
774950893
180505807
1621226881
1618337582
1656841027
2291618748
167419826
12343872
1205882858
78744813
45141030
758435527
2443706409
66543338
179136395
14461968
455524335
133162623
116589820
153028712
251978476
950090929
133971798
55129952
50534229
1920465122
775916148
17935136
26826074
163700417
12133382
60068242
1093090866
122174004
133832049
36686040
2329092852
7356562
21312077
109025212
116505994
162715002
55657699
1408858718
17635773
17968901
384392601
2327667260
176889383
2411173838
116831739
1080672710
381258514
122720272
1364668514
1342227806
23648179
1897686582
314762475
1329545508
2215869518
906782533
787373558
381152398
244268646
18009561
46648807
28621013
302083519
81139286
16187637
1205200368
28171805
237814920
1267368794
545941121
136300373
83332814
115749048
807253855
157078744
1900902990
344785640
21768766
15326331
322625228
290101519
259552997
292432829
227037531
179299352
1260142778
402912572
20002401
500407852
282047676
44916396
262791748
109042106
6995942
234499923
1278397099
245842445
10877082
14695985
53176629
110582889
28120474
470622010
17241440
10069612
26441991
108993692
15854702
45431148
74829020
78697740
11856892
18905152
388469209
8839632
17134268
1355374194
413212483
86141342
22650211
22774112
21228708
450941680
28259455
28589777
111371523
48802204
38020398
16329199
191608030
75068011
562071938
14180249
47341545
16509580
15137706
22715186
17074440
78111823
1198367599
319964305
95431448
17410438
14856665
36451810
34394460
225962390
235216696
48937174
31160666
263964491
608419783
16223917
380355731
17059095
17149641
164249210
28596349
19145536
194375797
26394126
296367503
17013621
935429406
476328585
264924050
219481669
273576271
402754814
94093747
275156847
130110079
26565091
17115027
57072084
17150476
161298188
63190717
427787017
403500479
30226183
54261520
18722097
22422168
26179996
108080788
14897840
57071314
175106731
28165924
14861702
402828353
455100646
80734751
122131645
125984385
14620190
173321172
514781961
434940789
136371136
322603418
633909838
131981338
28208096
216891824
1160830358
19042788
523984164
17214735
20402945
7381532
18093710
26259444
22978728
1225601383
85606078
89587925
191055490
44682276
174760954
272019676
1011308629
15382980
594503585
90694084
18030431
56543630
20484886
868234082
360268640
299743215
278088724
15012486
20531929
290135058
26777550
106465257
138499441
60093462
15769327
96173926
19109172
15170346
44615672
61762853
105174965
110823581
72631996
19674502
337742544
278776049
44873497
374019904
221147815
369246180
562385224
110541296
595515713
369505837
596661417
19351485
161698693
159189614
55653151
21415216
937723303
178012979
5990782
549579841
14345062
198902989
575622106
17809431
150724371
28599820
55058753
21982720
904418688
17133657
35134063
75095358
25515760
393379641
34310801
41445718
55184723
111989710
19248430
22180998
282735852
299798272
425440435
336643613
17871088
460485003
26747051
123282802
18812572
278094476
15566123
390854130
847769678
109040011
164461645
17425181
513756136
238259855
238253724
181239444
64510593
110445334
7004382
15940218
389034808
158843728
17661546
85365067
399977826
254096195
370255632
20600214
38477209
29235331
44380404
32373918
515684410
84380914
83684370
17377538
18978610
15735683
48179956
74426794
263212285
254074448
239964567
89256736
94399395
43345682
21820251
12788332
197436676
16245822
763727581
115979444
33619726
135250541
409283268
33402211
456109840
117821354
743292565
27106727
172752266
159125878
52138443
14173315
21010363
15473958
19802879
612273777
103203451
619084658
18906574
264443397
25971804
22213638
24913074
39523386
19900778
21870081
31208115
225539878
42384760
217235244
379997466
55242329
16031927
80384548
636108396
30906163
26040284
22851407
115530428
76348185
15649433
396505283
208214219
159475992
483027771
9252212
61681958
525042670
91944748
346466445
31128529
560773965
238314111
188019606
111635527
17924196
89820928
459298263
198959733
172344569
17007608
21324442
91416716
18490288
25104308
17168956
207507805
616590095
939091
24589388
21186125
281093604
593411478
18938912
19198755
21224756
16630062
166252256
575154081
20179628
476256944
46669448
109901017
146827403
39986021
71294756
27027979
29283506
15110357
15754281
17842366
73453532
34659692
65536177
208120290
18058609
10441572
18127064
355577408
385201287
96865370
15210284
22663639
39155029
20776497
17142019
167511780
21231699
19611483
25159286
26738964
18018782
16787889
94164805
167064891
22788100
26329406
21604276
19912304
28785486
44935627
444678141
27985612
50452197
34743251
71070614
18439068
106527849
120176950
103004707
58928690
23104618
9130702
177285187
16583468
20436059
61853389
25104363
22090282
22536055
481439919
21312961
115402670
41966069
216008421
14342564
554663561
30216656
538185166
17629860
34713362
14062180
312199170
159588456
2836421
15918708
15087011
26083271
39301597
56810507
60169688
123584815
27639283
84614572
374166808
22061951
16824141
25026217
19658936
16578473
2884771
15113565
54182567
286299293
16912613
29237302
12663222
6794502
316375309
1652541
135904937
30514839
30501051
46275302
41381598
325830217
115639426
356291170
82453460
176459714
208668757
519521403
39580052
426028646
44783853
105140872
115769727
81851083
348774571
15675138
385456621
105207193
39570980
227047055
306499543
22283200
14669951
20192403
74294786
158570217
25430081
46131997
21213276
46187825
86035502
40031849
119166791
55926722
102086132
18001789
174307994
14141323
6519522
50731463
378848483
49759386
14676022
21162374
159215868
41643124
50327213
14529929
159191479
19043458
14199378
111689606
108617810
22485748
18277655
377534571
24195214
303861808
36948268
23970171
222286905
22520034
18217624
23492914
20437286
551195347
18197409
22977590
38450968
17467066
39542611
15647676
270361579
65458533
158406207
44968998
73181712
14980820
15231520
159112502
248269797
159192471
159125376
60649109
26000876
78408666
35773039
21842348
44691553
135579990
16666748
17409240
36771809
45467270
21767254
16303106
60646940
17338675
436730442
28576135
117527145
301628206
16129880
15922214
16553896
18699067
541992606
15923226
16578576
17112878
27901418
411246048
2425151
16878156
16909907
2467791
19562042
429236843
17643105
429910186
122473746
153149305
52779839
50286477
14369314
106447749
14140913
14615871
16017996
63169388
49634218
450036537
40888650
314713918
236274879
83837302
460401456
18090660
516665208
515783881
304564699
46758449
23633216
482929299
389693939
123585060
24954573
202260138
17666615
168205225
180100015
499976591
476065895
414902638
405181342
15846407
20800764
222107569
18528834
166195244
30095959
66981416
102788713
36989399
41608251
158734051
245424983
161414795
28644864
169596283
22538998
15893354
266811967
23790690
118511128
47440513
126061182
7713202
256113470
14074515
66137554
22197119
260845829
430124395
109287731
360184998
446568165
31409605
15985304
15288344
7152572
158479969
43920155
15276163
22644782
33909155
15109072
17972308
169094888
455039357
234826866
28790004
125767439
354933574
119152076
14345759
5741722
40241160
118744775
159207387
241207373
19544895
37971191
76091295
312134473
148453195
22946533
82649553
266841184
28923113
133846456
46951572
364415553
104615577
15660029
129834485
14587949
35742491
133723711
103018203
20685982
23249092
15147042
18097821
12272322
26135849
137488881
17276831
153895299
415617881
27990131
68484786
3616901
156703580
176541271
37682425
418078050
389028352
30267826
85631478
54230879
84661546
16573859
54915692
45135278
14412533
17906632
145719473
408702163
411552643
238315997
193688807
6017542
16129106
406483225
99390153
15302596
31122582
227341953
33701017
70837868
314216196
18995389
22137035
266719387
7212562
44931767
9624742
23484039
28140646
14293310
18665800
807095
347375113
292521710
164769157
34696654
158007010
173833542
17902389
386365364
261289053
155669457
18907371
23114836
159192040
42944145
759251
16669075
237418907
131703803
30018058
129701343
38137870
15920522
21129271
37142865
27694585
29501253
20722363
18742338
9532402
213398585
80579719
31310158
36681590
17346287
105213383
72281024
67941146
1367531
14951123
332575346
79266480
362009942
88806753
364400667
150850048
247408791
127974109
80113196
16999795
19193282
78909785
81400771
18489785
261234528
15458694
158129535
15599873
11141732
15355984
14441010
22032817
35017909
33528553
106597684
54885400
10126672
8775672
25547350
15840909
42665784
42871498
25103967
17375116
18909919
250669155
212237659
21209530
15134240
26780409
66369181
117543420
15646174
326159207
17519389
159111997
159111654
348173574
51904596
166662399
341109605
23870881
237094998
22641280
16517679
23609587
159114146
181987471
30227658
19245431
126740078
19695778
20717232
271540163
51241574
67325576
22696149
148374341
22377544
222576771
22259628
23433825
336261754
71047638
23871652
3108351
321406068
26784605
30313925
43963249
17217640
11348282
203276302
253284469
15974645
19940003
16564766
14332565
22299177
268785622
18917699
23278814
26178650
14491975
17316879
115149062
264257996
151506191
19670455
22952419
16439779
78908249
15963598
31195469
44177383
16312540
14511951
96780563
10389902
1917731
317949707
198503505
9300262
15473329
327571822
241481855
39244570
16673192
14563788
20626271
16808947
25541932
239630736
19066998
37965812
18081913
39285566
16002877
52443555
14246001
5392522
124529561
16789109
22828333
59863421
15764644
36003748
54994166
15458520
182000140
159111042
153869519
14921442
37721714
15794057
259789206
23140867
190945462
17468585
67323898
23019019
309354920
428333
26458435
813286
16150687
59169678
95970580
47395257
16582357
159145105
158572591
243226840
17516517
113420831
185878603
41102327
31138753
19123791
30740100
159206884
36098062
271086864
23634310
8861752
159110123
15732514
16930125
14307307
290158385
26756955
207810272
20100423
41622841
69306040
109328493
39575290
16572648
22146282
39389304
15379889
25434507
14569793
20708051
15824288
18137749
288751432
22012091
259364314
109071031
132278386
15973881
176281411
24920395
19075173
27706099
20180101
23618466
