10850192
345585107
321562928
906782533
8413422
1322558402
1462089486
584012853
613725908
960696949
976969338
975200486
1058460818
1051446626
1048784496
1045853744
993153006
1058807868
935033864
966442267
963480595
1060370282
1058345042
960962340
1072008757
11651202
1069124515
1089334250
1074101017
1058256326
1060487274
1074412920
968650362
950328072
18773159
1072382221
1065995022
1058051748
1071900114
301549400
551195347
851621377
1131917492
37094727
155642785
198526130
235312723
236960387
242926427
233761277
240427862
235719973
248850174
237348797
234937222
237944147
236479311
249339682
242376736
22055226
246769138
250710495
249288197
281540744
299883942
314335929
235217558
22528309
29766367
23103488
224391627
114756202
16424044
234573331
309267226
381736092
402719755
135931182
474203271
485744905
132542516
17277651
108605625
18646108
15210284
218523764
148006729
26283307
217849268
159619843
30289355
28197549
239871673
242761889
237299871
237750442
20192403
42924141
75367781
41445718
22508473
282093902
12788332
295685416
245408102
240393970
17896154
249219716
201079432
237763317
402029058
222286905
36654245
246341769
241207373
240363117
240385577
235271965
244268646
234053893
221793778
550401754
234797704
211901075
242873057
254082173
237418907
34776119
110545675
235190657
233693291
137407124
240760644
234822928
237403203
235251868
211530910
236487888
234837632
233842454
248699486
78369108
237781383
224294785
252819642
278145569
209792690
234469322
252819323
240376522
239561508
85606078
3135241
156703580
217543151
237862972
239964567
236899846
236541422
237814920
238321369
193794406
237312687
177927463
18030431
23124635
18277655
76966145
37007274
76043920
48117116
51228911
24183358
20053279
76350004
77250424
117777832
54412900
150737366
190328374
17544524
221447516
236916916
234812598
233949261
235289157
211420609
229197216
213634439
218349372
235258843
234128524
219429281
225921757
24735461
234057152
78431501
124224165
234022257
40318829
60984835
23970102
15210410
154591966
52419540
20280088
161743731
142321780
76452765
55235265
22545491
55677432
17800215
84620376
32506723
70756980
26424123
18632666
34340464
74198348
25086658
52503751
33977070
23970171
20088666
18566912
32092956
81859359
11053412
73347967
17487585
43009446
21530025
29209404
129919053
38435380
5496932
46813718
133266449
28621056
15731751
17235172
21499345
9252212
50152441
19658936
38438076
46002396
11856892
70546709
14437914
2884771
759251
51241574
28785486
2467791
1652541
7744592
19740592
22650211
18665800
5392522
15012486
12133382
40864512
115440615
20926802
15076670
116544702
9300262
15922214
102859263
13160892
17546958
1917731
35829796
14345062
19778050
31746745
22948692
19912734
16102244
19139963
20015903
14275291
18916432
14872863
15600527
22527499
15856366
21329888
18317325
18967498
32010840
15116570
15428227
27676828
17976923
12726012
17513304
15985455
6577802
10102032
22831059
23976316
19658173
18166778
26778110
22509548
16721061
41363507
23712174
37920978
24773493
16256269
18805303
15160884
16056306
20097342
20209807
19407835
5561412
15378621
20467163
18811140
19926675
19616327
19069733
26051676
21660348
19929362
20796447
18217624
807095
428333
103060329
1367531
18198493
9855382
3108351
15918708
5741722
20267484
28176898
18891923
19739126
30313925
15166261
742143
6017542
16543775
15675138
16827173
17912982
14323188
15751083
18391289
15369049
5558312
15394954
15356407
14737411
16015309
14728257
10840862
8542882
5357812
8795772
3380241
15522884
15463486
15428689
15367660
14910871
14856252
12952842
9534422
14295569
14344823
11134252
15207668
10878332
15822969
14681214
14857382
14464689
15701850
15920686
14116513
15358286
15009953
15377166
10294682
14749166
14325534
14904437
15661604
5815162
7713202
7402662
