23912630
3018910586
15274001
2891201136
14630267
1527912241
2220460321
18611256
33537967
17622723
432766911
11771512
267232539
3015944387
17880546
1707863221
80136311
14266331
47782054
1003011265
15399512
155650832
376499282
14738561
2469604452
602989093
27814665
7315022
1614004658
2927758254
21348880
166990746
34388611
254117355
117501995
224
388555493
743585142
153178686
571202103
21251668
2595469064
584012853
975200486
960696949
1058460818
1048784496
993153006
963480595
935033864
966442267
1060370282
1058345042
960962340
1072008757
1069124515
11651202
1089334250
1058256326
1060487274
1074412920
968650362
1072382221
18773159
950328072
1058051748
551195347
851621377
1289319271
1128514404
1077446982
1092757885
17539497
518644221
1849261916
1322558402
1137600571
475988505
131204770
19219492
2953494478
2964222544
2914571740
2965083477
2862577383
2914515430
2953713339
2962994194
2962813893
47798449
2852998461
2962891515
2964287128
2929491549
2914163523
2861616083
2963445730
1382011333
1908143071
1305596696
2482022082
242772524
2382685057
2696643955
2976598347
2966758114
1393155566
2560169238
935368364
912608010
2750127259
148006729
377534571
2978291435
2730150631
2951574214
2253968388
296245061
2975091705
2953974395
2933760046
2964949642
24660199
161034257
1061292174
1155212191
790756758
1045853744
1074101017
1623308912
1065995022
20887665
1051446626
23642374
27772478
1444015610
976969338
2869746172
2953922782
2966205003
1131917492
314205957
455764741
2853309155
1058807868
2932617195
1071900114
35859588
2930635215
430130014
2847221717
37481291
849478171
39523386
15970050
304139821
84459364
16547587
294084341
1064288065
1209417007
1491005960
136296211
93505671
40911368
113202279
47768150
128393253
117082566
2444501065
80665408
208155240
456806128
15212187
942985518
339297533
825687307
583321799
18170046
184910143
419161351
21041169
329945223
15754281
86141342
21702539
282735852
171733309
733751245
347970642
55329156
27977856
1962827360
186113323
16115979
21927612
23794763
618470209
22047405
239740332
6708952
3953141
519653168
251823401
16472998
74244156
1138688364
594867738
399743285
49649403
108807556
21220931
1625964284
1561920998
253420282
731630192
33421396
109929698
16479017
23518938
46727968
28982802
27690786
1325256631
449075629
73553625
15897401
15780280
35616518
292990703
2554741
25562002
147264514
619710301
22049571
40014748
71410177
7380362
17516995
44440724
17513576
75120114
269375709
326929954
35842966
618481754
16385353
19731760
14095216
254270195
516721966
155669457
36134022
454282326
197171942
637239947
403881495
495382516
593817693
371816843
82923419
96018016
59300026
216564701
180708981
255109294
613725908
272164322
238259855
42866408
28599820
97503010
590114971
41272328
22082983
589400275
21377468
17658324
17467298
14857569
31499636
216105697
19552866
15518446
21234528
252777300
24926288
15918353
85864444
36446053
36274813
21873714
45887883
34375255
224155808
308848771
112277443
85585756
53299996
519742565
132201224
58928690
40047979
154252277
15725659
26487169
269407454
120267021
467843369
486957134
382778913
61318348
289374103
582365774
575735507
492616846
351735497
344713110
29077144
563848112
19238245
562936930
277126369
263758909
28811251
90405702
218982732
242418441
163584265
96405362
249384564
285252127
250784170
345158526
233601728
347395654
165998897
15617668
408195377
19195094
176093993
240135871
247536622
14361253
8962882
62607297
72198806
15939889
16292153
76754942
15693683
349195650
170618342
14880616
266927095
83462293
23796787
550401754
546135718
425134612
326255267
191208817
141845048
89780639
49860596
85849661
243840731
93687642
42930296
390953202
62249431
74588717
22463324
23817772
88690444
16726846
532043799
205864193
48802204
293131808
393146543
117509692
517897761
33350917
28663513
23258257
65691824
20733756
158558380
59331128
348283441
106500757
170196829
15971563
25594161
451026757
138198246
174338995
14302948
54302457
23696410
46990598
48029066
103081016
284201352
15759917
16844550
25857217
14934964
42259293
15046662
34799441
14197312
91038197
23283299
231815020
40875530
122212010
123002262
418991627
16450697
5469742
14207809
39617992
17566505
17955706
305401656
168001464
148855217
385706946
49555067
206522478
343549373
1759181
10774082
432727221
18805666
34669738
429077520
52992670
229932544
363168963
157544431
321572449
278764617
23974763
44626981
408055405
438620304
419288132
469132476
18565158
109406597
450028791
472623631
15757557
22960477
246989901
453501853
276632596
38487403
18868201
43958971
437435558
280974785
439862769
405034710
427543205
389635393
180389279
400253443
248515137
153707953
52981472
23371391
43438737
84426342
223518981
69210386
193747484
23689478
27245742
45150515
155670420
49518781
159479441
19878055
91016729
317902377
59891009
22530134
39100536
294171330
26521816
334752501
33988282
14056457
57129326
146164208
54642235
17163101
239957687
40116885
18856701
179245596
14130528
15396680
15062796
97819045
15936831
15766754
19423348
14377023
27819185
87566177
26214208
110053068
19417549
16480737
31177088
14437478
102177254
23963131
63216451
89000747
364314921
21712955
90515306
2048141
16153697
17405062
240992397
18795186
16180004
612473
20182089
5402612
21982720
20067354
16378486
12133382
34713362
2884771
33514869
69181624
18665800
4119741
22799750
4970411
20245775
14606079
14677919
742143
15012486
14224719
44335525
19674502
50055701
36412963
19418459
62442994
15808765
135575282
27937841
17855686
41538528
18021381
157089828
22451908
16347021
343653305
104959693
389098457
18399190
15691217
90649509
70929363
333692333
326380419
23126875
14754055
76420352
402029058
15853065
29259675
7819802
14584859
114859756
15219929
22030565
86358005
234619026
134978350
35823964
123655810
41410702
96033630
108416848
108424611
47242873
296903483
24924235
121312996
23492750
33767376
19699830
119245234
39420337
14110710
17327197
389276966
31185990
29347333
25320247
15702521
84147823
161116029
18697188
227105115
24824449
32473363
28049266
321094367
20877333
46177325
233557728
385586397
29235589
52235229
402719755
203297047
291486444
195790079
125335737
156703580
243783277
338553588
155973490
279776403
165810299
122226401
118756393
223970563
238251587
380581302
36681590
78408666
231841962
270927223
85365067
237535670
283270880
381736092
251644808
327523579
18834180
27105334
95506425
3080761
279147467
182435992
106148479
111872176
1090561
348178323
333806846
326208966
326895820
15947897
369364348
364564017
23763555
21237045
234844235
69154842
31213782
31249508
27972848
32631205
26574157
41392974
22727615
31536157
27965159
17070252
22080148
18987311
22225234
15484266
20867568
56508823
34421618
23620524
14463802
31173768
333498157
314636730
16072309
98724150
16675872
23519114
97272374
8817682
119825767
284730335
103074408
97786477
16812135
19407853
198635418
245905858
317889580
74288359
19607247
91290833
190739196
348150758
41871447
95282649
21543472
56676985
17469289
6332292
14173315
6096642
130274805
16581604
33696409
15134782
280570161
16618503
158831815
341725884
348545290
64002103
162959947
47025294
7228682
80940214
27689907
28103693
212320989
53487798
190080466
15537855
48459553
218027755
285802493
7642332
146099226
14130784
42461804
16935023
334127852
334824599
296351777
70495892
43820561
16018516
235217558
19550641
56413858
18244206
16193222
19937880
17923876
26652309
67790595
64088396
89297892
18089606
99786592
17118279
5511332
10774652
41548451
247723476
4607
19803702
86674165
18208120
17995040
16491845
1033521
56149176
76118161
291257996
5539902
85395596
16377693
16670681
22089915
138977055
94139317
86129724
331681951
57108004
243030392
89820928
81192849
277124730
166252256
11178672
646893
25330246
17060265
301549400
86523551
138895307
257038465
252396862
40553282
30059550
16336478
16112979
15199325
47518210
56087980
227841653
309267226
19611483
20635633
257197255
90456938
21572351
169081913
7074742
14898452
38666510
2459371
15742985
28785486
44177383
288308178
15865878
57501078
263936580
16480751
16255098
14845376
24905240
117537998
114896223
202206694
216881337
229966028
233737858
212262370
18915145
88784440
238177562
240790556
243797058
229592356
264219447
262756641
234370900
292972175
82657929
266133081
296361085
294126378
75364211
221162525
133439172
36916922
317210152
314335929
31520117
242458942
28527791
24720813
304041656
139645258
50120316
250719718
59896901
140462376
282958954
1025521
317817201
252889035
317608866
19211550
63237427
22569888
50092882
16950822
15689503
18025195
15826822
18274892
82649553
48781212
158495061
22976120
22977151
128462390
49884629
170009188
193785644
15379444
275572403
16068266
27744185
50769180
47739450
234540332
294825746
180389671
82236641
239435982
98125608
294181316
264470292
70476832
303260431
140156429
255661382
26613954
301853621
299883942
237418907
161356025
21124773
11489
148491506
21268897
274538956
15455253
20076659
8695352
20436059
18023140
18058609
20050047
20065440
78977078
84387689
242797971
14107459
44777959
156969952
146569971
78941245
15587500
19568273
36683668
15134240
28471924
233696188
156281079
277160419
43970862
61853389
76733474
24167314
218264198
18183736
279807132
233692653
81733827
20385308
36769820
52118721
40154387
177743663
33655490
254082173
240393970
239964567
29738565
15965143
16404712
188857501
185684821
91541665
277104778
195099621
285823783
115833283
211314851
174307994
242960576
296849519
27911608
295685416
81155662
176958955
22332877
123728862
28123214
236026761
49840388
117404245
174121609
17181891
223967504
255623198
40047017
211066321
25085215
46517086
246390927
16371006
127909294
68994027
97556660
65274025
121594609
82129361
7651512
278654482
203244263
79292033
16859117
233601235
15570735
26513860
75690416
75600769
22771961
20109439
18028893
12654802
224320485
116748080
190089336
16187637
239561508
44498071
19616832
162112933
238269188
241976296
19980678
17443060
5660532
73410119
17907987
15244984
239964750
172819114
213182436
58992274
252115520
21351517
47021142
143663597
25837601
20569076
48743089
18490262
262325494
196706473
144986277
237770636
266772387
19107878
234906311
47737752
40566183
277479383
259807800
25146084
211205079
17545624
148771088
281281421
214113057
102432081
14299122
282093902
18310103
101846064
218975278
43400955
281540744
42442665
18175578
27968630
14578068
43150818
278145569
237846248
54974693
34911420
20019510
39826094
199536925
76737198
24984517
109457012
46813718
17477964
15368684
70396470
72631996
24018069
121231249
192918274
28614262
249288197
24913074
85606078
18468610
46300272
126632552
16026940
249482040
108726910
17896154
14946200
250710495
186578457
15442036
92526226
18563490
252819323
22569588
15505053
190355738
10648962
17994536
13192972
16820073
14859642
30392941
236479311
235271965
234573331
249219716
237944147
235190657
234937222
242761889
237299871
51039749
33833239
14768446
20530251
60716975
26316100
139926420
19737257
17798702
249410485
248850174
252819642
26324609
237348797
240760644
22055226
234797704
249844732
245408102
237750442
240363117
63073834
23944104
18896440
92054803
44682276
95728896
209792690
15029174
22990924
132611776
243783807
225116996
22047229
12480582
18481050
25073877
66369206
15492359
6385432
14749070
4641021
11518842
989
5490392
1652541
7744592
14293310
14437914
759251
20466215
24439201
35822388
14279256
21307076
30864583
35218566
17818461
166355068
9075852
202294396
26596727
44631696
249339682
110545675
248699486
246769138
242873057
138596853
20685982
20101427
184219573
32071013
246341769
244268646
157723671
22314511
49540653
19350853
155794751
235312723
242926427
221793778
235251868
240427862
240385577
237862972
74014041
31253047
76076931
70118472
128318585
18174520
30005269
155642785
239871673
169472184
74916026
146516713
63615980
20788327
17973421
242376736
211530910
138787319
18639734
14800270
93957809
1344951
5763262
5746452
2384071
19743806
64589682
14141323
15170346
215451496
14888217
17311563
14537303
25580152
27685924
8980312
52083750
43425401
10621802
155651112
3935601
87352552
79840180
21913310
158470209
36396752
215878048
2992751
6519522
17629860
78511327
14278708
48161959
130186856
50393960
52072260
17068454
1564371
42658883
44203314
54325431
24741685
20787216
26819424
26817106
61626604
84377290
16514376
15484056
12763982
41396811
15102068
67680176
39854582
38126491
38207154
78509074
19609496
137466464
211588974
27676657
35316292
237403203
240376522
14668470
7214092
25828917
18828839
30694631
18047695
16898332
27556859
236487888
222286905
237814920
238321369
158007643
28725171
175422389
241207373
236541422
74286565
56944812
233761277
20823648
31198756
61348320
90266716
191867394
18608514
33961815
15210284
15234546
18812301
11856892
137407124
237781383
237763317
76163900
237312687
236899846
236916916
234822928
233949261
221447516
151983554
236960387
193794406
17544524
224294785
235719973
234053893
235258843
201079432
233693291
234469322
15115172
12733642
110004599
130945778
93876666
19186003
44960116
43409523
21252618
47455112
15109378
90725320
19659031
20177097
15650573
72908008
160561302
87498687
14268812
18780213
15922521
16930125
14345062
14434063
46817943
21333396
17272677
16081831
21360690
13804112
17487795
11856032
20402945
33792634
91478624
16334857
28140646
624413
26083271
24752484
15224867
428333
60919240
26792275
36042554
48037533
17074440
21619519
5392522
5988062
15304856
19354391
20252855
39155029
20776497
92079350
85131054
16007460
138479037
8775672
71294756
11611052
14809833
4393001
15024479
15162193
108617810
21270032
18805644
28672288
168700151
16411611
16017475
51617774
21863787
15383439
17166210
19364290
231113257
27618505
23231964
17114316
233842454
37094727
235289157
234837632
217543151
234812598
213634439
229197216
234128524
219429281
20175865
225921757
224391627
234057152
234022257
211420609
21023514
31310158
66369181
64477607
179840771
18069568
226373775
19188991
198589699
221245285
158061901
30744120
17718660
52442168
180564322
46461212
15898181
43955137
51852620
155286596
22966300
41684029
186894262
21342515
48788647
70739402
22523708
81139286
167566807
17538277
17396360
86101452
187993109
14074515
16116713
196168350
79743108
4248211
23461873
188458203
167530132
49767684
34331501
38005062
68888437
14168372
863161
23606500
108351678
15694072
18113319
10126672
28576135
36541952
51228911
54412900
124224165
18168799
25794229
24003338
18175516
195617425
198526130
22267427
19632485
193864890
196346678
211901075
113222894
206803921
17613067
109280446
190328374
16686673
172495705
71995261
103316756
52885183
15951941
34332853
108827724
114388293
70799725
45994332
52470438
190965203
52789108
23614594
39891786
14858000
12340562
16157855
18838312
21122578
15827095
14335880
2467791
30962138
57669623
130733698
34927577
19367142
21167235
44646206
21434408
16311797
113758100
15764644
15931637
15731751
27996915
18176907
69773058
41634520
90484508
16467567
21286108
21313053
16250929
4916821
39348261
90116111
29509747
86396427
14803522
172777755
14964429
62605366
7259302
18152363
46693603
14294460
18196597
14154518
14124673
47694175
119180410
15174710
13262872
19417492
13058232
12925072
44401911
32497478
16222707
25723175
20155760
129095614
154688673
32874386
35133809
134940586
17139728
16630062
80395776
21093964
122887259
72238750
27311044
87542575
39285600
13837532
65493023
76185102
71627462
121147627
57107167
16491569
27901418
26820275
113047940
18686907
20378448
115485051
14597239
21612122
14412533
15416505
50325797
11072912
22577483
15996433
19359749
22012091
19545153
136389258
15552221
23448741
73402979
128311115
148408057
172041497
89483696
15954472
16457416
9133652
16743021
21030121
26837501
5639832
19268706
16315120
102964739
18560231
168247706
98675248
115724271
28094219
77047368
71358042
15233851
37185132
6753582
14980820
9480572
161743731
121808993
22860286
15891841
147663068
18378801
14091360
14061583
18594418
15692987
678083
17903209
5507542
16016642
19115457
1931631
21707592
25169531
694563
15075999
16045956
15700362
7702542
14093404
14930128
6608702
15335534
45190383
3135241
25320005
28628850
14662354
108459359
102192215
139782438
22703645
20957491
14213413
74057037
17239512
69497103
14839147
16297707
18963809
29255194
21844323
14989516
19083084
53146054
14874635
50456474
15855947
46560358
154967077
119512518
22294322
92689000
5416322
128301595
102211444
17803419
15908942
14678908
14576408
11699792
43954224
36553096
19897005
36459535
24844642
16958047
15985343
93687464
26777550
5495712
11134252
21443773
9532402
15901113
12354832
50073507
18678924
136300373
59947068
14413466
47415772
16148677
108196727
75876806
150637367
137503417
130600206
21086471
19877186
18887735
60713593
63150856
73303753
18632809
47975734
25800320
76649729
70442821
74580436
24019308
20961161
51658465
142321780
15401751
18557573
19805776
65930807
21906744
25082055
19932005
18622869
18097821
21674448
46176168
15525938
20
5577902
16469463
37914284
807095
13
19405365
16100544
58242325
136250134
15909372
15829626
15832195
15838584
15833245
35830435
16016798
96628006
15664012
125809538
44360214
148373
14418455
14445325
13261092
12
10855632
13348
4557111
7456262
816653
56896374
11009852
972651
90490354
23141243
20107675
15530309
64600786
6576292
19679854
8729472
18566912
64485600
77017567
17168586
78421007
9252212
18896251
23209989
2425151
22545491
21703263
24439783
22090282
18138308
65106660
119899270
49785781
45970002
12687842
46413840
14354476
31194003
28178127
20713061
112526560
84620376
16032925
31540671
18646108
16031927
17093617
37764422
23970102
13524182
19173787
24889283
30456942
18615238
14555801
20476293
17079284
30255122
28337267
21610240
14134180
21986885
86177206
16589235
18533386
796409
20276176
14873917
21897371
60680268
9643452
27807026
17301536
15724765
17474346
15198648
22224641
18403114
16611492
17830360
25542877
21836510
16414242
14469179
21795901
21223753
15730075
18883213
14482444
18205814
17781769
19241390
14476222
27714154
19947404
15676749
33744160
17840967
14754077
17900914
16224689
21396498
17609675
20267436
17594634
34082620
17166903
24927249
17469332
14399823
64097149
25888359
14344497
13256882
15501088
20846168
17316205
38463287
18026879
26527251
20347310
17941768
26283896
76962784
20001581
7548732
9105802
21564446
16072734
21509894
15728571
16844056
27622288
20716703
16708967
16180797
17447627
23208160
15730238
25833825
19750590
16390457
15974744
14850607
15138794
16418289
14413370
23220961
67822771
14404270
23031046
21666865
22449435
16044407
18254100
16986118
41006271
26750547
33925764
49708493
25268076
15097698
22949998
38904892
14236076
16854528
32734521
24411619
62557859
61635671
19276257
49181414
19691570
18130227
49192413
20405322
26571580
45586089
16340816
23099949
69444779
54333592
16703749
76101865
42265227
17873544
14913540
9167352
10451122
37264621
15694028
24571345
20939551
18125131
39968005
25226056
43059617
18044024
15699942
18489929
18591512
14643625
15433666
27187725
46702370
15520975
3587091
16660447
41683723
18393955
31165198
14046322
5969962
7080552
16504112
18394443
26696139
21978906
9427572
18822612
17291725
19720899
18335995
14521664
16714951
21695851
17911544
57799518
19409472
16282011
16152081
14774410
15236740
32156297
6742412
48179204
17718887
20884200
14334230
23897512
27283364
42442615
6798832
14221046
15615228
19917266
16147260
15423476
16795014
44191341
19223361
28151618
17433632
17558182
31411488
17477109
14575798
20145247
14721475
9188592
14815766
14594538
17744518
15829920
17326922
16156419
20157535
75724841
9955362
32727672
18386031
15972765
39653515
15612282
17550920
18533974
49071375
14357626
5145071
18205761
17095918
34796565
19750571
20852423
23248530
20565755
21714521
17415430
16682740
15962412
14835456
5447242
15494931
17522784
15701927
17907878
20859704
15284784
14665912
16066056
14493826
15920162
15878116
15485266
14668277
16335167
16486245
19480011
18588866
26713641
19636306
34164376
13023332
69485643
17656187
46719826
25570638
26623334
87611901
19014959
27513648
15722411
19514166
16482012
43334571
24775411
89349637
48109396
65120302
60113766
21326868
18994549
54311326
54085152
14904433
52052011
6017542
51241574
81722116
21313357
23951197
19841029
114607567
15812612
16827173
17456747
817386
14364049
95511150
94143715
18095878
87523937
5283382
11382292
17003765
31311757
1021631
10081372
15220720
10228272
5906762
8106172
14600124
711303
23396765
22818861
14445542
18592146
19899344
42913132
21891218
1933161
22685200
32576041
104299137
53127197
28652194
18683964
54700262
72583393
107106796
56708256
77032777
15837659
49739266
15945324
103068121
20295222
19068885
48388417
48115928
123738314
14274032
19436163
17237516
39171489
2836421
18277655
52503751
76966145
37007274
75367781
76452765
34340464
18632666
24735461
78431501
78369108
76350004
114756202
77250424
117777832
120129682
21111896
21425125
39308549
20245031
46002396
18804231
57428429
18614827
31454104
23383517
18300955
86330984
14620003
15905092
16669075
15743810
20179628
20437286
7152572
22826294
9624742
16616061
84318793
83922884
17346287
73181712
76936279
64444394
38146727
14078808
15745139
28165440
20561153
70756980
57554264
32211548
21301933
35644266
84351228
15534771
20354621
14631749
23112995
67088535
27702871
18775879
70772325
20737729
47811397
60802233
15267264
16599036
17795084
24011651
28694897
17566834
57111030
59156687
41930811
17741974
37470363
45186629
17213107
76559261
49328835
2698991
18403122
26363409
79378291
15999767
36590556
26101957
18995933
17657840
19908096
65242391
79809070
18276472
15281904
15949003
25953405
79094318
70910976
23534251
15237645
35675002
26462746
23408459
41281504
34725602
66781457
23993161
59798850
13723
33443843
11247702
40112782
23227284
33315017
15907982
30161450
39938836
16012643
22695891
21702010
15911236
50767844
30028209
28678580
37302030
36011642
18358834
18280993
18686823
27762335
16672909
24719995
14722876
45642688
49464740
16872978
16057839
77282328
18227519
23140259
14222511
12272322
1917731
17598489
64920301
30043495
78330986
7591252
21329888
50152441
26424123
36654245
48117116
55235265
9855382
5693842
20444463
21157904
19269183
18061669
21111098
26533227
11965052
52583832
24193817
62604302
14325612
45868648
15470127
20962912
68532869
46216798
6561182
55916158
16656366
17819002
74869002
18960207
17273497
71129590
55776881
24182806
14941167
17802972
15273001
36590769
7249802
58966831
22154479
24428520
47521512
70778921
34931530
39054167
75398827
41173885
6588402
54011853
60971819
16489831
29181658
47482462
20088666
14435305
64027252
70730387
37291582
16437619
51550779
20168605
21541548
74529629
7637842
48128990
19850687
18743995
12524522
18480494
67369835
30761476
16557667
21883088
43986327
22693167
17777458
33823550
33977070
24904117
74198348
40318829
24183358
20209807
35829796
42924141
23124635
55677432
17592536
74327135
26611568
69102823
15852053
61340600
21112935
54302898
39081822
9295212
15711730
16064507
31631924
29766367
21626664
56187258
58278439
12884642
9717322
14089912
16015805
19576571
72147588
59846716
40045792
18957055
61301221
29496256
18150085
48073585
24651615
13527262
21040094
72079632
72962763
16527415
49273832
46308074
73620211
46372341
70017310
10865192
29657072
71707244
44085168
17184065
14154581
36479068
40299387
16003403
29135541
22763256
73018563
15513604
16787084
18451200
1367531
640893
19553409
9300262
15731368
11856592
7841652
17454769
31127446
15976697
16803651
33549885
21722083
56759776
25040738
26758936
50438243
14607890
20455522
9026292
18166484
62067823
14086548
36677338
65248549
16729099
14609141
31301038
15164565
15214193
17695120
39362470
11877542
18882723
37461389
51150195
63244774
19522527
17934084
28011152
14821812
4369541
31145689
15182385
70942304
69386319
71281860
2977171
52036335
25283620
48404395
40321985
70430353
23361723
43425301
17607843
59924621
9636172
42869078
46184745
39348527
65998225
16317079
28286818
17914509
14826124
52586444
20860569
15198871
41509482
30621351
23561322
16841918
65970248
64786050
16976001
52682279
27700636
46787956
42154774
49551221
70811726
69684767
38457259
69814406
57544201
39217706
44411873
41378950
55716253
32668169
15603965
21280112
26114441
64346313
26301213
20536157
40456188
19738104
30696928
16022682
18922453
24038802
23703690
18785524
17928925
70080015
26797506
26717814
62509232
31402393
18483892
15710716
43315437
16045527
29693558
50156148
69313247
8646852
24496399
55581437
40877023
33440456
20875778
30021028
17104123
67125085
18963692
57758942
19197093
55882303
17968719
60625265
47449425
66926561
16739711
10224172
50379767
23317539
54018305
15923226
69414169
15732704
17345318
20603062
36343442
47025226
68559350
41004822
17627132
65146567
34047739
16827153
38403428
18496709
50713128
28162811
65056071
16342422
16320677
24275642
16225882
10662522
29562351
19637223
16036700
34595320
61704047
17805062
63374265
22731153
37652187
24896910
23731809
26164442
16092507
58608103
37506911
16474660
56532503
43454011
25645556
54669212
19491594
9244582
25393674
60984835
17164028
35205205
43280585
63977898
25147273
59996393
1047451
52774482
27812611
15435147
20159474
14567177
60788690
53120571
55629060
33769346
32826090
15110758
20259714
18485106
48009187
54084349
7879052
16088081
19095271
6980622
22226165
22708540
14593850
39725086
14196921
47322953
62625198
8170432
15729760
22235371
21159227
20435808
35966773
16553789
55692089
42718205
65653558
55365541
23867984
28448216
16598469
45601517
22068041
58008944
20071285
59870874
24987536
35758513
21042195
53401078
20072808
24971177
33590357
14833573
24440532
3076591
58593385
27450176
34402366
18220014
31057963
18240417
15318980
18317966
35079137
15010626
54446722
15359014
22156082
24250009
32451165
37030884
38600665
16692171
57288908
17726384
22770745
42438527
18695206
16465359
50836715
23104386
63981997
46277972
29005137
19562313
18949053
17273511
46689578
25534432
34675554
19524281
44702959
19929998
16498848
57512733
62887609
15959560
17235959
27856595
26298898
61452613
37196694
18426947
60652073
18246335
62529795
5641122
17641330
14468043
27324163
16515546
34650141
18203300
54232219
15519189
45766143
37607424
32569470
43805425
21774410
29154043
16752148
25805648
22692723
54035267
60376352
58708914
42457330
15685444
49171436
23754854
43720981
15953452
10105822
8242632
14144711
23216903
50468416
50029551
53112255
21486588
17164665
55686428
32780660
16320306
21179543
6577642
32697960
46897747
27792885
16874338
14966517
36741409
15369049
61311357
39990485
22528309
22278349
787932
7496712
56171815
27709113
8740292
18176846
18461227
46178909
58195148
39186259
25162581
60670539
15675138
17273055
36804447
39563680
14725237
59671990
34438597
21122387
39678048
59049574
22113224
57989310
38953462
22423078
18867059
16905782
28325409
21038244
55702141
27523863
30372129
22806961
59912689
16374829
21507883
7402662
15113571
46356769
7276492
42964281
23915100
20664195
19089507
23303145
32545966
45021742
15952405
30049463
42386024
39432600
39810227
35762860
21447349
15186308
14146802
19707103
48783352
22030095
40410386
25414167
17000922
19425538
26657119
17475898
19477377
18760460
17481452
16534753
15934324
16278748
54225041
27025691
57722588
46643513
43433925
57954350
21454156
69893
39895739
13225432
19342287
18830945
16260594
57826817
45982224
34755402
27688800
15811314
58038185
57619292
23681198
21796530
48030037
41138321
19892904
40090469
43421313
45589676
22563403
27783848
23327166
56866173
42135344
19672159
44301408
25192624
20710322
18023016
16085102
18021621
48380041
17390796
33056784
49709611
4083781
46715253
4554681
55027576
18193189
53266952
22300305
23264994
17971565
41567029
19201438
23318467
14173886
55002681
27076737
14443550
39787282
11916652
52779839
25392173
17159150
18576254
35741667
55884404
32537213
27444964
48901048
35820295
54925105
53981494
32648319
21919678
49175000
47799692
50095539
54327216
18960131
42029279
22017253
16057615
22516699
20260047
16361155
15189926
20423893
19099746
50803528
30686630
45274928
17799788
34434801
56801006
20290598
17831464
150433
33972168
14616459
6933912
50434933
14915538
14976464
22076528
26537081
44319289
30235194
25673733
18154003
15279482
22859947
14539464
19671807
55687166
41060366
19415802
11637332
21688695
18761352
20808855
16276552
31153594
27282874
25341828
5496932
28283084
52873319
51682281
28682751
25764734
17136703
23121519
41445718
36667104
36452050
19483682
36097012
20007957
16406180
22008946
23390019
15784302
47336019
46557945
20872131
14913914
50700243
13526492
22546724
20333967
18481463
7868832
16313934
35654845
48635362
21010214
50317463
22935909
32562930
30354164
17722324
35196068
15293542
15150774
46491165
14132503
19354746
17201112
25451991
46367721
18581101
15694150
19466252
49105595
15256077
21381690
51317032
20852025
16078975
20476137
23970158
18586907
15147870
36101055
21780888
14505871
24273574
40114174
17976820
23145794
23861321
21520307
19479061
15602331
25086658
38789350
19042769
24422240
17090912
35383188
46132982
41066777
18643133
19068720
16175851
17666591
15506100
19144363
21679774
49300765
32497806
32790233
35324587
39695182
29163226
15237116
18052560
50071877
39305398
20437257
11478662
43009671
19468364
41658764
49773837
17172429
17838132
25770408
17425114
26918145
38320661
43358789
32010840
20612511
45611529
15664760
15518620
14116024
15192462
18576239
22330507
38562598
44788974
30346767
36468874
21891923
14431400
16483016
19492233
39701676
19786336
20867870
32773804
23386521
46240726
47436663
44210168
47238678
46205224
38047501
28288264
15573154
15321376
33950666
24854487
17833857
15641528
19010399
47965912
32285683
7334712
22233925
46254126
44659911
35833584
32835708
30272272
24719211
16667912
22538866
13105072
16857532
47004667
17924648
42148326
40938614
29388019
19801563
14529929
37000133
19564719
14648709
20463922
14289168
47632905
46048042
18577574
18185540
19225958
45731971
19952944
41688671
34448853
21387435
16651693
44176278
16826254
16886721
30024893
33210067
43027004
45120381
15735125
19626613
8474612
15670788
26099189
19838028
46997003
46977661
39003846
28119357
22057613
30085993
17979453
16501148
18547191
14454573
15117599
42196651
21252385
46155802
18067813
18650003
16662337
23214110
46446051
36319486
5255121
9755262
41576550
281563
24492182
46122640
37477860
20874059
16253598
43961854
20799075
20263329
20061452
22067013
46209617
18213420
20822680
27335898
28423263
14565508
34944460
15359578
41406133
43450254
45597327
14667222
7629772
16024250
16556652
20626202
15302201
18262412
32553959
8521562
10307212
30035057
29540179
20007155
34513794
15842426
18347068
23801418
41164967
16794501
30924802
42919847
15486271
19593530
21218343
21831290
6092972
38157048
45241685
45597851
32258674
16746689
39980564
18440446
15802805
36773740
45523946
29404873
31462438
30110679
38123287
45120166
41363507
29248113
45422258
39775277
19621317
15771644
45395811
26534621
886491
34172049
9834992
17000776
26558362
6764252
18793033
32415184
5958322
15500844
20723858
16463930
36406446
15603311
15972707
44438256
25830750
23874024
16231145
23359363
16695823
21113849
43509173
16017472
19989172
43992750
15158464
30225353
22044671
33632918
18531618
43367554
17930061
24855046
40711716
23926510
31603517
14632446
24480339
22928195
16314509
17368287
15764657
43731176
19275275
13361922
21357741
18345963
37441863
34523410
37953578
20213131
2059051
7822382
16296683
15554922
43081939
26028869
39510422
15623557
12889162
31298261
39680372
43173060
28332443
26128478
6490952
12037882
42457869
40973677
36186346
21447927
20517132
37205118
36551619
26493362
37920978
16360607
25781499
14179900
15684121
14447669
20243865
14678279
7857242
6724252
21002407
25025831
24109461
17978626
16602995
19748551
42185689
40661348
19958050
37760460
23041680
37733711
24862187
16636359
21010903
36865020
14465607
15775141
17971455
18192185
15688275
30053083
25647324
34795583
15667495
16890518
40055460
41627524
15170929
27800031
41512719
21985666
20421939
35180455
19114646
4923811
23010592
16339967
20715756
8184102
18246994
18913923
38342058
19546155
17626979
14749529
41377639
34635173
21983007
19511386
15675570
17850268
39803436
19169892
14344297
36735215
32441546
41038897
37925461
24402750
33031721
33504820
27627968
22037129
15861944
40785679
20734021
21736460
17662075
15774593
30823468
17927146
14877167
18296506
16730690
15444746
37194535
40420818
31636093
6560972
33066401
34094329
16933490
15767195
19147435
26888348
39609520
13209322
25153138
21355783
21104773
24730069
16331814
18760461
26508168
22573714
21918148
19783509
21242518
24179525
15996416
22097077
23112668
39383999
21878443
25726490
18226567
14483884
14425899
14540974
39223539
19003863
15763092
18511594
35573790
1754241
21184651
33542541
30452777
39279393
24231140
31422311
32281887
25732321
17053535
18953968
39341672
11274452
17502682
3108351
26443054
20791308
38451901
5879482
17950779
25946686
37786203
25609586
36726271
35284907
10785292
34416550
31358286
20020575
15396943
27187314
23720063
15116032
21273982
15639019
23971640
18641322
17465192
38294779
16906245
16873037
21186125
26892126
26305854
15160676
14497269
16565260
26499870
14413535
27982959
38331797
20918916
14388166
11538342
17743167
17752112
19204892
18020081
15905461
16215788
19835581
20732586
9720292
33983758
23087517
37822955
21682262
25832917
18910530
15086185
9355772
9486482
34176028
23215818
21508309
18885539
17277921
35702414
16753058
17016515
14403929
19517003
19782176
35658803
27240103
14403042
34838260
23629413
17044187
30313925
36183582
15117375
28746205
21210595
30089403
14746298
18985574
22114874
18650382
29443725
16131819
19775920
30027177
36149710
29200238
20201366
23870788
18917677
29237326
36454809
26259199
34550681
18863694
36403186
17050414
14079425
17859700
26388811
23970171
26702476
19734025
15855640
18945415
21552499
23148642
23996602
21048033
22156754
33621649
32626056
11622712
35290839
20751185
16480300
14111438
16055760
18999405
19216998
15985545
22095898
35600474
24703010
21062398
27901963
18833237
17547736
15255491
31200433
27751779
32506723
23134068
14600495
30144331
17767146
17886496
24475750
4541891
20958510
25159559
27076855
14726230
29082715
18393629
17373076
17738546
28480805
22577042
32617762
15330682
3568411
27890122
22360594
14972093
19758972
22523823
20201174
31560075
27079914
18734358
35169023
26201233
31572788
6802722
19084896
15430772
24505368
29653748
4655251
35027698
21907306
11640472
12154642
5741722
14124059
18346687
15075753
18278143
15048442
7039122
21817105
12044602
15160949
15441074
25987646
6333502
19430999
16697679
20002401
12788332
33681047
32719468
15143725
16629197
22762705
13648162
14286806
33339179
21136619
3319661
19597935
23266160
7001092
23250365
30239133
25623876
18086072
15968882
22372931
22072189
21329826
18712801
17644000
18313436
30280291
18401107
17976608
15247865
21631487
16666168
20192403
34371611
18141863
29474418
33222598
25222366
18223105
17856161
29131630
14208339
22952788
21528331
20563374
18205927
21303730
21412711
19025328
16132117
22888784
20823742
24257143
17577599
18173875
15787048
14854961
26318284
17554888
14249536
28176898
16198434
11110982
14870085
25463063
15670995
26089178
17143986
15793440
24737745
18182363
17546958
783214
15441965
16160352
25491837
28594702
14795496
31455749
15393337
32146075
19261529
8954992
32674491
29412913
24362769
19066018
774909
2249531
809183
15727317
16817008
15429511
9737232
15519845
16202914
14782782
15697059
30724493
18983600
25919258
22850150
32482237
31171247
15918708
11271852
17612289
15838770
18392153
17709499
18153673
32941980
21908338
17837688
16868838
23101838
21611257
33052926
8889662
19605279
20525016
15372308
18258453
26963391
27205412
24800035
8115312
26699225
32593871
20622724
17074187
18061702
16950994
32687002
21281890
30760818
15369355
1949421
32426116
18647441
14677225
22234257
18943752
6877722
25634203
17444713
24905888
14133773
30468842
9167802
9362602
17061467
24737373
14245599
22399770
18277285
24450456
18238282
14305536
26816614
16942907
17807710
14400622
22640618
25618697
19387955
27230504
22322056
29157134
27676828
3007911
29472258
7057922
18536826
10461692
20478542
20719333
16569530
15988710
30950526
17239491
18539631
30107125
5210841
16641718
10417262
30069420
26487066
28159908
17352686
16684007
30727762
22156971
18497916
14164855
616173
19001589
11965332
28936468
17416221
20019567
17176391
21567011
24292422
17446887
24891662
18591276
11947432
19632867
27142234
29175111
16908764
20806376
14195828
21731161
15549032
951
16819278
25379629
15937081
24601244
15044502
26521016
20570337
20319147
20494362
28682006
15983139
21044127
17438505
20701384
18594208
15021099
27727035
29929730
23165680
15088185
29520332
15951028
15572659
27897402
15255845
25694878
25835243
29740044
24247270
18193600
15600217
18079697
15411442
17763426
16294267
27630667
718413
28770809
17183158
19137014
19082879
21152918
15945457
16790005
20407242
11101852
16264088
27509823
14458553
14246001
16456599
11294522
16438083
17349639
29468074
14229390
18810387
23451439
22321253
17617356
16089654
29315330
9091052
20694543
21951328
15711632
23599138
14687806
15717516
28611358
29368409
18640054
20100378
23595220
8627252
28904789
27115577
27731008
15779757
26376119
29128962
28210861
18428400
16511710
25298932
16389971
14422993
16429977
24607729
19107253
22262593
21114240
17637596
19315933
28609908
15446520
18978263
7528292
16143385
19286059
7799412
14800096
18360983
16724548
24526696
19912372
1734381
25901734
28868962
17281005
11915432
15195171
21658412
15553178
17559749
18994215
19612403
25910039
12505022
28331781
15211524
10494822
22503224
25581028
14430060
20722873
7901202
14233605
7185552
17205848
14262212
14433007
16424044
5446692
17108702
7803642
15756056
15485063
10157042
7943022
17519962
15568612
13491692
24909603
19543987
16887628
14344823
16054649
18859100
7809152
3137331
18463607
18831120
18891923
19806962
22123215
26433072
22636350
19028248
6577802
26051676
14893724
23186203
20939231
18932935
24702514
25433784
14680826
25778539
14627412
15559890
16974993
15726306
28168443
22509598
22494441
14874772
9953462
19263567
20930543
24417080
5840532
21059384
15611931
24475874
15554127
16862018
25391202
16123057
5568292
25669723
25128961
25694221
21531802
19698625
10929352
10170602
16190612
18360180
27428217
18191676
25172565
16689723
26299078
22052282
22026877
14311992
18386792
27682473
27928374
19879378
16051808
19099916
21023209
14282169
10829872
14994152
15031183
26946495
23033975
25720798
18664886
16624180
27320523
20806403
20535924
21170191
20194941
16148602
15186859
19156330
26612917
26558848
7075082
9836582
17172888
20278545
23255247
14289232
14651202
18319515
16224735
21706721
16509580
17301274
26845619
21468171
10196452
15464038
18222808
17094138
23368816
18836846
19787579
23076107
16992728
21789755
26537621
25107822
26797340
7393552
17752368
25094370
26459660
17358252
23567128
17194799
17641086
19341895
19665583
14633814
15571684
24263370
17830624
17625467
12454472
24966718
22227084
19312710
14378241
7858302
10691752
26778110
17194296
18706883
17578429
22082445
2347691
23856053
15656840
19881382
26390892
25319591
26517783
25558984
26258534
26481205
15458694
16287357
22111227
16151704
26132404
5484532
22459080
15570974
18456014
18533317
17894169
17388026
26078152
3803171
20841089
16672662
22483391
25641602
20530782
24192064
16916369
14345619
17025312
16174854
15447306
24469441
19946596
20798461
18943852
23103488
12185672
18087450
25961774
14968996
19326390
17066312
19260065
15599796
15661117
25612745
17830202
19827331
23223266
16432677
19940961
19153619
25755336
25526966
14865439
23578626
16325355
13510202
17124942
16038067
21496427
25558890
25446308
25510555
20724917
16039421
19288873
22523182
18056015
17010913
25525099
21263584
17835253
17883015
16511092
21878458
17479847
15450996
10168082
18068535
22296680
16042924
16285393
22202313
22956220
19104156
25132875
24390598
25344862
19720138
14250867
15898536
14669398
18241658
23717062
20643704
23090391
21980131
762336
20613049
23502714
24626830
898491
17655077
16658594
20608910
12588832
15477298
14235903
15156770
15944875
17927796
6323412
18572521
10491732
15080404
17032774
14204848
20445732
18764018
17964686
20030136
16144361
24833035
16037772
20160951
719603
15353425
23258618
15497928
24380883
14628475
19510412
22409060
20999272
19026342
15935028
17998911
24773493
23941804
23325614
17349603
15218525
7940822
18728374
14352112
2704951
16080949
20963066
22968368
4917231
14129299
17871762
2152151
22797147
23863635
16559040
16692771
14334898
17922886
24056314
14736234
15464222
15274836
17963980
16341373
24189610
16703058
18892099
20460850
18794312
24270850
17602871
9274492
19337315
6397452
20434870
5964822
21062439
24122752
24259521
12666842
17978110
15161199
17058879
18973863
17488194
17352423
6108862
20939349
17831966
18543609
16061242
7350652
16150075
7490342
18422904
16404939
14111025
18041691
18292675
23435249
9184222
13406702
9689662
14745164
10546442
18043332
21920172
16014000
18963842
4388251
23981056
19053307
22330423
21778016
18209323
15876673
23976316
13294
23176276
22889189
12477962
16623835
18073211
14532256
804455
15937684
12144232
21997375
14565808
18413820
23193078
17171293
11246242
1626991
1050111
6620762
5485192
19536617
15909291
16961288
11520472
17381346
14955754
16328002
14728168
15485532
13673392
6782762
14669951
23569837
14334057
23629822
13733492
19548393
22831059
23712174
20015903
22527499
19926675
19616327
16243651
18105731
15762819
21660348
21897282
5656402
21822764
18746658
23521301
15612251
19554219
17013288
19154280
17009637
18069203
17738542
22801923
14352556
19881876
15798029
21756155
19586469
23089303
9564802
8258992
22509548
15357993
17978136
19954819
21681200
20609638
18557774
17898105
18746235
1729051
17440860
23415575
15700171
22522913
20082415
21032110
18549579
15406238
16951485
20359785
21246914
18038678
15701097
16411272
21136403
18034923
15235928
22938375
18163265
23103462
16181186
17014485
19913907
21899007
7713202
14012962
20078596
20053279
17076835
22918311
18144799
15209796
21619489
19877680
17033503
19317857
22982499
20546536
20058174
15867638
22033957
13194572
21592216
18277078
22526992
22915667
20174209
15856366
19736095
16842639
6048522
21116401
16070427
8628462
18339274
16542798
17801505
15517584
18102933
18954631
17203833
19033167
19415066
22267234
16107501
19414345
18911592
12414952
20622189
7644442
16691237
15110172
22508473
18208368
15177394
16456160
20656360
16671570
18079778
17291519
15853310
22504543
15443575
16442847
14137865
14640523
15726663
12580592
13337622
14839085
19560297
19473742
22306592
14231321
16062865
19037454
22072729
21154179
17345782
17543957
21931877
18967498
17513304
12726012
19658173
19407835
15116570
11650762
18905115
18317325
15600527
14275291
19139963
19912734
15281676
8542882
19394188
10102032
7270292
15661604
18170310
10615232
16256269
15160884
16056306
9508922
14904437
13218102
19726613
18216752
18030431
15378621
15751083
20467163
18811140
5558312
21269970
19929362
18217624
14730894
6452362
22341131
18804480
815680
15944011
14744335
22052791
16893035
11776302
17887544
22203756
17219868
22453357
17850012
21675376
15724082
16702140
11236082
16279854
14850859
14720411
20651754
22298089
15319681
18779601
19737494
15945496
15996384
17900421
21369688
19624861
19333719
19669048
22400347
18592601
1784841
14941853
18650197
15337780
19054314
18133253
21406374
17970632
2121841
20362705
22000791
16900618
17945904
22074024
21878010
18199229
14302349
22107725
7879972
18276100
21899451
18778460
21650577
15356407
14774189
14178003
19891377
20768051
14750444
21524655
8475212
15807367
15445240
18251118
17059095
19419870
14511951
19422863
18789002
18339250
16604409
15934170
15755677
18338433
21882009
18683734
14998161
4511661
21897774
20819456
5969582
15289230
17909670
16044270
19609871
14478408
19163684
8349572
16424411
16491354
19946534
20604754
15751056
20086167
21874136
16261445
14265792
7900962
19456306
19632871
7626802
16189042
14749136
17923728
15898605
7277042
13067732
643383
17981597
16072058
2156951
15456075
16340139
21821061
15441539
19861848
19424182
14150637
20798363
21789156
18818272
21062272
15207668
16809411
17611447
17170583
17391442
20492360
21301548
15159913
19264047
14922694
8889522
7653172
15778947
14730859
21337192
17743015
19753367
14081940
16065864
17021844
21349567
17078632
15250889
18730816
15394954
18172905
20533298
21440926
18156410
17860440
17912420
15678167
19730627
18107739
18192044
19208942
20866540
20281013
20288403
19150696
12916102
18713667
18351093
19686924
16608612
19194868
7941902
18997124
14425692
20472887
13219262
12896172
3461521
19978085
18205169
16876969
15062023
793992
6750202
17829274
19091128
17620349
17130183
19336661
14758195
6788872
20046986
15922214
19778900
7455282
16023714
17973157
19754122
20778778
20220277
13007602
16037181
21459558
21448118
20017714
21443271
15210410
18003523
17885366
16479176
17445860
19378224
18194487
21638609
18614766
16207028
14205985
16012681
15173109
17094493
17233536
11102352
18332578
17757005
18101197
15985455
18956212
12371632
18028921
15378805
20796447
13857392
16511543
18530662
16085685
18187781
16417977
10840862
14816063
17914772
18689996
15854738
15731588
16227442
15694484
9272862
14844867
18093701
16741856
15661468
14935798
16102244
893231
15661214
15451696
14316747
15985852
14578887
16100318
15311605
14496790
19292264
18593344
17480656
17458639
1175221
18488836
15481585
17781784
19074802
17457788
19322865
14529836
18844859
19663141
16599299
16734288
935571
17238419
14272175
11883722
14429106
19684047
14411042
17918065
14630222
7487922
14725649
15693992
14300117
15698349
16405291
20152719
16651210
17850325
18909534
17421408
18805303
2232041
16330935
18289929
18723501
3128101
18500882
17085104
14240875
18192355
17934423
14522889
13491312
15099295
19982227
15506002
17800397
17807633
18059559
20072229
9376172
18916432
14235908
711953
18146481
7730052
19981155
17506198
15477292
16833212
16514116
19190935
16225776
16597389
17458845
18638954
18884126
6947832
16443626
690293
18610919
16800140
14409191
19827717
16672076
17971429
17394614
18673400
14820316
18098616
18640821
18856444
19433939
15154248
17511633
20169302
18252477
20422158
17655446
9668852
20469722
697353
14828860
17233036
18693598
15298276
13383292
18737334
19627094
12422962
14736220
3539311
5336752
15501042
14535616
17858751
15278305
14726357
19739126
18566907
16911853
15232374
17918869
17651571
15726135
16135165
17300426
15694182
17368105
18981284
15148698
15139258
20644713
16437512
18045593
17671349
18280708
17800215
5561412
18379814
19265338
16494555
18909949
16035613
15990122
17282430
16641577
14955368
19995502
11552
16908796
17910485
7126672
15074133
18995885
16823809
5357812
17926342
7622512
15650882
18228647
771248
1752941
16392327
15428227
17294330
18096895
18533363
19269370
14793446
1929121
15242301
19399418
16563748
14770050
15807127
18286677
19383186
19784402
14455789
16915269
18156944
16084075
18873711
17527466
15762845
19016312
16233111
15853274
16449742
7557612
15628683
17203603
18029367
12927812
16940885
16128157
17993906
6393032
17096533
17598175
17292351
14592373
989231
16550571
17916257
17378892
15916757
18014067
18137724
15932085
17627001
17640120
15950463
15974103
17938770
17602541
14081995
9715742
15615814
15726937
10803502
16633507
19891168
8753672
16259228
18025958
17631636
17979132
15718014
18587395
16579949
5849122
682333
16483841
14966703
15937762
15729617
1706621
17653357
15693337
16146117
16165116
16323067
14774479
7741942
17994507
17192613
18019121
15862974
16975005
14262105
15254863
16002484
18038108
17818403
17602996
19559177
6426042
16396276
16839318
19110100
15852651
18065691
18791763
14389132
16814727
10376152
18166778
19190125
3934221
17387589
12765522
16015621
