20685982
369507958
161791703
15442036
381152398
1255430160
2431166317
14963613
28123862
43166813
46220856
11348282
408845411
2972237745
2363252678
133769083
462482000
14878126
631589680
72471488
93499858
3272050580
1096062824
3100549074
226339491
21206144
365760485
60372093
3374107030
55994365
3092215030
446519654
76040327
29125558
2813594772
3131287881
58503762
15113571
191059537
2786274464
21199835
2339070521
18913827
385600917
123657945
21274637
18767699
230997420
2830277261
39604218
800823050
83770714
244113346
280624816
18026148
435943037
2506170300
16117304
19711108
102234123
15460572
39598688
1034858827
148152451
1472180437
468384995
16630098
2994834419
237548529
118843365
65108529
756709124
52757856
63136498
40097187
1172697895
238017240
935594107
985605654
3004356574
3366630880
3236881817
32488919
89761165
24719097
139823272
15057943
25358498
26783343
47454443
30031547
83715714
90446249
324157007
194398391
229880715
3163173767
28599820
3027501082
66390900
2962681881
2964351843
178012979
281538310
156333623
371247843
16102492
3091316093
239905257
565697952
3236697267
950343548
109679601
26775504
1676635716
529825725
2455675126
48389816
20239854
21251668
62742604
302834919
564028464
38503841
22970129
1135399020
2481225864
31557731
283652333
23949295
119245817
1243902714
374170862
305620929
210684204
74508260
148453195
2645695682
213634439
211769318
211334711
21928153
2769714862
2446198670
2730411289
1436555834
29577053
78138151
357606935
461720085
28019640
1055907624
2916086925
1875265950
192118416
16797303
449120897
2970462034
16930125
137739385
234906311
5741722
1069060597
170374076
55821983
245180576
32757429
49428919
252816201
583127113
3019283314
155905528
33576489
16745666
20029840
2724095695
16146515
73340995
17008568
58869089
15582894
1239098071
54618313
437625094
3057141860
274103426
134198854
74229417
2916191115
114774149
2975512213
177391815
3065348142
2398265018
33899380
2964136864
615491638
41524135
3130711503
3131137888
3140714705
111073974
213284755
283070925
3185461020
377054360
104265378
3241009698
49477112
2194472754
81234906
29232480
3293046381
1566209258
3092632379
3303321646
3355089489
3299792512
2298526076
2669454431
188594307
2933115739
3007118850
171184336
2752677905
274581613
65672919
67140324
2975350155
249465729
2520020681
35226453
3223961456
3111912042
68413177
37365390
25934834
23797086
1189279932
358041933
36210260
792943735
1065639176
3328011869
7720142
3154304784
232597945
2521101594
10802512
20737615
36001883
20955170
278594290
2183032820
170456414
593971141
2328730846
281098482
1575275636
2370597494
188317155
22591125
1236837823
3253183266
133217995
111460242
5993122
37104427
845717960
37323294
366610854
293126220
2284663332
41511977
343634723
17043155
404223730
1219751335
2872194229
106627539
3181194728
37646556
15981742
192322498
158902301
44531933
748129794
123789941
601979254
379361716
2994078118
19796978
234354446
1360643180
39055063
368538656
272215759
3135349648
2548290074
3177005165
455499203
270033294
495196395
476433913
20267761
18900180
190859741
191555622
33715192
18987025
905139548
1422241538
126856112
1226413580
147801139
3266238284
3263256979
3226302279
3060570336
187017776
2994951136
790737018
832365432
165596507
34326526
3363268055
168827218
576520016
238324408
89232523
574557770
2967176189
3157746047
1144561171
16201819
3257193181
16037008
978900763
24716475
2353835659
3035542390
2921843228
75281216
3357941729
357205696
2290428133
176878617
3060742568
560708793
20779448
1042814112
55917719
115510843
269997632
1618630586
3029524469
99016014
3042802766
57806045
636565826
486008829
3120725475
2840136808
2827343617
352049447
393320160
16195182
231539124
1651865468
9654302
939742856
12425302
32188625
2846819453
511051520
319100065
2646517530
22925035
68202416
15970073
298139855
3033871392
519162037
21357477
2991207147
33965130
1886838924
1693655360
1463400451
326661200
343425599
65721475
162072178
2762538819
2494736924
3350853125
2311063720
451021651
19927199
78619678
24708058
99373782
3328895999
426677992
3174715025
21551058
753382172
17089137
601467018
3148070944
1473529322
25495080
1561491644
3342820702
58619336
2923441348
3254236573
2150132749
25837283
549781672
202485027
312268825
3048570189
760246262
37696367
612698026
490638911
357199911
17722678
1566650000
198945680
291477944
618517741
236231092
131342407
352086629
22583877
58974496
49686679
2383854913
38453336
25953115
32208576
15853490
25525162
3251134771
51658756
2590074870
20277036
42919909
83757782
3189299029
62623
259861053
731730608
25092502
587017604
1314636181
30936020
16299627
311687713
328326599
193061479
2166814882
1045110018
24733117
85606078
36272645
3062216766
2180702335
3012876261
2736065552
1585460466
3142810896
2820675603
707244293
211940163
2852027688
17877008
2345996449
239614878
2695944746
622327482
142339174
264577084
2976256067
16282034
32270355
875677987
2819651014
2346139381
23686034
2326443692
2350204662
386354476
142134564
330753744
2426129606
596617763
2565386987
337584580
110791737
23858012
548924165
21833476
599514399
860081719
365466063
3196403530
90272504
193537235
472425359
274154053
379542421
211218565
34285399
281588648
473533854
34934634
214949058
121188009
862430010
115670062
2827072088
891907152
1355904336
1391992854
142806644
65079515
2979398778
53736164
3048472028
25562027
192031038
272724939
731245472
2879841855
15161791
16619151
3149940698
3114831399
2446689355
40923636
726293635
291823345
17843439
373160212
2879054321
2203686877
1525342994
143141276
105901109
459534627
1674037232
70999303
3234614521
527658807
28979530
52481401
2575093920
499079335
97566489
359926182
601162910
493232678
389602116
389565872
175485027
52563180
83922884
119517827
377440790
17346287
303281370
119434336
14774366
37409091
208163898
18131988
63510409
180470272
25169797
75236110
318101800
16725582
30393446
257616992
67393806
16176730
17435631
1288411699
525853846
16673858
43337133
19434284
226332044
16248319
1332881322
108701392
2478811086
110782268
37680340
309414541
33101709
36349295
730088365
989790464
1074152982
933141193
22140254
2686354584
214503331
1689767076
421194446
291490081
2962648600
1527009206
311276757
121509682
126726873
50390258
89802469
1268038951
3020099764
253747552
1592139331
232008303
83671419
399303018
2159082723
1579311277
74063855
87578380
700204235
212759609
3244540316
2781108805
418432803
20945486
338195913
2753743832
2802971326
843743322
466319594
1003242188
2245451820
3018910586
371161241
2244835772
921651182
15064088
819467034
1689723103
20941740
385487394
73036822
2243445593
2900919585
285698168
2848492060
49546164
1113190686
542082333
495602226
963224964
49283405
2892966805
23061612
36169828
3252956833
23646978
3056214772
3114844017
2467720274
60090869
147628542
132207470
14174847
87690452
2433737761
858963612
369553654
14982804
19884044
2206203852
9021022
26847645
2690657118
18292725
714805903
18956073
942654482
3238596565
16057477
21842785
16183006
2588424475
1124375143
1584731208
1536791610
214976391
14924233
2424281006
158452328
3167912647
2313112392
400203982
2155397910
51229210
1530850933
3294241781
21684013
18967498
783599965
175127814
116841782
234014087
2476873176
571202103
15923226
133832049
2494305871
34923120
30318012
5695632
8936082
15617631
26548315
18812572
16016427
12133382
14062180
35773039
15164565
16955991
14717197
31127446
15931637
14270650
59676104
59159771
24431892
20508720
21768766
259395895
308233424
21844854
56700964
54208274
1106501
244655353
184136149
1340093874
392442761
537764376
43078558
19121955
2329498706
1541989867
944761292
195444577
238350988
3016367800
357564628
193732179
70725867
382381663
49649077
38855868
37803482
3166088416
2815610751
787373558
306326228
133052366
108716142
25704351
20893528
32767923
1290273410
515422592
25240424
432676344
1093090866
389548615
630249182
21945393
368706558
44134773
602074869
835306694
41673775
808244820
91934425
485385928
38481647
3133832612
15557891
7694282
1424085642
776072172
232979512
45420272
726442202
2999747878
17394192
60210282
894292836
128327634
50703368
14480378
230321342
28602948
1206227149
411579063
61426538
2535450204
2158855397
26517783
247028865
452285462
632563557
16545315
394741838
176423341
925819404
268282057
606608036
23794763
754233042
1524884502
39092982
14323863
15384023
302982904
561472260
260361852
18398047
2258357868
317980134
15457919
40249873
1140648348
267854863
266830495
2977083957
1476339997
1072585873
62899021
240014188
42898402
2551995032
389138546
33896484
565115347
88295045
534840893
75858565
64851483
900383006
85650610
20585298
196447125
137884931
396594570
727379599
1661038717
461713420
1582269332
12919082
2310901141
39812424
221431505
249836668
13491312
19363549
14861579
44507218
329465726
15174710
74467456
16450301
142849883
950531
432766911
512777812
23998156
2817736610
1120700203
354364887
1979520834
2637404078
100027271
361240769
1061155730
2872571512
2724122700
962615527
305080603
2694621806
14659350
252123610
70279712
2650689531
793102388
59594745
104589290
24427149
28621862
20023919
454919764
154136667
1638473929
535707261
620458364
176659024
566362861
34713140
637284025
41205820
605504714
1364006036
2753300463
457820209
205472863
740614004
266570946
2182842307
714937937
2849897735
419402349
2196747337
2155495290
658763
20256159
850176469
860709360
2257320285
198315349
220926736
251927949
2975633624
2309247230
208083510
44644109
73937639
29580055
299505496
545305090
301320453
72781706
37702946
282333142
58224402
850633633
318073012
156588647
2193420510
76062333
125632328
430057402
591981595
16860193
399722029
127680123
2162983369
2413582645
47526602
16009079
2310813366
1283671273
80612021
339852137
517656712
25854619
970207298
1977118100
2474734518
340148972
1541614626
17543649
21601236
347926615
1149064321
70518194
41809358
58504135
145426208
32573504
14372270
586368135
2250579284
286811443
315928627
7259302
720504404
122174004
20163751
1282780489
15667291
14240875
13850422
210532457
1115440075
1093338182
1490306108
35878020
305287590
510651008
2326545996
1487718806
413617950
60108392
2901063413
168502762
2940402690
5990782
41269799
205864193
340613443
242188970
22186127
1868862020
18587457
117133358
22978903
381725263
202754514
5660912
2792222527
251216459
14498464
426662355
282311572
2286618824
536904012
110857907
22250215
2606940668
21175813
2277706938
2750641441
1735835706
215440217
257704103
240088672
102571403
334320138
1706116736
42424471
63958748
15349198
77054816
2692167117
14204848
217550862
2097571
24382468
1375289149
247975042
427431146
1400022122
2413996628
69193833
136402916
1693782354
36139712
23501907
64496398
2372137848
2372071453
2372064108
2371029505
548215695
279270703
22710960
2672898616
2521340491
489847323
252789389
596893898
16018516
116241582
1004484211
15552773
455024343
50711768
2245887787
579519897
39930604
375736516
2150437721
47438401
2531925656
14282169
764476890
288308178
64023202
357877107
261954157
2437285141
850107536
20708202
1405337395
19288965
30488873
114599599
14305673
189911081
409456907
272795633
36579935
2450904662
2413669808
297577989
236644373
20618180
410056274
238535738
76133715
15818724
204966625
67062594
133865524
2249323712
178467419
460181207
299269510
129000249
156088406
75449182
82649797
2802804094
1324925388
54641489
1623244873
1355451530
252819323
1072467470
164007407
33563161
22529427
18018355
2372068237
16225298
805172767
240106025
2609775320
304764693
49733381
199325935
18560574
930223086
87818409
126629610
126032227
39579828
1488913117
2563625611
15908429
18597764
21332200
61275359
52487389
60693203
26688378
57151419
87711816
54311364
272019676
227894751
151106990
63169388
75743427
208877612
131525487
164102443
20375332
1120537310
935036270
248735463
1725346819
24322106
760436942
2291655589
312248392
232925826
1539564943
482500368
2170232667
26773353
36335593
181450119
2612169697
265578033
2396444449
15013503
1898543804
38460660
1634552636
88806753
1129413397
103478966
305621784
571026849
378015474
2455325358
1687364215
312435184
38428725
66754934
17814635
29738710
133850987
2252398055
18197668
376955768
48086014
1322558430
250146453
85867265
20144167
385702678
995972814
444412653
32781422
49542727
17297060
24195214
1224588260
26278266
1670107676
73458071
304446966
34049155
22813250
59541948
46463010
16597389
18635982
80361644
80366372
904428510
14113588
41720539
465701566
1853337367
274198043
361449701
344733399
24187683
30085549
1961724168
1686712196
17787705
18920073
195222857
339518496
106008077
14272312
16186313
30047168
937262191
18378920
490913837
952086582
38250495
100566661
20802386
17402916
2358135572
23585395
19604769
600402500
318676651
357674108
27151743
194333816
21308157
32780218
18678995
35127952
2420373856
47249007
2178638689
1179730141
1358476958
160575826
1365019237
1023020557
360285166
1472395142
227135888
830240502
42930296
157684364
100818214
246487026
20249103
594745693
132788675
558055083
42095429
1921632480
724012465
115167895
60694237
243263553
611338983
115050842
143543242
2236695299
82296803
24878961
594863522
13393052
14456159
1299756984
65388644
23833641
40129986
1164741200
20809073
2196398166
328652639
168776165
1137402186
73537573
108432185
1900530312
456982194
469457254
110746729
831856994
24480242
1046388967
249644040
50768739
346746528
465815383
14120151
418
5215
146566319
130698015
216809711
130215008
48103665
95205165
17331303
121269141
84801328
408843906
56192167
57406454
24289055
128358556
20734503
303979994
105153447
171123841
426235553
1205615978
394750569
171575862
40851186
1005143113
1008807066
760484965
403543450
461681102
43763852
849878088
15220768
18227519
224320485
21111896
17112878
18776942
27901418
30249306
20608910
4207961
14412533
450941680
91180720
11856892
89820928
97503010
48802204
254117355
21619519
885785071
15259258
438008415
309282144
70764269
153149305
110541296
20179628
14074515
448590389
578269938
630594599
741532879
550511249
108158005
108482960
97133368
1225903208
232589348
320486963
18259327
541278444
431098547
289488508
59881933
361989449
79926604
1520269244
469478156
81187683
921991069
1536713995
22530626
25950945
7998482
242418441
21789394
34023871
2288182556
246575981
423482051
344831981
386742828
44491388
148826880
57553933
7860992
272550180
14426645
15750214
14868145
234243065
57405911
15675351
18910638
15265190
883674464
239914525
429152507
2248913634
19834403
23273456
403353373
131497030
56828100
42670072
139155464
43638469
453396568
21796491
59354199
21925979
21669123
118228048
19918986
153919023
175138596
22536055
1408162200
43232118
819648241
2283252238
2324144874
37036297
22792780
31129627
928347548
243724106
197567344
76077032
285296810
783214
12
93017945
446814476
19719380
6083442
62343633
20015188
36778533
56499323
1891433348
50325797
2183246854
15762708
25129903
126297918
16583468
27582945
59884592
15762842
386680530
102375372
111635980
15416505
23329908
230590444
26379293
249217178
926505505
65503047
202911690
25928253
587536673
29431831
31939866
33256849
250386727
115449038
1548158070
1017637447
305764827
36804547
221792092
219765433
116850607
15822295
322603418
340989079
1570863829
1367531
2836421
376865269
16812787
32818410
97303007
28394034
364103068
111743
19359576
241158245
80681990
39224390
17657777
17958134
78705199
260378653
31801993
47412499
24745957
191648839
122265201
543878308
401762389
467823431
222618795
1508538032
1135909892
21875625
26878188
18029139
411147014
22359311
22218297
20659852
147439002
956580308
36719281
477392229
208773595
1546070730
1090555501
240812994
88937734
115431501
476193064
480946092
792915870
521572931
555964446
253900343
10779472
36691290
400848027
15094659
43226028
883286192
30900327
275745325
452353346
21900848
43809195
1119602863
22524908
160734330
18399925
22950604
186161937
268700799
32888936
255194715
489839181
963195319
25072806
72434409
42023283
911518748
873400441
358166714
411493439
1004381875
1134906716
1118116447
164307623
28921314
466055902
373464395
379956390
366334825
113730295
1101692642
608258854
424690636
77930168
970957849
889088454
554001104
15034297
708216799
290740081
605236929
808068595
21619573
419165165
76141821
21231598
479747989
109422764
86155222
50559278
861458184
164021663
1160157338
718757090
24435428
14364867
831804529
46693737
174375329
15203849
92833741
942614856
22473201
622801678
29244414
20518073
323414337
29719661
1534711788
437694211
449729467
253790835
21958505
457661675
917239315
755211894
180617121
929990666
6883122
15451594
101324317
349178771
44554425
368688817
331678234
162992137
111978755
279118402
83637932
1126490580
19829514
502256741
954272629
1182839228
84380865
595813187
397233609
978735194
224287186
170204631
379871792
551269990
19863164
478848981
332824762
41714715
890034283
35223845
203102586
269339805
200559127
610832700
1112114731
283149639
441909446
109604578
476425435
22095865
1063855136
44339916
66247691
1135954932
486893390
376243560
1134471079
125696985
249236657
382166200
1182718002
1250076780
105873618
251320039
263019470
35930567
325342665
1104981067
1167794766
29769484
309190582
1262955840
1239931783
342767102
17357021
319198741
1232200884
312822595
127956843
1272388957
164158146
537735649
1275262934
346944730
22037507
59351766
339866684
1236231870
19040537
39761868
447436917
214564710
33729855
482347338
272415021
29919744
369747680
22325612
281731198
790661288
239586798
718510285
171984708
1226017322
589465410
1342128949
18474877
21049189
18958605
76076836
22049097
145085728
188343397
169177759
1386367226
344894137
388926718
371017392
253269411
16021001
74001721
237375071
942004183
474276369
455067031
23369826
71478572
316539075
18216973
483936993
1451442115
1260545454
171546236
83598672
634181708
1057324874
421421897
342402564
1229130775
314552092
363267167
39804022
373558342
1227374280
321666953
248674381
52612182
1410503107
191608679
380544373
19243602
947815969
378621872
938123196
1548236708
1397788640
1571265559
36865468
296087276
25685954
34711931
268934799
318581723
199682235
64506709
207266376
1006745281
268081136
996224850
1100298368
14753010
15980575
82423741
103428600
58027303
1199120502
256634103
1172518020
56501899
829638260
317178785
1002314904
304205823
1206893738
1209878390
14505663
26503967
18020115
329877250
78620078
1198474957
20707070
274748385
1012006255
1002273079
503367631
38227722
472092275
50219508
20389762
56916759
77404029
126138888
251400353
82963512
256563406
354964989
22204842
285786526
31176410
16282808
19213538
1274369168
15083114
1251854918
46197963
60981481
860696467
963809292
995758178
23274280
1289172031
1107272090
478763348
14833402
157512214
15020780
353048844
1257842449
41482344
508224920
990109003
1080302184
113186710
419846086
618665401
111352327
568415551
486917148
107502768
443930619
193135210
16797358
1250445655
466593589
23592155
279153029
78209952
524764629
745720866
19806394
1325126377
1328212934
224753508
1325649656
17849966
39524507
353842941
397669339
23536592
799342934
1307954155
1287313459
494378037
27694374
816475459
1110616226
13296612
707636766
478578071
14246088
363196439
627608578
46406505
229883270
1360349438
992002392
473193739
414963440
498370219
358975584
1375278320
112080272
406379960
1314800263
313344689
1325616450
229717807
1355626729
1230415824
21648122
39755247
160630206
1379528239
634858804
44993658
348862434
1336505484
1415695448
709067486
26409209
359950567
47001369
1421978552
42797629
17278886
1324790376
132976955
1387036686
70466735
995284303
347778950
465010315
26940800
388302165
18769082
584763397
17062668
1452562662
410548373
524562938
17262258
160411359
34843403
574834272
8425222
105677153
217489910
1470014522
1474533444
453520720
718416247
329930606
863402250
16371815
1444933765
283830150
325663495
27653756
87301763
565859375
39317107
95095070
17901059
176602932
546814273
14958165
491473915
412527865
289528782
354720788
1055937896
1081688509
1004785890
1506490586
23796975
996083906
729074226
185535371
450776559
19167050
532779124
490149888
425510058
189718734
461774195
25064036
81742901
1544257274
30222107
94412403
1364795046
55082191
215375517
1543349941
94182978
342152755
30478476
633333232
74292666
63951816
94590797
144190147
1543721646
55340718
1472599224
1541436324
1229703235
99865860
30514839
991220096
16014854
210839774
164369297
193694943
18803425
456135808
134622111
771944798
110466097
18358219
1235496025
42387145
1568823175
258954731
120750710
24129316
369270655
28333967
1107207912
38969317
381006665
1287411481
21123640
1304840101
1297906016
1243984116
1319622462
14163796
272417227
1362088717
275749267
476108046
1377213925
518919206
1380505944
328760773
1435965229
59554302
1405827127
404849486
339256398
373915171
372624390
14689378
55655317
1499651065
140279366
38595528
1525574149
540198116
30256559
24240142
42581911
223294355
128131197
334849970
20219585
946518655
817903729
784875325
262948804
346909226
312647027
93706471
100172343
244770364
357835321
439687445
117111183
399504103
1110417642
333595366
102802196
995829318
529063960
476334041
38096245
74568060
21487746
29244199
606907410
25168293
774691891
28184983
31506730
1241339102
16943908
14748002
708384270
48038030
451118713
96922874
184996811
47849599
21836759
594134619
370053667
363303425
1216497384
480953886
250766032
622373733
1226984407
44619957
264533215
17821256
51478771
92560716
25267161
264211712
65801511
580441871
1222475923
701360178
230459023
959614057
1116129830
144864888
94733415
72770853
345431696
57172253
1252878337
1364801492
19840851
15632894
250133042
1485623796
1058982780
1473612187
619952683
33281866
878215158
776852118
598106708
153533359
32482271
1491285416
1398850933
115759655
1147196130
17050482
280707480
20333804
294959617
1429440224
827317712
858646280
101214756
50916401
191891492
19824430
22270213
459860880
22429979
1223839033
200223027
275579730
277599621
277704130
256845781
71591341
1066868028
64120012
37311546
15515053
717170424
33273634
139228764
233758126
499350129
473906942
1532719111
16631939
364315582
25078267
1397628176
11179192
18082119
26676275
14569300
20686569
87470943
874471868
17448662
50762782
112798884
1158638582
589269098
281093646
498949584
24188699
208186672
71048920
20370735
15353981
35861227
82112692
27863115
212915108
140928543
222731103
8862532
20265395
312840253
28421825
17076218
361875262
20264905
145746533
46164502
20265254
40927173
39367703
252531143
64082669
26163421
17469492
119491006
16059332
264977386
121620319
15603311
22952132
36948268
17466132
119573510
33884545
25550105
163456477
35785401
6819732
5692122
32647663
38222941
26418770
14982783
377949581
121817564
339529477
128604687
277804136
17340781
9589252
266172474
38230593
351065668
16371887
55510435
44623950
122887259
18880139
126631680
21922449
12666842
15519128
25362797
19669596
330569814
15963468
17717552
322441742
45693698
339719556
108617810
28479457
106206287
20414217
15716291
21313053
28161851
245117365
131671949
759644269
128229669
171301132
590517820
322934349
36441142
362076702
257658885
104521337
479004709
21027715
50446226
57096208
43200849
78408666
966939960
54044127
1431998562
21431618
29734444
147666113
63001307
18790963
339266274
59824526
40315296
177641164
28502793
54276326
21688902
133306120
44948899
122169458
259317559
15210410
20295222
61513592
44960116
42995067
433455322
247444980
853984315
213713264
493418294
16006592
15964196
24785398
547142960
17348493
295810465
255347566
20281013
16984341
39787430
249384564
18363255
15837659
20574354
898955754
118414368
15808765
28345779
111122177
116527138
461857350
128631032
19789414
76376525
7848802
217530311
119250381
59502660
36118658
394046454
100363105
158414847
18137749
17627525
31187903
1330457336
21862217
261468618
16911536
351832182
90746345
337453078
29274761
130717273
236617847
15275864
374272671
18777628
108619944
138770045
274407624
269996309
80628196
1339835893
109025212
310035322
120342217
115988181
599471057
314239640
295797876
73013034
163330146
17312357
229875160
168720614
912193651
11762572
49697450
19576486
431025338
32142846
1012058802
1052892470
1254121524
72583878
21434933
1223399095
36132097
17470695
36552796
1254417876
1254069271
462207378
738862946
494645163
153257429
1252814563
22429450
1252694581
14181114
124351102
455861552
14880420
18903036
64237702
42901922
192398151
885899396
896584644
27311044
19186003
192955168
52188705
24165761
60973030
259074538
1025264210
139404794
110536434
26777550
36493412
364053594
239949176
983419375
25023316
282636424
15281779
167733056
58946057
1119626898
18221780
18990471
86697288
15647676
44777959
123104061
67611179
34113439
171975660
26353466
236061421
111062315
325830217
238259855
19024627
288352064
15838407
79229487
80410451
27147528
232268199
6519522
295945860
16669075
56681659
369697377
80700514
70771229
403699671
38036372
19093887
132241469
754312458
36934767
340333435
45445240
29450962
18751838
329281518
25913058
10254152
117419826
398979885
173249698
60075201
123738314
21431335
16369783
76812873
17965273
304646849
112047591
49961516
299790272
196386313
161500420
133869739
49880470
478687338
182819523
16550986
250912539
228747444
25990335
167122787
234186830
65763420
19333719
13557972
21789117
87359651
54286057
41407521
18004360
250784170
231819250
114887629
49510236
23232204
86129724
146881901
20598720
529415486
546965980
272710377
182398325
23258096
30654235
257277994
36649831
161044052
81105542
38548612
214140713
17389023
19570075
310374952
372082312
86383503
44411854
16824090
32432308
234186017
26435157
532357820
109655835
137505305
137792521
16249259
38740332
21782597
44488446
257091348
320912452
77032777
125688706
93069110
16337264
21843492
126695871
257168815
83616201
22109355
42497663
258900199
158831815
32138947
245498430
269375709
95270375
32702382
95356199
52070270
23176276
52089472
31221373
14824849
15399512
4283311
14251225
92079350
101754147
90077282
15446531
51462013
12193342
545528259
21674448
15670644
109614008
164412502
12354832
36125837
451586190
18891923
17632117
17454769
18217624
49698134
90406163
41387157
151444950
21209333
20733972
8705472
10615232
11640472
19469743
7402662
217284148
19359932
20786801
19107878
16020435
18915795
33222598
20813112
17910554
18916432
26792275
136300373
16068266
77004462
18216752
138977055
111141045
121208305
106514937
46176168
16297707
455098774
57740527
28976901
8406052
21670035
265063846
116809462
19302242
14477880
27882000
51241574
18149894
243337600
14763834
56440142
16081831
227841653
19250369
233601728
240135871
570169435
46557945
134870834
285744541
167024520
64916983
43409523
467726691
165998897
373551099
106135104
78623653
18929066
21870081
245386255
260290749
547323041
108189101
626983614
574525441
48073289
939091
813286
409486555
223341681
338401874
18683964
9862752
15993122
20455625
593807516
39155029
199257043
55896443
225116996
53792665
21972462
54244175
277196156
173642527
811027
110538847
337510661
66163270
443019426
515931365
18678924
532539068
14435376
25911044
24133371
279217847
39311638
325265073
18451200
1947301
6017542
14245881
16698389
16072058
17289717
44513878
21842781
370489880
26015134
242944499
163589845
12926172
107216098
59425403
11680962
222554961
18772897
83636590
53832621
14870670
47837269
139738464
19371141
9300262
54570759
218996583
495341255
632383913
143741421
74410845
253043017
514904329
323338681
573660463
563813308
108200472
25734884
58284094
344233703
619598881
437953911
18220175
36743910
237446906
284742585
23600262
20463418
121537720
34755840
383446326
529074523
444137140
545202245
48783951
126383762
305732399
25387183
341668023
34889448
15586316
10168082
16834046
94103877
16874638
101790067
390227694
25946632
35020514
78996644
345399805
38022104
46708819
24060589
21274155
541180976
407129758
26133429
20015381
216549433
160674277
506375545
14660096
193747484
196290799
171515061
83462293
155973490
47415772
24112504
83628789
45604374
275136185
94630460
138261295
20769514
147467535
52112689
17553400
15394528
15210284
23112236
29610739
16456702
41272328
115745371
219350591
23097748
19038768
184860130
244265058
9545192
372943654
278572325
78763096
144654535
199172328
20536157
9245812
17025613
10032112
31191266
54981205
135574894
15856030
601069383
714392070
46909129
17997940
16334857
85921271
82411557
249758564
41159876
201295507
99297884
98712107
11384102
125453969
22810429
114497182
23410776
323468251
65431946
34719119
15007149
522282462
53943653
168295477
9109712
73238146
300114666
33986037
34713362
104237736
33530012
242555999
16378486
16681542
22676390
19877186
54951973
5577902
18228898
20146508
33309347
52939106
72870697
54682125
26589987
50725573
19697415
22037660
16379018
35094637
58598187
60919240
28652194
31122582
113420831
53153263
25233746
103069320
20521879
52596376
40366842
30354991
19841386
133143832
23832022
22685200
115485051
169686021
23967578
25398075
96846955
16145763
15224941
60257871
55334133
32453930
50049243
14056708
16192173
33149884
146099195
202955582
243599038
185608591
9258662
289564413
248900032
36117822
194265780
232791093
16302242
47475621
213628644
602013254
606412878
637144701
256881576
120491793
18301196
358422323
335721597
58309601
201882918
216287168
32707240
587741758
360796419
17322615
617463021
635586076
36590105
193710120
282143568
19403329
332792282
97062761
81706823
227771873
193037176
211988185
73201892
151563344
255171602
39671630
33353036
16153562
50003987
285626945
284210045
31583882
16423109
31855526
17461978
56517597
14267557
17228366
18598835
151967576
18677260
314490597
118779752
117105399
117125721
95233548
117103313
117105792
117102376
117100743
117100400
117100412
117101451
469760273
40901738
234062522
453486641
170424259
64839238
2467791
169266318
69351689
69352359
51189120
51190021
51188650
39096306
51189656
16252118
14191945
132631769
39008044
23400484
14360923
48133822
17934812
26178536
260145294
157009365
1536811
22872168
15223418
29475191
351944380
13404152
41290144
28094792
44722598
5107
16810076
50996697
14604255
54885334
15234546
14517000
21425450
18345986
132630502
17436250
32147994
75663960
72962711
339889050
16055024
547132018
90324370
29263488
107061895
33318712
24051028
20570290
15950882
291363
16123223
20742461
14463927
18453278
49853
28631509
15469101
646893
15827269
17737614
4282171
16190278
17006157
75269226
9692022
70747051
21764343
17001043
29205301
255719070
526316060
238319766
15641893
170023388
104267638
66379182
14620003
20109439
23316439
4970411
69181624
20479813
8839632
224180296
14173315
21982720
395296194
19419870
810424
22049155
250884927
113468433
200949207
15864446
130160106
49734054
8861182
16715398
20962674
15174798
20923839
5770442
16760131
11988052
6576492
17328222
17001646
22053725
16506355
74762619
28590084
432538752
385597386
23754278
216299334
361342191
16051471
34350419
30043495
16544437
342345319
217567684
18506789
19547894
21901690
20419776
14345137
64397992
35730072
36498980
89764887
237615209
17467699
102189500
476179143
462132994
269454734
524342595
558975189
116789690
48223944
441415749
23459911
27165002
537884452
119573305
78175557
65719510
568227002
450955728
222452046
318929331
55963801
197185468
17093617
23775292
182376326
41874485
701222930
287933186
283737435
475535914
29742087
292936667
41869067
45565185
23263704
23840585
23055689
23365014
12648652
14677919
17960338
109347814
17119688
14276218
20876211
40071737
339278127
15554163
334194887
14380175
15816595
18689394
129997410
8953122
117189136
27073265
23674342
14328066
24138795
1496971
44266782
121305860
24594836
27555164
195897346
349077695
425753010
67967382
37789335
236227132
73200912
142721190
133872807
77852581
231223609
3108351
1652541
14962779
53113691
100531396
49976937
77056904
1029721
41610942
364528766
322993940
22310575
50073507
278093318
531627880
59331128
24130824
5392522
17044233
111991509
811377
236891946
335377044
137083865
123655512
65733755
73147282
21518612
14396342
319301796
197177555
115465858
22013225
759251
537443899
14532620
52474702
37104266
16889060
88851192
116699912
444404567
183355477
90216414
278033589
34706237
27016235
203355262
15831401
24047612
20460766
169558746
104006974
17469289
21534339
50517206
608725200
224877440
75540731
201706497
134846593
288336783
46598192
18109709
122094104
488692089
18198655
36367491
24921159
176687047
119553595
66966976
94129050
22681340
38452560
36782358
26778367
148524657
41393531
18271977
23431846
23441791
23637132
50065821
182217410
150740697
257696123
24295932
20216828
136393088
221176170
36978467
38531267
19080330
22102584
19553553
104916370
134362298
21627303
15874918
309178614
135163506
80890505
123410404
319785911
106787853
137733597
123058509
55615697
55085147
454361580
27487492
17581393
108351020
108427276
105361533
37055926
177719616
173979063
260762631
22956207
163610064
16489259
154139430
214129117
30720020
198720628
53484257
69011458
237294480
23450905
455216345
471454646
51349433
386043297
413456876
337739831
119092483
150400809
132745629
96360994
167457158
167412391
187306035
383566622
191510692
361715860
166286545
172838694
223903173
186207562
214118683
30593000
172848745
38370852
360809243
36817421
204377550
559871844
385072858
54109707
52222835
22756081
20814223
37593209
25205924
624850196
90581423
157267940
46879241
21794550
89246317
46543797
93916729
210466448
333489313
51505890
520078904
499193013
19463464
135566533
522403889
403639144
44131286
335523763
131269432
181662194
620057980
445795337
22984897
65086827
33874421
17891705
240333173
81598460
37088369
16024098
78163399
476684582
79206281
82212001
375721095
189018428
35112178
247410609
125686209
56203974
21733893
27956098
16562933
536737497
460569575
364452574
278144816
29466360
17470197
375370453
210900703
234039825
343013410
301103024
15653573
243630282
128329068
18238450
15934081
31455336
54990059
74789470
17280422
75132846
313533734
243215551
535076770
26530765
212988663
310839765
122225899
18909534
198665418
196389795
287318734
370495196
600279742
26332899
26041449
27383978
16983506
348270791
168714026
82762728
278014203
177502582
424438326
483932853
139922443
14528221
61633552
14159148
128028839
91974163
125614588
419746924
584427966
35156140
587592366
160320378
150476928
109998318
239164066
17715506
70439714
196598891
24660086
33977042
18567871
369528441
26807168
451208424
58063667
34075321
95337569
248504948
281555569
210563986
362431807
23466572
109402169
210816954
38499446
440359531
36950158
24201935
21207108
237530193
192676933
585086842
320830906
15977161
69434903
545663599
154539689
529068214
316734434
148983550
10040232
25003232
82437677
64796545
23702397
569299825
17283207
296856221
137346000
14401225
120593560
183758187
15787527
68481787
164380239
12812652
14207724
241622757
258360652
499813081
15098105
24975556
24140971
286318597
217074751
305597872
124289015
158128745
87759137
289947989
246070242
61827778
66858922
463183673
43183673
40314956
195004869
506698960
360245449
224234040
14370917
458978674
25078454
53665207
24724374
376444102
21902908
211757122
98663069
21724246
139804904
16586124
282177276
587805833
379248303
357648167
502350663
14534174
20576755
19127750
274510071
468354122
231874690
112775879
11178902
16312001
509184900
443246327
83648788
74927164
271841325
460382747
57056537
626333479
86776195
97699036
555763709
17494918
308475513
259378984
37139981
48689089
145454774
74987950
21676073
47503130
358108018
583029670
304062031
59769395
84114313
22144310
343310221
67023510
229046403
14433444
115719054
587750405
15235829
415068421
37022393
555914614
32372834
112479899
40539859
74597462
262326533
22162854
17899109
14499829
115099953
25950355
16125224
17907987
280548474
22019881
39511166
23967935
25105436
16030076
19177501
39773339
365400457
21902874
69091913
152866991
26586532
22373552
24946880
18500786
42487875
16017475
22059385
57412831
21252618
20892507
254218516
26804204
1877831
16954241
17152685
33338729
117460060
189180763
14849284
39030654
40200549
17023277
17910058
14237001
1774391
37104983
76663193
18057243
21145241
108721917
9534522
10454572
14763721
633335320
17877122
19661363
14434070
103058726
116899679
18318642
31203136
68441962
46758606
18554022
40088633
23196748
46593413
17494046
71619021
32140588
16956234
1766701
26929440
17002395
17000625
1769551
1435461
16116288
14552725
16340501
138479037
61879600
147649517
16172747
85131054
261289053
15891430
1198481
11178672
37917164
26355341
20778387
59145948
701687904
20772763
17004618
19731643
247033019
633980404
285186224
17025323
17004139
16686144
455448436
39040115
18171927
14940354
89593573
16194566
309937733
2115091
160647941
2020351
39434755
12685742
33919343
74519287
282545479
258885469
24134103
301012485
85850590
72667138
23946892
14443406
21416856
20095865
37029298
16441088
16227629
29607664
8041772
3648061
16046443
22260999
19113374
16588095
19086456
37291805
1767741
20805177
122177573
42467881
24387882
30202028
626103
22411875
16295907
19593954
16929520
16955436
815994
226703
154145174
14515799
37759047
163598915
24773177
107234633
17002185
16929600
24917028
26538676
10922752
107857325
86640232
18189726
23994034
19671465
14875983
18807424
355203
8543242
14517538
681473
5273561
8884482
14206869
15777728
15180852
4071761
18941591
15829144
16439603
50360181
673953
16929396
273668513
101105818
105189289
1879831
17026041
583138771
15388131
181272163
186454150
14518765
16929349
14603515
87502961
14624523
14401912
27716402
18228075
27696993
16257487
15803250
33792634
32433821
268476335
32628749
14348157
242763001
137414410
17525611
37718165
36510873
10755542
21245863
26786179
9089942
56810507
19787000
1754641
59599859
14434011
807095
16395525
294258287
635134931
19714682
1434251
82969145
17003056
101247760
15174477
80764810
109275829
138144571
14179132
81482674
16929282
16929559
1440641
15840979
21415998
31585203
16458072
78627891
22489176
70469623
132981520
42144884
246923540
275313643
259446460
22695254
21840425
12849262
160720376
253570782
68293443
144921326
16023926
17050431
110213431
50924522
47632905
163486896
16832435
431863636
18841851
254106507
22992995
202247071
16462209
263879706
388673989
14642816
23451907
44536683
204835761
6620762
49437246
81645801
14766917
16104258
20478579
23673489
352056439
17167550
23617498
79743108
18699572
126511890
72908638
21612122
132496568
9532402
59031230
131144091
71120500
188019606
14268812
44359898
36957404
17888589
50393960
22093595
28265605
21220931
42389136
7868832
25781141
15222806
43963249
22320759
54218903
9624742
16613128
18038892
44615672
75052666
526512037
9229672
31128529
75069067
29442313
22012091
56761009
18695134
9736372
225092673
7713202
41634520
161319475
54614242
21138172
19069883
18096253
233783568
286339472
25972839
158426909
20348293
224874652
90890793
355263619
151713485
15264675
16743911
294909683
227105554
25017309
14200380
115979444
15758330
16514022
62538319
385537892
191673172
55261443
28785486
18995454
31779156
142490217
24439201
98543618
23911915
8834412
15463671
61220477
236026761
135515077
21316253
482973239
216016310
40037096
127592126
20818801
167411876
54257190
10117892
256113470
20182089
28729277
392941793
274509244
446568165
29380687
88557572
234445379
113224808
114863307
21915917
22054880
40271640
385107877
110464152
22050294
350880390
130852402
122059354
248795646
21702500
21900832
18765257
36196223
41175698
18052661
216074577
39098609
52268961
16187637
498151761
93907882
113467748
13493302
19566062
19358607
31053563
201558893
81789176
190697076
103070542
20468251
57745874
24560143
31447311
59543791
18514970
17295590
69282849
43425975
61333930
127327223
29752603
96617313
486818900
24749214
132424971
268950193
20660342
22885297
22447078
196643977
297053549
5132621
38512770
258113996
244722043
18967418
10886522
114785533
16935292
54203405
40277679
101815727
105697517
219003149
19787735
59603406
12272322
130945778
18174520
398144666
29341152
119162694
418863413
15554922
355881125
35959441
357187990
55731683
31434060
16783674
29291361
10069612
294702263
15259823
14695985
22257969
130164860
339355017
29790761
295399828
286808732
389028352
297856568
88269699
18984195
47813325
175746021
49811487
247650247
21667160
32568104
122637385
26588061
51796434
298969867
16910252
355095670
74350668
152119231
14893784
32942252
19958120
30966934
45078059
393766607
246088673
19103366
16476359
29777709
29384180
245582329
243252709
18210357
329215350
120524697
234445902
58611693
23273750
397080976
349970492
176679108
109476509
388567441
373196346
49800332
376405385
375167919
65768964
16712666
22662550
206239236
177171227
86854389
107838383
345555778
396628791
396442047
172940335
393324543
138998094
377500658
201380989
168800016
384545017
47234626
250810428
393178922
242954148
134927694
210248366
213327313
37989708
21795432
377725125
335369838
367674662
14437914
396004324
384334858
360320296
187029123
16407633
393046380
237760432
33202981
232323646
395529626
48694687
24647078
356625105
43438244
102282810
70560147
15098732
331816639
382441782
275435414
380154464
28391933
216716662
384629203
22656149
348062590
18278757
338575114
95520327
382416115
388110738
395227357
384920113
315089887
248464111
325298865
276030892
32726850
118173606
15103415
33542901
350607644
383907468
328275808
394710827
27359464
101568325
351724191
117189421
394464218
284149960
31906672
16578841
18510860
394653511
376363331
47893782
5566562
342474533
46571917
48025054
43968925
394256602
21926014
357053656
35937434
23105216
394214281
368760126
389587203
373994630
376874694
379706008
32621205
35188724
390369117
285107449
44445440
330627756
362001897
377822158
15839517
373589368
393573851
304146316
35245603
39753334
24823824
24906180
323583530
28499882
39578488
19918730
300173989
261690801
61189604
372335714
139782748
44188084
33870680
165600417
15810356
256099478
14547720
67194113
36686040
33279746
46510288
41154653
362306103
12695662
390026687
54314325
14734289
28654621
24939669
19195914
42243829
19741048
37706729
32444350
392155342
28916943
184105474
392112307
21398560
39334283
391790335
348060527
60583485
15861944
281282774
17768938
183013775
47091038
351747619
28011860
16678441
386874879
317884583
366100321
279608256
29943224
30070470
361017084
21643972
190092684
51802691
333170884
248682039
390731066
366424844
101877159
17137628
250850171
384942182
19416225
1025521
25010394
6824372
17359828
17996223
285270260
86182803
20091865
330793507
342127131
50589130
142315243
14714736
23522775
16138920
57736930
209291678
292055230
17348061
347982473
324010095
319178556
350135908
40675948
270495679
353344542
295807287
19516505
101876430
357092583
23354956
204121226
20966971
341203165
299783010
28339843
12865902
18542401
14320856
363240308
18750901
343098340
29561414
14972404
48121888
19949049
41561552
129149353
148807653
16058634
121234925
247420268
14246001
359411916
368918854
197488005
24999101
27988402
262339008
134803286
63661599
174450940
326255267
126110435
372931716
284266512
322658680
128461257
337221817
75600769
20685433
174272266
40302336
22549560
49988259
47646102
253968717
314894913
124234598
35617552
109272750
48446760
389781011
16030978
14494003
197404857
20321505
158810075
195628006
142067631
17034572
22066415
104727439
377017564
20178597
90280824
224071381
358334292
252134231
379346995
34674624
34013800
121767166
27733550
19205956
255860466
386747370
339272580
35750463
40136559
378586856
388470628
55285126
160054856
259935326
243698394
154352321
353746014
39364668
156769067
382527521
44221787
131979386
56955485
123991916
32774989
40623054
17057248
29004350
24978793
136366013
218513477
183441524
20662625
195243871
137902623
54424870
40569692
17725498
28042528
175607745
15688547
136296797
16251839
13436432
15087678
81382474
221546797
106474470
15951667
18224718
9202882
23605450
17297875
43780498
94013297
26237690
20666662
38421062
111239212
30763186
30434892
122369389
18355951
16793781
202391737
17737115
104299877
14848228
53689075
89596506
15330545
27419341
26998488
125485639
132280259
26080251
19916253
19504014
100695608
25407830
7157832
34459101
244984383
21119723
26809771
40047990
18883345
102724715
72069680
38279297
14439894
99361224
103733106
20965869
137789155
252869015
151828424
24501573
44282421
275159144
39268596
21513939
52643808
241495800
109974091
197657522
47208839
15823562
19666824
13108822
186999354
33945218
49990431
33927727
15958768
18227331
29987628
85183658
312170209
203649788
16731916
55332656
215475089
13165062
137447314
27539123
136176928
23529730
18234517
29917405
241303660
18898938
113957473
43407646
32449063
78598050
243758050
43430441
96016750
23218364
16133411
59939460
229927637
85888779
36286281
24950881
106275688
61116000
274331023
28259108
44359264
72109360
39393687
44421972
21676705
25111725
108355057
291483371
282728979
331124392
29387493
17117884
29623769
356775942
25119489
16037330
365753339
176852717
18322037
292535581
53533325
73804702
26024515
56852722
178367674
238848846
311862909
23891765
41686421
29057617
25641906
341509814
14040522
50732619
340290579
16506825
278273690
14560569
97515361
336634771
39419107
218642769
149182511
351143365
29649741
71126472
37703655
179598558
320132645
21843698
297969734
339103845
225628855
253928041
113216063
385566380
362706298
179484014
123338286
368724883
313875942
115301284
27847317
191837596
55117865
302099732
344799342
378360449
19993900
260333884
322249716
96795310
375364053
84960077
95154936
190094451
85984907
389154355
23995748
18475772
121014484
16218940
54735861
112841637
19214284
61605255
21542518
56638961
25673628
36681590
17904241
115804085
159146449
17397617
24950437
19874395
84653028
154419058
65937980
17637983
104142045
154595272
62012195
55887842
17494083
327400529
16793576
20606683
17911218
96182178
103245828
45762728
14186393
59198113
23672094
372300596
49435857
378920927
35074763
89731752
345741212
122825865
326892463
19462341
386058777
45921472
113368904
78039625
91031837
78191173
14662153
222560425
92370760
29519415
14081640
21227559
14124614
20776497
6577642
190232243
237994971
323817277
15415774
129373961
167643787
59587480
303434870
21253935
16132283
15732591
19608297
18872608
41814169
16348549
45564482
17171111
55355654
16129920
36683668
76348185
71028773
291903997
16815644
30244233
326379776
128324680
364423298
132201224
9542972
14135426
27978179
263936580
29216764
31314531
97474887
163920178
16548466
23067588
19736562
14345062
112549655
15458694
51292541
21443773
36449013
77398354
14063540
84930864
21921531
133955525
17425181
18695206
20033822
91933457
158747009
16376937
26538972
38209265
25147077
43743614
19081775
44057760
16186877
16544178
17821070
16581604
15723732
76686118
42085843
23159860
17709401
15736656
14377620
16332197
7159522
20703527
15300520
14669398
18583464
17867513
24607729
4693781
15434044
19970530
14370358
15554127
15710242
16729099
21448518
18087881
16732982
114551313
15433037
17681834
14826607
15223520
17121920
17341395
17488225
16094099
11330762
41760320
29911084
110265514
118220744
17583639
29674962
25075734
28481218
18024062
18254005
99320620
99320249
21246816
71980025
20007155
81978043
105774340
14550649
15600217
5417132
16539573
23939797
16953808
15329554
9341082
15117375
17352423
14433007
743763
17242874
12611642
11622712
14990608
14389132
15936166
15816164
20643704
8453452
21426547
7976712
59222801
20781527
48900101
18142371
19315706
57113066
19543987
30767393
19837223
16503460
21086432
22276232
26668603
15427762
46746266
33333555
31395001
18169988
29703403
22991614
17817210
18483313
16879321
25561679
36895545
21341221
12296312
36386748
15532898
15545560
29232646
38516217
17465796
17142944
25570524
16967845
15660641
16722167
18997592
15309072
17653260
14164235
26097227
8539242
22984215
31683177
14269768
37348814
17964478
19341895
15941955
17009647
39438261
19633606
19713312
18106872
14393595
27830610
15738990
19312262
18215560
11695602
16648790
17862883
15784302
18932935
16164520
14090017
9334532
10880202
15689503
14377605
15752013
14465607
18172905
17993906
15922214
14676022
18622869
19553409
14529929
59157393
16012783
15754281
18665800
17074440
15012486
17494010
17999296
14282672
22679783
31567851
140159477
14226882
71294756
17291519
26657119
20437286
18906097
28523975
15675138
18713552
15764644
21114659
16273831
22650398
1917731
17596622
17793878
16688755
34547206
33933259
22139417
14550448
33898911
26287962
47427860
18358270
22099529
15975554
30313925
9763482
14511951
16560657
15918708
14293310
49304503
33514869
15224867
19397785
25110374
17220934
16789970
22812754
72198806
55338739
