9624742
1877831
32359921
4970411
87818409
2097571
759251
5402612
1652541
25073877
51241574
15588657
20609518
316389142
158414847
1330457336
1093090866
1536791610
2371458720
34629467
3124211590
500704345
550488845
23967651
28834570
1947265657
636629677
29738476
627512783
20258334
384940104
22513919
19982260
46519992
18694861
15300520
394741838
481646794
37657742
88676174
19253385
19238689
72835255
217545284
409043517
814544922
19608297
480725605
17943892
106517902
2932617195
382146121
857090977
180071026
14345062
15210284
185809250
122467925
1055730738
370808273
1071102246
516880804
31880180
995193054
581141508
2447986668
23356929
15174710
2680673774
1080754506
45604374
21252618
475988505
787373558
15426911
8729092
16952739
1499576712
8859092
58780949
1614054846
2466234019
975200486
22268641
2169098419
92354658
1339835893
22495024
87966593
234573331
18676177
14629262
2393134266
155792265
44873497
20113797
76456274
887032068
15387938
2332086320
47127629
2382176594
39273758
150650562
1879508232
52447017
471994138
454202089
208120290
192908526
133832049
56864092
235373000
153919023
804861259
141261274
1620748658
2173368484
56465393
921759169
262697431
52973217
48519392
445842662
252531143
7091082
31126587
95506425
50452197
278124059
31128529
32403711
216881337
14662354
36414432
851555820
213870671
16538186
275159633
236821093
17790687
28599820
115979444
72198806
85396297
31122582
15764644
65707359
22012091
1862008201
17093617
14133964
44177383
563876590
39515894
568537804
28145694
18023140
48149896
19989172
18091706
9916402
7860902
50393960
33235771
29979814
757303975
1068481578
261709857
22730280
186154646
80297543
62623900
61220477
381152398
41651152
22891564
146204036
20093233
36590105
16547587
24223641
15922045
148453195
124540457
80612021
49639096
84119348
125445568
24913074
24195214
111635527
92186819
153944899
137794015
158398519
29501253
109025212
150724371
88806753
63169388
82649553
1775731
24626969
18129528
20778387
17242874
1046661
3108351
16303106
742143
807095
14246001
130617778
17006157
19553409
428333
17454769
14529929
5988062
27901418
15450996
1917731
15918708
26792275
5392522
9855382
48037533
10168082
16129920
21619519
11388132
9300262
15675138
60919240
1947301
14511951
5741722
2467791
65493023
20818801
15922214
7402662
50325797
18967498
32010840
16721061
15356407
16102244
12726012
6577802
7713202
18027434
17477172
21663311
24712487
41034631
64205638
18805303
15160884
20097342
15727817
14904437
20209807
13218102
19407835
18216752
5561412
28176898
15378621
20467163
26051676
21660348
19929362
15581825
20796447
14140370
8128442
20078009
20545793
13491312
16789970
21312077
20597460
7356562
29201047
18695134
19318314
25781141
15007149
20002401
16583468
15183303
16742806
39249305
19677673
28582749
43910797
15939889
19891734
939091
14354562
10326832
22575762
40035101
12044602
16045956
21982720
18723427
11640472
15073709
15342802
15801786
16071494
18549385
14787239
18485673
15857522
17872871
17993906
24068888
24067853
17074440
24715381
5174321
15458694
18172905
18634085
26946495
22509548
15469170
15210410
15490254
29175111
30453215
31611298
18695382
22035068
36169168
16160845
18027611
813286
18498684
19195460
30768622
30504655
30050899
17068020
23269092
19805862
19543821
7259302
25162697
26778110
18061669
21269970
19658173
19616327
15751083
30313925
27676828
18943852
16317406
9508922
18696134
22812434
21690931
7429102
15600527
14275291
22831059
15428227
19918558
20713061
12658102
17227291
17227223
18780213
19817854
16020181
15234546
21930447
22280859
14384907
17800215
15954997
15281574
18829123
5357812
16256269
17513304
14135426
18217624
15661604
19726613
15361570
20552026
16056306
18979288
15022633
19394188
18791763
14823587
19139963
16160352
10615232
14190682
22037637
