3020330039
15676749
194703864
6374602
150732943
314549077
58166411
960962340
15726728
22371901
2253968388
2467791
15212187
270544388
874916178
16187637
151336717
51486676
17593187
1059240924
23103488
37710752
301549400
50115087
11211372
125144730
18336787
28178127
71627462
95069715
20053279
133027358
340081801
44513878
295685416
51228911
46131997
28576135
368086410
28785486
225921757
7228682
56413858
2232041
205864193
312800783
24905240
133439172
13218102
240376522
234469322
252819642
190328374
37094727
23124635
22545491
83603750
76452765
237418907
77250424
17896154
237312687
287413569
16580226
26424123
249288197
22055226
16925437
18566912
9300262
238321369
26083271
31127446
5988062
41634520
50325797
27901418
15976697
16467567
21619519
15922214
15450996
39308549
11856892
161743731
5815162
17993906
18906561
3135241
19394188
20713061
5357812
22528309
24735461
154591966
55329156
41445718
55421408
4064241
14344823
29898014
18986865
15702866
23450159
73938516
12831902
65502117
26089178
87612710
22811375
53398270
14985594
93443168
70756980
28480805
90947260
19877089
74198348
9856192
15429511
7402662
15116570
18905115
18967498
18317325
21329888
15856366
23951197
18916432
20015903
14275291
23970171
19139963
16102244
19912734
6577802
25086658
12726012
15281676
27676828
8542882
50152441
23976316
23121519
22831059
10102032
18943852
48117116
26778110
19658173
22509548
16721061
15661604
41363507
23712174
37920978
32506723
40318829
24773493
16256269
18805303
15160884
16056306
20097342
14904437
20209807
19407835
17800215
55677432
18030431
15751083
20467163
18811140
19926675
5558312
19616327
21269970
26051676
55235265
21660348
19929362
19069733
18217624
20796447
17658989
22527499
32010840
56569426
20088666
15600527
43536014
18166778
15207668
18956212
16015621
33977070
17976923
37666775
15675138
7713202
47635164
36101932
67175886
20276247
58942128
71150098
14069620
51881747
28441920
14922117
20547772
14055514
32157272
30462950
60984835
67329396
17566470
67675340
15493117
57976073
34145982
43171801
62878985
68762436
26058336
46184745
46322141
35258147
26363675
26319199
25030471
21137449
20288263
16562878
27171183
21859521
63186490
29729380
24603802
41421179
35124808
29133635
48224503
59639866
24570203
16566999
33817203
63885042
57903395
53706417
50101320
64404285
64485455
19928971
62945565
18306727
16405981
16095099
22956571
15176019
59912689
7825302
19559932
20958510
42522559
52792085
29361909
58030045
21716273
59320426
22134950
11420432
9020432
21819977
15506100
25568065
38013922
38274353
20321505
14929697
30844001
5484532
57698135
18549579
14365627
6853742
18891923
32537213
22017253
37993654
50948509
39787282
56401482
18873711
15010711
51142412
16687193
55939703
17132005
56445915
56544769
37970476
19500748
38964020
15865232
42687633
55036414
23884956
17954074
17678357
53550013
15356407
16219672
19739126
41152839
21918114
21679774
55038792
17218709
38005062
25162697
36654245
37414818
15773400
17488912
46427814
37692417
38433502
50821393
50009994
23606993
21381690
45843953
49105595
18694174
23155102
28764153
36253104
22577091
15488528
48511488
6629442
48527072
22294877
24485523
16049051
27448302
18741238
33337554
14282848
19170633
19944446
17455049
27991113
22929694
14902963
46395144
19260495
27382597
24017268
14046322
28176898
21657598
23745502
46176168
18213420
18693598
45965033
15161144
28252610
39407225
23145794
36667104
45860800
17513304
28406725
17475898
39778882
35784576
16593823
23019725
34540298
17511394
42159561
31145973
16296683
25910039
36233027
44426828
18299168
41429844
19473742
32194489
20405322
37029918
20659814
12027182
5496932
22148223
39000996
43007331
14829479
43623734
41889949
18538662
38533258
36101055
41816026
26565152
12089362
20732463
17087824
17837527
41740308
25340944
14465607
20245031
37194535
5561412
18791763
24002724
26860506
6904552
16371887
14246001
15234546
15689503
17074440
41419777
21787433
21252385
27311044
21166022
16051808
20218556
38613109
16039421
31953101
15918708
39304941
15655920
38416342
32433584
16827173
4898091
18172905
15210284
1917731
26946495
18819353
36053766
39802794
23984889
30052194
14884201
16297707
37608458
22068041
34524983
39409636
17240006
3108351
38535931
15394954
14334057
22037129
15731751
10168082
17546958
15985455
5416322
13138012
29259814
38898921
28330904
14529929
16157855
11771512
10691752
38070381
31313052
8498692
37418996
37514731
36709995
36341001
36667008
26555731
20748655
18178768
14859317
31096796
37668120
37877365
25759763
37964078
19315933
24429327
13631252
19677738
19934083
28919243
30370454
15947101
24715222
16210914
17432280
25099554
16222707
12521542
26323143
21752486
16890518
19455262
26902136
17955968
21371146
18940574
20950600
22644506
17971429
15370809
24165974
29224272
15851606
17557021
16144331
26688378
19841163
30003677
15288266
15428227
28164696
28408296
21934898
30734044
28159908
27923206
21396370
32968524
31255325
15923226
21276430
14093137
14461968
33903734
34340464
34804678
18683734
30935338
12788332
35882686
18393629
19465209
16808846
21344177
30683371
17954213
16066751
