3317799825
9624742
393615360
2929491549
64496398
2322779155
478052296
2779650107
29458079
3244771017
119048111
18482836
34356968
347472224
46187825
570295074
885149478
272395158
581999965
2300640020
1176004076
49105997
488679352
312800783
301549400
205346352
364012322
74484540
3041806734
360962043
255109294
39573397
2807975808
21925468
2377353871
410216127
33602654
61734492
1017812766
15587500
146569971
174723262
18915795
34931375
516976914
2316194154
580025511
482368532
20086363
23275047
254777469
2512558776
40933129
65704273
263900438
90455448
1076788038
199326275
249368015
273401647
2314591770
29197305
159682621
18978553
23708689
426802833
196741241
70468535
1228149708
180905538
65632584
152425607
122212010
2244408860
18001922
26071396
18994290
29452554
18927538
356929299
22033957
1428116497
22915667
18583823
17918065
93687464
14084847
59801837
2389274473
86129983
636907916
568713981
348844882
110420252
2323149715
61393448
472298132
475269545
49510236
116559622
1259676631
239964750
86932902
248791522
242209646
19038768
200542610
33660256
316375309
16285830
16547587
40315826
14217740
37526845
45828171
577690047
239630736
373992687
15972530
309680827
240737740
394202557
262189336
28627577
21312961
559970849
236221098
1433356862
5408852
171632862
370345656
20686232
588475007
1461057421
1222716350
67088479
13786762
24252611
633460311
25104363
2398817607
113743801
48370582
1058520120
219429281
1064206014
107124407
314549077
932771562
2217912024
321645957
151194749
21292523
1239023454
14095706
234791496
370895495
17897744
2228734814
1417010484
2214362220
155954102
18149074
73453532
577537350
767707831
2253968388
23605644
242518427
2262898848
22170482
80663054
237460752
2285422184
65366357
15431856
18928764
384528388
399141788
14892330
160946337
18148907
44141326
49204865
22845770
11229132
6374602
109571377
24129206
10712072
65707359
14848513
186154646
29472803
35230622
42096654
2254104464
160922091
1473110280
46131997
1209417007
237872656
430130014
65744750
18163893
1732949028
2203931420
2211359388
2209234730
2216183377
1923881274
2214894762
364319362
1244629974
2250858631
2268009625
1310681868
1467970453
84693522
177028305
59856467
19550821
919759946
593150313
2279430992
381026831
195898927
2244405907
21252618
19598173
442313338
388456346
43641778
10126672
244997726
67378554
813311743
454310530
17741202
44429357
15212187
1923833132
333667269
47392689
339677965
121795745
1305596696
14662354
15662133
440994346
258068060
207121633
1623308912
14857739
518644221
1685972810
153597723
205886080
1711193490
20957491
402970685
41422232
15922214
1730982823
324934127
41430647
36681590
16637197
89250968
1265085426
23756134
449229681
112554582
20094138
304041999
154559269
204386512
258948022
27882000
1345235034
15221227
1117578216
1382194524
234540332
564931769
1588988329
27027979
369105935
316795282
26585095
1586929136
1692031921
1588863205
1431725934
27048645
41663511
11856032
8953122
15458694
16815644
13850422
36890646
22515022
408577000
43915941
62927323
236097605
573916220
14791918
31098756
50328789
1065995022
1917731
1074101017
15647676
47544979
244212675
29457296
460852354
1252904520
41404125
284343307
249855701
267321584
430285128
193076994
334791551
44304917
22797378
145682886
55635705
1405337395
113231492
157410178
249890623
229966028
809552311
20060293
11211372
112047805
1025116039
18999314
122207745
449206661
858672044
36718715
536397772
21301913
323312496
357721270
44369634
1030761
488644735
61784369
63174700
1089334250
61251026
196706473
31143957
26208862
1058051748
18773159
172532553
1247573294
889115678
41147062
153784150
18646280
640893
196168350
551659506
326323060
199559567
1340552095
26324609
1128479918
132217978
1059240924
1137600571
252819642
198526130
19808819
1092757885
402719755
1138096051
1074480192
233665126
23820360
112508171
117150125
51826346
12925072
509726800
507501269
444120175
24112747
233732263
15923226
846150961
192745383
17817582
467154290
474957952
269793697
18247062
115471662
784975622
331307828
25999385
22465362
96223361
182824991
1051446626
267854863
971179014
282695161
23080079
16511294
105211981
15300388
1048784496
488640582
244762003
288886063
39834947
370436093
18194898
19802879
259368330
16097702
69139435
382791093
975200486
61550044
22183486
86141342
24201179
169203819
16580226
383259700
318196699
419863384
19611483
1162029079
95511687
16392449
266133081
584012853
63150856
16068266
7684882
499892633
34718872
494588881
960962340
232762256
236576910
237312687
51335916
18029328
120295432
56401482
46401744
32416636
38269595
26778110
18596413
552744336
574405888
20791372
19291441
91478624
21416429
1080844782
24737735
29038388
15075753
102466908
1154894353
20546536
178040775
50836936
218534275
606630185
620483834
55562722
550476469
80119226
18168629
28184452
219073001
33276860
33618354
299798272
299349464
61497499
573115905
565814570
588049344
29130652
553969382
615017918
473568616
615491216
311789986
211600451
236989396
602843923
631563401
626143112
632573437
85884199
637313812
26898477
705549049
547082026
632262982
227032220
618586017
334246756
726448872
22326254
747443516
624855083
99407576
260857215
280696192
360080772
350426737
624713242
415801451
760101780
800867455
74164455
847907646
211509480
223727312
272077175
874495388
896512412
917679169
472541504
317210722
1058807868
23259606
935033864
218759595
168723328
15539399
47735228
56713521
319119278
460800042
629513787
42840036
28357635
840394608
160330863
361636766
824069917
917535924
273949938
211193656
233681190
888975888
998576058
31243677
905130662
43278663
426781068
1053483139
322877110
891449460
18873711
1058167663
88770895
161743731
15434632
45563817
442610682
87318108
1058345042
1081977421
76985995
293162343
776258065
305615457
312301034
205282152
822571778
961563044
42435280
1113471163
482198272
1103836724
1121434999
228747444
1129642622
1129437402
432766911
348857253
1143060714
270154678
880485241
375974607
44179862
243521042
51219119
928594572
247159562
267440509
394150128
170469778
876109308
16467567
26089178
77017567
622182631
525594335
239964567
600367168
20879626
39155029
14192680
343771479
138795030
309815950
30906971
250784170
33916007
113423164
18958999
18163042
381162960
425889480
92384287
576409239
290801210
493588336
25687107
243324556
517709834
235289157
18622869
23022687
21111098
521414832
467602724
26777550
17544524
236487888
495084787
15281676
590237595
19980678
108424611
567709008
329941702
19394188
18166778
48117116
235251868
18566912
23121519
334162338
15116570
15111011
22229397
22055226
235271965
55639377
314335929
237299871
236480864
19658173
15160884
20467163
20713061
237403203
222286905
32010840
78431501
15918353
36735744
17389811
27676828
16017475
25086658
234057152
169936967
37920978
558376686
52749348
802648728
232581224
262970655
15550671
109359631
27569273
24735461
863381238
871877414
731864101
23894817
321030582
34640004
17067256
132774865
299873174
20103434
423003555
926767956
18806859
30076171
47407278
45490572
946367358
800711664
856590596
15833070
15162542
436913622
935099940
428256288
963480595
83229536
518602986
21816397
183212100
78636954
346760162
32007346
237763317
620468792
1017605677
220520443
106494618
20015903
235312723
26946495
279008249
14738157
18216752
18217624
259341329
128393253
21434408
8559342
18805303
22047070
16081037
16056306
76452765
221447516
18791763
439517538
217543151
370926480
580020723
17976923
109614008
10691752
366945604
248699486
281540744
240427862
240363117
113758100
156356577
45919754
23946174
29501253
19139963
851621377
21515412
38267315
325311998
181195680
28833263
242463421
61067854
380049126
581274698
388555493
240385577
90303643
458802945
463133428
21697549
861476892
22304914
302699366
525315108
182095391
332070310
597817601
103136894
16017996
154281659
361301688
607582605
211588974
253354870
19400960
125790832
237348797
212262370
254082173
78408666
202206694
20998647
71294756
36452050
31310158
69162256
224308270
190280461
71245831
6519522
76420352
296361085
631137861
44358516
81192673
438646808
193785644
342887079
44951059
26120980
17006157
85396297
14982709
733751245
17409240
29766367
43920155
24905240
73303753
15297452
478798258
7402662
234573331
133439172
236986870
73198063
135931182
7270292
19302184
42978609
19900778
19416225
296886701
166990746
282093902
9567972
8839632
76649729
17592890
283740396
540537070
57625403
607786444
50115087
263758909
30864583
11611052
142439736
429965303
18805644
351138249
15210410
14845376
19417492
223970563
7228682
114388293
15450996
176825839
180876478
176862520
47975734
64527114
16043016
18649437
20084674
23124635
38207302
39727094
71374170
6577642
50088038
40886060
45639453
613725908
296268762
34632187
110820320
85863820
59223951
67413248
57450216
11856892
158769098
25073877
16424044
90405702
107125748
113047940
291781472
486894694
36144810
262192574
82453460
403784636
91346513
609468254
22983895
185721797
117537998
19553409
20097934
45190383
3135241
21878458
154591966
69393978
28123862
57331899
49140008
15436633
7152572
104237736
237418907
46002396
136250134
237781383
117777832
71627462
35218566
78932524
90407595
16807883
21313053
20890143
29216764
37764422
155989784
9252212
17878650
17812398
18694666
2836421
5402612
34713362
21195301
36450551
26820275
409584246
31540671
21612122
53175445
23970102
742143
2884771
46176168
16664681
27029537
56441241
58379000
15731751
15210284
7744592
46681100
110924703
69773058
51350308
268116640
208692908
189612715
16032925
596569548
239561508
18915145
118756393
17546958
131204770
15918708
75367781
2704951
18906561
44161500
52758395
16045956
15513604
555474658
8775672
45613739
39568772
28587919
23134068
14345062
110445334
233842454
211901075
35474809
335996055
44196397
18164420
14293310
22703645
216881337
14173315
15754281
107423783
89539134
145719473
234022257
155179320
112528426
15515169
51876683
188848758
240393970
52880718
109623576
56413858
31141050
233761277
10615232
17469289
17074440
15012486
137407124
209792690
21619519
221793778
22636964
28785486
19784058
251105718
18983793
5988062
15745368
550401754
39308549
90484508
18956212
24460975
29554784
27744185
1652541
13399402
49618571
5558312
17594192
235258843
312776207
34743251
11232902
119897041
398269985
50769180
55677432
16026732
16068964
275687683
24008490
27868576
61515212
14561239
110466882
27311044
59853964
57141755
474256081
298726228
15976697
18646108
62325813
28394469
6017542
16031927
395030396
59596202
9534522
21897518
36654245
308571905
14275291
394861034
257006422
22545364
28373130
44209472
110545675
20794866
61544069
242873057
54641067
759251
158807981
38495835
235217558
807095
41634520
51241574
9508922
15103223
65493023
60984835
15416505
23258634
31504542
21454322
54662687
14669951
16311797
25146272
9855382
381736092
50055701
22528309
249339682
15791414
21829541
21251771
424296578
224505463
389632048
21796040
39096493
21424175
30594847
440996612
406241287
541160214
31456783
18293538
65919935
234837632
124224165
23976316
10168082
213634439
190328374
233949261
32506723
22509548
23970171
235190657
18317325
22831059
240760644
231973064
15356407
22508473
154203155
208783641
20803412
22527499
187282243
225921757
253269692
15856366
18104549
32422915
36998589
237814920
21409916
15893349
80749595
15006961
102469436
6577802
10840862
249219716
119868426
169333907
19616327
14215509
30341116
132610919
293192615
40538552
309107309
489505748
46180114
36205882
95970580
244268646
78369108
118540429
51198567
320902693
252115520
237358848
14587949
24262505
26828846
325729419
326478013
16187637
22370463
41445718
54564804
21969829
331243748
56884498
247969309
279746885
65409195
32448204
32915935
23365717
233557728
211420609
30095477
260841026
21631432
39510422
14344823
66565628
282200623
33674191
104290498
31581935
343577694
104615577
22817614
65130545
300519829
349681661
14572778
239871673
192349306
116845580
31048226
209222760
289530036
361632076
334634716
361982415
25696207
29719595
370885515
371437865
372607861
24773493
373577599
353156272
153981825
178858788
375231514
109280446
384501272
263084767
354059599
17487795
22040461
59494017
14577947
83744933
351249894
125808311
23881941
19563355
28498887
92427086
31620282
122402427
418661109
272536061
161329769
331053692
428560707
432763933
75348777
435875017
286853948
26596727
280311553
338708736
448077090
247941173
25215009
5685012
45268013
15965215
378792509
63553650
452621468
285319270
419869293
227188012
90363924
242159817
28144436
20280992
465857435
423062581
86198852
30919536
436968985
28110412
407391403
164800885
429091886
14246001
28274027
52992670
412323332
19327925
19736257
15394954
168118118
231592153
33299963
264045493
336758454
461538573
167695723
19632485
297742616
461309392
28441674
501172982
78038359
440289857
200506419
72759334
512294858
439842000
19786336
342130024
507603267
345735642
27580505
357263947
71070614
364473578
76460105
70279919
419224622
173890331
18208227
15406238
29230857
19670616
533702418
459613467
62209347
86821093
471365561
341220745
95976989
237862972
357249285
428333
300430043
267921808
110747260
104566012
16906530
246341769
62172456
44682276
41402405
191613738
1367531
17061263
242926427
2467791
18478007
42655609
200621408
339822881
50442843
234797704
224294785
117821354
54885400
42711801
15987296
409445148
247416314
363893602
108726910
444938129
156327895
430235090
3108351
295685416
402029058
321436716
135537626
167559167
374109095
85606078
12788332
20192403
35829796
17227063
23103488
14730894
309267226
401737720
44177383
17172508
18981785
44134466
28576135
66369181
56480330
22529242
17780993
52503751
24133856
278145569
21700947
48037596
33760487
15675138
33977070
15207668
29479377
238321369
63796828
39674282
32529363
26609560
85448885
310465639
85756213
284204213
34165837
28601574
293118490
1245101
48115928
11773082
17993906
62100609
67356654
20092295
306878893
45264652
189381311
61942082
100065904
76966867
100821826
21959491
19135040
201079432
90733921
124925057
240317677
35088662
21636734
299936055
19925395
22067531
295744925
47836448
59504063
17068244
27723706
206015765
17448717
20474603
51338997
48199454
55586735
123450307
219867883
225819066
17744153
238757715
177070853
239974061
93535027
73726682
16030518
97351417
21111689
88196938
173652251
201368240
249468702
249327401
217678829
221979793
142721190
51642023
256646862
260312475
36128626
49840135
213492662
40727011
268925248
137701844
236120439
204877583
136258021
111497568
154246640
27115858
49822747
56621594
257141345
291692785
293691110
15091098
296042208
62406749
25758782
20776727
41286829
125144730
163311251
192005184
56724761
128705601
113674774
36500161
87866122
297640457
11348282
17635404
19036594
259031958
45918860
98018719
15647482
227338636
29277366
26733328
29720978
89369100
29486814
22032146
73925161
139795202
130664640
23223607
136016128
19719131
19772984
16100741
32061026
28468835
59790914
73396936
61244548
288894658
16669075
160586416
34639373
41135541
31222865
44151524
46755576
45834541
10494822
21217692
5561412
14864435
19026473
39336441
17395207
30944131
62379598
157834281
20684265
16433606
19209480
28837048
30109259
27711599
15428227
19739126
19255171
19257725
58334673
21269970
19926675
18811140
18891923
20209807
12726012
18916432
23951197
15600527
20088666
5693842
26424123
48463400
83884063
116616867
114756202
224391627
218349372
84620376
234822928
233693291
234469322
193794406
236960387
34340464
83603750
240376522
17395987
11134252
21202894
17976030
5496932
22642665
17052001
16667517
9300262
20252855
12810582
26289655
13877002
7713202
23712174
264219447
