340613443
2706750109
2565491108
234128524
15212187
289630087
369068622
178065733
2194467816
1137600571
180505807
80763443
1246763515
154998560
5496932
252296570
28959225
17354643
168247706
478612142
325662031
23794763
125719207
389028352
77920769
31198756
316742293
807095
15922214
11134252
55329156
20733972
783214
215747851
14055301
242095377
41674798
139732716
150737366
16303106
16402648
42913132
22107694
40909503
85246423
103753781
32499863
136682183
41103441
91247066
36821216
42342417
94684521
70048712
19518544
38674733
41056036
51158522
21040094
32774989
136089342
63809692
90490354
99123713
120899638
56688840
21870081
16153363
20107675
10623
135897277
17171823
133027358
117022005
107443213
16404712
70049138
132389401
25169797
134370406
65114379
16399519
16263098
50303249
27755165
31402393
134926562
133266449
78434469
22090282
95697765
8534362
128895707
19885104
133731607
90766418
55265358
1966551
92449687
21157904
29781318
19909402
100150301
60134494
94278837
16070406
9376622
79720007
93828983
124618137
97502062
115773894
57586856
129056343
131839804
18456220
131731109
111095616
15150831
16079004
34667149
21784366
102583247
101578110
129900074
130622369
102558705
41176869
102609956
25965585
23689893
82889998
110352644
15357991
98637769
17494860
86986010
34877354
129854144
123161918
87013987
14177081
37784843
15245652
19028248
95252418
130573581
122734339
10373322
27916865
31049558
113379417
106376487
36773267
15846938
9104422
26007726
30117232
91203292
9903262
25702601
58005657
125828876
88956405
23398801
35757225
126258433
126327405
39158132
16931656
19693195
125112303
127376408
104264588
29327446
17907072
34967164
121783484
83602773
54229868
14255263
104616450
35863564
41404738
128598500
22097803
125880326
29216764
43919633
34023198
72906858
19086137
117187436
18045612
22452186
18140016
19745574
46041042
16784514
48115928
88007912
49739266
85634177
13067732
107106796
72583393
15837659
53127197
15945324
16198434
123738314
124507612
28652194
20251654
118778563
29508204
100672625
23480460
40367637
123509787
15491283
15827095
28591132
16306554
125089463
22772856
15360796
113657492
18313436
41526174
7730052
18242032
16059563
29021040
42088169
17632730
48073585
25594088
123665250
20749408
77201671
24566669
44777959
19112923
19109172
44783853
50078958
112740986
44615672
121868125
121249916
78098203
31210768
122589015
35836888
50434933
15715665
14221588
115166212
28229046
123536088
123393341
82470114
19102503
7039122
46461212
24717508
80931526
15411619
19745888
14216438
86464541
54642235
40872183
119066378
106689502
118371836
69584077
69641276
21780888
98932368
65752681
120206151
120280509
63824178
48389713
29368849
18594418
16942548
20619257
38961184
119750218
101813922
18555244
43108099
117225292
16782062
42921968
65746718
24973760
33797011
76840708
88731265
75632874
61295382
109654234
109664389
108192435
91145052
108479986
116752112
13867012
112450776
106638582
57564238
111577618
38124775
115057876
18248294
52317933
24061661
15412070
33955533
114770454
15141908
110445334
10715412
18280993
86141342
100064320
22528309
114756202
28614262
79815672
117777832
117249750
16693566
27661280
101879021
114360959
29309901
102257331
116525798
118217764
14463236
108196727
97343837
65919549
19865017
63363638
118596800
85506438
13119862
13787352
23999515
27922157
15744171
76163900
20508720
74057037
104299137
28443676
10419
108617810
14608899
45970002
90471740
114911723
112827062
57600243
108452299
17905614
12134692
17907509
70584763
19498298
116841409
20943035
43349238
63652429
25745900
58611693
86345714
25165002
25382012
46724483
116546294
116519647
94316158
88785646
32693541
51728323
114153194
45786503
114345663
113857247
113852173
113847998
116093019
97290874
114310232
19899344
45764940
112716384
44814238
17104919
93927578
94471352
115607769
108763700
92030522
65124353
20757621
28032546
63749707
42942803
80928174
18062553
25645585
92572677
15840665
78995028
52818466
13017192
2735591
90725320
69101513
115476712
16742053
15980891
61923547
17464089
20252855
16732770
19309926
21778391
25360971
27090222
24002724
18635982
35829796
42924141
23103488
17454769
33792634
62858312
48847011
23080711
29515247
31128529
18646108
89820928
18028893
22703645
39308549
107172099
109571377
87997739
113420831
23588499
57033388
76936279
43920155
16360639
68866651
16652950
36785104
24264746
16181991
92002879
112073347
111473610
11326272
103393938
10192212
14204449
90613781
71424165
17803419
84138083
14129309
36421300
28627870
112745396
108760279
16475304
16109292
27935689
51228911
97953551
33993984
21312961
27114180
34733701
45688815
48104864
21680519
16672534
35081240
62882514
61810523
26109459
25612669
80366197
20812660
22667028
17880379
113256310
14248837
23997355
51117369
18795453
17059993
102270343
58022196
40507579
8953122
26031261
94420803
52537790
19434649
60941344
24733117
97030002
15099539
73193392
27033107
112017410
19791234
41186732
22047229
15109378
63236700
19659031
78421007
56544803
21515016
108686216
101517281
19605836
22423078
40267389
86406198
48065273
35825639
87443435
14517000
14587949
85606078
20791308
15570565
27692202
78001958
27855482
106849100
28069967
20489481
6096302
97076558
20192882
65369591
49992096
16672662
43334310
40517423
15034454
17948023
94366606
108668283
109353763
6798832
18958003
83932732
24735461
39197910
44441426
31353166
41851356
82037168
21794452
46032049
82319140
84509352
90021188
52201196
110329444
39195685
97517744
21249203
85136308
93753745
108024998
98494523
77763495
12505022
19423348
55069522
77799256
22777809
106644837
37035919
85227974
56502822
63820437
26637419
32503163
93930461
102172717
83300860
107433523
25570733
87008467
79082782
90766312
54738231
49737454
49249620
51094936
15768972
21010214
85835818
75407765
17004618
21457289
33933259
50393960
21961060
13850422
23944104
16329199
54900089
20975060
95072551
33995378
19608273
31127446
63004503
47694175
19554219
52070270
96781334
22771961
21307076
18983793
26083271
15224941
89028052
21313053
12354832
18683964
52763059
16529160
103961877
5906762
48388417
20522862
20280088
17906632
78509074
28124452
89123936
43856663
44640029
38516956
19370930
14348643
26879045
92317301
29176110
45158185
16253591
25007938
22269993
37256605
36804447
94720819
103078203
16051808
102725329
104566304
24713787
101849069
73194725
17122328
86250516
18452329
66829366
90649509
11303052
14828860
6499032
82456605
14365627
29296103
93657038
95273627
95142233
96991398
96899214
81934236
84606980
96984939
63243196
99170275
70986916
98697150
17873867
90116111
21273587
93307709
37000133
90772723
86198852
18199467
97250176
15256077
78495596
65484598
19659540
26749459
17546472
34082620
103073663
16573966
101074067
16245022
38032306
82531993
22234861
5283382
19216998
19553409
15573154
80317299
23635356
3554721
58544943
23845798
40511297
15537855
71627462
50325797
41019773
21612122
80163000
87352552
16787084
81440146
79313634
34340464
21536398
69617459
74820061
21251668
26123321
23506864
56708256
22577483
16032925
19354391
17134268
21220931
14844867
16890518
21674448
26033435
16927455
16031927
15985343
15919009
15219929
14854961
16100610
23970102
37007274
17112878
75367781
73198063
70756980
15368044
18731529
61328496
29322587
18175516
72761998
20402945
32007346
17546958
36459099
84984982
57882875
85352246
23594255
17911562
16462749
55338373
92346328
86681344
88782437
93443168
64206884
70012961
55423901
27724344
16594557
15726937
23844647
14832453
23519114
80375074
38122189
36801044
46698994
26346336
23632902
62547887
21919105
24605596
38693456
56471377
21280514
41863272
69120004
28161743
26179637
55667299
54655644
28195764
38486790
19683238
16954081
16514376
17134737
14296688
18650197
14335239
76516316
45982224
53801623
43837676
15380162
14788939
55686428
18786020
25604443
21901030
17957595
23029636
25537218
9668852
54154399
33056784
24485523
14892026
32648319
16088264
44998566
46590168
32894624
25037890
34942224
27132981
36056531
9316922
25053478
43206811
17991211
25253887
29382913
57378569
43252642
29798023
24727588
19757068
14252071
14344297
47560961
1072201
55236490
20089100
29516023
18032655
15167314
46214374
15936364
59885802
59928808
49010123
19742923
15756056
8242632
34977337
22655136
39782811
22343991
24244581
25585110
16160086
61875170
63329154
14857106
18584722
24211786
24780992
36892584
23683502
29968924
60106267
19009575
27082953
41442797
64125745
18860214
24513671
14263615
65467574
22053302
16535689
22267475
20659086
20488019
29211557
38714803
68538563
28162811
68591211
48264674
14629859
70080015
28649304
70811726
12290342
35568286
23278676
73226113
71707244
73620211
14873762
48527849
62701172
27948138
5416322
72992834
20168605
15476773
76183370
37504289
76968689
44195577
43128661
74585303
20353668
67437847
26293494
84383825
87566177
21931877
52527401
7253622
90266716
19932005
38165249
87303164
19208039
77542982
32822727
27901418
15998961
18097821
86352179
47295949
36588739
10355872
16408364
18027123
16745147
65836833
34623554
86406888
77289293
14232465
88383198
23027134
37742510
31325937
69166055
23171985
43943320
25392173
21882601
76817138
27767282
24796255
26035365
49820162
19280548
75592376
80366398
25712580
16499027
13572882
25860752
14730894
84459364
18981785
22787389
75704344
40231829
37330367
67514695
69057340
15819180
80776454
12445612
22996919
18816432
85634199
79198642
74198348
22796241
16635918
74477942
32485396
71129590
74825169
66524895
54630464
16598023
21631487
71560259
16365800
24739714
49757319
13055
83059068
83201087
27762335
16100544
16028750
76186310
72638046
81958921
20166674
14834340
12340562
38516217
17033321
17644000
15731368
20177097
22711838
15463486
24229787
65100875
61817626
37345292
18874870
59684218
40175400
22893466
17909670
39550686
15949848
31295043
23172619
53090629
82529487
14413370
34447479
15931637
1759181
18622869
80638910
30043495
19419870
15513604
16187637
20418308
21904708
58928690
11072912
18196597
14141323
59146205
14130528
19622759
52981472
19929998
69684767
78725979
18717868
14279055
35036166
77017567
19677553
24183358
16950822
17350399
20088666
14275291
23970171
19912734
25086658
15281676
50152441
23121519
10102032
48117116
18166778
26778110
41363507
32506723
40318829
55677432
26051676
55235265
22842589
50044510
24205430
24048482
23300664
2425151
9639502
19029580
23721204
20444463
11650762
18170310
19069733
12082862
20209807
63509644
26604749
23712174
33977070
21774410
57266833
28624279
16122246
71560246
24925062
16348549
15436633
15896703
12272322
15724082
16371006
27676828
65502117
9717322
73441592
35474809
43147405
49773837
27741278
7563792
18461401
18170896
36232215
57523832
16157855
17463211
15462053
19929362
35758513
59996393
1047451
68794024
43368063
55581437
69586607
16729099
6620762
16898332
11771512
50129026
59172904
35762860
20193045
41893596
28889446
60984835
52447425
46698013
55009888
16583846
17602896
15162193
20793816
24741685
16891021
15778641
21397043
48038024
55692089
17346287
21753705
63237427
64777426
19492233
17260738
59896901
14535483
38295334
26544467
17093617
17932447
17096533
14610645
21361624
14761396
7215512
37852120
22212055
53173353
50724325
19358584
15744134
17047210
40162052
28426328
19421806
31937109
41463973
28876067
18999061
21681207
25101704
50075915
24953891
17215747
16321355
41688671
16071123
20109639
16500799
19558328
17472823
55421408
21519879
17090912
16187416
24443284
23992770
22731105
20192403
24773493
19407835
14089912
14345062
14413999
15441965
1933161
18208368
18678924
27311044
46176168
28576135
41445718
15724687
47457694
18664886
12765522
46236831
13703802
23214110
42822213
18699208
37822011
16094265
47817764
20873709
34401812
23856181
48262928
46727968
19264790
49123978
14063926
49439190
32010840
48874409
41730772
49709557
24987536
47694602
16335421
37675909
36962373
50341156
50647738
50580644
22111227
48735375
24273574
22857292
15503109
30816795
18063948
9385232
35820295
46557945
17387589
7797322
22996821
18223105
52779839
44208272
21781613
47546404
36654245
21228708
24239045
17971455
15250889
18029328
781408
18896440
31451424
23457956
22650398
39348261
15751083
33521576
9075852
22440625
34305803
9265652
37269880
6980622
36734669
15234881
18256571
16264088
37506911
32473947
14633814
35321794
8573292
21273982
38553710
30833894
28849462
33812565
31181743
16765853
17502682
17808154
11274452
38621531
30452777
33372795
26732486
20918916
14435733
25916670
38225387
15160676
31264728
35217783
38331797
23784443
7836472
18609796
18404288
35240365
16873037
26858110
23812310
18693598
38443008
21355783
20963918
8739012
37478092
38617795
20603062
37992869
31358286
38711330
37008526
23664161
32729793
18625912
14687806
19415802
29426698
14282671
15639019
21146010
32512953
22592900
25400584
25919258
26424123
20020575
17227248
15516637
37920978
28330904
34376405
20714486
22823767
36598429
32370832
9985802
37015613
23772472
35975505
20439140
19730627
14270650
14858000
21179303
15075999
6971652
19597935
6577642
15343686
19376958
36329527
30658803
20160177
18650214
37402787
37857155
19748551
22134978
15971424
37692417
23087517
22047207
16669075
9109712
15649433
19664718
30313925
15498928
21210595
16515546
36791063
22931765
18963842
29751128
36738848
18135302
17463660
18056015
28674360
19935112
36556416
27240103
31210590
20420490
22206565
20830711
37041527
35655535
22856298
16944777
36386117
25128598
36892278
18885539
14055088
31454809
34176028
17621221
19841029
37540322
25592561
21675718
34043608
30027177
23277869
34677134
26573891
14335880
20126483
36572910
36582696
30849259
21448308
18985574
19596228
36703043
31464192
35417717
36724431
15583026
29443725
14746298
21552499
15855640
29294704
36403186
27105836
21327648
21095057
20095868
14633147
15959560
35306070
18945415
26733956
16124792
21831001
17927796
17037940
31298261
21619519
19397785
29546945
22685200
30472527
36117237
19038970
22329548
19408646
16055760
4134201
15985545
32426116
26847387
29571801
32626056
29523400
18313204
23196013
29527079
31340324
14345619
28954425
820661
19594766
16443868
22032854
15751656
22636350
22826294
16630062
18528834
26572460
17409240
15647676
18613518
18768730
17967675
19658936
15460572
17979074
20436059
17968875
18633493
15822969
16878156
8775672
20437286
15134240
17658786
14199378
17045060
18038892
11348282
16245822
14074515
13218102
22053641
26533227
18061669
15661604
15160884
17800215
18030431
20002401
8542882
21329888
18905115
18967498
13491312
21312077
20552026
16565260
18481050
20179628
18923032
20430077
14499829
30562112
18943852
14232408
18487518
24736925
26702476
23148642
18513241
4278201
30169779
26433072
18172905
18511594
14334057
23134068
12650182
18999188
20086360
15387387
14420726
16480721
11965052
14344823
19782176
31229642
6653022
34638973
11175742
5255121
22992724
17815236
26817106
18960207
27675185
17072129
14325612
21533967
24960841
6728712
17996047
34715154
20826738
17494392
14570927
15108702
33890184
33983758
32259076
17196941
18083983
11014272
2768501
5515802
14173315
15012486
22878150
14615871
15169290
19402094
21211641
19658614
788524
2992751
18291099
18059401
14647570
18487229
612473
25217965
22372931
34989373
32881833
21321813
31560075
26201233
6802722
16337999
19685365
17862442
18270755
24420496
23205727
25713628
27890122
25958022
15330682
35290839
32719468
15430772
35401991
14838267
17738546
17373076
24475750
28339552
25108760
29082715
16615135
29504535
15258230
35600474
24703010
15159913
972651
15818081
24980045
1401881
949521
888
309073
13925632
21172954
12093282
94
18713
10759032
34493115
3319661
30149196
27860536
24800035
21631654
24802712
34831021
21136619
25700337
33672978
21459990
24176375
29653748
14286806
30239133
7001092
28480805
5988062
18316431
30280291
32849054
33933184
33222598
18392153
25732763
18912298
18436296
26056130
22114874
32817140
20859057
30864441
22883958
13510202
17074187
23568909
17633692
15952972
27205412
14149997
15198871
19605279
14262105
20214797
17117094
10475492
22603380
32575457
15918708
33208120
18983600
28594702
4531371
22156754
29412913
9900762
28176898
11110982
21810121
20763986
34042700
26089178
18235256
16629197
16217028
34223087
26700182
19006346
24254927
30859031
31449359
22851170
19299416
30071917
18559135
29543876
14305536
16888007
19672159
25634203
31494901
31939790
14133773
30468842
24129988
12089362
15693659
16960171
22234257
18298611
22164556
15184616
21812917
24785992
6509522
18758117
28947018
22455550
20286125
14970544
30069420
20814519
23562507
19756458
23205082
9567972
5392522
1652541
3934221
14185814
10255732
29175111
16197763
17246342
30514839
22780446
29985354
28724879
30727762
16038748
23026545
28159908
30407984
21017141
30950526
23656085
30107125
30506174
25453667
22326613
30779523
23175245
14166144
30074218
25618697
19387955
31157582
22322056
23331101
31343636
770759
20029872
15255845
29520332
27897402
23165680
29742401
15780461
29900251
27289609
14959136
29368409
20701384
24477369
30144913
27142234
28251328
24730069
21120919
20799075
22535902
21152918
19137014
18227519
19107878
29315330
14480101
11771672
18640054
20328811
24737068
29400481
14229390
29247181
21224486
25143567
22409060
21535557
10494822
20516030
27369927
22678350
9119762
28787434
28825833
24971177
28868962
25570158
14857335
18668314
20958510
14535616
22553523
17899417
27094114
29170940
15779757
14312472
17499533
18781178
28663988
14262212
15802020
14260173
5251091
20164205
28404942
18175694
26854542
18779242
18932935
19755825
27864566
15117375
9274492
22265355
19911588
15994909
28187446
17169556
16519093
18293107
22450668
15227570
18825067
22736443
15726306
22509598
20699058
21531802
26550210
27017522
14146591
5568292
16703058
14526928
14412883
14428997
10228272
17490974
27878144
23850691
24421768
27904586
24753990
5506992
24627141
22880895
13900252
24953956
27928374
19089507
17978577
27681163
24197616
25987646
20094539
24795283
27996915
15998801
21313357
16469537
26775840
26258792
27050469
16820073
22026877
16528347
21974782
25132875
27004877
18087450
15387117
2972571
14486811
27210555
19127403
18467019
14295486
21705501
14806841
16244276
14282169
20480549
15276401
14532256
24688367
26946495
8071902
9292582
1097851
15856366
15479484
26592308
14611522
17445431
16700851
18452315
26805200
23533430
2530201
26900926
24263370
16365431
25716231
19665583
15420799
25083223
10691752
15661117
20382842
19327867
15923445
26362666
21706721
16224735
26517783
18250590
22400483
17301274
17854207
21468171
23076107
17578429
25043753
23083874
23274337
17344451
26459660
23129957
20259438
20806403
22736404
20194941
16605755
17172888
22908980
11622712
20072229
15694182
15769327
18533521
25778539
17505392
18382050
13049582
26299078
20405049
25558984
19044471
17651571
18464427
15542781
18869308
19782018
25837601
23856053
22736938
26706515
15656840
10196452
26417654
15458694
14258259
5484532
22534594
25168070
26391309
15627955
26132404
17685196
26307695
26078152
5171141
24783814
18733797
15234546
20707966
17629860
19362341
15829144
20076659
15224867
17513304
17552501
17552515
21309917
21997375
18599793
22523624
19239618
25558890
24156110
24589199
25265154
21275033
22640007
18587720
17850012
14293310
16727535
22685959
18498684
14511951
18111272
21496427
24447072
8025532
25755336
14903152
15195171
5336752
19153619
17066312
16061263
24276452
19326390
25961774
17025312
23120687
15447306
24035148
21010903
17576806
25791768
24469441
25881670
21673459
20841089
3803171
24632416
16788684
18664838
18213420
17479847
16907121
23337781
17883015
20471478
6559052
16238592
14071249
22338091
25319461
17845926
25162697
21817105
18767699
19318098
15670515
18812572
2467791
6519522
14282672
21704781
15754281
16311797
11611052
16300786
17224076
23493483
24171213
17312003
22993249
15947185
24207116
19997515
17998911
14250867
23179561
24390598
14323417
22831059
15369049
24737373
21816990
23090391
22173094
25247697
15600527
23502714
16807010
16593823
24213429
17977127
19415066
21681200
13854692
21592216
14129299
6323412
24412566
16144361
12315562
24953085
23258618
15575041
719603
24886595
19543987
20999272
15054733
14628475
15912829
19510412
23608446
21753200
22233803
17349603
3746171
24060155
22029942
16476596
19156285
19610051
15954997
21122387
15565576
616173
15841335
13826782
16481781
17323979
15285352
15731588
19160249
21359810
17079233
15525528
13192972
17598489
15741618
16535302
3452941
16494777
14922622
23785621
16580993
20491019
22082983
15707681
18191358
22508473
14736234
20732463
17304848
18238282
23863635
24495953
17871762
22797147
20478926
24627790
4917231
24429904
16080949
6123762
15469812
23976316
18175204
12926542
15762819
18543609
17978110
23664447
6397452
18087197
23255247
24189610
21534324
22799473
22100007
15821034
15284466
18006959
19726613
14887344
13082862
15960798
15641893
14529929
17142384
18260111
9689662
19493490
16940488
7259302
10615232
18317325
19139963
20796447
22509548
16721061
18216752
16742806
16056306
16256269
20467163
18811140
19926675
19616327
21269970
18217624
22527499
18451200
23951197
22330423
18273186
23803659
22278349
17884382
16692771
15464222
21661527
15209796
18194487
23569837
19521016
13733492
21106227
19254781
14137865
21660348
15416780
22850347
12589972
22117386
22643191
18746658
18312906
20799717
17059095
17171666
11856032
17279594
22127453
18513221
14434472
17013288
19548393
5964822
14713235
17058879
6706302
21111896
18118355
16925437
18805644
21301933
14216123
16451932
15358607
17872744
15923226
17026589
14952040
15765356
21716777
16623835
16741955
20793203
4233671
14236057
13524182
17202911
6368702
16844550
14713383
13857392
17233536
20061706
19240837
19874835
17698876
15898181
18588822
20783261
16079041
15173109
18959546
17094493
18625004
5745332
18872276
15852053
9755772
12916102
18793546
19686924
17860440
16608612
9376172
20643913
17184930
19978085
20966230
19753560
14704845
21193039
9508922
19663141
14758195
18044332
9402672
17973157
16023714
21232934
18220214
1706621
15612251
15996384
18284850
14313633
18566907
7455282
14338553
16794501
20766032
16528597
15406238
20159544
16746689
15866947
16539573
18549579
17001435
23107752
23121541
16677419
22801923
18818272
23530590
19224765
15798029
17352423
12666842
17801505
23089303
23130853
18277078
14231321
18932164
17843383
17853101
14120729
22772924
19159509
23345470
1612021
22259249
22853098
15452686
15224565
13976432
17157805
14405905
16150075
15337780
22095898
18223470
16070427
22703370
15809703
10307622
16310870
19677696
14913928
16203371
19726683
15650882
17368164
16225882
21062272
20465440
671543
19271907
15152367
16230239
13043502
17144237
18579391
18228647
15112012
21443271
14509985
18038170
16037181
13007602
19212187
14680123
15793180
20644790
21137533
4511661
21675903
15394954
18730816
12712322
6750202
15726878
17021844
19505358
21093728
20458662
15219176
17743015
14150637
21789156
7277042
17978918
14550267
643383
17981597
16072058
14683000
17217247
7900962
21882009
21885889
21890965
19163684
19609871
20604754
16261445
14081363
18251118
18789002
5969582
16604409
15755677
14528037
21504971
18778460
21650577
14178003
22052967
14774189
21369688
7714502
14302349
22107725
18009645
19054314
22147359
17496988
12726012
22120359
21638117
8613272
21010784
6032632
16279854
14297083
18103771
22233489
21620424
19302102
20651754
15319681
19956166
19333719
18592601
19669048
17634462
22400347
22336619
18946713
21873482
3113441
17219868
20965890
15944011
22497647
18852393
22052791
14376012
19560297
17922563
9317092
22306592
21154179
16062865
19037454
18954631
19574741
15726663
12580592
22267234
19033167
16107501
17053998
16671570
6546872
17860561
14849590
18660521
22757365
15443575
22504543
15853310
16842639
22808469
20020286
9167802
21362100
20819456
19038256
22890004
20058174
17511633
22931198
17516622
22954814
16469808
22072729
19877680
17033503
19317857
17625897
15991255
15625584
18683734
23039550
19394188
19452490
6070762
19740592
16019871
15727132
18748246
17912982
19046500
17074440
15079397
14983972
12763982
19677939
7152572
5031151
16115979
6450322
17070252
16567922
19430999
5819152
19794312
16645335
20174209
17831464
21116401
15985455
15988710
1754641
12788332
2836421
8839632
7744592
11856892
11856592
11857072
14912925
17899109
14636086
15727817
20466643
22575762
19035963
19432206
18193396
18775362
20564871
19424182
5741722
16900618
18810204
12398102
20362705
20268045
15207668
19541375
16371887
11640472
16160352
18791763
17789291
15210410
19416225
20776497
15689503
14246001
20608910
9532402
9300262
14266331
14074005
2884771
1344951
14631084
20787216
15937164
16266252
15534771
14815685
17178304
16439811
7940822
759251
19928374
16086928
18041530
17873909
793992
16876969
17598175
21051159
14465607
17130183
20890053
14132503
15880024
19557449
15154248
19091128
19245481
17216519
18258453
14816976
20879578
20990445
19536617
20652526
17562689
15021720
14081995
649673
14154518
14904437
18071933
20174627
7622512
17945904
18146481
17761013
6333502
15021099
19479187
15932085
15481585
13413192
19190935
15040500
16714584
16479176
6947832
18501435
10376152
20329182
16800140
14409191
17909913
19827717
17971429
16672076
16323067
17394614
18673400
14820316
19685379
20169302
18098616
18856444
18640821
17927830
18794312
4541891
20182562
18881739
16509580
16908796
15302527
14078808
17198896
14178874
14205818
15700563
18022645
20422158
17094167
18963692
18365410
18038108
17800397
15776799
18574481
15630881
19624861
19791158
14681314
18082977
15253239
15275680
15154255
17918869
20249384
16797029
19995502
19913907
7470422
15670995
15021343
14258044
14142798
20682635
18780213
17448775
15139258
18756175
20369853
19624332
15110172
14618173
18034923
16911853
15853274
16301235
6577802
20469722
18873711
18956212
12371632
16893035
18530662
10168082
17183069
12044602
15976697
18198861
19739126
1917731
14669951
14124059
12762342
15130900
9252212
14662354
30973
17291519
20097342
19771248
16045956
20053279
20000208
4388251
13673392
19433939
17845539
5558312
1626991
5561412
3137331
4393001
5507542
1300601
6782762
14434063
1050111
7228682
20015903
16301714
15731751
18916432
16227442
19926704
18689996
640893
15675138
3135241
17078632
17671349
15116570
17937528
18891923
14437914
10840862
17993906
15428227
15356407
18909534
17900421
15603311
19982227
15506002
18059559
17192613
14966703
14669398
14800273
11883722
14630222
14725649
7487922
15693992
15694484
12144232
15698349
16651210
17850325
16899075
17421408
20152719
16165116
898491
3128101
18289929
14240875
18723501
18805303
16417712
15950463
15661468
16232940
17934423
14522889
17222069
16887628
16039421
18922706
18028698
20021345
15930061
16015780
15025498
19571363
19265338
10373972
7126672
14764605
893231
16940885
16866775
18082622
16641577
18140272
20079781
14389132
17340169
15661214
17480089
771248
7792422
17429201
15749725
16135165
14316747
15451696
17602996
15985852
19784807
16563748
18909949
7741942
16100318
15311605
16975005
17709401
14955368
16511543
14496790
17480656
17924186
9616292
18593344
17441426
19911525
17458639
1175221
7318032
13094222
17573681
14429106
18704698
17781784
18267076
4369541
817398
17994507
19125764
14182005
19322865
17611447
16636140
5656402
18065691
19891168
2232041
17951924
16814727
2390641
17916257
20054622
17910485
935571
5357812
14988299
15160949
16882190
6393032
19559177
16015621
17976923
6426042
15764644
5815162
8983922
10648962
14352556
3108351
1367531
428333
7402662
7713202
