78649184
1915470624
3378882629
472991364
62926741
19078387
218797772
59532374
27726303
24862758
23072537
21059542
35364040
26689687
30286075
85398379
62889240
27028248
17165090
43880222
21098119
247366151
15927998
29003134
255816947
247371303
252679524
195630483
250107863
256921454
282656603
99040953
1961271204
137423425
2459117509
21823427
94379213
92083155
706860678
171981608
1606947607
498128674
388324002
24207029
14314440
177966492
1151118824
599559497
335191127
3229126587
10107462
114959152
52431629
85605697
30973513
29500539
260660779
42510566
27033505
24178302
96933071
108372992
132035316
935478188
192279832
2897871932
39367851
208100705
171631311
55290087
743763
44485317
285900219
156752507
234521889
16690168
29563528
124519061
46466253
202969442
357647611
22652957
1390186333
19933480
26012202
155773828
18201801
2911191940
520180883
1320073344
15300998
86392183
38804737
19478383
65589378
361468994
65577676
16248319
2903620036
286399465
16385353
1293361993
355784391
36472325
626654424
549780267
2202041324
75051887
793782925
2551678260
2409724117
64952955
2198716938
2535755442
369822365
540201174
3065968203
1051392320
66349240
67339136
187457899
31435503
2829722581
1264971810
374150363
16016734
162069635
376734637
628096300
2317582676
388294211
845173603
2837579470
96635253
106745567
2743096164
634564415
1183095631
149710722
260215810
44982671
146090267
64440668
2790012920
504836599
25056415
2155131188
44135322
2445153511
343669369
112556647
1537015644
106968385
22192337
80579986
29007283
39762255
103155170
1170388237
182783105
832964305
95221792
361044970
277206671
69621923
516623181
3020078002
14879168
94129050
143099084
3097513575
275294751
38190853
95218816
102129334
76481711
204620133
772324171
218571357
18025557
944132208
747291080
117118928
61762853
111700487
1729579022
119166791
129536787
46358463
40053997
35829796
92068229
23595586
226205203
239824566
82162775
57180593
55194877
2957480290
42243290
2937827463
1325618263
122743767
81164132
47801060
81141007
430107976
93717885
18189872
123501504
46710533
397599984
186727469
1226354532
248818043
326184086
485032458
18560574
14082956
169583933
121383592
250385449
67386393
14521006
16369708
185294100
829263463
54861003
315974496
270548301
1089532382
334999986
20060293
5743162
976077234
87456759
14600116
1433356862
849175488
6706302
120959465
3199021
19398459
2332292346
2423931254
21325647
19663059
20513550
15531582
123921744
16191175
21470979
546306525
21775117
33834178
116733437
18871854
15956519
17455910
472177521
19712106
275686563
10977192
13348
25896050
67351514
621583
7144422
21272440
14372486
175478418
2277908268
3160652502
54687655
17290434
14496153
69432016
16729099
14091741
14095706
138176382
59307126
54953085
20450098
317982695
2980401442
186215339
98487931
46162018
280127588
17077865
198476009
305818709
208477903
984126816
171192919
95931102
25711364
615157718
355743494
564842119
1009472167
94162934
415813580
28608455
87736536
25268484
1189427058
745339620
80696032
491635942
16362566
14155927
24750798
67393806
465123413
37978457
250914337
1946089778
141722819
79394090
111293109
354414448
42924243
212238659
388143556
67986763
85830100
535852600
106103948
17513981
15643399
1478151
25344296
17473443
125340807
15637962
20770172
15112248
72502043
17547367
232221514
38716814
16429093
182082868
17053094
284678163
32777320
308672341
127698543
105328660
38530021
102234123
64429326
20186316
373495196
161811364
19603269
26780409
22209729
462221653
252202098
395429079
467806150
93694952
1444183922
137450696
3118590262
321014643
2219628056
1341231684
1716272125
800511314
97660686
554286092
174732971
461092451
295267698
884683141
16099440
34267043
165565715
19360034
19666018
946201555
30225291
21762776
44697596
20214495
37436197
2341139364
3190378503
14717311
22733967
339220082
84043611
140883357
3064542881
137892753
1222881480
2580403993
2308750873
3349268278
402059294
210823231
461686577
3225084991
1135294963
15416816
375663621
608288975
18708200
29586241
3126689052
2933098352
580969280
32122412
1320609462
113523341
2869531
139858167
2440575354
1499844330
343628542
18677840
619760779
18247087
1475699070
970271082
474571404
27009369
1588349532
221895170
328239883
2368147082
480053974
1404108428
34530372
110544095
425304747
1025960581
364857297
198689275
743885143
34172126
633039299
24223641
17613807
228788294
2600185207
76957426
164491938
135559200
153771635
3257014741
147658618
228020119
24569636
472993981
2796843833
256675984
27900939
2269570470
19299909
2714571408
2990863799
2214580777
67647597
65388644
27784447
3033023752
228883673
1424022104
63619403
212228906
430763499
163456477
118414368
1684431236
1716405756
277320115
2231626538
214102820
14165865
388521369
16158289
1716295634
217454583
377577496
1691659644
1499084576
557151599
3260459712
3256986300
2577189336
1382388385
407055170
101850661
2742218215
2825030653
30289309
14467408
321522551
341889065
1480735190
15914058
3281907445
1007059952
243217334
49121092
199682260
424426114
1393339369
18795726
30325549
1337523114
295842379
2935463437
1152331292
1694982786
15300520
2649211988
52537190
111459617
272028877
28558205
82428081
462037950
214649035
191612024
58487610
1283671273
460534166
30272229
1337539945
2344558476
16462209
38449898
143126074
1640509020
14470341
14750177
29199444
1277614400
421010278
236696328
369808606
250288654
23711785
16329609
606325697
1475603058
38691916
16890971
47443693
15532983
298047641
457661563
16341166
32124937
26982121
253266157
24965771
41866944
262326533
109583667
62572984
21799993
23128066
207179435
515826856
26077026
1601865428
132241469
20052728
19568273
302060217
342780277
1044771
23864985
22752559
16561884
25093616
2412638064
2716843086
2477787707
17118903
2952930224
378097742
1852989253
2569301396
289926018
3247701080
3342850131
3236526460
51435711
15300222
20527466
2742809941
2296671973
3187262134
22579459
360173263
3163847667
3364737130
1362883189
3073852102
3160766266
160971292
2773579914
3299718327
3170619773
2817070770
2494179997
195376429
48049999
2216362710
3380041803
3240948970
399215286
3299673856
64886374
69372703
401827286
1314697603
259559231
217264471
151568164
2332426370
3022846357
2872088594
2588044320
49996482
2984617177
76688766
2758526506
263405254
635898837
456825247
20520618
333558550
259396022
47791514
41173589
2441024298
2242935300
622072752
268322173
1566074456
568011741
1411676834
976538112
15245706
110195330
336124836
122130797
21315031
44506770
569700831
1476218564
565110349
64703161
1261932480
323392744
339679000
2241219528
467651673
44024088
78946402
22547531
259688626
2451938641
2858386213
36415086
14755492
17813135
19596592
91820686
205939041
42738712
2289922932
17901206
3094769128
49180587
415859364
481250448
18104706
2857531827
317620112
78429986
44169315
591920938
15922687
60622156
20641690
26816440
21314814
17883075
177271344
109330131
62183495
16016698
19267764
245730112
102534147
2482747782
267397357
49762869
2535882457
887169919
16495521
49466513
443226275
156725363
236623450
111989424
120156830
388905049
489049644
19783557
513527918
492532004
706078596
814021021
1470695677
1656126036
118230868
2249741282
95598117
2802626490
108405090
2353555020
1154914800
2569324974
2533582801
19123045
304087150
485212375
93696810
2493603348
1128834170
2651512309
74877206
164502889
2303925865
191311433
25694540
145770881
3221672046
3235701638
3222942811
53039176
15091978
26810542
25552666
65416742
42912024
68987936
66185823
60654735
55146602
24212723
38499004
16953480
22708797
138530516
59702137
18939092
57373526
15840195
17093348
28934333
745476127
38141192
177116599
28341669
113657938
82060988
28334714
384361932
44369267
276974151
45951703
87205530
63676248
529475683
1393012399
1091987564
70124848
1383275010
139832064
21192784
85650610
419933986
246575950
813608113
105181059
228036628
921759169
180596207
38467084
39290661
1560305352
1631015822
540920131
393815471
889128349
14985126
1151547096
34923877
192956097
34006528
246832292
573928327
35787729
14369901
26903206
20196266
1852819452
19918005
44957814
43901888
31516883
1346941838
2906495783
373403727
2810105301
2552290374
1897805550
2693130050
98386242
20134258
2251495428
471875378
2845817157
366326857
633031199
2975997355
252981597
1610028210
2917854906
612876105
2258945576
3017749826
3119904294
888925268
626662125
3054206252
3261986387
3128788340
2742769349
852027386
300511943
460387032
3091899415
860978034
3184153008
3295930205
3141297974
193175971
3247161782
595808657
86180513
17850456
33323849
28609947
1686740480
269954082
34514558
82169284
24447935
112607220
59497438
16050296
108113524
39296847
17016337
1622697936
28316185
129809489
462311593
530800239
267674944
25369359
115156900
363411169
29724467
104208072
3024519580
581969507
1337306275
35664799
268948698
1303421576
74242514
40613103
9613522
20661539
56736161
16145224
1147728044
28164096
3033638616
24266551
18913121
15089174
25170188
47916936
26594945
180066380
80943051
30278532
2841113195
34643446
32122637
20710809
23080244
14420689
2385437120
18204034
190358527
161431641
110788423
83925996
77138413
77116389
32508465
24696536
21857402
19208518
18579371
1109487907
16451909
44227717
1553310020
374135040
1412973349
47983482
21812962
17496179
2343994950
1140733129
309401735
17299711
47495597
83679269
1858196868
271180700
224875203
27581852
106179856
461569190
40177283
933599270
1927712762
31518990
2259998418
2429476459
169146823
1531863066
238297613
309409220
286515792
2334025099
3371457497
17366946
120346747
2413065938
54983186
112012008
16543522
75792271
55306612
19428129
25583452
104573439
38911619
17189366
216732063
17379858
26861554
39820482
26833542
59138639
190063411
62911012
80480261
64551693
24997384
209204688
128679163
80936722
3086975121
61292303
2540043996
1482670578
277571546
2678076794
216070654
14463848
132295107
16045066
19032079
17552642
30304634
24718246
21840691
38048560
44695563
44161798
15160747
44896885
44489030
44910388
36766108
26337961
19775340
15837750
36469850
33657625
15311606
50339952
16545315
23434446
55833729
42679789
1390895366
1004075058
482142704
70008777
392233676
2369543191
43802131
2283738470
118689029
208790023
208220731
156752682
1585134127
142741943
63161271
148436801
1225914595
2742227252
880830757
41563087
19264990
276425575
326202254
22497994
65680417
18027611
468764794
161515067
44965440
22383838
300807465
131837246
92767514
413881425
34672465
550306976
153470677
39596481
293471824
36057186
247171394
517651844
361879380
123233153
15667205
72892116
37949721
59397009
15131310
23273409
39812424
156969952
790380559
14534714
740118727
487843424
337836372
87284779
452678207
41431123
1093363586
854512956
479809444
1325210653
106456933
106431670
40110345
17210707
18813482
164331647
159536908
73245536
23857477
52757344
87577315
35132138
18693554
84318644
25160078
1997641
35857899
48704922
50683992
17219044
480630176
134555743
32705833
366330233
2180662196
544665142
2241493993
2848798726
2332112418
3240543525
39328908
2543182364
2520987464
2895837714
65045791
61008498
805572546
1339674397
3001963133
1705799402
2481633278
3060535460
2778946454
556348150
29748540
16194080
1297126034
2249640337
147612517
2360694433
1702871762
2291335002
27690345
3063474866
3178539596
3178531850
109341684
65396236
40262206
210423408
3187892598
455295913
2396814528
17622991
460030463
3193781234
2910097416
959675203
133007384
3030545597
14778502
2788405123
78010187
61648860
13142132
84394230
2932897003
38372614
609517918
19881931
2832390109
809835696
236189365
779008608
18736858
3280622028
1232103662
977693358
746095136
3193957963
2542375867
808109185
14903013
122467925
612000967
2847982184
1450133876
3093705838
3013925478
1117006501
1711578536
18932935
621620708
400996031
424541104
2602011085
14786217
38146999
16550480
15639642
1686691928
14559745
14634720
15473639
15942016
16366271
18290719
17990173
145692441
36653615
69663748
116469425
586744703
47331384
41167959
54667032
41077970
236622791
130313066
277811545
102487111
20688492
65402526
21445545
43261344
990627116
192942213
260928758
2889858597
203253392
1723563360
27610987
360285166
3063996411
1908306300
2978496071
2921864643
2858511997
1416961470
573782041
380886090
2919938316
216887834
541868731
2581240280
615159419
60739485
386076684
35944534
429355651
20095035
39518544
310073516
38294737
167228915
357243810
1907272292
3265790161
3167833676
206714027
2958718120
18170046
2991923389
292970304
296543136
285297805
124166064
3236785997
3229001516
104881543
3314882055
1919633502
1689055057
3001698317
2645609646
3033118353
3189588708
3131433862
2826489901
2646988334
1976769696
3240067548
13216022
17026041
16310534
3179424498
85570685
2614241370
114819306
18708066
16571541
18815810
16581734
2488379388
14206711
29730065
2488583436
1452969600
2434434464
2488405086
2721368285
19408213
52437205
2846759715
2846241717
2868560512
2811544967
2956662259
1004650284
562312346
2986661368
3014518635
1392927674
71619198
2794577092
2922296087
85020385
322914677
2649500864
2344179950
2938660450
1599567122
3178921909
1730586488
2920198261
1180629253
989181594
16793684
3261927199
3374334543
2865884973
3096340362
3369229216
90111465
1148530158
1569081440
2983091072
3130788790
16671886
52838526
501750780
193398195
353413701
2384381713
28224596
814296302
3038777708
14588077
2808378452
878552634
141721868
3190728567
2533784485
25892432
23019448
2763989671
381585338
1480697946
2934096199
2494142773
715048785
3232682084
124489760
63136498
16210522
50310311
32488919
24291804
573893114
43532023
88799078
17393998
121208305
15227654
22084719
36196298
184185022
261859246
266803558
995482561
799516220
907018699
1671702734
2484860028
2584518950
3041360395
113349253
2726135528
46610279
35302752
618300542
932564756
2230485595
2190601830
3103466272
312749738
2242855202
35928501
88776580
17816378
25249798
16667912
240990050
345673106
205843109
97321488
3373728323
2885796653
286511245
123326795
33920667
2902150645
1637356478
18534190
2176712888
15209862
411638158
2285728958
191110867
61253155
14999417
2837991784
3149908109
21897282
849303457
61024763
980894618
2246086766
494239261
21333878
110244660
89123639
367510792
1315754462
2177828341
19596228
15566901
22149727
2833267221
158842667
243840781
714249878
245841182
274686312
63682265
17393790
1696643030
147671875
169983584
145968447
10733302
188342550
91928541
634368033
29803300
351061907
475603079
140554952
17067624
10429832
49735209
16217140
3293154472
74563266
2955093675
2174267708
84545800
15894074
24949633
93729105
59238436
81412512
1060860422
23802459
194201383
60975346
1375137366
464628772
385518498
2389494996
75945932
1324949353
935594107
15170263
279092869
117529856
2767300211
1022590795
957985801
1531871191
2799879038
16933716
297423662
631271526
76355615
2999719990
140852532
194132774
359962497
364947550
1365630222
148479396
38477856
25108518
15174079
69389879
2805928220
156001328
84114313
2339534678
2341743660
554605431
138815717
820236583
105231326
15532569
15935383
23966894
14177942
180068933
32965970
14800620
52432264
240259245
351772177
27031487
1883319536
132598775
27999938
227522647
2927372168
123611001
18611746
610081100
3124753187
2459315959
1097935652
317139568
2155681508
47712322
46084578
146620155
22965845
156121420
972110834
17814938
2289954931
36958179
6843302
286325017
2725775458
74296389
2787688669
74775188
2768561156
2511574556
2648739217
300132030
22984215
230879035
813560072
86961179
96777472
2327359038
1502765257
113439399
2868802346
197442239
113666347
2724093042
305742739
586124633
619439990
245901589
69400458
540297518
2603373229
460596968
121569530
987347144
1880725393
302887852
608570648
2978962468
467773989
15482156
2221695594
101526896
19092567
84899261
2802213211
23643572
1645749150
317378785
18227175
919242175
1723129777
140462289
1408775132
197189131
3096590594
3065954555
18287390
1682157414
596893898
15759196
223363304
22458458
93749352
344350643
1909502827
2924144897
74216940
2926419624
1354890464
580299709
93922244
2296984584
23780100
779023418
88125972
470659492
22630188
267976788
21788247
19673700
74506358
128246602
27648752
8646512
1534322197
356147501
35127952
2892436376
34062281
950105570
268582187
329068335
1676336790
160950277
264861120
582073760
52084211
2382660668
2209206462
282166365
1962344240
1954810116
309272742
568314365
1872522288
319387069
289518604
2570361215
2582815670
1205146927
2883387435
3033441051
76479898
410096033
1959106346
34416355
112848745
1561127815
568644000
863269356
975316158
469524593
206360939
300403451
132283755
250009592
23125238
2351986705
2485952046
323461694
20610557
24274948
561115297
28258184
2206771469
74890074
340501364
147655088
14954221
1630468441
2981863981
327155658
138305376
294897261
73482346
20955168
10156532
14438417
8082302
1631368434
18462364
322822640
10814422
14537303
16877448
425496668
3091710503
2701342867
1491152816
3058516916
526794063
1972447820
3222771055
1945584476
2727892322
1596644077
34287054
14247191
19992829
18679459
394837174
264180341
32146628
73960704
277296622
243215442
27944885
2796459863
190095232
18738694
2975343257
113499560
97602675
2896141653
2980468707
561189988
580130898
112555735
531386341
2371994261
63328787
149991398
902606641
178005202
86182150
938397342
1288411699
2202197606
1270698816
2396574260
3293410102
377520249
2881459852
85892107
2974072936
2788194890
49993725
374535316
195046691
3005881006
3367971497
1729379281
93994276
37357945
123289022
449314153
442956656
50340438
27570188
492253390
529723526
40300676
74811700
12413032
842143333
105281551
45931428
943814922
38518844
119049214
336218991
28657802
49686679
264562010
19580189
23999194
157427861
146123790
75375556
52759646
188533596
292628969
113486448
91386813
73473945
24878961
34089912
18626392
42280471
30079829
205084158
1336513014
207699293
2915907989
2361367087
208626793
58508058
108619944
26623392
87059766
130272950
1471306225
2386336398
52757856
76642704
58503762
818930496
217384633
370940180
454137486
76998425
14826802
445116261
418166077
92079978
3190522687
285727126
376600713
114807593
2305461470
583087732
2363047957
251841349
3201639742
2901551140
1158918746
1726788152
24663514
1390830948
567551419
1162343528
15689319
15882292
79537440
314217081
50757974
323123053
6753582
13638892
36070003
3218812152
156322365
2551055478
1641160129
187291413
453439746
62378447
102597138
263788197
809210486
348237611
205349984
1314617598
247359669
152502698
2491566416
20618193
112811887
455256867
3276467876
17488143
609308872
2536076791
164076162
59815021
57614131
69817953
3028552995
223977439
268400596
140896788
516036869
322858751
20965407
176468814
2528224543
327463403
42263301
2379340398
2733720501
1688630046
23774060
2214853711
2314390560
44439198
2264929442
25382012
184298064
2940101706
812541234
3181115965
132752344
117138850
22173398
2307455642
322838667
139851531
2964822761
1334998850
101159706
1934983453
431196743
598947276
2382444524
83996332
2377433144
2476143540
40097187
494584300
50320600
3193474376
18320274
1278683840
2391599664
102533175
1428322586
2527791204
587167497
814066898
1069505323
863413261
48785935
1954841556
2647207009
709624508
3047342925
2984875662
126519825
2305281787
1622933460
2569386215
601294474
554617177
1323681402
2546820818
40621501
1654630718
1654046990
22115959
22818861
1713360810
1596331242
1279999028
1116218118
884979414
108643127
1908215946
342315739
1917478489
92105258
620779101
103692300
26363723
2714969700
1093715166
2651676330
15273201
496457463
2826888434
2833111140
2415507452
3065547828
3256422930
3171135612
2555075113
3015826480
3077331800
17399443
543018172
174033630
2528276426
415334655
415367445
590341801
804927217
1214706571
1202529241
1226728470
1669678897
1672044432
2384196950
2674937526
3002866556
3000254545
3031081539
3093317037
122419056
259873788
250320073
2493536946
34402366
1531572224
2353638780
146548246
2372978606
19989987
25940162
2471221112
1643781104
370665946
71469516
2548408910
2312772025
51846167
201384557
59942584
209088039
263729899
211641091
87543129
3242755813
35523358
2828876503
408166656
2926184646
2936393773
459683625
2471597922
100308785
2342554590
1375381502
17051250
2420797099
20085821
183322694
48103726
7558582
3303293865
1536791610
2927758254
2792540601
2968007206
236279233
3044993235
2962868158
2369514786
34191272
114050808
130566446
47686352
23791417
89724329
39348006
270479160
789798048
15769734
333561131
18693365
402957663
97687747
180032621
16711496
1265355894
23126875
15855331
32840323
633815721
1598970290
52188705
40894553
8539242
20718719
73154109
119461357
26233068
32478395
36451219
22499219
59526518
2178299743
1528130119
1638332556
55657699
44162011
92673706
17068564
151508346
78653568
398244481
70268717
52426212
91368440
1201412834
232340758
17076146
16544437
203152124
84072624
17631005
285165232
16240525
493175789
49634218
50711168
132307029
34648965
26751546
25087954
318531893
22784904
128651269
23453489
26027398
231475785
29487604
900404894
222336970
32095189
17592779
94103877
21662996
14543569
331872823
361413285
2287229574
2337902828
41921572
316621010
338527278
408057680
459732847
461616782
509080304
537600411
789952650
867587557
239141987
899358918
900702696
1020176742
1223095681
1296913580
1541241980
1551505850
1620642481
1646291528
1737581274
1852673779
1928511974
1949658876
2275323325
2290034688
2510740632
2364792764
325167755
929230063
1078295551
1115881586
1138930291
1547411646
1732150729
2400147270
19620374
21151396
23092103
23633023
23723114
30399538
32302122
35785477
36193034
36219397
40703475
53845994
58539459
79014371
91285059
90447013
94138345
151574436
164460803
176862523
194187497
274801763
277049741
279652345
283303481
300563108
309816489
310514547
355581099
388512452
399248960
403708843
413475562
499458984
500166307
516767631
614415962
863559968
896209484
913728860
928411861
1198082120
1562074771
1710305444
1737369164
1861871576
1952251453
1961427530
2151683306
2161565090
2178659605
2416721426
2577318578
10548072
14496921
14871564
14884104
15139774
15352503
15358078
15448413
15729105
16320435
17044666
17613757
17935537
18578073
18816480
22399553
23493486
24833466
26487249
26758279
28224505
34969402
45139332
50432286
73452506
76219096
108171291
119204307
122837781
127302545
151183091
153272284
180222483
208177370
213835412
225709644
235010431
234596013
252903552
253276789
277757167
301217023
310060382
312263875
313525999
350508003
369058680
376477840
386983036
402247525
441353690
495390029
560531272
574668587
796948374
906363224
908601366
1158456085
1212435523
1417266180
1556022421
1561268269
1648116174
1681835256
1854834799
1902167348
1928402503
1969420645
2175522469
2193213792
2209639885
2211279325
2251083030
2254234711
2269551222
2374494194
2450277902
2503165500
17635548
46418127
95697596
220189733
1736418775
20729028
157862024
313672158
487783206
1075497212
1352167405
1445014590
16646012
23691608
35685511
44535449
48723343
84209735
89215648
94430522
103689873
136226548
176308481
191525745
224028133
240874873
245116653
265644751
307496208
309997507
320950445
334505206
368200312
369104836
374158205
383470874
431920613
455531270
472524229
493589792
543631567
561336872
573858655
625051474
637066154
848403145
969294943
1089895412
1138069058
1190761860
1279016982
1465461404
1470318230
1520353880
1656551678
1862418794
1948082192
1915237274
2169126193
2241100711
2242687496
2244636708
2255361060
2303669876
2312801318
2327985427
2339493571
2364690655
2474460078
2509015687
2563995985
316562182
488781410
272026824
17499394
48021931
172109039
394246258
836256588
39298589
267510129
1120945075
50371921
9589252
31957766
342806058
51228973
388297236
110213431
266719387
475294870
18920073
378278518
43888471
33274349
363156099
731081660
1623291878
34833836
47728455
500244499
436959122
1581759588
286991197
36006900
267460190
1869899684
57799066
2592023390
18731315
1405956853
37131364
15005808
1240559184
494295391
267209337
1381072680
10081112
22503430
16555985
21307076
499941921
1375423206
1597336824
1546906130
41044925
190520633
19638500
28675798
56561018
96921154
173449276
22293408
259372276
27044907
116885147
302869402
32700510
117277332
26017899
317413348
210959542
14498945
256545772
20621838
347681521
299799703
470549339
469594356
384095099
21833509
385637749
161750774
385641462
280538228
10287052
221846148
153138147
137433709
468934132
381125173
259877663
163376595
75615173
196048465
83995960
401115275
21696518
358302712
172410288
16198353
32205749
262025467
18120497
329832028
19140742
179260882
404499339
34106521
544818258
442043805
16747467
38074336
739093830
703359210
768708529
715792496
548336859
734238218
351291374
513990529
391589334
372537729
193482953
860022902
227430010
64482503
589205569
250033266
24263130
268002405
718510285
347398178
86834324
15012352
454350902
72748968
302086177
294199217
52818466
46200798
1390613490
1375397317
1425645229
590198989
914119376
255733666
198690476
74543
6120162
17950870
15932313
21123670
416602142
1251743425
1340063418
282192842
1563883118
305342103
1081101972
507010703
18268819
461700009
17469283
116023738
7101952
106889492
29514250
634030587
21485905
1545772669
564729772
804830960
288877479
1284323558
395789814
743622212
38013241
1024774700
1304731501
1563507482
1444568162
1573925348
1562930160
1514989795
172919687
399901172
1543985899
39761880
324496810
26554249
40059579
703527750
1212718940
381444188
25431335
398848564
1340918232
322913758
1468960531
101121067
27105856
46509671
78630514
24482146
14260851
23998216
54446911
18764776
453399694
219520047
14385893
468840862
297236591
55455034
16752499
4602
28600105
1311123050
68263037
45485498
170915276
1452819913
876609720
473188163
16412876
68617742
21005842
26885425
84628428
14457058
84628971
286014848
57473091
470896034
123619546
161460065
55279285
21005522
14740178
391714095
563018711
1038144744
960855745
1267483782
267377581
48585162
379973773
468094349
322438570
18941797
20924090
50893464
75118157
402859398
430083127
435854549
460511329
463025314
518047664
550453386
558850519
561692053
571039423
590359347
599855120
611940284
711320162
991065397
1191845912
5982652
37131103
1561158661
1541827867
1552054567
43493367
472625132
66163799
55537779
302165980
24683150
216138213
252117867
35765232
17089344
17156053
142320786
17293337
104070525
55006025
88425861
194783022
11253262
91367315
36723796
50678231
94154368
174847568
19401690
272471359
244297947
113390017
284596984
331872507
56905329
222227171
46713270
234765820
151161695
95510244
156692136
34775101
94170306
289497462
89262997
233429404
267540536
70789586
225571557
223273055
30250983
16308661
22756947
21034324
97002407
25914886
250869123
456696964
17789578
171899574
74726018
423646687
105918870
296288727
20061464
196067325
138906158
155366441
49486655
129191103
17292623
167527333
484299228
152739700
17334665
116828777
355075378
52526544
15428397
43131684
90778418
47479606
104628777
26829176
19946977
100523803
16928083
21497722
48713341
14075836
6612402
64809827
50070715
155936790
54624571
249206085
481016113
22680098
86319104
6820932
9744852
41184664
29719864
373816795
20155760
39529370
146538068
124569535
19939139
10921672
291814511
89646204
19425169
18252891
118749117
14157416
19566987
54373762
41004033
36475319
28450231
322933840
14176297
44491851
149235847
7300242
257150435
20058011
15840088
402125623
194451328
20515529
82655933
19277132
15960655
18078235
198590214
280693341
226578249
79321561
84662571
27934842
150592308
8671142
408077425
267871720
24245696
34743251
7538742
54290504
326393091
12748572
16437251
557209165
163848561
342819574
416690534
17342703
24251166
348569851
225096034
12169762
26710373
624751608
163897617
161486588
103138591
92224332
23841368
17433822
430995737
223531202
119897041
293934083
868411778
197533609
172959279
573198679
63253290
36710713
30029621
257731419
27529216
15390530
197987694
88441571
22378059
22859473
613300246
258814290
335462921
120276497
15964580
419028792
106501484
486921354
279011610
63479425
177448950
46854930
149590869
491418136
479998051
250783105
628765360
39582797
27636222
401458802
939458414
38239688
18460854
17463660
111062350
735287192
156538059
587451965
40544415
22028564
138441815
256117332
516525158
678403
206661388
467068750
235315801
35630397
18041584
991938450
26811303
15302322
23145095
25738274
568423115
1009818320
16730184
177577410
135537626
142383345
17930703
234891913
359664985
20913928
989452274
238286255
188569706
414224783
808334832
1055688462
460617784
207648983
153889031
221635888
709080486
274101424
80623140
507438295
437090305
224391655
51445476
46031474
133780533
27864285
972834414
24418718
706181996
97475945
603078299
1080359611
908212861
280334320
68770833
430126014
371584602
823913874
192233819
862306604
409710390
18588259
873818467
24887015
714357656
29060823
20840344
38751529
424652014
160772294
280353209
733619131
73484868
120153772
1336492507
244627772
14410280
805008630
164666005
13058232
518593549
1056202634
19981088
15435815
62295887
383297408
1314100418
995447347
296501987
928435952
23719539
90642093
75132724
426913896
50197083
426842072
353172123
587073309
51520631
221793778
155681507
362723018
24757310
34739186
19671858
14465607
21168331
25209069
28119851
35846393
35934858
40152529
55269037
83193472
94601735
116535776
122152569
127074666
223625923
374250195
18094552
21437383
32015971
35019906
36778533
80568643
14615094
39523386
47773039
47333523
71297990
164369297
16170115
16458563
16473449
18978721
26418770
28348670
33537967
59533676
80361540
94603988
109025852
180426916
260959284
284620759
314761260
318518392
327091962
322722682
392103495
408636835
491350825
532531457
537438820
743585142
844120466
1060984272
1061029050
1071402577
25535595
34843304
37011248
42632951
53929374
117132579
229175453
240921277
381677764
382791830
414294643
442350064
488269684
536583209
829273362
38508305
149208285
9480572
279687441
18319265
123667508
3365
19789554
7868832
112526560
15441965
21844854
14021902
14552725
123327472
17881467
222622640
16125224
19107878
308233424
92079350
15399512
15931637
599503354
558129045
33846941
50811808
53704661
357200060
25581439
309978842
65163785
212207495
248832710
15446551
618485747
386499122
16010789
11520712
145143819
257308089
57519308
814054362
369495621
17011177
206026169
294434398
1475926830
22305076
204790331
1393142930
36169080
369146512
35096305
14308850
27657060
874103599
591124513
19776650
25977114
6942422
498376905
28145061
774115532
16313751
1069226384
104296589
523105646
274076584
153944899
39702190
558207664
122174004
555552088
1554175742
1441596062
24745957
26505942
13393052
620646975
16960462
1570787466
59292448
17240710
235660311
1135486501
20021712
907095475
23322314
53516523
21831015
570990702
164759805
896532925
1206227149
238535738
179567164
558019954
6303052
610262929
488795424
472308430
835847647
468834993
1173249650
1209634044
1172557158
1606435411
536526575
427799256
1536844603
25964180
25005204
124639439
40260612
348474109
101065133
420441215
21539403
288332713
550711299
125677319
14185317
219282630
17043381
17532393
1222257180
27338621
16358939
19188993
18004650
603891315
300456397
252179324
1578795822
116770116
385043442
39798407
725861582
52309918
47991384
39267589
110808037
21021306
1195286324
20284860
329622677
245922726
892547076
52074458
207664588
198357693
1086606259
481346363
1577997895
487101701
35830901
1173206694
10429722
15996416
1436772295
1558361562
48123578
340588050
23648179
167444302
747292980
1601486275
247457799
262055715
267904228
267947829
267967531
272548778
292676838
294215784
295083220
308880350
317304528
326239143
351927695
362710224
366307539
371055464
395449624
408651697
408794633
408797316
413261851
418063570
422921671
427871965
430978963
437034065
450660125
462546328
476313413
477681011
478978051
511108362
512011582
518988411
518994781
518997777
519033522
519042704
519799486
529807008
545346739
546957275
558099124
615446538
755563340
756598441
758679468
854038136
891430836
1096405538
1138390212
14569735
17171932
19366541
20983866
21634773
23363379
26254071
26291044
45856207
49144610
55879768
76987185
469565546
360383033
328884561
97837903
292504716
558689432
13352162
70205528
110872998
129027768
14538496
376251401
278164339
911251921
52539061
50863083
8446492
329923532
22870816
225138612
425187274
18640992
111169180
26548315
19208825
35218566
329921532
18818568
20611194
16689804
71064101
258062389
59416317
1375036022
19550247
1532872021
995193054
153554238
1077121945
302182986
191719726
114547989
1537218385
39566469
1531521632
1602569516
131342187
373109633
59588145
35001343
82689705
334639508
12919082
34507480
105119490
158314798
382076024
14308987
411803500
873087224
91370992
587828596
432771620
1305596696
114607567
79650494
9763482
571034806
562981626
328117237
108493356
285973967
1114907246
226413089
108449475
81982525
1280809932
7400702
19803365
15941955
180546346
17445752
72689616
65151012
30275911
24714450
16324272
18627820
44960115
148529707
24657506
85606078
472687448
37385776
38214219
42937124
41488991
95992680
297706791
82976044
67331322
794779346
26752156
93467919
510612773
479882864
16545933
18498684
122440618
250784170
19994358
52112689
9845802
179615493
461846801
48038661
600533780
130954886
78447811
133024508
29214182
18300827
75168819
50545304
17054817
36581988
21777580
303874746
85369984
20193452
460451960
142393556
619295837
48110818
15182761
15694863
20530364
117179079
69085853
17402120
23908154
21282353
562100642
17790726
105072704
19562813
21139535
105225145
357093055
23845320
59594745
32062804
57794401
44628239
107258201
110854982
330653514
52121568
90486871
71148540
23500125
14147621
305068212
15564815
334996458
334230191
36737269
154245491
348689339
358165816
16286028
36726529
61219300
17225736
16879321
23098595
132316316
567546658
45687198
41380057
36078825
41615372
268110883
54693438
123367107
17448943
17837285
44438256
40271841
23837678
53162557
18248403
19099160
115537472
291942710
21700621
49013407
762078589
380523278
305862018
94458238
918078715
351712476
36698008
22844619
114885466
75084558
518956946
217218598
78406355
402157926
477485439
388690944
450145664
214584192
325786101
14226882
188010587
345047816
18627550
13745872
130037912
633731164
36235480
379902983
361362071
109382880
254383946
15725199
47621777
198831821
75008871
18916061
579876145
24119743
604531515
23411748
82132833
38489678
14266331
9345162
42651647
20703914
108638625
16926069
32431468
14478046
17270667
31035182
118828764
44970026
16017475
14501400
366169943
119486479
15879286
14435376
29575412
22654404
43348496
67324224
80411028
71293111
18169636
12804312
25928253
113144952
77328477
726304448
23771696
13171622
26132244
48800840
28411048
82710088
59769395
1067440874
467846931
1319844780
23815359
15994087
294270520
14991920
768941023
17537826
27074138
60686482
20272531
36462231
56879674
82683644
19979844
14441010
115325982
235318720
14325703
29250571
115861121
168547126
209243698
209286714
209581267
216059962
216094900
259381632
273568764
292576935
300400954
300402466
36015260
53498718
61254828
121194762
174321822
343063038
518769781
26278266
369232105
35773039
18510860
19730151
390349956
184848977
62935395
48841776
103110877
104576097
1225658594
933601417
16745912
153919023
236899846
384392601
20002401
155669457
581141508
85396297
36431841
106852343
119124468
217539349
19424715
19994104
27034563
39373890
44163437
73459947
116891758
119578535
15726096
15892795
18093895
25402994
25705049
80347128
102419445
112882491
113153359
125394721
129609991
133404210
144936600
149232244
161844430
166303726
176941851
195061502
198578987
205882813
226988993
231177783
17068492
23801188
40753784
44691739
93784527
119115558
116851290
18950264
243346723
380350058
386114068
399568823
402339765
403935444
412608942
17833557
22737278
38543346
52151324
64869451
110025208
36730504
26616705
19315665
15636502
15740610
16405372
17143340
59507002
60907150
61530523
93780708
117222301
122999170
123878155
171996976
178027091
182005056
264393948
294708980
303477300
331186059
479057642
487830890
552985473
844073989
1072383656
1095771529
1114654830
1586584676
16813743
18419094
22452133
22865552
26376078
61919234
70186176
98703000
138844576
174740894
312465809
579503893
14269711
18725071
18937660
36408451
38718831
42883134
61902439
80315611
163544571
246466235
353834752
524009775
709754022
757394390
809451308
170023430
606431541
1154488459
1352040151
335428488
942678984
264375835
382799524
618439398
97510566
498194044
1280573660
1154712469
991082154
397278303
907425206
71562842
15674532
74946420
175629579
59541361
238770110
90890793
558195608
387130579
185007921
14385944
234945340
125771388
19380351
161044761
545666622
242727646
204370454
20340917
195538329
67118125
369478072
57727375
58524784
74620263
259878262
347502933
7429102
15007149
16160352
16742806
18695134
19616327
72198806
132278386
13023422
14095503
15738990
27815994
30949256
40241778
46424263
126093659
161338306
185684821
197945861
263879706
294212748
325233604
332281269
359167914
393029990
400307692
418137371
418789196
429528371
528655503
14150011
19667099
19894123
22025176
25214705
25475561
33086720
34966053
39504589
41492529
44527871
53262021
63520770
69438448
82655071
83712981
96521264
106137650
109580891
111105587
135705902
151634371
152325266
168861268
174315943
184812182
185732139
194123034
195999217
203357801
208515127
221170312
259331569
260904836
280637879
283087923
283194614
288307581
319258324
366193946
370648297
372994093
377423162
383543686
384620052
397241893
403652181
404527202
425985973
466028788
506277385
506509692
519967873
555930809
735325410
748121238
748431884
834426488
851369468
1016244793
1120252729
15648418
19597232
22189887
45979577
50378967
419693158
1599251442
3023811
9481992
10880202
15096075
21407083
21714822
29562655
32070022
32469289
41509378
61206610
76111834
86593078
219647241
487899619
747967651
16132087
16857753
20463418
42660729
67215899
14412101
15481070
18807749
19371141
20071903
21293089
23911915
39520275
42809339
77852581
94613563
123655512
151617922
218769789
189896485
176087928
130227967
377949581
107476580
27649492
310330192
111053392
140136223
306204336
94588784
562188508
252889035
35013862
43311305
143381041
27695964
132627277
51851319
1140210900
43978810
235684777
1252765213
16943908
38213241
36476870
19353746
928977020
14275291
15281676
16256269
17976923
18217624
19658173
22831059
36686040
80612021
92186819
110545675
153486399
161743731
168502762
213634439
218349372
221447516
224294785
234014087
235373000
236541422
237763317
263815367
278145569
292935209
312134473
381152398
479872233
60071387
122162103
15172810
88004474
12114172
53661644
124282384
140086847
14385676
15351784
988911
25726636
202270507
38423124
21153379
31453604
84717398
220009727
34240147
20717232
14124673
18958334
3829151
816214
1077833624
21527658
540300023
43500061
21873714
244218096
987615517
23494793
128356652
250272404
22149851
16393860
19190572
15546192
16843817
16367980
22843167
66451163
22803302
15722647
16744312
372575989
608890176
23137102
163995093
139173749
462940679
47991586
24263880
145711769
145076438
14478614
516814473
560897897
264353719
25550105
16590035
1286756131
15212187
15854702
1405337395
1410590874
101557170
260419014
533554618
1129736798
1446348002
479900080
33669915
177153741
193299475
600097847
20530584
64466020
46704239
20148724
343564216
167797168
279032856
38889506
59158212
102431847
144909618
86932902
27250191
12011422
6576492
20095865
18149465
24928809
92407522
17077313
17194296
1003002097
24382468
26138276
64591392
63597010
60319954
40532389
17325090
16432584
45536687
1471423784
206721200
422070596
1216754448
22568011
17317028
15567780
158780891
1002323377
322699008
1222716350
16285830
56688305
14333957
545528259
104926681
199733042
23448056
15728161
58228306
456911539
1446589434
134682925
45805351
426709046
19168381
41414492
37959454
437627160
815824752
125462718
1437434582
606776750
161034257
368995768
15758330
248875331
101625474
604907118
14261617
75976601
123925485
43970862
193790024
806766830
1315289034
257048565
26688378
1423500301
1155212191
1452063726
17953019
44168196
30013010
1296373796
14982783
1543801099
403353373
1267940407
91156289
599792346
792941556
19617447
18213483
21406106
101892555
19660032
18227872
631356256
304659247
102495394
831311214
105328352
20061305
229385273
246654564
199991949
320970597
20989094
389109522
27313901
108693015
803765677
145665141
5845492
42656275
24231108
19658086
190454282
143061509
93069110
102238997
10003742
13504902
18219671
18383812
18480909
27545271
32494537
36750478
46991350
47985159
51157941
60693642
64624107
95734904
111423859
122505050
125441869
126369925
128618331
142406484
162088517
162138699
164271458
180827669
191440211
205904275
216777407
217562721
234628713
245574264
246216987
257790644
273700859
284901144
295795655
312006319
314033901
314161602
343576964
356284935
366423465
401816355
407288334
423667118
513679089
534766690
550762459
874916178
1055956286
1096375704
11680962
15650573
18963809
19792457
19994385
21220931
26068861
46176168
57372267
116341480
117809503
140286364
164412502
176589375
199836680
236044880
14500190
14870670
17837184
18983793
22797378
61267358
64916983
84684955
97539939
119107959
241215352
342226913
612679579
6828802
8886222
8938742
12422582
14313249
14422540
15145308
15674801
15815453
17060020
18249084
19035963
19618184
20811261
21518962
21540556
22167981
25408081
28376929
29455548
32447306
36934173
39800279
42961882
46122873
46142761
47153528
47356178
56483220
59868932
78716886
104827711
105929549
109406597
115554920
117576644
118747545
142389870
149307309
154084426
163313441
167503730
174791201
182471278
190860440
193484225
203141216
229308403
232235048
233813795
246479639
257798575
309798935
315315368
323478636
327634401
330400536
362108072
425998918
468499741
584139171
730684254
792449084
993972252
1055911357
5460112
14286239
16889779
18909502
19343547
20086360
21677257
48581849
85849661
97705675
108176736
298137288
337910035
5695942
8570392
11178612
11679892
13957392
13361042
17223014
288121169
317650146
369564072
221792092
235251868
19674502
104324860
14703188
15716509
15826822
16252199
20472454
21443773
23621827
24933645
32698959
59331128
87584353
102789488
106514937
108710418
206487352
239616380
262799941
7380872
16807520
34245699
37564255
139478204
235196204
272566480
342330158
385910999
9864112
14221572
15308180
15635101
15893354
16753660
18488609
41210267
42716477
47170195
68456106
96780563
105290756
133072900
143913804
329768150
485829317
14216054
15432218
19608273
21148783
21394764
27744185
38683121
46667731
59031230
59159771
97474887
113440497
203296606
247530626
412422676
423631401
453319164
558040899
741164720
16480563
17734537
21792943
21802625
44434008
55653151
127196681
133947893
159714480
167494170
180524012
246460967
12880222
14345113
14493552
14871794
15008600
15302560
15309804
16243405
16313045
16909907
17466933
19719579
22169931
34369632
35289761
87968068
95723227
97006234
188852875
202313103
219343808
272016697
278687907
297478628
394223948
399507448
726661620
1246592828
1395539118
16439895
266275478
271986645
176911935
163162704
247149169
49791350
23565841
25154893
18091338
447558655
21339223
21957142
16163121
40115088
45975952
43024351
19308104
44417943
32542150
307654803
97280062
207706941
15492359
22076537
461697741
21541717
45869761
20150502
824157
11435642
12245632
13565472
16291865
17474531
18267597
18942116
19430233
20322274
22739318
38317061
9532402
12340562
14620003
15041273
15896464
8834412
135515077
21138770
21797658
21879358
22772264
36442614
209220102
51069583
52988487
382232114
494341073
7228682
14188906
16350977
17029640
17816699
18220249
21212299
21312469
23840585
26338636
26565845
28134618
28135853
28143425
36047098
43381418
59019225
71340937
79330780
80928773
89043072
16825716
17367452
221843134
219142329
4898091
33584794
49304503
12648652
19564408
23145378
145338914
151191872
202003
726393
5763262
8885922
14805740
17979066
19040598
22843337
31399121
545532788
20449296
624413
22836731
16311797
22842302
28140646
28144343
28163914
28164923
28167086
28168999
28171205
28175577
28174228
28186908
28195764
28337697
28339798
28349755
37681531
37741482
85590450
321583618
326905265
454991972
515833127
543680295
849609440
937144008
937386085
1827901
4884291
5130591
5371532
6114752
11074842
11621822
12229702
13045342
13784492
14345238
14372368
14421789
14570738
14790314
14959921
15358452
15483390
15638615
15639774
15753057
15882702
15908898
16001350
16222086
16224477
16224500
16224705
16458033
16981910
17172829
17487585
17613261
17662274
17889713
17974050
18139703
18724720
18975962
19063753
19116024
19412785
19671793
19727255
19923887
20064016
20065842
20245891
20529914
21215654
21428058
21748329
21838500
21907662
21930447
22376014
22534863
22969926
23090193
25465628
25564548
26324070
26326911
27941012
29794140
32633517
34739408
35586571
35822815
37208326
38217439
38740332
41651152
41662515
42209362
45070261
45860849
46022060
47658459
48023388
48071844
55115184
55570400
56847039
57396255
58027303
62533729
65665638
77028989
87359651
88319273
89763218
91426605
93908493
94212016
94473189
98543618
101336261
108088376
108317890
115710058
116920877
127884040
129295928
130635990
130906895
132191101
133826235
135295668
137792521
138248367
147899730
153437978
159217087
161715155
188826996
196264627
205580763
223923589
235874933
247455917
248359854
252578443
254616847
263804554
265194112
266917386
279277338
280684420
293303534
296576571
299877078
301579605
301750247
301797454
302765767
309126296
309548402
321719254
355665348
356335627
369278390
390170244
390840265
427059614
431640134
502009244
542989688
582282558
609705444
619159265
631532178
634635574
707512656
718431380
718475688
813303104
836922157
939949219
1117836660
1123007678
717313
811377
817386
991221
2735591
3050971
4641021
5459482
5649902
5746402
6486602
7036702
8099262
8732992
8761432
8963722
9737032
10876852
11148742
13304912
12615582
13982132
14407165
14539324
15125578
15208246
15426758
15460048
15858658
15865878
15884517
15919455
16500799
16723588
16817883
16957777
17071048
17164327
17514550
17872180
18175886
18294197
18294275
19192943
19311351
19407053
19722699
19824937
20007155
20158814
20555005
20607406
22089455
22126260
22819843
22873424
24658546
26034412
28509867
29415843
30020675
30205586
30206144
30320068
33220047
36592661
37570706
38529724
46942364
67698447
67699030
67700256
74514458
87798068
89551330
117442888
290555237
404526275
419710142
1116482269
95519414
20015414
21777799
24827139
24996427
25160264
46059409
78385763
139377272
15913162
18206333
21316449
22201096
49048615
40036732
79242994
82534399
104640313
253630502
318081122
318728439
378838067
70240163
18772870
23863449
28380248
48863271
37960237
40291081
41008989
157065000
188813698
349263322
358253918
18035744
19328269
23457169
36235503
34768528
36596664
45002187
48503809
52564907
52760510
60712182
67678561
80408371
80514495
80948174
93921193
108367550
121536784
129962093
135392631
138275977
146343951
248925991
142889948
624329241
95600867
104989588
17299321
20656386
138327151
21841847
556071494
18780213
21774229
127727270
15497533
326301436
573149116
15921559
18570258
95740980
47184279
15129727
14999172
142896252
56475632
15666838
81965017
58812628
14844076
176609040
17679229
58812520
116953703
347466521
19041966
19565345
33328276
289525928
66837663
145634360
17180878
29101763
225166713
249224164
459007772
21371053
43967884
44501247
50801754
57146398
58626412
62193443
79664776
81245754
156883089
197516272
239254001
250453629
489647213
602542686
625777536
807902126
1400068266
20599018
21984693
33664880
41028256
41283544
149203381
330607790
525966867
32235851
76253138
98502301
882810798
1205972210
15743861
16030880
31997315
32484658
38499876
40981230
45954483
50342679
54256685
93926178
139845747
151096520
317399128
340594754
36628954
47687369
63909887
118636276
12089552
16274066
18150153
22374846
19669888
73230758
98531849
570230398
52161537
126785086
14433197
21666606
34524697
96873696
157178007
171787077
208879117
210597038
210718572
246547468
250485534
313396922
320560618
713211469
27135479
205067633
625028968
1260744037
16322828
178078836
1120133923
81713485
17933026
428676419
62621812
436150730
16747649
25154035
442981619
240792150
31467620
132265394
29943167
15563544
57167363
25091221
22027331
832212564
19470116
45225931
265241140
133491389
252202139
196855782
921582067
1437188688
586272560
20252729
14277395
113697488
16199226
18638681
53153219
22273270
28043295
9697202
22581368
44751273
82219525
23961812
125128058
515858191
1099620990
139789800
46705839
46529064
25961598
22197298
258900199
39920223
16703345
167024520
163584265
76392970
254597206
119516865
108189101
577690047
26790152
214969375
92055121
226286968
245386255
410249471
14660362
17824322
16705761
103022986
45828171
37241077
15781389
292549803
17907987
105187267
326208966
153181367
51160105
103087786
575692686
12811862
173925279
246789509
16564324
313545488
161411080
600991865
62867869
101802390
69329527
34303729
36240331
249677516
258805021
454313925
35847728
14073029
19756722
57625403
344809316
940044416
46927338
219935607
274742603
57158359
16151032
238014993
551102254
1108829000
170351544
443984839
62108122
108659363
424801235
263778369
357022345
204531604
233811261
155021857
279103495
190130998
1284125306
1417223210
1480813327
344559071
601098759
10054032
122856316
175508310
298794612
1467869154
318412472
224331621
39214912
1410640681
121176785
92368926
320926439
271227918
876599790
1287388118
397810482
993947935
631280257
116969525
1539365384
106647722
223659108
30171208
46980627
85746328
65497004
222012143
122431354
132999758
213932146
37246158
108460540
321138018
36481733
69623773
1365641882
16008020
1378158277
74528446
469637791
44454220
223036951
24936829
1491425792
278192800
38962721
62123588
29329667
117839649
555785137
240443702
17728374
113149393
34354333
151998792
430905444
22635038
82064534
183778760
277171245
277724508
120146667
17491764
27185473
44912512
154454897
49068443
115478310
605699872
223735436
254219112
406745070
44019917
989771720
1107857509
47113149
400227840
41725216
215338144
88812133
186664091
252704956
109259123
18952658
61010616
44306912
45167768
29965230
115138016
70990389
1472331493
248529242
15853022
19305547
98313263
94137089
26239469
90811825
16052280
207861283
293170341
17967840
65257382
27979877
45371411
46517564
18127126
32632885
54645160
46648807
58840765
15987188
308848441
89793645
770530472
259403099
43638824
456770820
892669644
29586414
868534681
846648290
21332725
506595562
52320506
211364721
842360580
442279513
158820154
26344090
14921083
15905103
1012108626
20952222
81236387
617726838
42282990
20440245
455961114
790117862
790110170
194343133
1468151
1058529517
517948964
1058924683
1169755692
128260876
474643908
158089515
540985202
369668026
28262222
282183850
1331214510
276620675
28661034
11009852
990297620
47208405
202732407
1300569854
555498772
538413646
495390591
488605105
467900841
463081277
461775466
457080868
419195558
393683424
357764851
333053259
311813589
295910496
244076251
201977221
169184922
148012184
87770860
85971363
84939942
75670183
75367277
63305923
53499408
50020117
41029082
36497064
23173427
20464501
18855230
1170113456
1167815767
557301556
373295729
355299112
16592617
829299504
118510214
257326060
1244345905
1081039764
1240926330
1025299842
14558825
39397830
228178281
19250369
22830647
22725085
85634177
88007571
93876666
115204256
138135072
148771088
217530311
227841653
233999760
258082407
260790804
303425304
309877044
345158526
19195094
19693661
134870834
140565166
121795745
16140124
252296570
13067732
1877831
11855772
17093617
76122129
46048042
2097571
73238146
74294786
26574283
24697991
22362552
19940791
46180114
462334474
1080950516
267449695
334889455
15355482
19409588
792814273
305766622
243822773
78995028
876605660
17171111
92555819
176456922
1154575315
31122582
30912937
234826866
151963505
48706233
34274380
70837868
19716781
17049255
277124730
17463923
369505837
38507478
48715155
54546430
14695985
18812301
44615672
12354832
15554922
47470008
246357149
564106953
462624960
54626374
92030522
57111966
125767077
84679163
246088673
38477209
1435461
552985513
486821128
14499829
47412499
499109830
19918353
312335223
14825648
958081542
15110431
48148030
14074515
18990471
187993109
325581008
146569971
44034613
124237063
294084341
114910279
257091348
28677792
184919272
29450962
130646469
595759332
15640533
16657699
8962112
151519500
17346287
31310158
16630062
21783950
19541375
29501253
14858160
140253400
720728490
8249832
36521198
19202772
71456780
296442026
120139798
18097821
22771961
82643763
80638910
75069067
70550042
19031057
17037943
106291885
18993395
20944400
166053335
19680385
16458383
20558644
65707359
89820928
234186830
107203737
138510294
158831815
27993391
325814138
17813820
15837659
189129306
29244617
17270262
20281013
76133715
325001316
28902856
16224670
997684836
21619519
25122673
17194562
75052666
149050720
73210123
1311073458
1198797302
47862782
37433302
97778126
33411558
182501594
14087524
42521341
17523570
20415476
38534042
16874762
137764681
182735966
348556234
27909719
125628402
46737287
212323113
303924740
292615555
317922802
36541723
124247707
67738195
430962875
37040329
16746493
17142046
17855868
22810429
159221643
517831866
612097808
14010812
15947333
169596992
75600769
103447346
14213413
111159289
21434362
237814442
70269979
111393044
90435637
292508270
256833468
14957366
20453624
20867568
17238060
26929440
17599655
19611483
18915795
18481050
56700964
92526226
233601728
69412862
16172747
32433821
140965914
19914257
15906481
24659718
18623794
22255006
16820569
27939337
126719717
78623653
123738314
16334857
15723290
37036297
9692022
17112878
20444207
159582860
20522862
18171927
430952030
16815644
25562002
21175912
135575282
7819802
281684853
39044325
32147994
116877154
23855321
1797991
221920563
285270622
23473462
84614572
29788083
41169716
18726942
130686468
24973934
23986030
19771248
17872744
161023696
15110357
57443656
15147042
81155662
240135871
33884545
568370745
21263508
21121491
12334212
295899118
409456907
37999041
61285110
270644884
330579721
49105997
45544324
16636243
18132494
475286355
165594535
16085390
17449843
191607917
228768266
126401831
15463486
20468251
104938186
108686283
20562637
164383046
14248963
66386087
247360651
69326792
598853747
222666657
117514658
44480630
28279637
21764343
209262282
76420529
376836211
485924782
18020120
20065440
76733474
17919269
41171271
403701132
48038024
19771382
18772897
21431618
21316253
38156420
120181944
18767699
30936551
26133429
21800063
569342150
33995378
160674277
30927826
3819701
819800
62442994
26754354
47734221
34700777
61734492
167518667
36972997
252634665
44988185
9130702
24721204
208163898
18637396
18058963
481439919
390320946
369507958
221147815
374019904
47651258
157040232
43381579
98714307
20742073
160317360
34421377
14705027
28642247
188001904
189180763
19910285
426167673
57033388
254117355
263936580
29598035
58683409
104237736
120233868
21787198
27688281
26538229
27055034
34407040
51853612
430982781
631481692
16648790
226338599
221484024
21875625
19128561
20574354
15519128
19116438
16380122
24898621
82161632
15816595
314216196
650903
15586341
17809507
123157078
27924593
70771229
194696073
426041590
334804031
237320157
83922884
16288055
243751310
39800314
47415772
16170253
15862440
69718702
256178459
15936246
17854600
25562183
124196924
28585586
22783222
121817564
176932593
15952322
27696993
47448886
23535710
13270942
40933773
16547587
26526042
621533
33792634
32138947
18023140
16244449
52521572
16016427
13784532
15471824
13783772
25950355
158396052
16465385
425928020
452554875
492638241
211330724
128698420
590180943
250252054
33600887
19918986
98588767
419841096
373129606
64744352
18776942
81121879
20605481
55440495
3026061
244193977
531587241
476106528
531585573
25160172
6332292
15180852
256353739
57645348
35134063
191477653
71061891
33659010
22684987
151164515
231583815
309883487
21862217
11107172
152700224
63304385
155987003
17758878
245412130
23496432
389168686
60642052
5796972
14352556
281630918
459362054
312237673
366563215
233588029
80935604
242907470
38241130
18451200
448077090
125458189
16249259
7381772
16326882
15222806
15827269
68733988
14166428
21676284
285196822
14607640
158495061
86158203
194328847
80121902
74337674
14093707
557339127
16534831
19430187
14617067
460554584
58615404
237477771
29100243
28055527
432766911
20560762
18766459
403705107
50734020
19268706
262223982
15464697
338374151
6476742
7231332
75326240
92085324
103918983
14278708
25372825
275349340
36987385
37550234
17134268
23028689
70744113
130274805
377545903
17045060
49117919
29077741
60731687
41026320
21823698
15780933
94860733
88688753
65909516
55019447
239931176
18992348
104246980
40961186
23484039
26585095
323468251
324679842
166655653
35294738
18784805
117821354
14780915
24234881
119942755
576442316
414305757
32614987
111751042
316779669
785609564
343553010
36629703
152428550
621178432
263197731
22190185
16670996
57425073
25053299
14325188
575732221
2890961
131969213
757303975
37557953
45700325
60995819
310401451
45399148
114916322
17091862
1216312560
325769705
14345759
20582958
126399969
43412697
20725994
19349094
49204865
15458277
574829891
118173606
93687723
15472140
425476514
124540289
27975918
11180212
1140648348
107135857
148389000
17539497
14615790
19942100
14156343
478886476
68814545
122488668
16929600
21715246
71584155
47348884
100818837
215207998
297498647
46713710
552044121
357648167
267921808
5513142
17137628
44401911
34964065
807169460
101789560
106456584
148128377
552232279
205392468
59130623
557091065
242800713
151936506
452523245
26520417
378099324
20259954
16017753
19201304
17372405
16364399
175455996
75381138
13783982
27003337
17786280
16666806
220795490
48128224
20600024
75938707
460508124
1111713644
552796139
127896978
347041383
18487522
69781104
30261067
1306289204
560005962
252721048
16826617
615360211
23105781
30692099
140093395
90728698
223554780
21959183
715123189
529791470
133127936
1381142083
476209692
18935711
482230623
393562221
556051103
198567769
512174178
707469228
399655298
43444196
14602589
15867418
453527641
23948624
106816456
58113278
480857672
16337846
54320038
16271167
104851609
1364930179
25959946
104446737
21669021
15859033
18126845
69480815
124366284
257120174
25085215
16578473
418593240
294120449
52698165
9245812
16364711
153973700
21702539
19167293
245220581
246961837
17746914
21027715
210862000
91386979
15298971
1339931490
22891564
21740857
1393155566
25034792
9626422
203132018
17553400
300552750
28162128
614542142
49729058
1410833198
150686538
487760032
190360266
1339835893
208784226
117612526
52392666
272019676
21332200
19206876
76715323
219058303
214933219
19669207
259918701
460214608
158412624
1268237648
249410485
1055907624
1092979962
138770045
1071840474
1058717720
22053641
126171100
52052011
37590426
16261445
234057437
185013762
11762572
219350591
29762519
158398519
248735463
33986037
15652540
20097362
52763059
63262233
46729604
78714922
46774667
48624862
36948268
7905122
2053051
41909059
14940354
13493302
24431892
69010873
23359675
20280088
24913074
3335531
10433782
7136152
25562270
78408666
85615231
278384831
173321172
40057701
1045751
67461504
18021517
17819642
36261323
543742007
123755161
110541296
15935628
14515799
44295213
176512266
260786984
716564185
19089116
240199983
50731463
7301572
65466158
14328118
1294231
2132641
6193182
14097951
18327902
19417850
19744978
35256177
74840006
15066271
19661363
15955754
19506790
575658149
21983925
176541271
148491506
48802204
1285266390
16930125
17503180
289072583
49325537
10221272
19824059
15159913
20015188
18036441
19719380
208120290
460339305
114756202
18622869
36681590
24926288
135931182
141947171
97910289
105242077
27225542
66369181
8775672
30989592
39311638
17004139
135713596
326929954
118730543
171171584
48144950
90077282
173999134
43409523
369697377
95573246
80944550
309937733
16340501
14529929
17074440
20436059
76456274
335331533
15174710
380409714
16967845
17451742
407952593
153558139
32774989
19608297
20776497
17409240
20568127
103018203
15210410
1106501
395379964
91180720
92572677
238259855
1093090866
15724082
9862752
5695632
22642788
24959108
48073289
222953824
19402345
14050550
450941680
15923226
49992096
306336521
29845916
19682187
380530330
27978179
22019881
330592913
113692424
913586352
255719070
16228479
57770539
142053410
575712418
92383771
22924446
96405362
22185130
1342861723
37479326
1217264977
23247996
460246990
90614279
33653195
15430418
718468320
115745371
78669790
46417885
314037743
1281405877
39092982
1330457336
19847765
36683668
242926427
38285038
2425151
152866991
607856488
942156122
1071102246
825803341
65991738
48765154
586847490
614556540
817268
5746452
9534522
14165170
14434070
14885549
15199539
16026783
16444606
17265327
20593217
21328006
90407034
110755266
155680896
238139362
4517721
8834882
10952962
14115912
14439168
15756974
15852861
16328195
16949403
19917436
28405191
114602310
235205538
376851964
245881075
498991565
98734027
14245253
14343727
14410756
15235829
15723971
25112718
46007413
95506425
96366316
100601004
102477448
151205768
49677474
131969025
308148436
263733802
285318985
266099403
14732526
18867053
11930482
13787352
14849041
15022464
15916280
16149614
16300786
18208763
21634627
25326689
38232102
38720373
38965687
48393459
48534088
70736745
108464210
114896425
183351903
183735745
23999515
285803255
286332740
382983174
569244581
589511694
15565115
23663116
41627437
43143358
85752527
232951683
272070001
275277820
431385079
522597521
815537496
915514734
1144580053
49744953
50776928
89019164
15780280
16073416
106135104
109257354
154909422
329913473
626983614
90725320
146099226
234361966
253604734
190405082
231819250
388456346
479146840
132694486
559069399
74215835
25145734
18282118
118725527
261876726
38920275
127051018
235303195
330651871
443408391
714654367
1140123540
43971189
167978012
65763545
123849601
80904487
337484659
75140558
80303224
40354523
60251956
376651821
538582015
305099984
1074410198
413546220
278194273
38755755
183690167
64920871
344932511
16698389
18580432
34022952
36260866
39279393
48075643
275136185
370113964
17998609
154985728
159655293
234467536
242944499
19186003
21842781
217550862
362510239
9300262
15993122
31447311
77920769
110004599
165204211
179546580
234493276
249348169
16018516
23578274
53222666
82509878
204599219
340997626
347894663
370489880
12618392
16314506
17289717
48125246
136550204
163589845
388468632
407013776
20639168
31191534
34945813
73591405
85733024
113119062
45436317
244136352
20543509
63551423
324169263
36511031
646893
15695509
21943064
31464192
39564433
40860228
53127197
64515574
92183278
123626342
128288109
143923948
146341446
172343542
172974830
245983319
256126425
289534571
413223602
577496409
33934492
41416662
106976390
382390567
850414476
1031892066
18351581
18229868
22695157
245891006
10755542
11179192
14366976
17290577
17436250
17877122
18318642
19476868
21768766
22387220
22895484
28258330
36510873
39245720
41940910
62316970
87271106
85859613
107163055
147666113
168295477
168674628
168780835
196186298
216495966
243840731
247033019
255347566
258885469
259395895
281196299
297071736
326369670
376327986
376874857
486997945
577685565
599454226
620069722
774478651
1435777862
119784192
16878156
76348185
110823581
16317567
18164662
28172926
73147282
45577446
65420357
24712487
27460439
27511061
41602160
80111587
88007912
6797952
16250929
15617668
23466918
242418441
14763834
16081831
18825339
23455653
23768237
160561302
221563863
243337600
261918703
347395654
398088661
745447032
56440142
370800528
32472117
502279992
1093357892
551471868
471728005
34190061
53316672
52465918
17918663
23477402
386705728
620504662
1152294175
816577867
613652018
318108339
345764404
113213332
141339723
197327384
208742102
788025169
251961301
87760251
15967775
26446089
30985270
24903755
46141664
46498578
207689420
253672400
57780267
50237365
67443981
448722032
19562668
327687383
346866374
351012404
358209309
360739343
387392928
22013822
34864152
101621185
190515335
249386301
250392576
252324440
69659291
167155383
260563858
265068005
268489118
286918936
291743393
319207355
19849657
36407686
319250904
321667890
105253694
340191994
348614025
365157294
374292521
375308652
348088037
483258031
551403591
568551400
531628496
576807230
95824368
587766766
590330799
128493424
263892195
595654111
624879911
760617043
19543739
22418237
56496499
51696300
59075952
71633425
84792182
29288466
16821120
167546749
168979616
243340579
27328460
322238322
585141475
183872536
37538706
73265339
92551013
38675997
184617362
209831399
26793912
560727472
393241277
216859302
219876125
9918632
220482536
225135782
479987947
272667484
170173075
227496857
195604688
24061889
22974378
242169526
223585648
228928588
243808756
9567972
244006562
244746656
22968870
78774854
29495098
71050670
77092809
104936571
229380911
403081467
15201979
41178510
90503251
155572186
339332911
15971215
19296086
23372163
25427470
38748615
413612344
314770217
24904906
48522806
55408819
59376978
71122067
83003460
100050059
164445566
265006261
385535253
398880942
928133052
1190941429
19654452
19923144
45772072
17160917
1164511196
15756288
17110579
19614062
20218272
20104539
22098474
22516525
22743684
27679171
29301515
30079336
33407384
34800586
37790264
38019257
42186284
43076572
45270894
75614323
82205188
87635607
90986281
91440175
108342144
133188034
173612567
184253198
205950333
214149958
250836872
262414580
290173464
317462386
331759868
331794703
356316838
358583725
358741386
359149660
360042901
360443572
361870867
369819677
374806739
389143539
390250178
407183520
408649545
413181972
415937016
425216345
430034239
438678588
480069856
482440559
487751458
487832405
494292335
506734711
500048837
507939974
509057086
512485527
519038656
524577743
529522793
537437060
539174524
544031947
550517801
556940072
557109197
557240324
568741176
785691284
788274686
791710561
850147003
856993904
876706980
997500350
1010076786
1012656818
1030649690
1034293638
1312113787
1361037511
20650150
24120037
24700403
51089588
97752150
116275721
154669818
176821694
267916759
299890075
346282387
414922565
125770404
577353031
1383018643
75135313
127385057
193888198
22708540
316923060
23713376
198569832
128982214
288365109
245693141
456924391
935693521
906450332
946461516
396647272
755697708
1071892562
557232911
323934470
13251122
516190408
322852840
282676730
16789179
20173468
22040395
25001690
26136077
28918424
33803033
36044130
40730104
44826865
77911210
78658770
108338444
111230413
151574384
153169765
159191482
364701198
553199700
1025283554
1058247008
1390632607
2045601
29846065
31454635
48817182
81283400
17032219
24061071
56800064
56826069
56831153
56833229
56834815
56837874
59190026
72614802
76689268
110645338
118986374
121854793
160921387
160949188
160949722
183449766
223772388
304411991
336970371
347560050
356338061
384438042
401562622
442297716
531796962
751821192
809459592
443038196
127617328
607575156
21233876
96618211
239648574
757980397
39795522
40165966
64514523
90341856
19929500
48112381
26972197
48016777
114822821
102891975
376182589
45961187
83893850
65959769
393546388
1075854895
38730066
117641233
193926032
223660889
240466175
53771648
337742544
520794414
19981177
431247048
263406208
141005727
51903648
401009475
430023452
17588050
66463018
102520985
84451966
279631477
88808827
256266612
25669535
72931113
1071726726
393545309
240742566
321780508
192904199
146113335
237578914
30319060
249483611
229522653
391034603
21937101
56482687
104870447
31591744
390306162
40993783
50051913
26870330
15338625
41484276
42968224
40452011
22208943
43387419
75090645
389389438
30494276
64800791
65232726
625125909
267453862
88566062
433079512
432720500
1155509762
991894507
290288522
20371915
344300902
338652101
15536445
43160782
367173870
160947496
23634358
469612967
446829173
1061385474
11143032
14571751
166518707
1262814457
1128856165
15442036
1023020557
1061488104
131403477
50088703
739701876
566393663
116597136
154902138
539794743
258886205
292000435
21883685
16248895
522630143
196718521
15984596
718920278
18737281
93903492
373577218
326255267
30859756
294301090
785414496
14997838
50171085
48553660
989683873
26883852
323393048
23738192
938102120
381055632
224320485
184136149
130945778
91426983
236951091
1289321
62919709
19796676
22088337
295791630
16825880
26188692
142068311
15837788
26612374
357035205
339997886
191497731
158113531
22669526
21019697
555287830
816653
242349021
261096432
50372398
950783972
222285792
260396714
1055730738
17918561
54445576
846150961
14885540
81644488
476256944
47404357
98809456
58658349
78613092
144756663
233614491
17149296
109997146
19316142
57815864
154932795
343780459
7379252
50463206
346715781
21004757
253650867
22827710
327165354
158491860
271626903
355973913
331927969
48888450
38474714
60773989
119475051
340422934
22278303
37008978
263275709
174734695
78966686
283597514
393548385
177800903
18482570
44212468
40947767
24115243
132254256
167207845
366809835
360038125
102107828
227831983
17397536
102424662
409477629
39741871
280662252
313564355
138543801
437688995
385059596
171998881
373525901
288575065
432968871
263409415
155695049
361372147
446899501
352555705
454834576
32558191
362059458
25586687
330077090
461441367
85496865
57486619
135265249
322304327
56486952
330667303
10221312
388994989
494664403
465046008
92854623
16400481
73507922
259516062
80895212
515572520
360336923
518859787
462509559
331202769
19080900
525610906
412716579
107540451
25426293
133153071
21277898
58417045
21276743
28386958
168950266
557077835
103039789
35774426
12792422
14776082
37541274
60708893
330630191
321056247
564704584
558062184
319175924
588589860
59519728
111052205
16296069
103140276
28423163
405012355
608516614
606457081
519718479
611487651
15651412
617334649
23112729
619366288
552335241
519805359
49851003
629084457
135000127
507600656
31033544
45790181
361392002
1775251
456144994
543551768
16478316
84118890
712960718
485972397
16297707
17643379
23626984
17974478
72954989
30803128
20954885
19461723
39293807
125447797
18646108
16339199
338652300
246994692
148570475
27996898
102146186
66445508
21696117
23789962
107254161
32156433
312218723
58514430
16641041
46128260
113495725
17910554
21251668
18618065
25388571
11771512
61089546
69356392
33786549
21265319
11275022
218231308
636162068
704323417
27766156
273793069
158806099
26571623
14670034
403701173
542274299
14427403
373065761
428813865
444689915
18966253
20237530
149591743
418444977
105810697
30130169
17014234
731167752
543749404
369763984
545659241
547383088
547792840
417671489
265626734
26362937
234535792
43236849
500011087
43233267
49770926
547172623
301003599
494321381
481588298
546995185
241392958
368143873
493325599
550404282
574089632
561447901
455931697
298366010
87742777
422152665
572404629
594808976
588463015
595026564
599027999
325954239
100612181
365760436
413510121
15113529
612914283
527080570
552342300
246480710
256858113
134399075
637350617
634898491
481661179
705949747
530867851
631507705
326886533
30984561
605554447
726368676
556227101
127932465
379625817
59178730
49707002
33057691
104255438
16495698
14271471
38798649
595680218
366154108
57236807
614054138
27860681
82282572
21252618
5741722
33530012
13524182
11856892
50325797
28049266
6096642
158826094
31534918
159609655
104299137
33222598
20295222
218982732
22109355
48388417
28652194
244128288
293856165
233985354
596964216
101843919
38231345
9311472
232246273
39873349
46958395
161458171
95966598
19757052
81236826
21678449
70805059
26091912
32789910
45905720
82434161
19029562
19167323
76263113
68900646
20467125
46775665
16814152
177632530
235660300
26413765
26077408
32960493
40930189
24756770
17552913
47474721
48120039
34991912
14566792
14864663
39589819
23566820
289592991
37512560
10924592
16425668
216887490
18220334
17501325
39422298
22897708
18751795
23221336
143948987
252439706
43951581
8268302
15859768
137456614
30354991
5846562
69674165
41905308
22649781
16891631
120265307
29331434
285396721
331806376
81945782
19672966
16462880
24591063
15653186
778086
91645639
48756138
39439294
249847056
43657730
55373009
14822784
69624933
204848746
19176429
19198704
31488591
73064721
15275791
72954673
36216296
23644679
158450841
19417197
174342468
16455561
37257679
268432446
6184582
26830440
21865953
86202302
22537285
48131559
7027262
2085331
34745516
211339845
35246396
48137535
128636571
20794340
28006093
191661870
16289752
36143262
25589526
16043494
11861062
17820753
177262342
18814878
238749712
18594418
14506351
29467516
21248379
21249970
74939579
18560680
48115928
22346318
17658786
24424732
99157285
21913389
595515713
171972003
72957895
153078862
133832049
28218602
22598369
20786801
10052192
23651648
52454945
109374755
70526457
47780645
48902168
262396200
17070113
256788454
171918909
412549759
362265850
214245942
17693641
20191140
538579549
21074144
506382311
444394450
20255880
19711765
441630835
79501277
217170332
632240551
455224623
632307173
35021563
100407113
140904946
81192115
620976010
29930067
381534831
494854364
17570542
16662356
283826229
396249261
109325237
614880925
46502985
38806461
83645644
585441089
209416985
9496922
27388853
706529336
63600456
40310970
707515194
80150239
112929575
220747068
708051440
61349226
176308979
15987996
57462472
97298204
538602875
78551301
132062287
333746181
613141533
15145741
37967816
431011093
620130331
94658367
717085644
56831445
159361938
718576064
40705913
104092154
14609072
36722692
41761131
14874499
139894368
370518790
63606042
19172412
607639570
78033901
631433105
30970382
22715301
326665662
237320311
32407520
322353283
318053748
591214667
126311323
21108764
41886158
202258510
34345897
279140534
69970682
459626159
17729146
58958550
228668350
620513807
729931418
50087806
90773942
47299083
261504881
16031909
327507749
32772557
727534279
608144488
290254225
38057913
27039968
14238142
123978593
14740319
244148773
17163602
292369993
39803304
21135703
65580030
26372028
52090636
8249162
104374465
14269486
46721239
46964174
186513446
23133240
69651972
14289841
12306662
35842229
50430747
33911920
204496716
65406315
20994117
34975561
22319601
22086402
17015905
45593375
121660235
14233497
2241221
23556061
395615194
318404938
16467958
81501930
326488956
8594282
14955620
201146473
29476669
176864204
18512632
19956153
5421522
39834474
43369337
21065825
14270650
107336320
94824911
54266775
19723879
27600394
169228620
8417802
14234689
109918596
18365936
16014883
15637134
18103385
16261627
114541323
578650970
378752087
31532083
19849635
394982550
19354391
17633277
19077837
147649517
35027698
255204950
500006044
323428251
23979328
24439201
39155029
18783905
33985172
34315765
290212319
36587887
66897269
18345112
23707740
754485
20882295
21304166
10042372
224699725
15691466
36199168
32669249
190746982
20599580
69359090
53104326
75104595
201901061
15726481
45873694
47177563
106516018
185097547
63036538
20602544
15088450
23803388
439717095
22071503
61782928
31496613
212430742
27157593
69212542
8567392
56531805
28166276
109652159
18320576
28675973
38617821
70518118
69323954
276567401
14677751
77032777
18736942
335537750
321672612
459784781
41764193
21918310
70489839
573965125
17566659
110899711
16105705
546249408
82574583
195546843
188760481
621264566
9677372
187043060
191610496
389028352
15309072
169159456
64558513
38981027
281334523
37740481
31611298
474315102
446568165
267938462
22509548
409486555
184841185
441076311
19918047
111334252
25607710
19036037
240812994
423761379
426599739
240290655
166405793
148537792
193872188
10454572
47694175
20536157
33591713
2836421
158414847
77017567
127539363
16955991
22650211
244193260
102898542
21925506
303861808
63004503
213466282
385429543
137631355
34743699
190746238
11269332
225207125
7383122
15656406
14268812
33691779
21145799
20528871
18686010
23967554
138787319
54349770
788524
11857072
8839632
185828903
57251944
14173315
30939857
27746453
21700326
15741092
17070613
20219585
24057044
117876714
50757122
46828682
97011292
75424232
57371929
8942212
45069807
34049347
18610354
12230992
38079474
21346215
18987760
14775998
18148517
76837916
45937570
24939210
37735734
14717197
18255506
15065156
44948516
27069510
40348386
9252212
171182107
262719228
116917227
7215512
22849425
16162149
198667178
22370838
33158891
16072058
5336752
16898332
7259302
18909534
20508720
79743108
14858000
97279431
282729017
83212179
54608969
16742420
136300373
15220768
121208310
32661670
14430609
18385701
56245064
116837009
6708952
93957809
783214
12
13
972651
1344951
15057943
114889732
16630098
16568227
35749264
5225991
17681513
14207863
8223872
87978312
17844854
17471979
16245822
14511951
7744592
14437914
20608910
2467791
5392522
4970411
5402612
3108351
17629860
4119741
14677919
12133382
807095
16129920
428333
20245775
28785486
14606079
34713362
18665800
742143
21982720
2884771
22799750
16616061
18192818
25087685
39250316
11856422
18058609
27922157
15368404
1769551
6794502
14282672
621543
10791192
18999585
15134240
18170896
15587500
19658936
28160998
14322455
8161232
18949452
20402945
60628575
13201312
14361155
62605366
17467699
15433693
17539739
20609518
14055301
14700316
15947602
27830610
11695602
14886176
19397785
33933259
6519522
16203586
16834046
85289376
11695472
50393960
104530954
19621110
17232815
14086764
17899109
64078547
19884282
16581604
7402662
1917731
9855382
14159148
24752484
16348549
14592723
19789294
35743863
16224459
112909632
20068053
37050475
61630019
24029439
102515617
22205117
67240798
88787398
109071031
18313192
15164565
36771809
22506222
62880992
46156272
15754281
26083271
1947301
26792275
49706919
23232204
14434063
15808765
19777359
14774189
50073507
59676104
18528834
17494010
38349184
233783568
21111896
31236111
46557945
16187637
52070270
6017542
21812172
71294756
15443294
252249233
15902845
19362341
8128442
17605462
288389036
16664681
20928192
26096983
36474003
14377605
20746988
18256302
85131054
262511060
12272322
15689503
35121263
339852137
16012783
18176668
17831464
14224719
16157855
56249642
138479037
939091
21612122
48801319
32536298
15463671
16303692
20182089
21957047
128339283
759251
104614891
20818801
14293310
15012486
56752200
5988062
244655353
16303106
30043495
78421007
33155502
19744707
380530048
161329769
18713552
21263769
63246339
58928690
55355654
84625697
67128076
33815083
61853389
115911638
31127446
193732179
21789095
60828944
16636604
18343801
28401561
119610949
15109378
14597239
61258536
45630441
21380749
87560828
109595792
153865861
35823945
317226055
247334603
14342564
78445977
16342316
20873135
16958346
207660339
29758493
16316776
15507433
19734832
18174520
305216911
34113439
1652541
18678924
11347122
36719281
69181624
14345062
69662815
62276365
157822984
22794611
27901418
300507823
14384907
46221953
19633606
45572936
29442313
44873497
51241574
16683301
316737624
26604029
15458694
18172905
108617810
18655359
60919240
325830217
17220934
15224867
15210284
25374806
17961886
106201241
133167440
18480494
288751432
17926257
100558026
189338783
33142966
242892689
17324527
26038112
38516217
25973266
223917014
21870081
125353844
199478485
73413771
14246001
168741837
18137749
36690729
112630438
20179628
28143682
17006157
24762734
14412533
14616022
44783853
20087888
24010471
38036372
17272677
291903997
292990703
151074815
19781646
56767953
18169025
168552094
132043698
40359789
30929600
22162854
16244789
137794015
84119348
119250381
116908569
97465432
30032666
22938914
17487646
16674443
24195214
59518665
41655821
21224647
59185837
63374874
15458181
65946380
260785890
41921176
23794763
69489370
103017257
165791468
15922214
19926675
26424123
22650398
12925072
21684013
16789970
17993906
108376246
214200223
192955168
15893870
15918708
133872807
17487795
158007643
18518025
214693975
76936279
12733642
18029055
61214433
96195724
11348282
80628196
16669075
7152572
17967675
14199378
33998183
6450322
66369206
19948202
17366486
19112923
20517132
19665271
131144091
106110662
64629326
160998333
22789766
43484759
39830136
813286
16212749
91222570
14749520
19418459
31801993
50452197
34638973
82649553
28599820
39249305
188019606
239949176
242426145
115979444
249348006
247486443
73181712
153149305
48238515
26267463
23092822
63778937
40819141
14411304
16116649
17296072
15392053
16896483
73481086
161380428
30313925
7004382
31128529
113420831
20437286
15675138
116324294
15954997
15361570
150724371
15939889
76091017
29507540
29205600
14615871
88806753
86697288
43920155
9624742
9109712
166252256
18909919
20011163
132201224
16583468
140519774
25781141
14984637
63169388
229873610
44177383
7356562
14062180
21406834
58581480
16621525
107508003
132245104
109025212
15764644
22012091
112740986
43963249
667563
