295685416
1154894353
422827850
64572982
390973130
29401042
394351710
26548841
16373878
540122045
2308777051
27949583
139550237
2953922782
2965083477
2973870195
2966758114
46221953
2976606250
2975091705
2964287128
2932617195
2852998461
2930635215
2953974395
2862577383
2929491549
2914163523
2847221717
344814087
1249982359
2953494478
2976598347
2963445730
386092483
2869746172
2964526557
2964222544
2914571740
314205957
2962923040
2856787757
16317397
873819098
2978291435
1177437224
2853309155
2966205003
2861616083
2962813893
33055408
446723616
21252570
1660879495
415715175
15302965
62847435
613725908
381724050
29235589
15007149
20879626
20115740
47954642
208931294
28423263
26653478
36676406
19808819
426802833
602997805
77032777
154252277
26574283
997285801
271441733
293120622
44309594
15008600
19918047
221068485
37481291
15444711
18697188
151140821
450019803
17959210
171947176
155005734
334162338
1071402577
22195441
64482503
1225814342
1849261916
1499993378
151106990
2353605901
314223728
1176994477
5336752
27044466
39419180
111021184
16686144
1883356866
22012091
51611386
17235172
59536644
185868832
2194467816
222666657
236479311
2359926157
144986277
18060563
1055907624
166235477
16613128
115749048
17469492
21114659
285198536
9624742
1543986138
1479821083
1382011333
36771809
23022687
88784440
76348185
31285973
1322558402
906782533
456806128
2255182597
912608010
1096059529
1444015610
78403308
45399148
288308178
5695632
75364211
538185166
1093090866
1330457336
114607567
114896223
242772524
1339835893
129879105
1305596696
22771961
15309804
16669075
33919343
333692333
262756641
78408666
229966028
211588974
151933315
156703580
212262370
254082173
15723290
26637348
15518446
290317816
15212187
38109656
44209472
114484518
18182408
41868336
59331128
455306401
55329156
258885469
252888830
14841020
16882190
16125224
476209692
884875472
1089418225
188845221
1526600564
60622849
47341545
531627880
893949078
2291626988
1074480192
148376661
893953040
18868201
1004855106
475988505
593893034
14281853
103065157
2382117350
14104027
46764631
36681590
155642785
16303106
173999134
135108504
15458694
233737858
233693291
234822928
233761277
234053893
198526130
222286905
240385577
240376522
237862972
234573331
249339682
249219716
237944147
234937222
240363117
242873057
242376736
241207373
249288197
45149577
237418907
325830217
299883942
236899846
239964567
309267226
402719755
50715793
20281013
139738464
82167518
81139286
584012853
976969338
975200486
1045853744
1051446626
1058807868
935033864
966442267
963480595
1058345042
960962340
1072008757
1069124515
1089334250
1058256326
1074412920
968650362
18773159
950328072
1072382221
1065995022
1058051748
1071900114
551195347
1289319271
1059240924
1077446982
1155212191
1092757885
518644221
1623308912
86697288
1023020557
44783853
142721190
993153006
1048784496
2178681566
11651202
2253968388
356628876
55394190
17849496
384910109
1137600571
19785811
234540332
1128514404
114388293
207695569
539574243
1209417007
1058460818
1074101017
126629610
16137716
326384945
251105718
1060370282
1138688364
257582789
1060487274
14742136
102086868
1131917492
9763482
244655353
49263032
18467691
301232454
701391002
195746953
235312723
174369509
296361085
455764741
22451908
500704345
252592692
404422077
205392468
118854018
236916916
153181367
17881467
240760644
6999982
278145569
112047805
166990746
17813701
36452050
851621377
960696949
15164565
19416225
254117355
15281391
19557657
239871673
245408102
54885400
935368364
65804986
14845376
193785644
234370900
381287307
236487888
33998183
61592630
80841965
378848483
377534571
211293295
26104632
706200062
761464387
251903434
498585639
307633887
216826965
516005848
48029066
56749157
732469321
118912823
48043084
87982425
295105662
337941418
45654844
772039850
128658514
234057437
16732234
238251587
344264079
40567897
92810884
247486443
27347950
745447032
14870670
326255267
89005882
281540744
17539497
19258235
20600214
229592356
95713333
34713362
24578794
264219447
90405702
212702867
15066958
5502502
633
21348368
612327283
20336988
83930407
14280054
246769138
216881337
15478375
342805933
113783763
760126579
240790556
18230440
19539082
7819802
388555493
555474658
600463589
291756142
701821488
733751245
250256594
37590426
614608341
47723728
244701234
14725870
201802474
335476450
565058193
331840190
57111966
18915145
6332292
15113565
156975310
28945954
324095750
135931182
161356025
461846801
21326212
485441498
280664117
16911432
54555594
237299871
19418459
15837659
103087786
247723476
21762137
512176642
258021307
442597093
343041182
84119348
194729373
296504106
116341480
28049266
221162525
33750798
15976697
272542662
550401754
233842454
23578274
266133081
303394187
29598035
33504820
193872188
240393970
21615146
426877765
179971182
588554080
335406433
86879754
21435168
46927338
498308303
21675771
312800783
342887079
17061263
418991627
6576292
245451804
88806753
22517990
6525272
213795411
246824198
215021528
214693898
83690398
237750442
131144091
15531670
613731891
22055226
234906311
18983793
339822881
813286
263758909
73181712
21328656
26777550
237348797
102488708
20437286
305189255
41402405
36047098
130945778
21401160
19426551
22129280
131546062
21301913
282093902
48459553
117654682
40303521
41374504
44935627
16581604
20733972
196168350
296245061
184136149
259395895
48802204
16789970
248699486
234812598
314335929
235217558
252819323
137407124
248850174
211901075
30003842
73238146
23492750
450941680
35566561
25389194
25101996
17896154
233695891
203226736
234837632
64723403
2735591
364564017
380581302
402029058
301549400
76707735
63650107
392810019
266830495
43919633
37094727
122207745
44177383
16187637
186881077
237763317
244268646
224294785
242926427
143798379
209792690
14007532
34310801
202206694
224320485
20402945
223970563
17494010
222622640
221793778
235271965
201079432
240427862
242761889
234469322
5660532
217543151
252819642
233557728
239561508
211530910
235190657
235258843
246341769
235251868
237403203
33655490
237781383
110545675
237814920
193794406
22928810
35218566
234797704
237312687
17544524
221447516
235289157
233949261
234128524
211420609
234022257
213634439
218349372
219429281
225921757
224391627
234057152
229197216
119899270
138977055
15727317
14597239
37281592
16698389
7848802
4207961
19674502
49715850
15399512
21370475
34036358
104342107
34371118
43581352
9862752
39155029
82643763
46662081
150110556
27882000
14335880
15677585
48038024
190328374
18981785
10228272
1025521
8570392
93069110
79743108
14515799
21768766
15463671
5416322
17044233
48847011
17291393
11518842
20067354
8162322
20474813
21307076
79292033
80111587
58379000
18227519
87276081
98719359
21316253
16297707
20776147
36474003
1106501
47677916
50393960
47975734
17004618
28811251
69181624
16250929
26792275
62442994
14511951
52419540
34964065
61853389
73198063
89820928
85131054
32765534
46817943
93936786
154591966
91478624
52070270
97503010
109280446
17973421
46681100
49140008
16184358
16374678
17918065
11892102
130600206
120295432
9534522
65691824
80136311
37666984
141990034
14839147
14800270
131204770
20449296
1344951
10878852
36082429
43409523
21252618
161743731
38057366
35773039
66369206
29515247
8953122
14434063
59676104
27245742
14962779
1198481
136293558
137466464
2557521
40923070
36396752
19291441
26820275
22642788
48144950
55009164
70442821
10221272
63832762
37050475
75375556
123457588
43161025
36393171
20109439
42958829
23016395
86141342
120129682
51241574
20094138
4898091
7309052
17134268
7684882
34023198
28614262
103060329
107125748
20177097
113758100
7597712
118756393
110445334
16467567
128393253
50769180
158769098
14199378
28468549
28576135
10126672
31310158
66369181
15535860
19611483
18949452
136300373
92079350
119784192
136250134
18622869
112526560
16815644
50073507
85606078
84620376
18905287
19186003
14120151
14924233
136550204
14677919
48115928
20355172
8216772
24904117
117537998
18665800
91195102
89027732
38752658
94053946
22545491
86751409
124224165
123893528
54412900
76649729
41634520
80638910
20182089
58550415
15987296
30043495
90484508
19926983
8731312
9616062
42703075
56413858
19268706
20378448
86129724
21394764
21525246
22047070
20928192
15065156
68824441
33591713
106516018
117777832
114756202
113420831
113047940
108416848
19309926
25589776
63004503
108617810
21797658
6742412
17168586
18097821
15304856
18963809
75690416
73410119
9648652
76350004
78369108
34927577
17513576
21536398
24735461
108351020
55076952
17818461
742143
22814630
16664681
14703188
50325797
32576041
104914594
78431501
73303753
6519522
52779839
39308549
22703645
21434408
24439201
69773058
28178127
14426369
70751440
47665691
86364947
19932709
90077282
70756980
12354832
14078808
71294756
76132891
65493023
80698068
6724252
20522862
21251668
24112747
60763047
71627462
50055701
21619519
38495835
85634199
51228911
46176168
59486472
29898014
74198348
76452765
72602815
27090222
23124635
21878458
19216998
18277655
52503751
37007274
27688281
55677432
75367781
21111098
18061669
21157904
20444463
50152441
49964679
26083271
20786801
20508720
14587949
65502117
7152572
26424123
16742053
19039844
18083519
20076659
1652541
49304503
20545835
26033435
54642235
18220630
16439471
17469289
14885549
45190383
20243128
44401911
35474809
18767699
17112878
6577642
9411482
23808856
9245812
14602259
14352556
15679641
14085040
32353291
15224941
15931637
14803701
5402612
27901418
13850422
9567972
33977070
20245775
14062180
42924141
44914646
29766367
47739450
11348282
60984835
14224719
56401482
20192403
27744185
18776942
31127446
47694175
19405365
19417492
46002396
41445718
48117116
16072058
18812301
17629860
15647676
16012783
21228708
16444606
14331688
19553409
17409240
11856032
23134068
41363507
23176276
22956220
30253471
15182074
15210284
2884771
28785486
22685200
19929362
24183358
20209807
15773898
34340464
25086658
32010840
15966258
35829796
13524182
15359578
45076934
39510422
30864583
18226567
14173315
759251
18812572
8839632
32506723
14075928
24959025
30264308
42086136
30313925
15012486
18909534
40522867
24703826
20733756
18566912
15738033
19354391
11771512
18018355
14478046
18915795
20776497
15436633
16898332
14268812
12272322
22650211
5693842
40116885
15210410
37920978
17454769
39207632
783214
9855382
29216764
23970102
31540671
16031927
16032925
15513604
19771248
37764422
16311797
14345062
22528309
20245031
15224867
8775672
5988062
20020575
27311044
23394127
14074515
6123762
15741036
11270992
16689723
15075753
7039122
5496932
19926675
31212216
20346956
24220644
31191534
19545381
18906561
35027698
34523410
33222598
5120691
23103488
18592146
14344823
20536157
28176898
27676828
16193222
21010214
15745368
26420738
18646108
4119741
926601
2836421
11856892
7744592
17872744
621523
15675138
5741722
18967498
23970171
16334857
14293310
10222862
2467791
807095
2425151
15856366
26778110
19028248
23951197
26051676
24773493
12788332
972651
14411304
20546536
13
18956073
15754281
428333
9252212
1759181
25755336
8106172
4923811
14354476
22527499
20015903
18170310
23976316
23712174
18317325
22509548
22831059
21333396
7259302
18554798
18020081
18444665
15207668
15237014
16364399
18124230
22508473
17910554
15335534
15641893
18978553
7380872
15689503
14270650
16371887
16157855
14844867
14216123
21269970
10929352
21301933
7402662
14662354
3108351
20608910
18805644
18678924
9532402
16143986
21220931
18451200
18146481
16129920
17074440
14246001
17487795
21674448
14529929
21270032
19781646
19740592
18172905
14854961
19302840
18811140
18026634
15450996
657863
20053279
15922214
1917731
11611052
1367531
20873135
13179562
8249832
8249162
21128266
15352503
18805303
15159913
17513304
12726012
19658173
19407835
17800215
15356407
15116570
15600527
14275291
19139963
15281676
19394188
10102032
7270292
16721061
16256269
15160884
19726613
18030431
15751083
20467163
15581825
18217624
14904437
15661604
14730894
15394954
5283382
12044602
10168082
20713061
15428227
17976923
17546958
18916432
16102244
15731751
10419
2704951
6577802
11134252
11731322
18891923
10615232
13218102
14745164
18144612
18497595
14437914
17993620
7116142
17282430
14620003
20174627
9300262
640893
3137331
7713202
14300117
1626991
3135241
1050111
10840862
15416505
16424044
18166778
14415941
16045956
17078632
18029328
15731368
16887628
17622723
15918708
15988710
18791763
15923226
9508922
5357812
5561412
7622512
