17213822
20448698
18958185
19669207
1093090866
231108733
292990703
158398519
1536791610
123289066
37074061
80612021
2863006655
787373558
20437286
2724095695
227815839
246088673
477332347
1683979206
46470122
14631598
234937222
778352911
627864602
2966570782
402941449
16187637
15604914
572296368
196381330
2695663285
23004907
86129724
25079629
240427862
280695532
1339931490
447623784
167024520
48366585
14734784
15919256
310330192
122162103
18536530
1281405877
1140648348
153919023
2293131060
229175453
23501907
14226882
270033955
42930296
242944499
26596727
185349940
14007532
27055034
256289743
86697288
915514734
91692890
1862460086
480667236
49442241
950783972
114050808
148491506
1051127714
38516217
1064206014
612117635
19658173
14920304
18967498
546820570
316722744
1060984272
40260612
846150961
85726335
171968009
126171100
155669457
135385762
19078387
39249305
1055907624
479872233
192955168
7402662
20552026
330489425
1058520120
776664410
1055730738
1089859058
389840566
34972633
252249233
31801993
142721190
501115413
534405915
443046644
1061385474
140519774
19318314
25781141
28599820
233783568
14135426
20002401
325830217
24745957
5392522
48086014
15954997
22669526
18137749
111635980
29450962
28602948
303861808
156132825
17093617
15442036
115979444
190328374
343072452
389028352
42085971
24178302
22199800
266251223
23802459
18764776
155585373
312134473
247486443
193872188
84119348
115111016
242426145
258900199
16374678
476256944
14615871
486821128
43880222
168748001
102234123
46424167
27807159
16529058
52431629
49634218
17813135
30973513
103110877
36137348
76091017
92186819
59594745
48117919
340454201
334549491
347759362
39250316
401703438
234914268
340428370
61518194
19775920
22657351
24959108
381152398
240812994
239905257
248735463
414207315
76554519
15361570
44177383
35172509
186576350
21684013
49733381
36948268
193732179
97910289
16489846
78368586
22467386
30313925
18103385
54211164
228135641
44873497
32431468
179569133
42755353
20655096
14399552
24130235
7356562
40277246
64822455
275984322
43920155
16583468
168502762
292679499
15600527
23022771
259918701
150724371
33563161
235373000
15675138
19418459
88806753
21406834
15764644
133832049
188019606
172858784
36686040
138770045
154688160
22012091
43963249
17513304
242892689
113494390
161791703
249410485
239949176
210926192
233693291
249348006
163570705
237770636
273949938
52066462
25031623
72878707
40894553
33530012
19673700
20642650
23019297
113420831
19802879
48126102
