22834517
158756328
17348724
84419098
8833642
22555330
16425419
30989984
46927338
1661473824
46684007
48371608
91922109
111087415
376759677
502196709
1176994477
572329320
1921468950
543585998
21312077
46987447
2546473566
48110328
60919240
123327472
15224867
34310801
71294756
17112878
108617810
110213431
80654397
121540651
35785401
475294870
475988505
13832182
2896007875
48567923
390831995
580253319
255109294
85606078
2451114568
15265775
31228165
2359926157
26834339
59949396
203158279
150078976
17049822
14873782
394234511
16157855
50325797
270679876
56097977
24342206
86250861
7563792
133448051
248829112
17919972
15113571
890641
155676794
16698389
23022771
259918701
92544900
14529929
15075999
495601120
2359823072
14282169
2508224064
21701994
11771512
482419349
22485748
25916881
2540238422
50039961
504135673
1616332226
41404125
225101746
57429511
16261445
43919633
40976750
16726367
17588130
3184463984
15941955
2964949642
21769727
152017960
425889480
81449187
249339682
240760644
21734298
2444387672
333557024
2687575482
346105890
556051365
1725967442
156754398
134205840
1102130497
2315433152
2879656890
2725086014
1880078252
313396909
246570079
246580831
2892912146
540348672
238189610
368395037
1193432024
37599351
28591374
69426633
430235090
14587949
1327675195
106738320
2653987092
2612261960
355894523
41388999
2234825047
65126392
326190894
149913262
16787084
19173787
4923811
48459553
7702542
25605494
785388690
19980084
26279992
18371803
13218102
19291441
21010253
18983793
19073744
18438002
19038768
41584672
418991627
635468537
16613128
97655919
3015501455
2468088252
2976606250
1908143071
325724996
17394502
249265771
150776223
21318168
87203555
237750442
42930296
455764741
3044993235
10168082
16078203
305244482
2213246365
1372853570
7039122
94197072
19036725
2966758114
498326347
795011719
3151995730
117274820
64496398
216871343
2289028904
462946021
109579534
15705402
250912539
1862248903
1950601
95687300
213143566
17194257
80136311
240755522
322256425
18001635
625818374
2744927166
413447389
338464393
2962891515
22368990
9830752
8487622
1240274023
52047494
1702562684
42161837
49457533
2966765501
2861616083
240812994
1531521632
20733972
1668625590
15232967
116772989
208155240
23453250
58814780
21770890
52884959
502241701
19811171
34380619
158904306
364283064
632502730
718360196
718366608
48177630
47364335
135217211
1347160549
1855715155
1278835910
1450286892
5673072
247627134
2649077011
3031543175
2509262662
17976923
848006426
950486070
224391627
18206547
137455049
2975091705
140931624
51759139
43948557
20611800
18967498
2953713339
21213276
48419788
131307382
15661117
1202195552
98649499
85599496
44513878
1578051320
22831059
27772478
56749157
15938122
114050808
275778448
260071267
89237846
2966205003
25819140
183898020
1058051748
237862972
237944147
314205957
2853309155
27676828
963480595
2932617195
49733381
16116288
23585395
997684836
1339931490
2914571740
2970462034
2965083477
135108504
256199223
2310382682
179546580
27225542
77920769
121795745
33977070
310424310
74198348
17896154
15856366
19926675
24735461
19929362
551195347
2929491549
1433356862
109431937
2469665286
280299519
159655293
1322558402
239964567
39510422
47947898
2410005103
18294521
2973870195
246769138
248699486
960962340
75367781
2953494478
2964526557
518644221
2847221717
224294785
2862577383
26596727
266133081
43409523
233842454
1652541
237312687
19739126
20015903
975200486
234053893
137407124
136550204
2750127259
217543151
16187637
234469322
211530910
2253968388
2953974395
78369108
7402662
240363117
15394954
2962813893
110545675
1137600571
9624742
15647676
14750858
78408666
21065056
7713202
16930125
30313925
129879105
17563655
1074480192
15600527
17800215
22508473
18566912
2953922782
17544524
2838116866
290317816
1138688364
108520811
1444015610
15207668
15987296
1080844782
2978291435
17237540
14246001
1759181
39279393
122567777
2419185883
31310158
17409240
169633181
1487838944
10126672
15462053
16129106
455011114
106597684
66369181
54885400
8775672
19611483
64825633
1132105436
151610697
1138167679
