37524685
982873200
2752838365
22975287
15838320
2484599106
1904097380
17448575
64780470
2256842928
17375116
108676640
13967482
2796459863
3289424278
156298565
34113439
633815721
2426965457
60674776
2384352395
3243650821
236279233
2841083248
69717559
1494242490
2753702820
1040153131
1969015014
34364212
123334719
137061356
1080059414
15662133
36426516
456053754
41405412
1216184700
2385515142
106051428
2735463476
986915544
275636160
3060380927
26549696
23070306
19006707
1676310030
36771809
128246602
39511166
2923007951
3346551597
323392744
52757856
1900708632
23117477
61078042
323382696
26834339
820236583
224294785
235015924
346582327
1163289980
1364442805
843540410
41248089
344773737
770121222
183351637
1454750617
56097977
14511951
271441733
2820447172
1510548776
2155337196
729378276
2687860694
385446434
22080646
380344760
43879159
243028204
453996693
133448051
78685011
3355308939
24858418
40082907
2189027472
348243433
2170310648
173996982
20472454
2771640678
1022124356
2474162454
468499741
3305587731
487645306
733967352
438387091
3246441712
1611037010
2348855305
2996365378
18482836
29766367
100647423
277567328
618563130
27737970
301194322
1927615975
399609441
16529058
567653738
44397881
984772710
601931029
1117966273
23763571
110880147
2913906483
209301256
227004812
3192935379
18481050
2328524790
3332799321
497455568
2469665286
159655293
168674628
3177351059
623005506
2496846505
2153148518
2263601972
349686308
78420819
23664429
383207452
13404292
33998183
15522756
15099539
1267111453
20186661
242440154
29320573
101583613
20058011
263272321
32441546
106829012
499073990
38449898
242426145
162563093
26256260
23727742
2165698122
2838387690
510809203
451792530
124251046
56864092
1458051800
254082173
61843868
171565750
3017621536
206453077
2498969437
100270730
2698712826
347657418
2600108370
1410995166
1289458326
48402654
3091759546
2422343682
438620210
145313067
24917201
933599270
3091320805
1340425970
1781551
172878585
51252500
84449461
26623392
119961810
3242036379
2321356862
31889093
2837860876
385521929
102785411
58562226
1465402188
151502739
22837186
21121491
48144555
34611659
18688579
2405424474
15184317
525730686
273668457
194705638
2308827330
962501042
63528489
128312332
16812880
934523935
32950567
333366611
3241143857
1541813136
17820135
342957470
18037361
82428081
1093090866
143478011
121224574
3033101619
34291927
570233743
172061864
1084329858
3252707188
19747220
228893069
23648179
50300435
310263681
1536791610
3233676286
2401809547
625981803
3236446666
1516022942
3027202722
128577395
69625014
829599865
240363117
16347095
2976979425
205764972
148491506
181366515
1887567536
240401764
317854991
3246342429
570180797
293053422
259013598
262310802
159115865
2411356621
121854319
44511572
3165034750
576982562
3242107007
1072138776
42021261
910311
1068481578
19726613
211588974
24195214
63169388
40302336
1051127714
164369297
33563161
1850058517
111635980
39242835
29501253
93933392
37027482
89013208
2483133752
2794853560
436194594
2919788662
15597739
1009805750
3034735739
32347247
73960704
966669152
547245873
1358312942
39500848
189252968
15893835
319604309
18938912
2843582532
15010535
2739262472
976836266
173834817
313530984
2853817409
460320351
2685261564
15356407
168502762
46029002
21268713
468122115
45053901
1444627322
2525188386
393641800
626507618
175238853
999008647
399768223
552094318
381867675
405879215
298699281
718482313
2896621791
1451667804
28801007
30216513
16102244
133832049
161411080
339852137
1068499286
1058917562
1083448909
312134473
163570705
153944899
210926192
24745957
33576489
2746157816
1931903196
1671858992
2915836895
1604366701
32007916
14529929
97239626
22938361
1630203276
476908179
54199771
123648180
188417388
48568199
43175123
21025173
270875742
16261445
284760010
2966758114
2294673086
2904065117
2786866686
207661898
16026940
2696841235
308573576
293131808
1283794388
763966244
18317815
1080844782
2361040173
536809856
2153191229
1257645702
2726836336
398088661
37718165
17787705
26792275
46927338
3164559548
3018910586
27049517
2735029482
110541296
85606078
82634110
115096109
371470954
46575698
273012378
35309234
1392436147
366761017
1636199569
49285444
29738476
1385735762
57127675
568371613
123325004
1009642596
118448398
130258595
2996740484
15562948
499919965
102104969
1320571405
2352864387
617682499
85825111
567565647
103875258
31177649
108993692
2561992189
32478395
17961886
1459232030
49725768
213210254
2903204125
21211172
1477308049
1339835893
919052004
2306630372
359712669
80184630
42722329
324399050
220091399
78340720
308626954
2233243832
237477771
88948127
957676274
355808345
1195255687
278131744
191625279
337993390
1072382221
161913667
380704541
23655161
1863665754
259403099
15987296
18695202
1496365567
1169981785
248119592
2996494472
455066615
2802182160
576341875
2330909725
498324382
10326832
14266331
619079693
2499788058
338607997
1430491716
2340888990
314662792
79213656
526616982
21803333
2345405672
1702841720
1517099624
46477409
398998659
16316895
1530794420
91095842
621193631
1077643531
2588169980
166862026
2260646876
481439919
17629860
117439544
2248872301
1901565350
286378739
158414847
46335511
1969841803
69297657
108636660
38240660
50373531
33600887
238260482
46249845
113796057
454212194
41362471
23126669
234073420
30034124
1466001433
466851110
1480840502
1324791620
324095750
16659418
15368404
40894553
39250316
24959108
6577802
151963505
3115823303
374164763
14575107
913160540
205014191
87966767
74797939
239964567
2359926157
21312961
54645160
1336819118
86990110
390973130
2493585080
77005096
26538229
3105312584
3107649418
68839395
15384023
355719944
372322433
1715343240
253144950
18990471
23712174
91137301
35828189
265419674
42025910
473152858
86981410
366981332
72943764
186045787
1202014609
1490376998
58497674
2327614310
54236148
1960888590
1880420132
2183283038
50495789
166727420
386033989
581233677
94221225
78457943
339081679
1683860876
19598173
19568273
102476242
19603179
455024343
20732710
67403876
104646100
28796289
46424263
1061531126
76693843
241227847
2949922545
888721674
557963879
205726880
473964011
759667932
18125425
95825973
39756149
62588452
86363686
34311971
1712989190
199287107
202416362
1930721172
158842667
1183339525
36143372
2881649430
2760948762
106288927
2699015720
858677612
19291441
1949543000
1472395142
373508774
228453736
121471735
1249959973
55289593
15308908
2303808288
16666806
82677928
1653224778
128645212
86840870
188730957
344265555
27122310
419124389
1155018894
56371323
18170046
40047432
3069921167
296543039
2426327155
3073998898
18058963
16426694
94154862
1216919196
591966189
921482472
2800895638
1050662473
2881004105
113382258
2968458869
259940535
2532589225
424406916
216465526
2218291176
426742265
89539134
126310662
173865180
153486399
1140648348
64431008
1633286706
17592779
32012825
1528340816
17053094
309268587
231853607
335996055
2848919572
143143266
233842454
988022270
2687796638
214649326
31974883
484828196
2336914765
17061263
410057573
3067840546
18144581
38029388
275983660
15589286
299360472
2719340864
2432322180
67707933
16205944
2363005261
394428349
624861641
2384173477
577341458
561236886
2645512496
815964362
1668480854
46509671
1079941980
2925275446
23453250
39823988
15116570
243303014
849993066
48456861
507586171
1296246212
385970174
256199285
93879661
2433575329
272875702
29225739
71083239
15840195
65652799
31438947
15635885
2185188123
3019977837
2912703682
35277348
69303982
2994578015
249128742
3044993235
45626822
70687482
128269844
48385478
1431976862
2916086925
38872331
148650054
173670993
154566551
22139417
83922884
322043132
74820704
625646846
2868396725
471509011
286450135
468626797
574635358
401046829
979001737
144304449
155654527
1535630527
183102104
14857525
2777123581
20071932
2962370063
2904448461
22276451
2612623532
474112204
2160812089
121736997
18948706
2987584882
419409816
2226881791
28138951
49992096
57002648
1658893290
817630039
2249129257
2729339625
399200792
30067904
197190924
2875772692
737300210
111365197
2322590726
720201427
985273532
31295585
430595346
2435357864
1330457336
115979444
939091
325830217
472923399
29746808
467823431
1531521632
1254421206
106215886
2693501516
2188265230
1615645094
3015488249
2411422188
452599884
22164434
2398545196
79334666
70944047
31126587
26596727
2990622677
481192441
277849970
451676624
150744336
18738694
113795716
2901283084
70250595
8487622
193732179
132201224
258900199
24913074
2968451607
2999632935
377534571
76348185
1342861723
177716773
15644982
470738841
1398100987
243771484
25107150
191919541
2652396942
318151579
1172029687
399483586
2937224631
234906311
259909352
229046403
2980317581
28630569
1000783368
1553725824
2964949642
482450423
1000663303
2293751738
513534848
2979017063
148565166
287758862
486072339
2354898326
2593689913
506182891
47360209
80387045
2962627607
542817603
1155104514
36948268
2970279675
17637983
2975036321
348145756
275686563
728840683
112903677
505415103
2800129591
2876225514
104524102
352647971
86325969
256122337
389036152
17233299
31883523
2508246506
27934842
2861883346
594822593
183898020
2333850559
544402223
126452178
22959312
24742143
18215973
15357200
1265054070
28075747
2932703325
539031551
26403999
7744592
2424348120
2916662847
2382764209
838196113
122697300
285146362
2717254872
392447726
1682209015
203249169
16188653
106745755
20179628
272410390
92831390
2327334859
369245377
17218582
27946480
17476533
8775672
15647676
19407933
61250271
34719627
233788247
2343606722
25990625
1454317368
52660746
857038854
46123526
56465393
36711022
609201138
257613970
17260575
420592206
2229407488
33059490
329189134
281464347
404700013
2330712260
340613443
231501403
139901153
204525722
54313681
49655193
278159239
12415722
36245369
14818045
20685982
66709517
108420787
119421760
17873786
2328913122
1665531
2472565945
404370559
278219544
2803191
26775859
49724992
1454304487
2870731966
10126672
281822523
450941680
2178419055
395491245
231624743
1222226204
1881496513
1897914186
1696794020
1488415436
117556340
23250787
1009768020
100849887
278651582
2767651554
1337539945
383426751
326763940
33719856
26572849
2367112509
210953833
16028241
183016194
48425945
16225298
54240196
126621971
550300777
1457158982
503620334
49651224
24748899
2456695793
19999986
19108203
799309682
1950624390
193025820
18480494
576579444
2159406431
122417788
256698038
750244704
16000856
958420009
20718719
304849211
2821304014
21241449
479674626
2800446127
45719007
1318993662
93294553
2383812354
979667798
20964091
2462618215
101518237
2420977706
31583882
175102283
145342255
284669523
431621624
395127507
260362703
561489876
2695663285
2305095464
19608297
22186723
280299519
18267548
121238732
2232299834
1517499259
171594562
33483988
77019845
2167051740
1260729002
188019606
2162758748
18027109
16568826
24178302
1277925751
329847763
1300532384
2600091497
60667856
48827616
14763834
823802886
83809282
2203812451
377635250
1686705139
2423943164
260290964
789931645
1550947430
19719380
2742785132
2508575608
922048520
1653919674
2528701099
222186274
1354464884
1038424938
2397946146
135514272
2398370035
1694982786
382142512
18245148
1676339671
803269975
46284829
117821354
380559360
17154954
1262445692
14614615
27922157
300499046
280770927
789848623
485990358
194037150
74537529
17596622
229474478
28585586
15008539
1912391383
106717953
2802270367
17409240
193711541
36681590
1848812401
17307429
780221130
2444578699
1329727278
188458163
121544946
1530850933
33248363
327487824
206721200
2298879698
321380757
1172494622
66369181
61546198
2749323516
102779313
23080711
73413771
18739273
1490427830
2267075680
430255555
1669101134
312650075
2370952652
1263379752
16145763
16211434
755220842
393757140
485114597
357267741
1254918014
144349901
899809370
72724522
41819460
256390477
164341532
501079954
2398627562
356168537
18057086
67164529
1426948195
45645831
448094425
1628532264
18152221
358439114
1101865656
35833584
60900532
18137749
82649553
126616465
2386997533
16240525
227393955
283239483
1512296269
385791307
537389637
2651952025
272101903
34497338
240840748
70737572
27978179
2707137535
408651384
47412499
2468229703
17132398
25322422
360285166
194184771
28377276
29271212
52765234
1061292174
126118683
362691750
110440333
2598141444
39326430
97298155
1362647161
7334402
14995146
1752735062
1367975640
151106990
19946681
459640800
38909606
1499695447
20023252
31801993
157452825
340085856
264402334
819144360
497998226
77017567
480582261
492353049
223560830
1017637447
704036713
1169377008
596528008
40691030
131253359
185684821
1324888782
89017635
1243902714
19936078
432771620
7152572
554871699
24901614
55657699
22870407
137539127
16196492
1074129612
37270324
123231225
19402711
60685149
944633264
44806251
26539409
67008059
386340887
354961709
73150062
475287482
185726810
31877693
95395636
309746954
188747180
37959591
19918558
1119350180
259396022
145682886
155987003
2559554798
846220128
17007608
92359556
22497729
14460611
138372303
7563792
1392282998
56346444
99016057
199299110
762973118
44320452
1140736081
2395188908
273401647
115425249
204905640
293120622
131204770
305141546
205310984
475988505
599497097
72631996
1908143071
589028743
108943700
157064188
44043034
52060506
430004242
9822752
823445520
26777550
107582328
326375909
169092683
156674874
25996721
23630483
48788647
156005429
272019676
88827184
340320871
2273724894
893496121
346708857
274581613
14463848
1075449320
1268305520
409486555
520523520
15840909
2437699716
2560857159
488109734
34648010
2168991469
1064417701
425247226
23453489
54624571
267832578
718184090
234826866
891532531
1404892886
491636940
80628196
340108646
15917384
20273055
26441991
80598456
115733549
318531893
21906952
160946337
16888571
19796401
132582455
997071090
2282853277
57069861
18676177
234782444
632686190
92293468
1583983716
1340093874
159539399
1708215702
790149997
2241219528
310818470
14282672
2393033090
2206937425
1304645390
558777151
2178748344
37913170
1373882096
1545941186
128249906
467643622
270384421
277537004
109920419
17009186
14920304
245386255
273515759
21146733
34648965
21416670
132281480
126694669
915836551
318015885
17049255
16245822
262210345
115385989
8539242
14323846
22023125
57101190
43346484
41164967
61516439
241215352
112813472
472324410
158238919
358156767
153149305
57625403
39633235
740702682
67385653
71560259
632926928
82429809
202747537
2155513711
902357166
92570028
14916786
376367171
91156289
1330288699
1190186419
299451043
564993492
19632039
122473388
357647590
2444962751
181027680
253633605
1848300978
1410905906
281696098
73402597
243938594
2434982257
309267226
180815351
58813659
1472361950
264611419
386507775
490936567
822100428
2458270104
2330816016
1115634236
915265088
1095476216
123997003
298049191
246789509
226267534
27048645
34274380
505333963
552129635
73181286
207806479
732830917
164794746
384438764
1053466514
340126348
2352350017
26336959
18802261
117532989
19511262
36701947
15235829
19019298
792367878
1410167718
23387115
17904152
268357486
1606257518
17289420
85365067
859698019
486912985
1064206014
44513942
2342490780
153554238
69269756
2343559446
52779887
92316880
539047226
477485439
14499829
80163781
45891006
42912024
109647254
2372290740
37753457
57717647
31409605
352317501
460726344
418078050
239091785
2329092852
1060984272
305216911
612117635
2174593639
1281228877
15769327
18520736
1389798692
53112562
272431212
78060290
540122045
40753943
475959174
19918005
601974028
221405955
272374050
113743971
309312050
80934443
2741541
50452197
337941418
36876006
29774968
14342564
763962853
2387092138
863558652
162879788
366251658
43888471
381152398
23794763
14407823
112257515
597444539
65174274
305620929
14225301
61272585
228784353
2177092988
2290336232
2382944064
843642806
1596495042
364932994
419986043
254620365
917218681
455864848
596058764
26998990
382730189
2319981299
14240875
430584230
112229774
605566323
76392970
487638935
394020616
369702914
2336851927
403779127
41185511
311476854
462143773
22483324
1004753384
2377759266
276578924
1857852865
1615974709
120140224
67420304
170365123
84467632
18297683
20275614
442820845
763574952
731122076
821994672
15894074
1284770748
2316042576
1967247824
1395858656
202837083
214887825
1637118751
878984646
326823403
60598745
2200031084
100277512
183306642
35940348
1468895550
487130007
1680235297
755016
32635246
95103206
111689606
415172991
2147866206
234022257
252699061
43955137
1179549672
935609922
15946841
15386611
388774460
20713372
104279317
200709265
18633493
2251018992
1419034818
1289267160
284126481
460472347
492277963
730839188
1241554662
21603956
1700544860
77363334
1111599103
196188299
78676751
1665085741
2321474852
17900086
1357176644
14159148
48144950
14437914
12133382
369101213
46648807
28808058
25249798
1286286968
39516956
148163166
2380207059
275579706
212692326
234399791
28652197
137731221
1206262394
369695460
18056743
273614983
20609518
257686741
430100464
27023765
1969137235
39152973
64756232
103637045
47645730
958822140
1123480609
240393970
20023856
2300390496
164007407
48088050
26775504
22843068
275056902
24227740
157754301
501556589
97504232
945605011
369553654
237348797
37666984
217543151
18020081
88784440
2310754364
43910797
18915145
14845376
296361085
21269970
229592356
2247683898
292495654
250188760
109287731
29201047
126171100
1128781184
60828944
1099199839
1077121945
1055730738
19318314
776664410
1071102246
479872233
1061385474
303861808
779212374
1027156464
267938462
245451804
213713264
950783972
248735463
385429543
249348006
38254095
705228997
900805417
16583468
158398519
88806753
7356562
1096059529
600463589
202206694
291756142
262756641
1071402577
446749208
266133081
402719755
222286905
20002401
389840566
122174004
153919023
81194550
854801071
25781141
78482616
36240331
1331430049
1123356014
109025212
716571124
328807039
1172709991
75276389
373120691
448100022
2160917939
459205317
57408038
1657956012
85308741
897599815
891074532
526724531
1878124928
720880980
1904659267
2327512489
63489715
341905379
17325009
17837184
57676673
105242077
26851087
2326840443
123991945
119600736
68724301
1364649518
18733842
229980782
63544944
14466538
32856711
132752868
23948958
66369206
1708676556
2267452640
68798466
2836421
834170480
1295671514
2301842631
461516211
1340081450
379754341
548362423
121580249
406455515
494126672
271512178
35596325
369505837
278776049
1281405877
46118129
1354501261
418937370
84086221
14737712
906782533
2192966072
431940038
594752946
56681659
453263426
103130238
851555820
470497722
350050046
269339544
483096820
1621597441
1377155113
394674442
226728442
66391329
63787812
633403087
23535710
18090660
249844732
575829143
322094237
85489661
591537672
1723186219
185745535
25373810
546820570
2205163406
2203901726
821928889
1342768555
2201715313
2201438370
588550615
1919953423
972335984
32774989
1434052620
18733329
47554499
1691828749
1566978973
160692588
831230600
132292867
29765015
2180332268
121779702
911369203
887093221
5990782
471421402
335326469
29450962
318634581
558769636
258828716
481705846
381762924
339529477
1645359595
238319687
167026966
38001218
135575282
1948097700
32812958
399665046
71354375
1666617589
582291599
16376595
21406834
1055907624
259560373
221792092
78408666
20437286
602239873
469886850
59826839
728586702
1723493851
712822418
93936388
18768627
458708148
69668081
262227757
1145346194
732894217
79592856
229616601
1720622539
585009508
74870032
163598915
116919659
18891923
849568717
563387050
1242622784
232193350
898776450
339083675
226682069
1702439928
19069222
7685132
29457860
488146679
1636078206
254718517
197567344
334721233
297067961
613589583
24832062
224311355
160962500
209694730
28152929
371816749
1250543858
932491974
633848370
1357033801
1548575664
225601295
28983417
565670205
156703580
49663961
597827916
53363526
1023020557
1430259158
1172436486
942819228
169081913
289350963
14615871
38516217
1583985840
17792890
20911494
809475979
807505490
1405337395
196605163
486694111
463132556
368945781
14642574
1315339304
20654085
154169011
24254615
375976430
1278774433
220450580
1198145774
37444367
1278518390
20072976
936109332
20271387
1066636350
402860317
140625061
16453452
776262354
77202084
289048991
271592155
960521388
220783067
1007010260
40913733
36649781
184148283
16200497
204518695
22321520
378720263
24412730
492500381
344411180
259422124
80667335
123589490
23508768
588620465
151515893
150363281
91230293
82649797
860055470
60183326
718476067
239949176
860216000
16187637
19186003
240025135
86808931
44649730
99707894
368963994
327164717
32460980
439600335
420134329
376053559
21003318
404092056
92186819
87996431
599298900
253562773
45024180
183246826
31167165
478848306
518082486
615219644
108115093
557904497
441352880
64793694
179125052
292036577
373736075
605706594
33495051
618563326
320725301
25931682
612130624
403089506
214533072
50099233
28563458
16153067
164755954
293807740
109947204
28329671
317799620
67643198
66389964
449962048
493421569
288347388
310454378
199762528
160995841
602365896
351163842
422744144
35185896
275073050
47410126
104400785
191274142
152734379
217175524
197492059
259921417
172349088
197186179
342924984
152374622
21490709
52941135
325730826
298158699
632243308
16328195
35068285
16499456
267438525
46263865
262743152
334768085
624730334
547320834
350960396
34682231
607520409
261019477
339344776
350565996
288034472
544794886
203193295
531471795
575521753
79348624
137004005
440417737
101008699
236107501
16855926
27031219
19031233
188040356
306491708
15697941
78389478
343403733
618400139
21547547
15739485
75368852
46296538
340522325
275539592
539889304
20287041
545205392
552858019
552865930
486278328
23958343
27101698
297177850
329901453
32721088
8573072
566690671
27047402
562089260
35344926
10774942
592276426
589245832
381827143
123640002
386652312
602082414
16615790
613647685
20999687
228488425
23637558
211422834
514766769
471149684
209253024
14701062
246472063
255199869
101772189
562374447
23013200
522526927
273587069
175073422
29909985
135997697
55824556
226847655
159007937
216188934
351166183
106853583
569475013
286214136
613603926
451479642
252856842
406451253
197187176
74837850
198507602
223567676
365046174
197188775
23792032
322932599
701995592
48000150
313938367
121973744
123007688
27983258
30781563
142216696
18758664
28557339
23117503
14311406
19791524
280230537
155420889
44665435
234515263
36874074
15363849
454940506
20069768
363787356
47040470
327715465
45601285
240413316
459494094
110020281
508212993
515723448
312362658
20830704
22767521
304563770
238724789
15716070
256787725
98634211
339839102
541065784
90029746
153142981
342046384
72620424
419044406
223337813
116859659
8134422
15056271
15488127
13657
44395143
9825622
2678151
143212203
16365091
379141823
123425246
279067736
40329578
254994725
33947025
521835692
185426817
14436409
465843434
19814678
35775908
196186298
51185931
138582512
540064108
205407862
57842609
32488919
21694742
23232204
261341046
280762297
380003766
245501306
569556931
550288897
458731277
19821205
18688492
266653110
106728683
401967546
30469912
15485601
495187327
40073776
54213588
39441155
194776684
253708679
83188673
397374855
17953017
30391166
369154483
14259969
111074347
568487756
29273729
59459839
18020368
8988972
35043269
65158202
53963585
429961563
500050037
397633088
459852041
18557922
39770197
323796044
217069549
11148942
110575850
233327989
326607954
431981417
463178769
480062491
326609458
24878961
229504346
43763511
195898294
398126997
282833904
3742171
325001316
551195347
258865957
381125239
92060983
488070042
35267691
203518267
80631121
225123568
369523823
65364598
14007142
109524559
17697785
402739834
461369862
369545809
278660182
125177290
260572315
28840789
316687768
360944748
449832497
491705935
252312494
480049761
466553568
475089621
173944566
386068312
505165276
503381820
312243603
397470373
517033227
508179815
10065512
22490140
17514963
193326110
372606891
14049683
41350835
40182039
14285763
41224430
327664099
12315802
15468329
19967058
88822010
16825277
35716098
180805366
506110800
9081552
258509406
17899477
20533981
121319853
18689160
9491942
20033132
8467052
247503256
14433030
280308035
30792023
266295066
268547617
196552854
210944225
288457402
25328604
23653499
37158000
14726241
215558548
84484936
142897947
43341923
29611460
42725513
38209892
102087366
85106270
14847903
174461076
123482370
60132534
73205560
37338262
371396808
128906076
38032090
14166651
22099734
396126989
22314072
134660901
14959898
90778277
120513584
247666095
205392703
80843646
928871
18155854
16440562
31241066
19083561
9340702
299381817
45735118
169136820
16506833
12377752
488721525
142922397
166645675
143182589
21330602
9503622
19778386
22830443
49994194
154019256
53213623
285560741
182447964
163515639
44166154
63602010
15230754
72642783
329571613
66454033
20692812
101046209
81872081
377657249
25826472
412742306
142817604
17099813
18146124
16580374
469577740
18774151
386598333
23105662
76165925
184518121
331631471
344320127
232949586
249936891
314678481
40078393
19052248
151953112
22373703
104608458
20732040
61814341
62731078
69449972
246944234
91226889
14974550
302313484
80893559
58876732
40273453
403713255
140461863
324955762
28165971
231154288
236225743
211984582
126371021
31421140
22254747
15966337
35748695
18529766
12721882
11694212
41034722
1474721
16498232
11025452
33265635
20865172
239597725
15497654
34328901
115736330
29228185
233965578
20757746
127959093
125392814
247450875
25935263
113454840
237462507
19146257
164471654
34897355
89533220
14915031
639743
210689024
40107126
344311570
242374002
182224140
18622869
151515980
398269985
18969402
33614686
288815880
14315576
268362600
113115350
388974667
225644470
271549544
372584632
279151712
346933360
254348723
18110568
211936979
37571571
24079875
355691866
396282156
396617254
309857212
397490101
398694372
31451864
54523265
171598736
87712431
388578646
48802204
164818399
237035183
361925465
55355654
218347539
22253923
278629642
24174009
113766344
195100744
342250406
63349888
33782238
222776516
17734349
76430014
367791142
32965532
38246957
14586615
17262508
19836685
15456930
36369773
250459287
266012813
305245559
274585493
365961765
70011931
108160530
279790631
206693740
146566996
22772495
41280220
110504560
49830073
57402476
22278303
16685301
351984175
137012249
344325120
17875447
35849625
289000778
55959381
314110509
348825597
28355086
313492426
311678402
58849180
15808253
254189414
104569820
28105425
19866236
79776679
54599545
23504706
108454557
42646960
45886918
44943266
34552016
16798096
61922821
22625013
23798554
51241574
14662551
55368260
83424373
18603270
13921442
78710218
15951271
255626911
235328884
249183011
152739311
72727473
44975964
322180170
334890489
53390391
22091057
146973851
68498182
112241012
14800679
35753110
81757526
89028148
162064220
54649116
168021157
38266866
6118242
7817752
241350222
138502784
212676062
254656883
270446212
259301963
52137585
330095294
258328359
99713173
30441361
18648785
58928690
231843627
22779781
40567848
263460071
14271514
284780983
292468197
282099469
21369812
182085228
16888929
34595228
181242900
224352951
25644080
19162743
18295121
15146862
300450005
303759846
35808330
71917578
35017146
310804416
17039813
292959447
25993918
313941012
104023781
142302821
257131701
264306358
111357462
2302631
50782925
7001492
98753744
10086042
297558095
17299968
214969375
75600769
38850198
108821335
106762019
30345116
241192901
107148929
24845524
20344176
30269800
18588425
14882995
205701621
257552917
147084708
22835419
251857795
138259429
82933926
72110054
16266971
20123715
211361619
273219589
22410953
22426466
35237400
67339572
321683745
127042185
49306527
300426357
70982230
306251222
309176580
27512416
27923596
41195005
117487578
67894037
270035280
312629392
42928418
46887630
37221966
315986304
24723462
260253361
18077497
262832219
261312086
98753133
19630508
14073231
21016530
91228448
29510771
20004582
15225709
14410845
7198302
141341801
17447616
226308582
23136208
4827831
14113079
779210
101613447
18028925
65686531
296337596
14179549
310297767
16869982
57168189
16868021
164548360
221510709
240866790
15549457
206332397
35636804
28557017
104172953
119897839
92576705
175184954
26019188
16276887
28028183
24309769
206132738
217305203
222589257
24107788
134913701
226214538
227389531
19276287
19713702
146609194
38913700
43009213
171677683
34962078
25857920
21423657
145000238
18814760
23706300
14733549
29477649
95928314
110484270
94545667
16818915
80133772
75041928
50669288
49139421
17500758
15990855
15357299
16689925
24368470
24354365
23379917
16223766
17554104
15531920
40562194
256116299
198229352
50642042
115768836
31560366
48345159
12733642
289376224
18321699
144302836
15266259
85644114
17214884
128734533
21541158
46865266
252249114
221081000
257526883
86480783
26900011
286183053
127629806
16688690
242550995
18661220
248673758
35194010
72628656
22824152
195369941
234487791
44649299
23156822
110448107
267272120
165801109
19252216
260800313
16787615
52764668
174778399
180798928
59516518
233597978
18221712
33214351
240312249
98444466
254747685
256338399
74658332
19539813
18723034
174397885
17779990
50642812
262744422
217295722
262284000
14617159
234941765
132921528
87609925
267802280
253511667
278494492
65517741
196290203
24583465
242555999
67445935
108665118
258437658
284101717
199110002
38460810
6092922
10745572
16830251
124164845
5910232
26641742
16301671
224703549
103454577
17233219
85443662
16486357
277702709
72916035
43709099
271586770
119737639
15837659
22195959
79743108
13727
14713323
9674552
48796632
17469255
29781673
45529738
36425172
44121278
18040721
15096242
23212497
11063972
22661918
14265541
18413686
6796822
15721360
16630766
30867103
17025834
19996052
18458782
52154309
87498687
18545243
17074440
813286
28849323
18401898
15484561
26827380
17809275
19957323
15739586
19031076
16534512
24162220
34149095
26596325
30952847
16527583
6745042
20569579
16917925
25076183
20083079
28819845
613653
14173558
9289112
729003
16694698
14957377
16142673
11321902
15735304
2183971
24817439
7174422
14986275
26077444
17530988
21674938
14914617
24734220
23954720
18311643
21926749
1652541
113193301
43433353
22250215
85647820
19713044
102703973
246828464
23103585
25921076
259055831
149694831
17119161
105320554
252872439
11267632
253717192
30266622
217538725
169658790
18100525
41909100
245839616
266045401
102190519
264802479
138770045
6330762
223063551
267456977
78047370
109295754
106796691
106473404
107210845
31274792
1917731
129762843
134069202
82474415
43368308
173308473
169971687
178175599
85526463
168662308
197462643
194650449
170293686
44020631
19673642
82179730
165549541
143551661
15407187
147044350
22655135
127685257
32544507
95726226
158469937
22097288
16721279
265168547
245382457
238216233
50318738
133796098
61284618
73181712
23126875
121784142
51040808
54201256
31594935
101820209
14180038
17626001
14125800
20307143
18456983
76126647
246332596
25996911
18734025
227763026
217545284
154189810
163590711
213733015
76504445
34953600
12272322
20517132
31190448
234408035
137776229
41655821
7004382
140519774
21759337
43920155
62574659
220895480
9624742
15918708
15458694
21777451
31859256
17220934
8839632
44783853
228824243
61582966
48741536
240778059
49659772
151504728
21041611
90486871
5392522
33265219
36334098
172717484
226941038
86050170
89781370
212667215
61004148
188363737
17964468
20266211
30232973
119250381
36686040
208692908
217950029
28652194
221041008
85396297
164318403
43165641
20866918
164318857
15725469
210969984
95905340
57983050
174413936
164319526
164354992
191938542
164349903
211993386
129334126
63506775
41967463
26261464
104628569
17235582
29284584
14280299
58584993
182066912
151713356
39808569
185382579
52718686
108492712
18780259
15364387
164169238
24016355
80094903
17292125
36936999
104566800
137364351
82432619
23242804
97313377
46234453
18702741
29106556
14884486
24028758
9907172
16017996
156030129
17997493
22799464
15764644
109020638
86697288
18812572
43963249
33907422
25581369
19603618
86146441
57040849
35239459
14426608
97302492
103922067
133424498
67393749
20699435
20178452
35070298
69960618
71545169
18055918
58646369
74921459
85389877
34985797
9300262
15922214
15675138
101853917
63545850
21693678
50325797
20776497
12340562
14412533
428333
15210410
7684882
15164565
5741722
15210284
14434063
5402612
11856892
14345062
113420831
89341058
8771022
113051760
68013951
21665565
28401244
15576782
15414807
17624344
64579616
65712468
49326454
17711429
19696022
23800816
41379419
15570135
54446722
21209530
72945644
72885380
84667223
66390342
16590035
101013629
74294786
44935627
24763453
29976138
14354091
108657550
65360778
61504755
20868794
16635859
23593446
24914663
106214207
16547992
14212793
16521206
30313925
22012091
29067055
29205600
17552478
