309775416
407958240
36207055
1283319206
2198536999
2283978991
82100817
25284990
19152291
2840160781
110429516
463114830
84790917
16930125
79563454
281670508
17366527
24592694
2416293726
2892546017
2296402474
2400402426
1580542628
1311529687
2470792357
278241149
2783853278
2393406019
53772800
742143
1652541
15313896
2652572899
2714593530
347064303
2789051730
510320106
2683574208
1176562662
985546021
14293310
15012486
28785486
759251
97502234
14173315
15754281
1595262535
21312961
2355421682
538429422
2314207771
438395728
2281165614
440439156
221066057
1693782354
574820193
42645355
1394937722
1137912427
378848483
2463642223
234068492
802582268
14676022
340372133
325633636
132369629
19545462
586315188
575822603
1117953943
200169914
21370484
23600262
1658013217
1344387788
71444077
1101920372
15755669
14787713
769539319
60584283
845455532
2401689745
1872073238
285198536
2352431294
38772183
2418097244
20748657
93928257
93932648
29357911
21773212
93928582
76925381
355924282
2174361522
35929059
65629959
19001226
402836382
346748731
52592089
540223945
991065397
238245839
978744026
146603391
1606098032
45492973
1399729908
1499059128
1347704058
1580383448
1405337395
157102090
22424311
1090009730
2424600230
1528569656
59546777
61734492
323292535
884458202
328783560
170702808
1444367078
719478178
33760015
387164626
325058854
17870227
25830833
20463418
61199083
453997080
497101156
2155092714
114604151
115183975
2205492750
197258661
22806792
67649668
24152287
351629670
2316051752
423568442
242738685
29132242
347901211
268776889
22051404
34274380
49634218
196672409
2359571820
276733533
1670726905
368665278
1615905960
1135394670
432836173
435062060
461556588
455003741
273614405
626678934
191167489
172908442
313552971
102773809
502987825
31310158
627834466
13201312
12296312
9130702
309432919
133006802
276792819
22650398
3554721
36771809
38516217
27048645
14074515
17596622
5031151
197543708
343794421
334067067
248939368
1006109238
945813374
540706678
617300376
510498788
932708762
194645296
757372008
94103877
33435693
506003122
30673492
2351735750
372986879
171161708
22242298
258900199
381152398
26755118
1149258078
884817284
1849638295
1148458016
15367279
19116313
312435184
197262268
69048177
25082438
557744209
461150543
42318672
39308280
297787535
481032975
961165428
418808187
14802636
778292046
81509198
176281411
1005427766
86185879
14360197
82126371
558246682
243725879
59871724
27103620
1435559148
431114787
15740829
124484985
16205661
59519327
1080394122
310542720
1288593721
157678232
430518417
111021074
111016420
111022247
111021855
821865132
111020669
930157735
314050035
1694524784
1286298061
202835276
534702517
271479636
17059100
14172570
1935663115
806854266
281607646
339529477
1702726986
17093617
132560605
1872060115
59885000
394069264
1170163814
19453514
61855246
1280887212
501237479
67746473
1583460349
93225811
14615871
116748080
18023140
20946095
47622769
124196924
462143773
463132556
1089872419
1205794682
238821395
60932984
8539242
110541296
190186085
266721820
63550254
747752311
50817026
20179628
8965932
44211050
318023769
67023333
1002244244
1434412219
464120776
499976872
22151790
16239891
20437286
18391051
44873497
335407225
61846293
264270684
588248408
27674887
35532053
17995955
14886429
194954327
56797589
50592573
150693897
89202010
124490837
52465134
375658087
474995887
398883024
516875561
574705899
589332794
608281625
121214873
288976264
292256881
65095410
344287423
176421613
80089949
1184278694
582385755
110771229
343509071
771638922
368134549
1137998419
35001774
1372087116
71321329
1289769902
574830334
277087033
236916916
435500714
1337025955
1249418526
609476852
31300445
1276035793
462233049
1167020264
20049975
385436222
339852137
26777550
948514914
876189098
14740219
393157312
928334047
249737240
276510755
1917731
277664754
127147940
18577524
115979444
173857161
117518670
85606078
366222183
36049091
939091
15163993
18275218
20480396
509266040
3108351
538369738
969081918
761783018
973108014
30307206
552066959
32007346
838853617
296020481
364358275
20998647
15769327
337742544
74621009
291486075
487938591
902514607
19824430
870498391
135931182
289385955
244346621
53691138
47129439
300899574
109037082
281133804
468478326
415111134
384671358
868490118
27802464
91396544
49472664
402874482
192272764
16648790
325830217
345477587
262458388
377033020
91424397
409486555
66369181
97261855
436047903
15922214
78408666
76416937
230227730
142020910
712861201
589373216
23258618
720675624
65149249
764644568
754080786
71028773
15665625
21877897
108567729
458038275
20077385
397462988
633977833
157064188
759896773
51241574
145719473
562936930
139782438
46679143
52779839
377162083
366704290
384440047
297373770
19695971
106944379
337706020
242584801
17509347
96846748
419175736
429096876
22860910
424344048
242795526
366038469
418115826
107514329
402868909
16187637
42924141
9624742
23022191
61853389
96168668
376225688
25375754
245473178
7152572
243805548
164327493
21890263
93932251
63467291
112907704
91386979
21388284
299798272
250787978
16669075
40257629
16147150
66244381
807095
106532267
164641631
298153991
28652194
316500327
23848174
270568954
278108257
18137749
310912187
133410737
19036037
17967675
16184358
60874253
288544165
78900966
18658431
297998735
299875500
186449633
217550103
227345723
300952125
19364065
274569466
305736876
201527241
17573079
52426212
233821144
246487251
251201890
64184612
13524182
272007809
163552449
44227908
312297404
40071606
266608313
76132891
131332443
275704888
119421205
44993599
214581242
285114686
165910933
15987296
22933594
23268337
93700171
27490260
211140445
209131289
21425125
18486746
6519522
9109712
8775672
19948202
34113439
17346287
43920155
24768062
37923146
254117355
253132497
249787913
111123938
274748078
119504480
5402612
47196796
34661367
18456284
256031910
46211147
156974447
19608297
63498755
33086126
271632308
267842381
16297206
37007274
234469322
15356407
254082173
237403203
84388888
36686040
85726335
236487888
32010840
237862972
193872188
164369297
124224165
242892689
84119348
242873057
18967498
18317325
136042190
21329888
211901075
211420609
24913074
237781383
58928690
15856366
63169388
18696134
22527499
15600527
30216513
24735461
33563161
217543151
234797704
168673083
161791703
229197216
20545793
23951197
29501253
24195214
13491312
108376246
18916432
194574263
91578313
246769138
33655490
14275291
20015903
23970171
19139963
33977070
52503751
224294785
59223077
221793778
142419647
234053893
20115740
16102244
252819323
21312077
56864092
112907328
6577802
25086658
244268646
15361570
74198348
14984637
236511574
20552026
15985455
17513304
76966145
108839478
74508260
31801993
227088228
20053279
240376522
54412900
236479311
235251868
34340464
161411080
150078976
117777832
240385577
112508171
47412499
193794406
15281676
155642785
7356562
19918558
22812754
248850174
176512266
17976923
101843722
27676828
242426145
132201224
8542882
15773898
26424123
15428227
150724371
38254095
46016028
21406834
240363117
23976316
119250381
23121519
22831059
19318314
221792092
241207373
29450962
77250424
25781141
144927376
15394954
10102032
50452197
158520264
27044466
18909919
246341769
15022633
219429281
36654245
48117116
18277655
232992031
95546148
26778110
24745957
19658173
80612021
22509548
20002401
34638973
234837632
18056015
22012091
16583468
111379452
137887099
92186819
75124560
31611298
33576489
18566912
41363507
222286905
236541422
70799725
23712174
236899846
235373000
36948268
114607567
236960387
28602948
234057152
201079432
156333623
111635527
24852012
161743731
237348797
240760644
37920978
245516606
22055226
32506723
44177383
234937222
234822928
20879626
88806753
18907463
40318829
153486399
24773493
16256269
18805303
15160884
237312687
84620376
50036176
16056306
237944147
249219716
48086014
158398519
17896154
249348006
213634439
14135426
82649553
234022257
39249305
245408102
216503958
153944899
109025212
37094727
137794015
235312723
21346398
140519774
28599820
252249233
239561508
24183358
210926192
111635980
20209807
85396297
233693291
50144015
14569679
18723114
107158897
234077171
131953740
162069635
188019606
163570705
149982376
240812994
193732179
17800215
21203888
237750442
18030431
199325935
28582749
107545479
5561412
28176898
22545491
15751083
234812598
20467163
18811140
237299871
148453195
19926675
249339682
19891734
19616327
137823987
249410485
26051676
55235265
21660348
218349372
168502762
227341953
70526457
242761889
133832049
239949176
19929362
22812434
239871673
38712914
78431501
18217624
20796447
40277246
233842454
260845829
76452765
52470438
92102359
88027151
70787185
35751851
19300330
95067357
102707404
53130312
83919614
69914530
67593044
15675138
5741722
24752484
19604603
16234705
102480507
108553555
47234908
14586896
18587395
16721886
67052124
82509076
24890777
113362456
115993201
40459196
97481307
61507052
135601661
142894598
21818737
59633462
30357622
55607116
56441263
26527085
89476689
185281457
162136895
179114678
25364041
85846161
20402945
142393896
16134125
17795406
148761090
43913950
80568875
38224088
142677377
47356175
30003253
76047207
25325222
194316573
56704975
172466813
95973049
153445269
189276354
130373117
33663891
201381611
42771391
201827325
41859804
14107459
16711496
148457209
83661985
24054721
28640783
156236388
214917253
221813140
47721493
11783312
186800600
23069413
180907990
16665921
20262231
23248942
133420458
18489932
197643657
175109627
216439982
14453501
15161791
192347825
23635695
193361693
173963047
76128888
46211189
159228438
20005394
36731934
91425683
113122490
38448605
32705833
14324572
128926679
127947076
62612883
92400957
212028564
56803967
19347960
54550645
190732512
181590690
51341705
148865701
29735352
50426819
14361488
130550185
21669972
130870956
113008013
67622456
28337697
17843439
29447358
21318607
29680350
19995045
22051241
46208343
47015609
31540323
77276543
51166222
19710259
41801896
137457919
12133382
59157393
59145948
15918708
49809439
41016986
25136092
36644805
237384951
18963451
235922638
234904800
14307764
55259680
32271279
240858073
57667535
76348185
166252256
209625125
57823842
255533282
206250891
32458290
207503325
40057701
43797909
15764644
43963249
211602449
48724141
19359256
140511073
50654477
29447487
23090254
15324851
121566546
7713202
7402662
14529929
30313925
2467791
5357812
813286
113420831
428333
19394188
14246001
73181712
16467567
