105925025
273549411
169079242
759493573
3185403882
42974448
863599724
14845376
20957191
106816456
24313889
703454269
357573400
41796688
242893326
780221130
368366215
57280617
361974796
21005767
612071247
548359262
2252629105
27075980
103091856
80599535
1009054656
266133081
18915145
78403308
2969971876
621264046
1262814457
520608914
211588974
216503958
50907797
54624571
2361734347
789951684
468893003
347607059
482320409
269992801
24178302
91456359
55331216
29771234
2856787757
555474658
2891210047
2955485182
2962923040
212262370
13218102
61215211
234374703
171733309
331703548
352412815
284874004
11651202
2964174789
2863210809
10376152
596465890
334127852
123648760
2953974395
2852998461
342677019
44709467
1247761058
128393253
143151672
816043032
42343812
37526845
42518865
216835225
320839156
25110115
21542518
16547587
19611483
10126672
27027979
9130702
36568063
58879223
2467791
1621096939
26777550
29796093
20626879
114896223
296361085
202206694
1599831818
30138131
95152050
201579242
19705697
87294432
2374806870
119431774
214216108
17918065
82649797
130926490
241940806
895879765
233696188
316455342
82033951
43970862
1069106479
498904781
152866991
2151598026
1375325557
215672860
66715765
133347815
101970227
193314181
19615580
117836597
76828125
289362073
216810375
36771809
57625403
132307029
455764741
16686673
209607522
16180004
17493248
68504008
14107459
27649492
1007169666
2168875890
555473643
240282772
56401482
110503396
352534407
77279578
15909372
85365067
161329769
223959958
838331738
17091407
28595636
33818747
2367795146
18683964
113692424
54332517
1109937078
17076146
16228479
413260397
14055301
62591249
16830830
64409725
45911061
68470058
550545729
1209254148
121457874
22776999
139913805
57430197
9855382
1418226576
23599646
18225966
52199699
23025027
23966235
16393816
17466348
17288788
15518969
16690762
131671620
1075048231
408746274
896512412
562332180
61526972
302368531
606702354
36105594
36669114
544527797
286190837
1380347376
1276025060
104632221
266870413
134836292
36451353
128785401
50089656
91086406
141214326
156355400
117856309
20562924
36138921
65662103
85652528
16322617
59213971
392429354
82710326
15704971
35960016
843951656
44419190
36941783
79221251
104947556
458666534
463422324
317026255
171641272
614565535
344289058
189244145
174490263
178027341
219748068
270398436
39995697
540122045
1120176788
309740987
72892366
135149565
269894224
64474140
19924681
40071118
127656904
1197553116
43934001
400257985
264356119
544707012
160584420
407832385
191636223
108352504
145650679
71590396
128575164
323295630
200167686
214093734
43193222
111630094
42711801
14812561
36979694
279210639
435899736
2228539944
1905205968
65469862
248804606
1487612352
718558495
2296376221
1377901374
96387561
15867443
16438430
140877917
17546958
19417492
1710530342
1615463502
26301834
200225220
12296312
78408666
27048645
22139417
3108351
1327001611
33600887
16532722
525594335
249787913
233737858
22703339
177211481
968650362
234469322
233693291
201079432
22650398
241235374
576328580
577690047
144972470
351633271
20782546
14692528
25855335
1344876804
69091913
257091348
14268812
83901492
83937522
232193350
37680340
44124662
36683668
372390671
382791093
20597460
14344823
25723974
10615232
485357370
510486172
487743109
30398254
94366606
17873369
15745368
28652197
21870081
291756142
221162525
28791466
201540830
262357576
569182576
600463589
63267459
472238349
562812045
389028352
116877154
538185166
282093902
17357114
239561508
85606078
488588060
399105770
106547681
19940115
186037477
19489860
57076192
476029440
18632666
20200633
26794715
21394764
31833723
34009294
50918998
5509762
27973524
112651673
218973272
17884446
13058232
12925072
196792831
41981181
44039505
43752307
15510999
25767155
1013461
24235735
18798158
56017725
53196604
19678956
119899270
72655776
130600206
86637555
138463680
19563355
19563283
64397914
109117440
148124576
142536476
15599918
27230701
125731977
88767638
52466789
18891923
142321780
63174700
90490354
18997592
105018139
31455332
16874941
56224708
42768706
61225743
112585540
89824852
89013565
55941251
88563210
90639386
90697646
90802634
18130663
91208519
18595051
90696619
91196823
25688374
92029670
87802048
92027866
84129875
21450015
94441899
63181592
34303169
32938085
36470248
37820393
30707183
30706020
28367027
90954533
14482449
21008090
96211725
95987059
95114842
100114214
15767669
74279875
101966401
61190687
48420101
96214411
102707348
104485620
24331850
45930295
105153825
18978160
17727768
105654121
56586579
36785104
108754275
109301370
93634334
15187084
109645448
110228998
21518130
44429180
26645047
104636359
85980029
80407401
19150641
112550562
64719216
112273862
22869041
50516263
19895748
114566250
112736104
111436538
51219930
18682110
39513216
115471530
34865882
38005062
42786799
18234755
16827173
15356407
15394954
15675138
15281676
10326832
14904437
15428227
18166778
18217624
15922214
7402662
6853912
20245484
23623643
11536512
21215884
17976923
22509548
1917731
18791763
19394188
23976316
19912734
15923226
25354366
28176898
34331194
15416505
24778454
39556712
34715911
27676828
35829796
22528309
16102244
13491312
18178768
18805303
21028056
19739126
15210410
23197092
15922892
15640215
15399894
18517988
15145073
13684822
17190187
17068400
25297108
7270292
15207668
5511752
18632809
15160884
21664546
28295451
18481269
29282532
21917202
22654469
22952405
15985455
21269970
10168082
6577802
25305880
5561412
29063765
7713202
19351310
5357812
30012029
20093858
17288548
22026474
15823826
24763863
19567452
24790910
14246001
20608910
18916432
