30353020
60919541
63479442
403765458
463523597
56401482
120295432
62934976
422827850
443492997
22170482
18583823
942506112
22545453
17827531
16061946
106738320
54311364
430235090
52487389
3165557783
529663026
236393150
404183537
3352020525
45943164
275203552
104561629
115172311
104991713
32513830
2515448870
178384775
3006672239
66726759
2458364053
2601803221
84406725
176828246
376819015
453407834
2955048669
40047360
21039814
30862829
2795191209
56879674
20272531
18949452
59486068
14514804
23322669
286432534
2291222018
40557819
2196718225
15945791
1069351544
1656057482
349817494
1459232030
24752484
321575853
22438378
622376253
5743162
545625585
22642788
15738935
180200031
159588456
402719755
222286905
65647594
33602654
50115087
33602679
1451773004
41410702
2609164639
23007492
18825339
27048645
185319681
103069050
203600848
269080996
216817854
2527828914
177252956
476190611
500126732
191854334
17983365
34116023
571202103
394077010
385574676
389631044
3070447039
74486289
14277364
2665995175
161043
20987430
20714308
44945327
1270721005
410216127
2312829909
128658514
121795745
18501487
154985728
577556892
256386408
109280446
374138602
435500714
568288794
16321983
23028015
19913621
19009887
16286743
88024511
459629718
1375983242
120221985
161745503
482112610
86342969
1915764828
342477152
14869587
227532367
381585338
213689248
47353139
18005085
1408003598
21768343
2976598347
2963445730
193428454
18137339
295731821
256199223
298047902
30063594
2444387672
2329084981
152264866
2865830659
914172770
48161330
44678417
118245138
297690193
22089567
28096105
454119389
2965051799
2412841944
271438569
18981785
2992440550
110541296
199216714
29975548
1129002200
494349825
159249602
82167518
2785785023
236221098
2248872301
117439544
16613128
115749048
17629860
56838279
356334842
29142523
33908800
31179862
2896007875
2477355067
2600279018
55646295
171919611
62624808
119491006
546461238
37679160
481475379
20530364
90655480
17330106
560583964
21019028
124561405
40530469
567307626
97474887
114497182
15097615
18028893
1137600571
253252536
589244564
3028065564
2207500448
172470598
729177876
1428441589
476209692
2411400990
2375533844
47532438
18838387
35063773
1148468052
22976594
22558109
20474813
236453716
15908429
12811952
20998647
7313362
742143
454099919
2718853359
1228075772
283726651
252409940
532562634
2839269836
18750325
62031929
24746929
1869975300
986781648
69170434
1222716350
108385005
301073375
588707866
300497193
12670512
17869798
237477771
344785640
23016395
94015769
110723913
183767243
450697476
142448676
18149266
3012832260
172858784
2468088252
90480218
1966062223
57221416
503272829
531547731
2905351184
2234825047
745193748
1022236418
1021275456
13850422
55355654
15441965
1249982359
398289794
2314661971
3029774194
68261372
2953974395
76688577
1372363140
562577357
23232204
390973130
1599173083
428514193
1641293239
189660705
588073719
588983351
381294536
80817491
1320656142
404355121
45399148
15433452
11640472
4107581
15816595
2655321690
2656354204
2314458697
2909642605
91138697
163995093
14007532
14849562
2856787757
2891210047
2863210809
2955485182
2962923040
2964174789
47543455
3001538578
2869746172
2914571740
22728467
2836941830
17881467
2847221717
2862577383
52774637
36260866
38496530
18697188
18978553
888621
2804215309
33919343
327577091
15212187
2718286994
23741763
2832158936
410922962
2588167693
2512793336
126369849
481943972
242772524
87712431
1968918331
2814910242
38445467
19693661
2321715308
2916867288
57751453
36890646
21278191
76978453
19419370
1308527071
1305543613
14647570
298583363
8453452
15113571
18700629
302229663
264449835
14562259
238252964
749303
19722699
11651202
18955918
14221917
23116280
216506034
523622042
2361224263
225921757
474232856
21135085
26282046
227707612
338970840
229114225
145745936
69065029
15446531
217284148
130496027
21431618
37664952
928219765
16349724
21965258
308117310
26042080
37485554
843670202
20708260
44653060
23696276
132278386
71259130
23967651
1622922680
1434251
11178902
72831048
19914257
218068388
156975310
1444015610
1433356862
1072382221
807253855
1068481578
978620492
1074518754
119245817
50715793
2209542872
583771138
1055515873
1665514478
1487846678
67966660
39279393
154233179
92383771
15853787
33724311
21215752
20642560
19727405
2612307559
15765991
61734492
21443773
15694305
399868775
289929775
27498642
17141933
16472013
216495430
539154820
15871277
374042586
25011411
59218882
242904398
2194529533
114773910
50393960
7152572
564111558
859165070
1636590253
21744554
55190298
101802390
33792634
18086993
173999134
70476832
29796093
2544260539
2798252334
80349126
2669359659
574681919
2316003960
2838230839
603793256
2841736080
2845737091
1352462498
2850547183
140977733
2806718820
1397501864
109295013
23387224
2855986754
95071420
2865661675
2364393794
1898177588
858646280
27930637
2877448862
2703702428
1143764545
361629035
492437344
2591380021
2716825031
218325695
2863332285
31251306
2174708618
2872336444
262443528
281594181
2705274896
46823174
2866607968
2877143891
68839395
23585453
2904767700
2905366020
2884827484
264325600
2906405083
39582758
2723005615
20012624
2790376621
2419524835
2380303248
2148580382
2825048946
369820241
14367719
15219770
299790272
100165378
15641893
49204865
29465136
82378099
171565750
16455297
233696188
352534407
239964567
1249418526
747876121
282747242
313540871
432797602
333425081
1112380602
142721190
414250918
35511525
24022800
22225606
32982254
26565487
22824249
42072727
322214367
2516094498
2696538396
31633866
2888973566
2324898037
2451662184
136040066
63162648
1969097227
1434054402
30065586
497878980
755566663
298072383
366285759
19884634
15485441
1394399438
14292370
17342703
52754791
258062455
16118432
14677751
16113700
14870670
17442457
172088176
18104118
2756668801
289635363
558919960
34299110
20464497
38247661
2788640227
153180731
784304
978609998
357105137
1355181415
24136198
92430200
22486370
22626365
16271167
103022243
92544900
1096445426
563207503
169932196
184133162
2800581040
146569971
25950355
141947171
426909329
1360065680
96564638
17583430
1048446804
22875103
871631
80890381
143087729
1963156225
2196360306
1873081328
2232332600
321954654
20325756
2756033235
238467061
2451540703
2163077408
2236422744
1902668574
125502317
2598234277
27589569
1593803023
312347118
15812462
22447083
1621437398
56747571
24773177
37759047
14515799
26022516
19599449
194351775
978029858
15934650
2890961
1344951
972651
816653
202298302
71279967
16101182
58560480
14511908
60642052
124237063
126082316
219090643
807516458
182092769
221158672
20537468
18495284
224287785
123327472
255347566
16340501
282545479
163598915
59157393
633980404
257145200
271441733
1428659995
150281740
198727691
17925646
824481518
18294521
290317816
1208442468
2398153590
1513536128
80612021
111635527
309103762
156333623
239905257
1134292500
17454769
164412502
41614521
2722348469
2232513594
16470996
17162499
276577364
316375309
200542610
19038768
309680827
280664117
20697830
251379913
168295477
135575282
168705627
33310366
275451635
172414996
56561449
17137895
16259275
21583191
18959365
16672162
114870265
47448886
17243582
15159913
21251668
823905
21122578
2813609239
1682416105
1918471442
2321141725
2360108521
7768402
28167086
28140646
28168999
28135853
11856032
16815644
14858000
333042557
398088661
196290799
21114659
17469492
16334857
21332200
20160893
551537447
1921782596
409505643
186578457
18647752
586730005
368992130
44961317
16129106
21213276
9130702
20430077
148878245
27114180
27027979
27860702
21312961
119048111
335996055
1689227077
2306922289
18809763
83675581
583459563
86338153
77036130
762329143
2736937377
116872568
2573539321
15803515
113729414
474464413
889115678
126086206
293120622
29263488
69004966
62453219
16661097
257137540
608289040
395110569
22195441
408928526
1337987041
11348282
26285079
17471979
2374466629
2361674804
136708051
1414038823
2247566484
122226401
239861560
19268706
18830326
18703385
23076697
177226801
756059810
82778586
61291994
59506008
17091975
104324860
76793189
2155491151
42924141
102693000
19980678
41189107
34969929
7587032
312800783
612473
380285402
15438913
15070234
251909478
72389498
18883224
17075423
97539939
41415275
29771100
31450658
844158102
1251763045
342226913
119107959
262799941
29607664
19206876
22783783
15369502
56731945
26937936
14619521
49716013
56388155
48054535
85243004
17477775
56469022
278145569
19190906
110545675
1209417007
751419572
111704438
113527917
22263417
17199075
62527063
1361916547
393568166
2279206304
431823212
1051446626
1065995022
1058051748
234022257
322572436
22600144
73451006
20686232
186667011
19658614
1058431974
195964116
186755547
235217558
20879626
76715323
17912982
32275300
20011859
2292042480
18639734
21323268
20508720
121312996
45653696
18532294
119135103
79758113
205441601
81172502
232901331
37481291
2291626988
130328436
51456623
50386004
18739107
52047494
19113795
268110883
2463494166
20480698
389283633
2359926157
89237846
22956220
757893380
258653329
155907272
1083340418
11382292
18839785
31464192
408304006
904767654
1596148664
200661295
3819701
30261067
30088894
15585923
113036476
70739402
224706590
126952096
1929076513
26487169
21270032
384910109
247530626
335536869
214209732
28154998
13835152
222605258
19576894
369031482
554468819
109257354
142896252
16073416
731167584
65494257
221093969
2435651113
42481734
1645509174
1967084534
1535058097
26814634
111598798
15256077
240279350
338221481
468048597
498308303
1472816286
30971945
20088983
1400817481
81876504
1262462233
335467483
713062790
1644872910
387962635
14975883
132376166
562996358
111124847
425001879
354471446
143208294
310406422
26051676
25086658
23970171
11014272
624413
20402945
553036368
461515145
16451932
14216123
404422077
114782468
1412685446
16170253
1947301
59159771
76381927
48599546
22148010
51725378
2233514778
1677411691
142490217
23911915
122735017
257549999
21240602
15463486
57955878
49620730
22772264
1375409034
21728158
1694656032
82657929
386092483
292972175
701821488
506701178
222127123
22052282
40933275
310424310
14539324
531989631
14675069
180504021
19940156
63650107
119873032
23220200
44682276
43173060
22835920
2255182597
373586796
20287791
208931294
18497532
125123869
66891808
131658188
57113624
235373000
92186819
1061029050
1071402577
1266209922
991745802
20651107
482419349
94155113
12654772
13408032
588643237
519844685
553896652
34975019
518071987
336829000
31136822
216453702
2285422184
625776525
17152067
319886882
56486531
498960989
142833391
752496636
1403595534
772141338
556494227
606780846
956955703
1548675188
112899475
121860139
438529528
21421710
18917517
2336823235
570864314
252410388
17819471
29722241
907182024
353842283
517001463
292374087
249339682
236916916
211530910
234822928
67464705
117777832
18227519
61266376
392933208
104691452
47719711
19894532
70460118
94123823
322259108
1673537558
1655291706
275567659
121788510
9636292
14663955
23136007
15637375
68707440
321799506
93443168
1232807491
18209729
22527499
380544346
168715163
2232207416
241702713
1421181866
860696202
65063850
106123733
512300801
89836466
21328762
149282205
309753403
526720178
174281775
1694721368
1096434308
148030986
1552099009
2254104464
238251587
166235477
16882190
343041182
1457370631
1480852568
42349682
1205297323
69589705
246349434
467869879
188378497
114050808
394803830
18208763
44438256
86626845
1405337395
115441465
24506246
19489239
432557320
74015626
42259293
15742985
11203972
17926619
18101925
506328748
349222101
139550237
714600883
2244460921
596190000
292131326
44612148
141587695
2243378234
21163774
1525651554
1543986138
1872495590
402029058
246341769
509726800
20066561
133456403
19980084
22469627
475988505
16404253
243045442
17547449
25857217
233484761
36529101
125375423
47437117
64723403
61318348
235409684
18546068
235293287
18565131
38754007
2082111
238570676
238245605
257564950
16297787
161353927
958462200
44164829
243278482
795011719
792614959
28227668
1898506440
117946625
354448958
1499411372
1235575861
340380791
15723290
29239792
26736476
1326005070
80329073
18270335
310558780
26777550
295135551
73595284
1391187708
64326168
850036892
1546246813
1583900258
193428973
156703580
154619001
169203819
28350927
884875472
22553169
218289790
1352244774
168531961
95929534
132981520
15919256
39298589
426041590
364324160
455306401
398660294
1289380874
15773025
104301127
41894020
111093553
24371244
577277459
171733309
28637224
838928948
516776026
386696819
771856099
574185893
364632749
618306293
461712126
809858509
400320125
17168851
106743376
416724434
354041953
1574211374
28962737
238234326
773637559
109058433
959510942
352080759
753266484
462410227
222515617
274252063
433627109
73727470
108424611
108416848
16555985
6112442
432895323
1060727293
616688790
78523300
14692385
182640312
138809881
42670638
39295587
546231794
912598626
123738314
16006592
813311743
38737676
149915877
14597239
12618392
407013776
27225271
79899301
556888848
138277839
87818409
31124797
4816
413468104
1096059529
1543830679
1531265618
84620376
836052565
47938579
355237624
381552927
158715755
376474550
412316336
334448120
94650130
475208548
51982954
190298721
14897840
296550439
755981275
1316491106
25575198
133266449
14800270
67358777
25053299
4898091
100615455
1418964818
91478624
71298686
186881077
4119741
47672825
35432131
15667802
14377605
457217006
15101583
608499479
347363150
140458279
100550414
342923280
16208467
15051243
117944986
34613951
1434558632
373551099
134870834
46520074
20791372
29059428
572987771
427788097
90549534
19732157
1526196600
1077446982
15717346
34799441
1615463502
233368344
1404269089
20635826
174230138
14281853
14676022
367507393
17025489
103121811
15782399
16317603
59829817
88499626
1085329698
1007787446
6742412
17424053
40989198
17721948
102488708
57338175
51913011
550708707
577432615
344764478
500704345
546120447
17879692
233842454
27943436
1400294809
1059240924
104893909
89659082
83469886
500866231
1379584350
1480362024
18958200
1270016162
97086952
14882554
53418648
261252556
21368060
18950712
19878055
172051405
388945610
83605129
16726367
56593116
130241862
543700209
223560830
14738561
15027207
27748700
1398650018
42442665
296903483
432955294
250170014
167045432
145419392
365159241
19506546
35773039
116550147
1648117711
218283576
20494730
15099229
807647090
46817943
80638910
25190489
249798987
150915623
91671740
330579721
47101500
111689606
720698521
22650398
41245772
224424419
18983840
106711386
18064372
18745729
151106990
272019676
26792275
80473367
50075754
68219213
1198663765
414488432
82878406
31666929
38180097
87048122
70708097
20686956
15234546
1390240988
20094138
18050303
16076032
37291805
19679854
272395158
334053327
55677432
17466132
12926172
109649727
23457682
1403901656
1517872886
413466731
93761782
486694111
15324851
117501995
115733549
171598736
599454226
262359254
173978918
17784554
28195764
26344300
432766911
18994290
1339835893
133052366
809552311
118835320
21316253
16297707
16698389
16556523
19784303
16370782
47438401
14940354
17004618
1487950999
1347160549
65479640
534821780
494128669
1083448909
1074129612
1072453910
153944899
24197307
1090009730
14213413
36806754
28134618
245412130
56440142
23076267
27237742
108985543
114887629
17044233
308233424
18915795
17323942
569075497
1180379185
203226736
245347370
72915673
7309052
24923006
934681
11383742
26443744
15811342
233568276
43362650
711677707
227137407
74258612
37045139
15137996
45950796
15232635
24037404
16434026
35219356
459301419
52992670
22451908
342805933
387707165
16366471
14480957
80668395
16371887
74057037
335660433
20797842
58592705
27922157
19659031
20020575
242944499
19186003
333663029
15766082
11771512
136388639
15933690
50464362
15426758
35862157
21751701
15615783
1129793408
70422990
25395727
48143209
1113167976
262543492
336116660
637338906
268476335
8839632
17134268
450941680
22650211
86141342
42958829
342803375
11856892
205392468
62945920
17348724
16122915
17967428
16621190
76117833
62902439
18080569
20837404
46669403
25335271
22795877
86177206
987847314
15826822
10774652
19112923
249288197
21301933
250188760
293131808
365530059
43728481
18138308
1364930179
66390342
1132994426
1012006255
26342913
324602503
589306356
36951816
21645304
32858804
49294366
115718513
18637396
1152280777
28628850
245406432
17409240
15113565
31310158
19611483
17717287
25159286
81155662
54645160
38087257
1372853570
21401160
1387071901
431298920
23956571
968650362
32359921
59736898
8496762
36047098
148491506
19740592
19674261
14803701
93241358
16311797
14345062
15791186
85850590
95431448
1257667158
371465104
32521584
54117141
432985977
29235589
274596432
107441863
14677919
894167616
741398773
27705149
168502762
210926192
5781452
245649240
250673246
2884771
347395654
13067732
36437558
122455671
38204673
93902984
338799600
68920859
438512477
381542027
882575832
437189566
351163810
153281195
15131310
38531413
287413569
14075928
388555493
16912739
1288967479
26808497
15694286
80834534
620298978
7402662
175111080
83386519
103641552
419805521
21301913
188029180
357013583
22914905
288868877
172240581
100091223
159759778
19885377
50044510
17835794
26191233
1004241758
267952872
773678778
95717760
628559456
83932732
27029537
1231651369
354891207
5392522
807095
7684882
15939889
21622232
12811862
171632862
1020144608
19188830
34361745
242793870
997684836
53183221
247723476
14662354
423818304
244243985
216503958
382791093
555474658
19033547
15458230
17474682
325724996
17883640
38109656
298195800
1017786018
300521630
189683159
19139963
262223982
286339472
29082972
18208120
451586190
196645290
851822887
320754780
31333546
558887847
235382338
346826825
98910693
75367781
466201060
186830684
56413858
78369108
107125748
93534865
21768766
10102032
21883871
48139034
69579382
441237553
187184827
1079712996
303965282
603898852
857076703
151563503
390462889
982806986
435289940
537649539
1081063513
56696211
876139110
138476060
14251225
303898942
225123568
113689856
101844194
15692988
16793287
637143497
215779968
259459455
577697556
109579523
1074480192
38813274
33750798
342863309
26834339
22055226
109287731
291756142
25445958
631445235
15731368
14552725
17168586
171154131
14883401
24342206
32506723
194233791
94139317
16955870
227790723
20545055
55370790
43409523
110213431
221563863
159609655
27707080
17091571
235312723
60828944
109970987
394838637
8559342
45524290
17860980
22532974
128960879
28785486
14592411
25073877
19741685
148771088
35859588
32899415
342165503
282826670
59167437
239930426
505985589
236026761
17469289
18728980
133990365
15021918
39744210
58491682
339730304
33537967
29598035
227373977
32010840
17916617
169586280
18653221
22109355
11680962
7744592
21440926
19629840
18000662
121465107
28412100
38313524
46204574
104615577
16348481
137466464
224320485
97171189
22771961
15691217
16256269
9830752
476256944
81191343
52503751
119099920
7401202
17061263
727472528
149913262
143798379
90252949
18963842
15739391
354073788
49758766
17192262
57408986
21022846
19718686
426842554
335094572
156062916
20245775
14717197
18695891
405900344
78968275
31540671
308721230
224285242
707305604
18767699
103087786
607165880
379403679
217543151
241273907
167122787
130739067
85794542
985130323
15143314
431915688
185687860
333820003
97581493
169229045
15675138
16742053
20617476
186646579
21308354
108686283
23849615
35837788
61793200
28811251
72579376
377826053
169970177
342945476
361342191
456806128
5695632
321436860
118688192
331013295
370842157
59331128
87063281
17582355
114882144
114859756
46479416
14485734
18559672
477702366
385728885
874916178
25091922
37683838
296060169
59031664
323490669
14934964
36553332
44935627
217550862
21056978
18029328
6999982
103148683
184935045
19416225
17494010
16859117
19216998
243333917
6996632
474324083
16371006
16125224
20382707
18986695
16097702
26103389
48722401
266830495
55472395
130945778
13678962
5660532
114756202
138977055
34371118
15988710
326255267
221422356
62595469
56202097
1903021
131546062
48142971
44209472
90077282
20076659
169117805
16597389
18963809
20957491
34916539
124224165
24439201
89297892
15515169
16467567
763003662
334219471
80136311
956893724
49457533
281781375
14839147
51429353
19613267
47550771
773583732
162896204
58562226
162111709
277333874
565188105
15754281
16955991
16163639
16446177
15160884
43269016
93224770
87304113
21246955
29126313
350535244
15694058
36452050
145359059
42555853
14777215
14275562
14382001
1917731
7039122
14614786
18111483
23413001
509171700
155670420
209099735
55122680
107743871
15399512
261918703
18772897
21082948
499875471
330527956
148936255
611816381
381072127
60901164
249787913
16288426
16193222
21829541
36105669
335066641
22267198
24236494
40156330
587591310
63864872
452340605
19673284
92079350
288363743
42995067
64916983
469194846
20243128
117972265
912819103
16358097
28597974
456889270
47376165
22887076
832686151
5566822
115462350
885149478
555589804
50565131
333631672
68739089
47694175
22716596
17275727
18881102
67965792
16248895
155942845
339877498
58614188
78699094
75094137
132758937
600346795
40994985
56422080
76125515
406373730
39566443
588479546
7259302
21609126
16724691
322736443
20600214
23209989
71520943
14587949
93789657
59875938
69086398
238484434
185841079
826542104
227682918
282695161
339332911
610922415
843961386
88048448
110893482
64533011
184136149
540122045
19712373
29803896
92483539
95069715
91882544
14928934
53836671
498961017
457984599
342887079
50446226
109034782
20626103
27682619
31258065
14745164
16526000
34225821
231175831
80094297
25568707
233985354
103084042
22744510
37261304
270385244
17126704
462104542
21814314
26761317
24212955
53606937
753164754
123358058
6393032
20776147
46783037
343171266
550730704
7518732
44370795
256613502
20942340
247632906
69465360
471891309
65493023
136300373
733751245
436220477
18739423
14125882
123905160
41094722
303509036
175831473
29289157
23868952
14824849
16164636
27364778
813286
90405702
15808792
716113424
20769514
244783424
30771049
522282462
59972707
60439824
18142861
124296272
335683561
192400663
617248087
21542704
55329156
26766355
405004997
302446244
24926288
266834648
15739494
84736552
31395001
546135718
175514162
339835451
94654133
305588032
369605327
243371049
71169840
302736641
85003783
415836996
205808022
48419788
158820629
21186125
3135241
18528834
218982732
584377204
394359079
209706754
238453562
102238997
145313067
26818542
22065061
28181835
16439882
77302539
569154106
377534571
33690563
71358042
116529568
234914207
438048452
534513524
264129564
24183358
45906924
533773506
569546005
27583598
20528383
16247383
14358491
10878852
174335779
612540367
15808765
6904552
102792727
112543508
104569741
245993078
21426423
76471706
95442633
40080029
538185166
8953122
266918128
4207961
45671898
18868201
114547989
254186356
244655353
20946786
96442308
277561227
21111098
501584432
16713948
28113052
588587062
331717724
7702542
5741722
54682125
1652541
386767657
322603418
26350104
326498030
130487227
15604466
309164571
91115924
19010198
93743289
17910554
600463589
19568591
17983057
130600206
455764741
15985607
594035220
597191704
148882145
19249328
310330192
215021113
34976186
546404078
21878635
315947636
34743251
175193015
196697157
143949701
16184358
28162128
34713362
28576135
68203907
557280907
215021528
241215352
21793946
20192403
293812832
67359134
48814453
21454322
27822469
19779249
17118279
16049790
128608302
23798694
18712930
354412754
87830601
242418441
16017475
235251868
201882918
16906530
555176526
18677951
183788526
259395895
48459553
288415676
138214798
35880260
20975060
316580588
353068788
225217479
339822881
19291441
263758909
36117945
313498184
306269917
139501320
236534618
356696605
356903515
301523056
19614210
55028345
50442179
20688358
69066533
21336343
458086240
17199170
40768837
15358329
15097417
18124756
19772559
14790817
98698378
15164565
304139821
188555054
17168408
117789706
19934083
549766215
31228165
24554234
270060679
16570573
240345666
36667104
93689220
19541375
165875682
112047805
202409095
23354596
48029066
21461392
43901888
47528062
41980930
43117971
44482542
18678924
19669596
29203579
58858574
161319475
79292033
440168523
304701229
25375290
347474288
108392595
342391101
249259928
222880659
417518314
93288759
214693898
136337303
26538229
31266881
18399891
22044641
219010139
14882900
354933574
60919240
15134240
28160998
14592723
16164520
38531995
25578308
19777155
22089915
98471035
25251489
16494919
66765465
19737700
122212010
26753102
38910872
237348797
80102969
15918108
432643761
106733567
142063103
26860506
25368027
97034895
47034524
306963385
23124635
38044883
36654245
70756980
19616327
73238146
84950585
43365782
46326721
16425419
19073744
15279429
14173315
16664681
15012486
77032777
108383788
16353245
14083489
54885400
395504601
333533135
70436289
82687751
191583349
84936481
129235890
263318479
314634961
17093839
174400942
15850297
28162211
16103326
356651036
95887133
220879672
193794406
129879105
228747444
122207745
56749157
74820061
15536703
20378448
23365717
162033722
15480206
56669150
66055138
296342052
18040486
15677585
93069110
21307076
14270650
196168350
32962573
21394764
390507110
22203756
39079604
262425225
89193992
213795411
161340750
53088771
221508042
48179180
13529632
40931019
335706472
48019369
382438492
80821043
255594884
14275291
15281676
8128442
20078032
236936450
37120752
15646174
29255194
105326402
28468549
112695376
35818542
360253510
366825119
40928206
81512870
20193270
20015903
20825840
74014041
25709609
28909383
16317840
22322730
18648926
117882437
15034087
180063894
50427352
21434408
17009186
21573210
20545835
28614262
15198507
147238440
57963724
21827185
19396002
328824030
15041430
127908221
39350934
85844559
21826591
93748661
230598113
133165344
236693401
35664186
141084952
305189255
17194257
17095956
109393656
66434167
20185502
62609390
23438894
214133792
101862922
115105973
231510077
19732969
21045364
103131395
71332635
23442668
198572491
28163255
6718672
27737215
50406637
294126378
243797058
262756641
264219447
238177562
73844842
250784170
18873112
22154089
48117116
23446740
20610047
47013408
41402405
16073043
130684893
45599035
15169032
19593182
14787980
14760150
115485051
14688489
41822452
22108128
167787529
16228398
234551797
28155860
54675199
47734671
46797480
17366486
34607715
35783898
40048119
54116647
284210345
16093095
18645152
40029332
44416270
14312391
28144343
19259102
14869449
15360796
65399031
12133382
759251
22217082
15727817
39931366
33946296
252742141
6278622
15210284
95975858
108452299
61220477
191477653
25320005
16989178
38495835
240501439
211901075
246769138
235271965
237750442
266133081
294902433
220476737
270412323
14305337
168485883
15694395
22256645
16142297
54584527
15725893
17807970
281610530
197496309
21305757
16206295
15651878
1319921
22192847
14790899
91055467
125461100
53229950
43033450
57976073
148529707
225925416
91038197
19898168
6577642
14857525
23484039
37666984
262287628
12859012
36502318
16817966
59217500
43555354
86392440
18151782
17078632
35004994
16187637
166990746
15770447
109979045
27882000
14475481
11783502
147649517
59676104
52112689
151444950
23121519
92388009
38719099
24914494
41634245
234540332
21790160
318658756
17147476
255864725
49094229
38240009
110232789
134240162
42744368
146515670
1046661
16444606
245516606
7334402
257229456
45190383
179245596
210628675
62379598
257006422
135515077
49780918
33687120
292495654
59771400
242836537
242555999
278124059
15442036
20295222
193430532
222622640
21901272
22978395
17595745
16459325
197594920
247334603
277501298
20208331
52605637
14466538
17494466
25916881
35474809
234374703
29738565
29042859
166881432
23970626
18067423
26083271
202206694
8793352
44101412
44401911
314123984
237403203
21353281
58708507
25454410
28264799
19805496
27234253
82447359
26527734
202396203
19082289
113758100
84419098
22555330
48144950
52989817
157096286
9653132
41679261
16072676
158769098
27557391
19188991
50651477
15572155
114388293
20786801
15985455
52140667
76350004
33977070
18277655
5496932
15207668
29442313
43910797
15007149
72198806
16160352
9855382
73181712
15647676
9624742
83901492
109071031
29201047
20597460
20113797
14140370
18695134
7429102
20163714
26097041
15244133
23501907
25276610
45437927
266084180
20733756
131204770
4923811
23856851
274305944
51241574
18098313
18278524
14061583
50055701
16212541
14606079
19918047
309274068
15738163
23775782
169245808
212302405
24774508
18745640
158244820
15987296
268967373
16007460
8859482
50338063
17518344
14238142
19327538
17156012
25108484
19073101
19997157
1320681
23089953
36117822
89447848
14337705
50692548
19602869
12612432
254714347
18686907
86364947
15450996
14791251
17196684
66493142
17074714
14920785
41265813
36690579
34738598
14444926
28397477
15098223
16869718
36114446
14791044
30009639
46435868
18557258
58925842
18872477
22047070
18247062
14825520
7228682
17546958
34109146
20024413
16013365
18047695
123906637
47116723
22012091
28652194
28146113
95704598
65079515
98474862
15490051
48043084
19028248
229966028
65548089
190890578
14283170
19889929
38585952
20494868
19811171
26256573
19828669
18828839
24380236
106514937
160561302
17010686
247131009
18776942
18089606
143942887
29944064
185268314
46131997
24112747
10033292
26022056
8833642
39986021
18144581
19667766
16630062
8775672
84129740
28240319
98543618
16081831
41387157
112526560
21252618
19354391
25796213
31402393
162946006
18246006
83953327
43660677
208110454
201040011
16042901
20733972
48619960
256331150
264926670
26652014
256637869
15722411
175089555
237039399
16066956
246292470
40351413
109441206
281188193
82161645
258140067
114916322
85727307
236848479
249885589
289145582
20189768
295685416
22831980
297568211
297586652
25863763
103929010
25429371
240755522
257582789
217837669
173153319
299108866
39610287
19024627
110926042
84239817
20444702
296361085
137407124
250873039
275541804
212007995
262655889
177769660
26548315
43638469
36743910
223970563
106498703
263936580
216881337
125806932
89820928
163987185
20175865
36837132
116324294
37560296
24434197
65120302
23670971
24961826
14286906
78408666
10126672
227506488
21224756
76452765
22528309
24539426
20730021
48523902
18240191
133894361
294909683
76649729
65837560
25878494
66224302
232290669
195503811
76966145
134617566
20562637
15714301
18835723
23485514
15582644
27556859
177584156
23269051
237312687
11856672
27391793
96828033
28587919
21220931
14463815
22047748
70038433
260479308
129531185
16318652
16226996
16188738
80928773
184627801
18340750
16726846
279964598
86864211
85606078
140286364
16874338
15550642
76687407
21973078
36046325
85469308
14894471
237617014
274625003
170336271
243500984
176336274
10790612
17995040
17920055
63525003
30865013
13787352
15292813
275572403
58379000
146468133
19016767
14842061
36700664
21111896
205893721
36814557
157182106
30005269
26287372
290264404
165533941
113527315
29819643
60113766
83949216
18061669
234370900
236530658
18791654
30864583
18378801
28178127
29707786
7212562
5920532
242872360
66369181
35002876
18608514
42472972
68198046
21525246
22055109
16364399
18313747
18983793
21536398
21010214
14331688
15513604
23970102
25101996
29216764
193785644
14335880
17818461
22703645
15538790
233737858
211588974
15676944
182523811
141990034
20251654
18083519
17235511
29466408
15690503
19723699
24724263
251749689
15885233
212262370
246952174
250763894
41228046
229592356
16727535
79281675
87104649
24002724
16068266
52954222
23484025
15856087
54034655
106162969
167438813
20809530
38013922
16651871
136250134
52070270
85131054
146167871
79743108
15901113
136550204
9862752
93876666
108617810
14268812
15931637
50073507
46176168
138479037
18258975
243291022
124308387
19269183
147079460
218623806
22823850
260949369
19612749
19787564
54281064
35838884
45797123
171482213
143479310
244167280
15911565
125449017
23981662
27744185
35218566
18197328
74916026
16789970
57428429
70403567
133161412
182251918
199051860
104198706
254777469
20713061
221162525
69877838
122447754
84070694
248891851
61960971
16012783
5145071
60065966
23266799
32466793
16844715
41548451
15847001
21175082
203240268
20278903
18083420
17291393
41870622
184076773
142313927
23283299
15661604
6017542
15954472
27084721
36755941
21133845
20721095
123974480
20247181
26665250
170416637
17467442
88750092
13673392
41193257
51955183
30534986
12272322
39155029
19107878
16250929
20444463
72547151
16228479
86129724
40116885
218975278
50769180
14845376
20092295
47975734
7270292
11650762
18632666
75364211
14434063
73190286
5577902
15600527
16056306
26424123
37920978
5558312
21746095
198756585
45284482
115753716
46681100
213182436
127086509
68607069
23828676
13727
8542882
238321369
154286132
172833512
52758609
17449453
136389258
193380685
21478415
104299137
26081979
73102674
29560924
43919633
49834861
46813718
166751914
17896154
209683582
49187581
20126604
3108351
31128848
39453699
220165430
187547255
73402979
7024672
15075999
170432851
205367268
18566912
161743731
19926675
21329826
114896223
14393046
15751083
34340464
24735461
15856366
16672446
84207207
17489079
18772406
76387233
76707735
97503010
48390772
31127446
22375126
6708952
5692662
23038702
16032925
58883032
32157272
55911155
105011437
128604687
165177139
24618431
20707966
9252212
15947185
16074091
65146567
60680268
118756393
21286108
69181624
30487162
69799094
21757108
13524182
39308549
15066537
36947492
135108504
16787084
77243814
90484508
128393253
37287625
37764422
40923070
73303753
23500635
51271931
9048222
24907244
53127197
146241212
18915145
16031927
16045956
49615301
14413466
2467791
157334760
17112878
51486676
148462421
17831187
88784440
19553409
16697527
65106660
142332083
113047940
16157855
27171329
9888552
16164985
36082429
19974834
117537998
138805685
110445334
14297180
34842246
23025656
32924328
20545212
45528439
148376661
46476819
39634561
9138002
39834947
20776497
22513016
19929362
17218709
68602771
19417492
133439172
5988062
63377408
18514343
15194813
36821733
74915203
37203216
46002396
19739121
22178781
21612122
48847011
111671288
21313053
15745368
7597712
95973441
22307545
16348491
44513878
18805644
27311044
61842393
41874264
100385507
63296156
87742200
71627462
48809111
20109439
21600922
16180004
41634520
4388251
87103895
78403308
24905240
57019339
49750261
17498138
17749847
20252855
5357812
56443453
113420831
16365305
19408986
10168082
25568065
26820275
23134068
15726878
26062385
22536055
9335232
52054505
19394188
62447206
18216752
21157904
80677503
107562348
108351678
14989516
20113220
43964874
75353438
56690623
49140008
111162630
17369019
23448741
26533227
19173787
27901418
69773058
29849953
8940342
74198348
18791763
27245742
17491498
18956073
17389256
37666775
15224817
14412533
9532402
14669951
73198063
21674448
22033991
64033016
51782310
15905092
26559675
14529929
31794660
87730555
15976697
18646108
14884201
50005359
45577976
22643800
14078808
15745139
28165440
17166830
81701891
65691824
9300262
50325797
56707827
16083346
13051792
66759749
89258170
88573444
85418520
28556811
57785515
82459100
29506866
71530737
16426463
20131183
89486296
20585656
90651198
14724623
24232840
53318939
90409998
29454444
21167235
61706763
26475251
27814428
869541
90454075
27038592
18284765
22551081
83868521
26233068
81488979
60373737
17806725
22962511
34759046
18904276
91098283
15741263
34382363
64674830
64753204
34927577
87273730
91179899
89814216
71504144
46278119
48609945
91208519
87528361
91249836
45455840
10305322
23166714
57471560
58106653
90002061
47739450
27998400
78545256
87941822
22568169
22899657
80800979
41482337
17779065
18410701
54769979
14468225
18917677
89208983
20953527
80925639
18102933
16292000
89214909
60636108
29750354
67918699
88736955
89391676
33066401
17433998
29264472
19034714
86874694
34793128
22697397
7626142
73270807
19998587
14929875
22577091
21797895
48892929
16166007
41965335
16633016
37922956
28622801
40589618
34751322
30524827
58784347
61905803
26087120
79848537
31253047
46739672
55079018
34698537
32822134
15698349
19214700
35350414
38650167
49863209
27789594
90344568
90116420
14093909
82559142
20757621
12655322
54203149
42706103
14166103
89222289
19926983
22642225
41286675
41404841
73975180
22962080
29163678
49229046
24789638
20467925
22339239
33018963
86766537
80681424
86235125
19240113
79781052
20847914
16085755
84500347
17231732
24280515
87879845
14537046
88781550
16984020
15517190
16489831
16609959
88049318
28793627
48428234
30785914
15825919
24044964
56707997
15844811
58337604
69691649
22298331
20418143
29131958
15212774
17851177
81894853
80172301
29991678
47481937
28687311
36904033
59317106
34330593
34675554
59827454
48530263
44219965
56744339
83695489
50317908
83717374
83727700
82710096
71348239
44767773
78096589
17699672
83575108
67398110
22918287
15721408
14825418
76109674
19750571
43315437
61006898
60625265
63150856
14754866
42497258
54358945
52763281
83981860
19827665
77852785
47752415
14307307
77763495
84340362
5405752
18164995
84327141
22975119
84343904
84344040
84343383
82462571
61295382
84442023
15741602
24713160
71840268
69175544
38972487
22812044
33615640
15605972
15027796
81183129
21279968
51648715
63995901
19797817
25582520
48609897
17885302
81010255
44403079
15046662
82802688
38296844
17684727
64274583
68642779
44422871
16374260
49059418
84240836
14437435
19094006
14926871
82438375
41740308
53106230
85386639
52108410
77802639
31474478
80660584
76469980
22868427
26286483
85486126
16353591
21789755
85580616
12322682
19053307
65152675
85732860
63212565
85634199
85833816
15075753
85900778
18228816
15812612
26066370
20942257
40818079
17884446
22166937
58528442
22786142
14177416
16727097
48820031
24560119
17954494
85643377
86235946
17840967
14098960
74168842
19780002
85350396
22047229
48043422
86361794
69177224
36741297
85959880
76076931
17907072
64254642
82652149
84389322
18204828
83992914
18647663
14940842
38381682
35006863
86674797
26009507
25763891
15299373
65499704
73132025
17777458
78627041
59133139
76188685
48353677
34810105
28034348
7904152
86592135
82751005
57911275
14081282
29431826
33222598
40173703
57221477
81008235
29898014
20607533
87052303
78020226
14633385
34730013
14096611
12896172
28819462
15463671
44249415
87329353
79880960
71660694
34963813
17660545
72565500
87495784
84383825
15839980
14079551
82979739
15235184
24706270
39647735
76719803
25342368
15484100
40093824
15969125
68454527
87536737
69951004
13097772
35794413
19769868
87612710
83851384
18361221
82717376
79815672
24820762
84408486
37678193
33985449
66736030
15009549
38334702
23268339
24587915
23034675
64931862
87323580
79287897
86133628
86336870
51497937
82181907
80735417
14687298
77314743
28927265
82911126
86459443
23097695
15245984
20259714
22223305
22156672
18778796
34604776
18234870
23920295
49363063
23407409
82439559
54221728
51332709
25292876
34623731
40451390
88216639
84664241
26442475
18818124
14093404
15112131
62169810
15501243
11742992
47257804
68819317
62429601
18280993
36174865
7293292
61266524
62721092
17457788
15515925
21619519
12048822
64265422
72957126
50396479
20215579
19606202
15865232
16554283
15423837
19790907
40460165
41865935
28803127
19120619
23950350
25783674
15908867
65191502
42567108
15214193
57544201
47772085
53112255
50468416
17287490
58243562
41067018
27444964
18557573
16159748
19625989
15522251
20377002
43425301
61862045
35132365
18732084
42457330
51867992
50048079
49200674
58708914
61817029
58807068
62425839
60427365
17885483
55421408
14344823
28347876
62595677
46644011
59912689
16652075
30003452
53401659
12165022
15651167
22238436
34854337
62366064
42266490
16127726
61566015
54543236
59124509
59156687
18203300
39323295
18524690
42616662
62821250
18581346
22656327
16554496
62907371
21788594
63010196
62857374
63055995
30050899
31617618
42055840
27467929
16955895
15826514
24323843
44280156
19907963
63249121
13390742
18097821
18695206
35941798
29465114
15854738
31004086
16252261
19787235
34471581
20102978
15359490
62166162
48723115
20609172
21724513
20318442
39638131
48414468
33707195
42115862
19729080
54736290
16477905
38358326
20298507
18158447
57206728
28601083
59694295
63317852
50506188
15921559
63494104
62945390
31266304
16468012
23188618
53561917
63532741
63530284
51188243
49658897
29619396
51912431
21157100
61647167
20176510
54054599
63526373
16063483
30399360
47931004
63692727
50128469
33679127
19929998
50836715
16723958
15723287
46408134
15909603
19724592
63188110
63790450
21897371
56187258
48104727
16492813
61469043
62316124
62538319
20279198
22533299
33817203
32708629
59087065
19254663
31268560
22076528
17227545
50016815
59211471
60941344
39742041
21329349
21824553
63981997
63975507
64222826
24393751
18338666
34537273
63494339
19303795
63660834
64257065
61387799
23258931
48566603
34790135
24223345
62598578
64485455
16206750
20747560
59864086
61556910
47794090
54446722
17985135
51990743
64194320
50564129
51596668
14628529
45708896
17897492
28982802
24338735
63499952
19998363
62839690
33332251
32411106
62840311
8857432
48566172
64744675
48086047
20751766
47373520
38249196
18208941
20875778
14630612
15702780
21817649
64059918
22870377
65100875
35518584
29583819
65256110
23715074
58978909
17758696
56532503
15966418
21690156
19719579
58872421
65130204
35758513
65284281
63286187
14335514
56755030
65494825
65202410
59177426
17586312
60864416
23774477
19263453
65653558
30801168
15602822
65664369
16476319
17760565
26028893
26577442
45601517
15090029
10672622
22172424
62235404
24789032
63533226
62647711
59307883
22989485
65928202
65725119
18444278
41536017
65502117
65452243
65905189
66246724
46560358
27589141
6022912
19508383
66376651
66459271
30893875
18836990
31612439
66526266
15435147
25750158
51142412
59996393
37987093
14858726
28615851
5515202
14526166
29844070
27016874
40090469
14595163
15727214
55629060
57147584
18453534
66798171
58550802
10660172
55430367
15554778
21407106
67001567
15485844
16594193
17955097
8278552
17906346
57963420
14203293
16806103
66884165
7651512
62528324
54527178
14530043
30015085
18618463
39979367
30949690
67246760
46345329
59578326
22256610
62106563
18118324
67080145
17164028
67371636
28023737
67102922
30702081
15421002
40992226
23202327
851211
66292253
19555172
27913799
18082622
61084470
15907063
34300531
67667012
21206042
52789108
58926281
30775888
41966269
63891138
28183533
31173747
67838005
22172502
36679242
67983764
25333335
19745355
23442861
64824642
45982224
50377463
25665330
18038834
16036700
29512815
55939703
28899996
17002830
16270238
43742675
22776851
22251973
66197222
19820158
37738983
65442011
66510044
17199619
68459216
42483598
68572942
22107113
66366704
60453854
22895618
30365631
16723089
68757822
19950147
18485607
15640005
18510308
47129343
15945496
68394412
18826280
61543599
63602081
17512765
46773682
31060952
69041992
68559350
46966012
15829687
55689628
56549081
69302972
66440207
17911939
69235755
27654091
55581437
19512735
69528481
39705800
28661058
16506973
69624388
69795520
69761145
65248549
69289442
16581372
3076591
14232954
67982612
13029762
17097227
67897442
44828198
53902349
24038802
35558088
35081110
64932634
67086587
19620317
68068639
20475362
18461855
68841994
15722296
54251918
36101932
69373773
19926346
16377693
56593913
39518916
70755320
70778921
13478282
64889052
67175886
69643682
70900132
71019529
31210646
71027276
20634764
25733596
71207230
19893927
48850408
54060612
34856097
55380541
71478915
16608712
18399285
21214305
9668182
35784576
49808833
59924621
32044648
46184745
32995183
17472434
61347713
71449271
70781633
40525261
61091828
71723756
23926510
23181999
71793783
14203700
15994909
20567020
17718887
42754501
58708159
56600262
7848802
29044244
23201172
40061810
34391520
17311919
65657968
45028171
15778747
71862741
61113669
38091575
63796576
26992940
26683422
56917221
66324482
17857740
18809436
18734358
67087617
14532306
54673874
72037660
16320366
17734407
34678937
16680918
60440111
18063390
37461389
14505273
28444645
71075399
52854919
15017412
30311356
72370807
70990172
23967368
26377957
63752288
16076103
9485802
72553038
17139704
71728375
72559674
10444412
65626751
19084896
18206547
17880985
17056956
56759776
72777029
36677338
20455522
72864857
16729099
36766669
42917296
21652530
16185585
19291616
50438243
72751025
31225019
28725013
28371803
35890164
17140263
16390105
15343330
71862122
15826752
73060357
18166484
59609905
73107936
70486574
72982535
17602465
26437797
47012720
72881914
40133635
24856909
22022793
26262618
62350724
20276247
14534195
27355808
23447937
9492352
73018610
47030142
29997707
22839168
41763828
69696941
39252533
64027252
9462752
73408777
45766531
58577666
73481601
23028455
15531152
71280184
52524602
73571898
71437386
18687037
71519171
73620211
19817591
43597480
48966903
56123350
57662077
22901551
73223935
67734792
16803651
20914115
17763280
73938516
36050060
43923842
59307047
46578023
46703601
19576571
20567131
26596727
15891408
11844502
25554480
73496729
29743558
48100483
27008669
74281325
12624242
23592249
69673914
44466543
14206403
74494311
66389211
14389933
33823550
29449300
73044644
35867607
54302898
14501256
32538728
38265221
16393069
38216130
7637842
65522706
74724558
15601676
71294756
60372744
15149815
20168605
32673337
64161351
15745259
52834004
72258529
25314680
57223307
75021261
18169037
21676255
15448793
27674633
48356494
65453528
61603379
60984835
75055254
75136717
21269970
34496163
67215899
16655604
44914646
19943294
79837772
25244028
22689194
14240132
18325358
82643763
78933290
81800578
82653511
12543
82683747
14734068
82941180
29179862
24056349
17290311
2615611
24903444
48744684
82166108
70527481
62320334
20076551
15667937
28327091
48561717
19411014
67430251
20563800
25375288
25145704
81626440
33663774
73480296
17982212
26103970
77840078
14246315
47058669
14947860
19146776
29148648
54229868
73485145
24828860
66558688
46719826
31175661
49102516
26991652
54435732
65397068
14259215
81439373
42638402
74781364
14356053
21492433
28425401
19032307
18196401
36631782
19929484
34380461
17686543
18942825
16276180
63811288
18078008
28601993
57343072
47649236
15723991
71600459
18563490
21312469
75398827
71939486
75141534
57775836
63312155
21519687
17143180
17635773
75683125
14325463
37198934
8276832
28034854
72085530
75891941
69177605
75914443
50919168
74740200
42041788
28476204
74657307
19789554
17821955
19850687
75606439
20455019
29960778
63731706
22136453
56167383
44414947
75958018
49036233
76457275
50029551
27008972
26652016
59828597
49577208
52921904
38232012
71271440
17992014
14762764
60679322
38677881
985051
18587384
14599992
14399906
18195853
76736490
64595423
17241517
17098873
69531359
23760680
36747803
21493557
26493862
76417907
74218619
44195577
19927713
75021478
19147325
30653539
18226567
46403338
30243263
38089493
27502677
73829585
24902202
43404382
15584800
74759870
16668347
14166805
29089641
35153314
61937009
53717114
18403114
54640555
65679618
54598826
56663241
56810866
70890338
35207611
76071293
20405322
61340865
77594112
73672681
14258884
70154837
25514965
52198005
43624561
18385910
20101430
31069776
35311246
21896804
77805733
77781353
76750943
66799868
74732831
24723092
61361950
49228583
20724120
28065857
78169155
49202006
46811337
21608662
16343441
77298364
77943776
22740009
14503443
20859431
55341975
61019588
15190419
15010705
70130652
26028291
82433827
55032524
82487965
74642450
36703763
24282204
81936333
77810989
66017462
67440258
49964679
82594345
82512537
18782656
82639296
52499300
54289997
50781133
21551631
10067962
26510092
15146659
81833866
15180878
38485150
14453008
14393350
80665507
17770022
15113305
52581656
20465881
39259630
36417257
30043495
36253104
16148151
79620865
71035071
17878576
22044671
75485007
15743525
78099551
15701392
78489987
19745368
77762388
77010168
78609251
15742046
32485396
66353369
40045792
16927517
74477942
20088666
14089912
55235265
47673867
23712174
22059342
66798264
19785194
19776812
65651571
18277753
16860329
40269937
41406567
16950822
76755012
22831059
78715457
78709628
34367366
7100612
66524895
19607827
74825169
19843008
40597877
72126508
44045053
24084707
16409339
16044407
15237920
23491911
77017567
68493615
54630464
44629827
69426633
15805853
21651702
32653565
47423303
44531237
79213181
18990265
78970915
67021862
16467920
75774503
78490683
55632448
39861235
79292613
23323482
22614637
77794283
74642565
44035242
54697253
57248230
65932403
79497474
22794259
66137053
58966831
3513571
14869994
19409373
75865047
60223057
43892991
16081011
20319987
49835713
21631487
76125491
15786347
79975846
79881334
52818298
17722841
18030431
73417498
80111587
29923712
77935569
76378417
61615342
33649119
20752841
80312202
18192185
19077055
17285207
17897395
27899908
19980600
15971670
33209919
59486472
20073530
10031172
19253863
48525212
19381675
34942224
63626355
5526202
73186935
17752368
80068532
80325572
28462350
21721107
29242197
19713940
51123120
60841064
17297707
80403646
15231264
69069895
16816616
68471280
25167362
74585303
27537614
30646813
16469463
16365800
15923226
80599383
73768720
22544812
69019217
65056071
22278303
41677388
17496988
14246001
43499736
24887513
14532688
15525758
80752366
80556439
80635371
54190040
18004014
41173885
65744750
26506932
80931260
20968641
5644142
65130545
18367121
80913719
55360723
50281638
81133739
36651398
25420977
23399652
18693365
15646189
72977866
17006566
44769565
19105841
22291488
50755935
18840616
73680467
60807079
81369040
47745785
21588987
24426252
12422962
30795207
60699354
18760460
78449433
80472766
72175800
26944996
21969829
80154628
21316936
18485106
34053936
23220731
81397578
17539563
75895921
38566557
16514451
76944720
81826587
81698867
71589684
15920680
26865606
60668784
50083702
24278642
15825182
15165894
44308191
75472088
18766248
68999543
22809560
21604766
45574817
47521345
22962633
33175976
29617667
52812678
78784359
23987951
7496712
49948237
27904138
82106868
23875969
26077830
48031881
27228928
82158262
19658826
12044602
10615232
16588111
20683515
63783555
14293310
41916358
22788582
1435461
14886375
5402612
18424289
14224719
24935878
25330059
25332541
19218313
35133011
29148007
16651693
22058524
17395134
10998612
49196062
16232302
31847329
55784431
55722849
804226
55887390
15404745
25833825
27522335
25845856
35306247
17468027
52943103
50206432
30345066
33444126
53031375
21979792
42081985
51589720
44918317
56111450
15196395
55027576
34750812
53981494
53078833
23658958
54277847
19079603
47939463
44129622
18985290
53543743
14981714
20808855
38339184
44286773
19380704
26777182
53269099
31359955
53706417
9265652
17928388
18135302
18906931
35866483
49128817
54023973
51146604
16533103
23603726
16696384
14204513
54199578
45875819
54291087
34795188
49424632
54311614
16739711
45408299
41517468
26873313
53808596
50729420
41823904
44638914
18497595
53266764
14616459
42029279
41632293
54222299
22783927
24742936
16852899
19939451
23448581
54722289
16072058
15311890
17244337
19847902
50053975
21166842
16313934
14342668
54357237
19430772
49777764
52235229
54573060
19181549
33211481
49261641
43421313
24461643
30225353
29037179
19201438
16057615
47720065
55023824
44983309
41121913
54738193
27968690
54052087
26518726
52099131
16898332
35899671
25007926
12767522
18811140
16297361
54011853
705623
29976465
55292063
17375852
7695502
52873319
55371005
49302014
51797585
8223792
23450159
52337056
39761540
18148439
16013843
23029939
23436626
23251075
48739299
50647738
50403106
13651682
50055300
50541330
18143637
18779898
39626131
48539944
15018315
34281156
49127586
23079146
50797853
50172330
28686667
16447439
50695795
14187250
42141036
37422655
16167710
15602331
38469386
20254142
19926698
17501973
68883
19743130
38794200
50687186
16491569
18847525
11518102
23606993
14526637
48872577
24722404
14231171
5840532
21381690
22243973
18953968
51486385
19627137
51537566
24520237
19204892
51581277
17811170
39172886
17479472
46367721
28165628
46729169
17917156
28478887
33600093
22538881
49904156
43347283
22697146
51856763
20572150
12481742
32562930
38115896
18690043
15732013
14894886
48619206
41066777
50813952
12405472
17641123
46557945
30370638
39626812
52102451
20244346
7868832
20872131
50700243
37937260
47846345
44946555
9843332
33677874
22673630
48225334
21739931
46953368
20815848
21366924
38291285
46312689
36732058
16521870
20197601
52113851
41954931
30590085
28099234
14533015
27897402
14055514
13525312
50497567
16243893
52463958
19147430
16451790
52172962
52524297
13516082
51654882
50372439
51794827
52183538
52263006
52380354
17678357
34831094
51328838
16008265
52647252
21083177
52713165
18476432
797022
16406180
49653650
19660266
19483682
46567060
27524776
23208648
52946282
69893
52943349
23884956
52531071
28370932
15724184
21679774
35109207
21212367
52779839
30323648
19206311
47764859
48088346
50009091
18578815
52131790
25690502
20710322
52226794
22571704
45554378
17859265
13230862
52312820
37573775
43955261
21707742
291
49639265
37676634
39911340
19784604
44943374
14178874
24382786
47238678
30087580
48726952
43411322
28252610
44355152
43623734
22506408
24353665
43631907
15314458
44210168
48839862
27518942
22199928
33923629
48613512
14231597
44342908
48456235
27743218
39701676
31120321
15935077
32889986
25770408
48560676
48148277
49072604
48180666
32798431
24956483
19238116
47546581
14336049
38586723
45733284
47804867
30613392
31042354
42308946
48618334
16296683
34253650
18829444
19697193
20829736
49105595
47325596
40187868
23451044
26594419
15724082
34287054
15445208
19660632
20182089
36274813
49669535
39985938
25308906
48479798
49698871
49742270
49205945
22797378
30045475
14212297
20249384
21337440
49962796
33122266
26184888
18532859
16026596
7911232
22188707
18606670
15180419
15762819
41591243
30279783
16342422
14423258
21233325
26818986
1451761
23010592
22460937
14584507
22559384
49913274
24207559
16930125
16697821
24061661
35145230
50186367
17823769
20245031
47564264
49848618
48637988
50253430
50254806
43466527
37692417
23128953
29040833
47344392
22935909
22811375
17033310
16911432
15973881
29174698
37692162
46773291
46786678
17298954
22556073
32326375
50577509
25462597
44236161
23090981
14800884
28436979
36686069
40938614
18036861
47109929
32135955
47116730
23795538
15581825
16696031
17747609
20938871
47121165
15694692
22228991
21627881
15328811
47155755
14701345
19965250
15325645
16032281
23993991
18185540
41289563
21658543
23631885
46048042
43722727
46418524
37046492
46061895
27382597
43251107
30372129
17333580
18902942
47617764
47616515
15759387
47632905
47643618
44792162
41892562
47688440
20705197
29388019
14154518
19384291
47521512
17666779
24019920
31964996
36939242
47004667
17769444
44286626
43357947
17735804
30146716
15850135
30951035
42899672
19597935
35287487
20019567
41363507
24636656
32532435
47554425
22102055
47965912
48191377
7334712
23881752
16468173
29762396
15641528
48264582
15008568
11620642
46254126
15018548
34925156
21736460
22547819
19928971
14877167
48367473
33950666
47999840
24854487
16493753
17295416
19981106
46721551
46441055
46102030
28423263
42978062
15639019
27335898
45683456
20263329
46199047
20538410
46209617
9707972
18254081
17146256
23393662
27340418
46174967
42312789
18581294
19838028
15920465
24924235
17513304
9755262
46217245
16593544
46399602
17951676
15154086
44665673
46261800
19631308
46446051
14969353
14403929
40108993
22873033
46536231
46566865
23247113
17841122
20405428
46528315
41255950
15713560
46692927
15432266
21878204
18856444
9486482
46664545
46759995
41785345
26493804
14144711
45867106
23882268
16066307
38580354
18323740
15721844
21819977
46930048
19352070
30579047
45869169
23811272
46954542
15887713
1911641
46977661
23628493
22101478
12340562
16333424
42645584
24478285
39508226
24018903
43348556
43379806
18213420
40075716
18216422
42962375
45840174
30035057
14532256
22272027
18045425
44551011
35016138
41164967
7411272
15058823
16072171
10307212
7825302
38712112
22300305
36864327
25927763
27581053
37424291
25025452
5489632
30053083
23041680
2547
36925907
26527499
35401291
41406133
16102437
45675533
27733493
46037868
30718556
45967238
15359578
27676828
15436472
18256117
33103997
33432617
1966841
16003589
25163050
24480305
18250906
19201769
22684007
36773278
44464526
19455864
19342607
34273717
16119100
19112266
27898817
17673616
16799709
17934457
45245774
21822231
43367554
43258876
25062954
36131059
43377651
39427853
21587082
45422258
16003403
21169771
16833122
17983854
24422240
43986327
14985460
23861321
17953975
16300157
43147406
21113849
15202034
26190872
19658173
15554922
19478290
39282417
42645040
37424500
10255172
42954971
20440427
6620762
44137955
26505985
18883577
17419722
18958655
36998066
30230144
43392024
25747830
44413355
26683976
2059051
16956020
31603517
44289063
18112181
24496399
34672883
19639389
14826124
12859712
36773740
14632446
16139462
38216750
43913924
14142397
42687954
14650810
31147283
16467292
41518422
21878443
26375835
17970341
21258876
21680868
17722324
20517132
42672700
38021361
21295723
38304180
19688773
19952124
22573714
38078115
42795719
34540298
36070982
17639250
23378408
28332443
36017238
15603311
28404738
15495186
41659956
41889949
37925461
20554517
42666829
26677415
42297018
41409829
24473538
41202050
15881765
21657330
40885909
17626987
17870872
20517889
11148342
20078009
38776196
20260047
34489040
24633258
43245475
22209714
18945415
16523910
33796850
22720454
15302379
43050282
34949760
23843522
17641086
43171801
41420112
19319446
39860218
41741358
42342417
42085436
21486588
39522263
14092392
43509173
43460770
19947200
23874024
38297346
16106750
42125576
43376269
24612832
15055812
18659772
38013983
22679862
30584975
15505272
21862172
38199436
42088598
27884684
25067306
22800767
19004046
28036539
40411249
42005859
42185689
42159561
26594580
38433502
40041554
41886270
16886925
16511853
15421960
26076386
21711082
38533258
30876392
35242607
14902108
19220217
21325256
23311924
40878817
16695823
20019924
20866321
17603764
6724252
29783894
23035691
19425538
14449509
39895739
18095598
13267632
33741840
36157957
39875702
38466228
36706152
30049463
34795583
4239551
27765513
41763599
23595220
38026584
16814879
11364482
16632166
22233925
15446520
39140504
33030246
18948879
38990969
37757695
16140935
32948047
18332578
41627524
30289859
20958510
41732151
39207632
30375058
19722219
15521257
17953908
25194185
35364777
34654588
35389524
40768515
16339967
38855684
15182200
23654718
15675570
41499899
17878948
25017948
41505220
27971300
41019773
17050351
16123564
34452190
28636220
17862442
25447122
17970120
40975183
23086348
17300379
38790364
37289193
23145794
18979075
17193739
28176898
30899256
20925227
27243658
34415675
21377291
34530039
28746205
34532151
34050912
15519845
7001092
21518672
30239133
14286806
25872326
9573592
21918825
15754255
32719468
28477245
18977269
21136619
21459990
17057376
27524029
16629197
30532919
34523410
18810387
34989373
33065195
34825033
34922873
6802722
15430772
31120881
32225545
34841957
18043023
19685365
23784443
24420496
25713628
28880782
35290839
14838267
29022217
17373076
26066129
18644599
32156433
24475750
35548003
33026166
26370385
35027698
29899954
17767146
27897913
31453667
16336341
25108760
23999320
34493115
35839589
27105836
35875467
35578805
32963477
19465209
30358093
16072888
15607219
36011553
20339204
24703010
36059014
32018156
36101055
19079544
16422679
17388472
28370615
24069926
16102244
21337480
19104284
15610600
20720537
16055760
26636139
19310241
15985545
34210069
15953264
7519902
32626056
15685529
8826082
17591323
16393257
35502668
21344177
36278322
34962860
23355686
36285379
18711636
16119203
14600495
23215818
14738760
16098713
15499282
32180191
34129655
17613138
18001288
36403186
30153687
35593745
28373302
35824744
19197870
17890176
11649292
16380351
30929637
14496627
14313633
21920151
18029134
21519879
36240284
21045893
31358013
17655804
20091703
26076220
25305032
18895037
23826243
24388970
23845591
36372950
16067969
16127038
36455762
14406807
19596228
16286990
19775920
36704672
29443725
14345607
33986037
18991110
36770416
20553567
14067386
28856407
15713614
17503117
19608949
36791063
25387067
29751128
36883343
24275621
22137290
28347276
36756124
34658840
32773804
31403497
37000133
23629413
15503251
27240103
37135732
22298599
14365627
36002064
37147512
36857943
20997391
27131872
22450190
36893259
34718149
18885539
36682054
18456220
34176028
18178768
17094138
36033107
37287839
24573669
27927666
15116032
26078253
26033435
36683286
37681414
36193336
21285220
18145454
14760603
37463915
37760670
20632352
37273321
34561862
37455411
21355783
25996980
36079456
37775759
34251485
16653691
36390361
16656993
22823767
28468758
38042476
23019725
17259640
38107955
29797731
31216189
38225387
24933475
16565260
38277874
35217783
33285853
18842033
38286341
20887901
15691455
16739724
19849296
14718092
21305855
37762777
37993654
17943109
37445814
16873037
20451320
18744018
37877645
16752148
26750747
21977216
38613109
24472555
16559419
37191821
15750251
27372602
15697059
38667880
14249716
25919258
18145568
17999296
23664161
21696362
11274452
20836892
25132875
25362632
39101615
39132047
39151472
31181743
26602004
17502682
27876271
21888589
24069027
39299120
15840285
37975844
15783643
7126672
7144842
17800215
36751312
23559952
32603889
32281887
14220697
33937468
39457338
14854961
38429399
24526837
15910704
19336661
18544031
36715255
39539620
39510422
22393631
16173287
38196869
37065020
15192111
26450168
18538662
25111416
23359363
19411714
15799292
39777940
20058011
39516769
16695937
16112441
33827020
15731751
22112317
27097213
17183582
39930144
38274353
22748992
30392165
21918148
35465482
24730069
19768600
29389234
38369519
38869277
21104773
17978915
40161854
14119419
14639192
17835755
25471127
22960846
32073717
39449392
18943852
19414936
18915715
15951941
36662949
14871283
38502121
6043652
18123965
19189870
39119167
17277295
25095905
38213473
15215931
14898452
24457245
17745707
36297779
35958277
16213192
36692791
19364382
40714080
37735445
35150454
20734021
37092250
16856670
36626930
40240683
34481191
33504820
24652356
16605755
15698470
18316089
40522181
22715186
33632918
17609675
40553282
36584559
33595167
22037129
29315218
41207697
28110171
32766026
14377872
24828537
40755225
11464012
18026772
15773191
41377639
41383029
17850268
33988265
39803436
6856122
29435959
32616476
22732289
33221154
17159288
33755232
24822582
18266688
32674491
33837301
21817070
29412913
19943225
19526571
11110982
28639977
19570434
24780148
20243865
21810121
19974045
13630832
12788332
15670995
21617369
22171954
15443571
19124823
17944206
21348880
15056527
26089178
18057257
24322560
20656373
21534324
19667106
31712743
16438074
16609548
26128478
33165460
32941980
20603062
21296785
14413535
15918708
29823588
21332950
32691203
17944029
31255325
24573839
31171247
21370475
28609908
22271049
20491847
21508309
31991169
33388379
9858322
32122300
30293658
25367919
33576613
17199916
27702749
32752843
21114152
16534759
26699225
31586854
21877412
8447082
32815821
24800035
31329094
30387638
16725668
31534354
18535475
33030450
24456833
19379589
33024673
31599958
32347422
20917178
22596277
21630329
21050381
18791776
18833237
28426047
20738476
18964887
17664394
14560097
25251653
26407935
21034238
13816742
18912298
22270398
25634203
29280204
23063226
23099773
14133773
30468842
26884606
29990792
32075069
16912039
22234257
31626677
22139417
16835943
21984633
27627968
30864441
26024698
16950994
28336055
15315239
21958868
17074187
18305110
26487738
32426116
22767412
30209685
31035663
14604238
16022753
30752267
25153138
21544692
14388627
22512852
30939621
31452622
24855046
16494838
15923445
1241871
27991113
28184738
24450456
23119310
15143725
26793433
15516959
24000971
27378567
31015423
31061933
21172749
14788211
26259199
10417262
27644429
14797761
31139155
22225988
27267739
31136860
16748164
17627001
19033991
29642376
30657523
30686630
20814031
22851925
31157582
19387955
15236797
22158091
16224319
31224914
20091297
16666947
30483211
11033732
23149660
30107125
22322056
30221886
22645913
14638923
17216052
30076171
27654305
23814011
29763600
2511641
26261046
30950526
5872482
29777730
30452777
10292992
16013569
20525016
28724879
30590021
17396839
22549279
18439356
30727762
22156971
19560364
27741612
16960171
28159908
28491774
25602270
23523902
24505199
20495072
30053829
23254482
27317819
19909298
17060186
30171587
10271122
17010913
18878209
1753281
21731161
26744642
19491594
16596280
30096661
21110365
30301312
16847735
15087731
18464427
28348244
29175111
15328843
4369541
21040094
19444162
28604756
26420738
24425158
28408296
17504053
23383517
30563409
24276659
20870495
30546168
17869171
27800031
14378419
23360460
30008404
23936678
15532898
17444713
18313204
15603400
17434062
14690927
22931765
23696410
23633310
17829264
21720690
26816589
19137014
29568482
21152918
16792599
29437937
24144216
29467996
20345991
7964202
22640618
2596261
18079697
14784256
24431777
28770809
16064507
21325608
18354216
17145505
29801722
23661513
15255845
29811267
23165680
18772999
19836400
24926169
29520332
19692044
12333902
22684259
23227788
15088185
13520662
15409034
29777081
15218525
24713371
15292797
24428394
15995454
1321021
28526764
803726
28169603
22553523
22532135
25538961
21844219
20694543
15753420
29364496
18903194
22338214
29450674
14229390
24656925
29472739
16890518
23705754
28902705
15661117
19945547
7045962
16665992
14100607
14111438
29549325
17390564
10667882
14861613
16370221
24947343
17757005
29191233
28830029
29124439
21531663
14167880
18242148
17199673
24939473
11161852
16645321
7521892
22676628
27185963
24719913
15779757
14172756
20545731
28015984
29003112
17951850
16074815
21366777
21764004
7413842
16249477
29088332
27689907
17934789
19315933
22341705
26188580
16698864
14761182
22251770
22303418
16440518
25298932
18020081
15117375
27042184
27928356
25202268
15519293
28882005
18492940
18341680
28879229
23146393
15945457
14711884
28272804
21245943
19543987
16412837
10874462
21140799
15115288
17837854
21939280
24519774
10494822
15393337
20261493
12342752
18606641
15791414
7955522
28731294
25353739
27377331
20209857
15877086
17152793
23085830
19921008
28804742
23207825
27651723
22671335
27643437
22321253
17376797
17699523
27520892
18932935
15506002
14079425
18779242
25910039
18420886
22636350
21531802
26858420
27903149
27034313
18739385
12774202
15741037
15716509
15482097
20939346
25006455
20803781
16726116
15711730
16862018
24119637
20898413
24802712
22947557
17582758
26680002
21515994
19001589
15957522
16477886
18210471
21464556
14303574
15726306
17349191
17353735
17447949
28369966
20004513
14601143
23083008
23794019
22328258
28407779
14209663
24669564
27091353
22047024
19161878
24101685
17291465
24881125
14232154
15553178
25172565
27308485
22817130
27713996
28030540
14720411
21059384
27526878
11622712
20017624
26219238
15298430
17994148
19204462
18669513
18386792
22026877
19686825
23455075
15003694
18988463
27933036
27928374
24105277
27682473
7218122
22190409
21913864
21488204
14282169
21369823
20570337
21337192
18125737
15162962
25621269
21980131
16095099
27218074
24164081
24921089
19448173
17930687
23033975
25058846
26946495
16657603
18981284
14170586
16267687
23987677
17446887
16051808
27383235
27590163
17505392
25321923
17416221
27157127
27500004
27187314
24645354
24247474
15419520
20887299
15539805
16506347
21477523
21857709
27468016
14311992
21330180
26942182
17606476
26733491
14176859
20801803
17133872
16505825
23401092
20194941
24440680
27320523
27059308
12589972
27197113
5567912
17947209
23722541
15206462
14677225
17903265
23255247
16138147
23205727
15186859
7971732
18477258
17352423
15832902
1734381
26911613
26577401
17971429
15924177
25094370
26696139
15111710
20871108
26258534
26115285
23397613
26459660
23912991
26339818
23682153
20943524
19456731
16084075
14713235
26594380
17578429
14558199
23123427
14674891
17204619
26305854
22333555
23071038
26459953
2023191
15770446
21462453
26441498
6723552
24841259
15438100
27205412
11915432
22399770
27143882
23262329
14712925
19294684
15763092
15053428
20931531
14213491
17301274
3746171
19543147
718043
16702233
27104944
23076107
19790489
5646382
24362448
24342253
19006015
19452842
17830624
18812689
15293425
16841186
19312710
14080733
21678903
26777748
17165424
16916369
26348861
22280445
18657461
25345883
26837501
23490526
15330682
23261936
24974248
17899188
21960061
18621632
16474001
20252684
17042774
21691903
26903537
16687193
12504732
16106132
16429977
25759867
14427513
21682094
26634691
14345645
14173894
24028489
25168070
19854219
15420799
19665583
22520715
25358119
21892154
14252787
15100355
2783381
10677342
14852153
14563793
21909248
15694177
15027430
27062128
15561871
783200
14466326
15070546
15898569
27073816
16667912
9096062
20860105
15398976
26262057
26517783
22986445
23661883
23336523
17739376
8087742
14578068
18080845
25495946
15173109
796409
25510555
26558789
17769754
16682802
26452155
17685196
26589661
24367727
2347691
18706883
26648008
18041870
26266194
18276100
22292575
14922694
20933628
19805445
23908519
19245097
25017027
23856053
15570552
21129107
14068319
18539631
11754072
17837688
15656840
15859039
19016312
19270994
19743697
18182408
21467563
26481205
24722470
23773262
26537621
23806977
16108468
26449762
15458694
21426656
25558984
25724768
14836932
17867513
17889588
14019992
16672662
18456014
23560655
17850012
18910068
13996412
14389132
26188768
17759984
26218835
24619155
17625467
15285352
17488705
9461292
24487926
17527466
25091207
26260570
17388026
14669398
24823749
5171141
24879158
25097908
21453324
18285094
17355459
19329420
26391309
14547961
21059218
26417654
17092077
14167833
20332767
16966928
17596233
19958050
17831966
26132404
26299078
12763042
18093204
22207014
26495507
16333385
14119960
16990522
19252388
22676968
14901436
21959028
24623545
14277427
15044084
19713773
25526966
24649552
17013288
22035257
14534710
16335469
21400709
21871798
16018470
22964152
16337323
23617560
19554219
23507761
23494793
18805303
18186772
23477708
23642138
16446170
16545444
18180003
21908536
18746658
22949368
15745016
21424619
14570818
898491
15406580
17073214
17751564
23682057
17976966
23594885
14820608
20331972
19212457
23253889
16392266
23794341
23629822
22288948
18694712
15572565
23569837
23454144
14424154
18804691
23386521
16320814
19808017
16873001
18905056
15680258
22083741
23883525
23901643
22323826
16348084
9394512
20590768
23218848
20011083
23803659
22311099
18086208
18986865
19834068
22724227
18043332
16950863
23904500
23965474
9689662
17521237
21139008
14902963
23667572
21943904
19173519
22958319
24086472
24113784
12327542
18543609
23374929
23976316
23360493
23210816
21982899
15548024
24174436
17978110
22163508
24176375
24221369
20434870
11818472
18087197
6044412
7161692
16186724
23619177
18108950
18865635
18277499
20910227
22307728
17074440
22888655
16249259
22738645
18948993
24189610
15515629
21733087
18824698
23839068
24390936
15974151
24404242
14736234
24429904
19817615
20410788
24474686
19804370
24479839
24090607
23825303
17825665
24462003
22868951
17998911
22509548
19723180
13725192
17051994
19101469
15257222
23863635
9153332
6518722
16176045
14882592
12452402
14167591
9482242
23022687
11101542
620863
7720462
14105210
14115895
15145894
24531879
14129299
20217667
23283265
16361244
19549017
21472885
15505220
24687302
21565855
22715070
14125569
15386691
14095760
24709143
15255209
14558654
17809589
24722647
17383428
15841335
24725589
23978065
20267436
11441232
21392678
23929518
21840764
23783064
19743329
20830711
20467163
3599511
19510412
16626967
15236959
24122912
14628475
24842534
23869960
23930742
15765062
20999272
16476596
24773493
24886595
18145146
719603
15208271
20160951
24887138
14165007
23987613
23258618
18764018
24592505
16144361
18092410
15693450
23774011
16044062
19684492
17645505
16503058
19738681
17973915
24949974
6323412
24954653
19314488
14887200
15477298
20237184
14235903
20611249
21690208
22046785
23678982
24378293
21311750
16895766
24213429
23444869
22068041
16366085
22509598
17973157
24707001
14550855
17479410
24795772
16807621
14006732
23836513
17460268
24584835
14630817
23458691
19670289
17234086
21359946
15927765
18056104
24390598
13931352
14250867
19789745
24875544
21009781
14860408
1790931
19257504
18056015
25162697
24480712
24755751
21501255
19775740
24589199
14353146
21270725
25453213
705673
19104156
6938162
21878010
21878458
17479847
16287357
10691752
17743127
11732232
25506321
17898849
21166022
25382456
23212422
25505732
25533518
16689723
25530716
17481452
25544231
19185629
22663910
12831902
16794609
24533551
25605619
1742501
21000760
15354859
23346926
5452602
25350464
25640619
16039421
25094134
21823553
20724917
25755336
16222707
24008780
14857335
18392299
25446308
25546433
21786778
14370358
18238282
19647456
19326390
8204622
21891977
16848313
14828635
21722367
17802735
22942570
21787433
19983280
19730589
24463881
22630773
716593
26052784
14415941
15447306
16272370
18199087
15571684
25983399
12327892
16703058
18146091
20084422
12521542
14668277
17037940
20841089
17378892
16174854
19429169
23761181
17651571
22217781
20493544
20966701
22271802
11800052
20259895
19211551
22938375
18746235
15157566
18958404
18144799
22918311
11421572
19657122
22928400
20970735
19259305
15431860
22262175
17061754
19093517
17033503
23021170
18549579
23025293
22228226
17970032
19317857
16302254
14708921
22982499
19914661
22501608
15594481
19359229
13947102
20079730
21416805
20273954
23074218
23076202
23039550
21706721
15849754
22797598
23107980
7713202
17984951
18052560
20525306
14086866
15487165
14933190
21900168
13018552
23127581
23121772
23121541
19881876
16951485
5796422
14753768
15724472
16017491
21136403
19777644
22427453
22667343
18034521
22558532
19586469
16933586
9693712
21595304
22697422
21363205
23265481
21371062
22302769
19035910
17927796
7308462
15194344
18035738
23005470
973541
21496427
23315710
20828456
18472357
19940961
804455
16450697
22255439
23345470
16030204
15462896
23337781
14804216
18794769
21613341
23362123
21345661
18776905
18892099
23434811
23394127
22801923
17351088
22138134
15208207
23447482
17477109
16368286
14436634
14827357
21260955
22592579
20066438
18313199
19775980
9446512
15798029
23120241
16060257
23205473
16297644
23458577
18599105
22643191
15807127
17577629
14481589
16078203
21262070
20858991
22372931
15784939
17846823
16688613
19490170
16341473
15337780
22011857
22219847
21942931
17858292
14780133
21100235
14874772
14249190
21885889
16666168
18683734
20314879
18223167
21891854
21693764
21378057
16814727
21468222
14478408
21830697
19630210
21765976
18939777
19683801
18299133
18251118
21906472
21876347
14327793
12163962
14520424
15807367
16261445
14511951
21956981
16391173
20624468
11569682
20651046
18389465
1025521
18789002
19500592
15292362
16604409
16889130
21247670
9564802
4376061
20289768
17289157
14760590
21849464
21895203
22000791
21504971
22031638
14520908
20366600
6855042
3539701
17945904
21650577
15356407
22050351
14518739
19400063
17612066
14774189
16797689
19536617
15843729
11267122
15419854
15110255
14106213
17203767
20362705
21467607
15523510
14767290
18810204
16900618
21545871
14187659
16905056
18990658
13209322
14549232
17854935
18949516
21147473
20722299
22026489
19154280
22103170
19034539
17499750
14813074
14345675
18244206
16443568
14302349
22118093
19647497
16130993
22137450
22044700
19639748
19054314
13705362
14097424
13967302
17044064
17825871
21406374
18521452
21638117
22120359
15172189
17986278
16614816
22058679
22090123
16032684
21682744
21298272
21032110
16702140
21010784
22092707
18967578
21903590
14053506
22192171
21140310
22235625
14850859
21463746
21859684
16279854
21665419
16184111
19841704
19793648
14336205
21380769
16320050
22278349
752193
18176907
15319681
9357932
20589883
22289527
20651754
21023704
20598627
436673
22114786
13957522
17143986
19909371
22337677
19333719
14326245
21675376
18592601
20406547
5896002
17440860
22295921
16656350
19749442
22093479
22322814
20271669
22400347
22306317
22122618
11431282
21255623
14796626
19912372
14584922
22205034
20020286
22858375
20644064
19188996
20832483
18604828
16109292
15052600
21024699
19038256
22422610
14936602
17728059
22890004
22891236
14057659
20268667
16417533
22915667
13194572
21600614
21529710
16641577
18055809
14995883
14128343
21210479
22931198
20058174
21951328
15985446
20078596
18472006
16070427
19242564
19520342
22432019
15266392
17145114
18946713
21546037
18728374
18224801
9318832
16478130
15969329
15999664
15892484
21764127
20956445
15194469
18530398
13559242
9614762
20574564
18342009
15907685
6951452
20695177
17966753
15450820
22376109
21338359
22442279
15937684
17219868
18466472
6474902
22334544
20600991
15440184
14998161
20760167
17984297
17538117
22259638
20484317
14620967
15893510
22052791
15944011
22497647
14413024
2305981
22396227
19536199
18170310
21643179
17004051
22225649
19412409
14660096
22477680
14153470
19066621
15689561
18411438
16224735
16015621
17976923
18768750
15100409
21452742
19261703
16425672
19560297
22560205
21535745
15279465
19359085
18360056
12793202
16062865
22306592
22575762
21970438
17700373
22421153
15176133
18994215
17611333
19037454
15884518
16382470
21652798
16542798
17007645
17751311
16907069
22642595
22636050
5887142
20555620
22172161
18953322
20466643
1467621
18954631
18040191
21915459
17926342
18817771
14940859
19847445
21328199
17350411
22656988
22267234
12580592
17666915
18809658
15726663
17997564
16477971
16107501
22686277
22688667
17463660
19033167
18640821
15793440
14178988
14541594
14986206
16828764
15177394
17737211
17860561
18285561
16671570
21263584
22757365
18444665
18208368
22508473
17661568
19992146
19463177
18482938
22792586
22801578
15853310
15443575
22504543
17001435
14248176
20716541
17276426
22645944
16318228
17653337
20675110
21030736
18184916
20850303
19926704
5745332
18646842
20939551
15180325
21396968
15335534
18091773
16480310
17771735
12423822
18930303
19740658
17394009
20207514
16542382
15855640
18664830
14215524
17217374
15838640
6443772
19783509
20456063
16258710
18857974
7913752
20457555
15481585
9668852
20012463
15762842
20468251
20469722
19419870
697353
17516275
20476148
18713667
20480742
18248284
20485096
15780750
17794423
18033119
20518016
6608932
14716058
13383292
16509580
20105689
18314149
19290986
19355167
11883722
15832611
18737334
20119109
14222294
18579391
19627094
16877530
19161603
14614843
15379484
20535784
1015341
14162132
14428983
19739126
18814787
17198896
16404293
19091480
19036725
19928598
18906561
19383951
12956232
18811667
17771581
17894361
1554631
16151192
18142573
10771662
14717199
14841020
20394570
17811898
16323067
15455526
15731588
15448239
17841086
14475348
18687813
15455411
16560143
19000901
19163684
15771007
17065503
15148698
16061271
15139258
20489096
17147436
16911853
17956027
20267058
17975411
19173659
16128157
16088541
18956212
17014485
11231872
15576429
18266619
17368720
18685999
20290967
12113412
20642924
20164223
17850325
19686924
19078736
14296995
19610609
17992453
17964788
15627485
19617709
18743717
20724724
14253636
16134419
20082415
20813316
17233536
18883213
18227504
17908900
18782441
15283754
20783261
20291509
15840372
813524
20834371
18107739
18625004
14101816
18817789
16746493
18285602
20850483
18246249
18777314
18221018
20887054
20281013
15854276
19628090
11384102
8274972
16608612
20099198
16023714
15357993
20263918
18825067
20940055
13219262
20601355
20596035
16748317
17391442
18288782
18991321
19219879
15714674
16636604
19913907
15648031
14844867
16198573
20890053
21017101
20060878
13971802
21046753
14095044
17808069
21038366
20690980
17575812
17450167
16261513
17626898
15063330
19156960
21062725
18615651
21101390
21065981
14276152
19615720
18940574
15814618
16713771
15809754
21138231
19694120
17955611
19245481
15661351
19477006
15880024
15737621
17739134
16223547
21032998
21193039
18513241
18271518
18738744
19561993
21215254
19624861
20682845
16981582
15969141
15786922
21252385
17204498
14758195
20604754
15922214
15297551
21005767
21237672
21243159
14111229
18819353
1793721
18402459
1253431
16949562
15854699
20105402
19040262
21013314
21147585
15740226
14255115
17877527
15766328
17820755
5874762
20753689
21369688
19998484
18566907
16203371
15210410
14730894
16929046
21287590
19821021
19633871
18228647
21239278
18869331
10235272
19992596
20017714
19162982
21382856
14290180
20014987
21459558
19124291
16157176
19807918
13007602
8357162
18393131
20234476
7140602
17205412
20851784
15753680
7440482
15456075
17903691
21035849
18236009
14840455
14128614
19124529
21535446
16607919
15520554
18361147
17094285
14365762
20560027
14736220
12710342
20939349
14744335
21372313
19877680
21063311
9525872
15449985
13733492
17791736
7280532
18730816
18194487
18172905
21666548
21654539
20546536
21588323
20533298
14109005
15693497
21528003
20144439
20682635
15247277
14789651
18140272
14286262
14836673
21697207
14187268
15462267
21689707
21692549
16275139
20748192
20732463
14620003
18499723
21718496
21301479
14927208
15226066
5692542
555603
20571434
21027681
14081940
16801317
19609871
20825799
21135106
18959163
16715536
15221732
12354832
18772562
15383880
18060953
21693033
16950260
15300473
18460159
5336752
17111646
17924677
20703914
15650882
21821061
23803
7277042
21825777
7626802
7096532
16413611
14655873
9312582
17905482
10051522
15201159
18169850
18411195
15207626
14538938
847721
17981597
20312297
21779732
17735860
8987532
16438594
10929352
15755677
1729051
17379594
18087450
16340139
20633826
19727794
7900962
10308592
9269432
19970737
17415517
16495927
15701754
788018
14815280
19932803
16227442
18223470
17640036
18485348
10760292
14147680
19082393
15381781
17993906
17563655
17218135
15441539
14454432
5511332
17965110
17493415
16711024
19040003
14561273
15749725
14726357
18588822
18558029
17299744
17685359
17995774
17532114
19123310
17511633
15029174
14456820
18379814
18958019
1054941
18972680
18767697
19170633
8006412
15219929
658253
14816063
18058317
643383
16823809
17902979
1565171
16098556
16623835
19213144
15817312
18749626
19224526
17640120
15080142
18931367
15741724
17992657
18774362
17850279
10223402
15693659
15829920
14820316
19309575
18149744
14091848
14242499
19350025
18963692
14966703
16893035
19304891
17566505
19376550
787595
16043345
17234573
19375469
18166778
6509682
18093694
14108357
15898536
18131240
17987463
17900619
18946160
16598023
14269936
16248413
15868342
18844859
14384763
759581
17435455
17085539
14547040
18260458
15699942
19479771
18187781
18610919
17963725
11783712
17084377
7730052
18198493
19554477
19316490
18064854
18036322
16417712
19111484
18065267
16843704
15311605
24303
791996
19084128
19302989
19561541
18913799
16651210
15537855
19327098
3803171
16367336
15981475
14326624
18252477
17288391
19085683
15219836
15247916
17458845
973261
15792511
6354062
14567007
14117767
15125708
19440130
16225882
18530662
10263292
13958782
14074195
792038
18058268
14186967
16931849
765986
14539706
14748619
1007041
14935798
15224533
662763
17428012
7590752
16573363
12737592
14437914
18780213
19666601
14532176
17297428
15694484
17424479
18943752
16132971
10370502
17918065
15767839
19675392
14764605
18151526
18533974
12770402
18873711
15810417
15164393
18216851
17043724
18749431
14071171
18211417
11102352
14238978
16560487
17292351
15454730
9724122
16328784
15110172
15093671
15730238
6222802
15238996
18995510
19663141
16563748
19645511
15065976
16781837
18286677
19557449
19726613
19479061
9175882
19568570
418753
8835652
15821404
6079972
19688334
15701927
15478928
11073892
756210
63923
15812188
18963541
15587326
7730492
19087309
14370968
16408702
17575473
16225776
18880325
19769376
16320748
15244883
16036645
16785144
19691793
16434868
19774655
19777228
13311352
19741749
19778216
19349147
16827173
18123506
18941248
17892273
18825840
19727843
14039702
18655124
17364176
18318113
18015658
15974010
19825079
18959546
19240837
19781543
18063643
14154581
17118487
18011586
19834943
16605777
16173056
18822612
9498402
14146861
16139470
19861640
19847968
15044724
17159111
15522307
17620349
14828860
17920563
15661468
14552206
15853556
5520142
15970567
14284942
14780270
19840494
17584645
15811874
15524210
16257444
46943
19624332
16018516
819375
12653442
14414505
19928560
14572625
9109242
18261625
19919055
19929832
3484581
18004539
16534522
15256692
13031832
19931813
14774486
17598333
15154398
19790770
14968327
19563085
18983289
17907878
19609258
15689503
18101197
19808819
14705082
15605899
19953426
19955340
4559531
17353868
17009637
17139736
18882883
16514116
15807667
15729628
19190935
18937767
17888741
19977072
19980804
16538073
14798611
19605279
15503074
18110126
7318032
19685240
16672076
17599291
17951924
18212117
14249574
14149271
20053279
17516995
16424044
19656241
1562861
1023631
19548393
17291519
20061937
20011480
7594332
5695212
18916432
19012744
15768424
19344030
20145383
17506198
11829282
10840862
20152719
16301714
14240875
20072229
10962042
18790296
15182074
20075192
19125764
18980564
17215931
13491312
19114453
15099295
16887628
19981155
3335531
10237032
16878992
793992
20174627
18146481
18979429
20218556
17916257
18240417
19043458
14128732
18166549
20244082
20246056
20248243
17444531
13789622
20280992
20277310
16667056
20290473
17246871
19850697
15061671
15162524
20310461
17888776
20097342
17085104
19847503
6882
10141272
9017512
19827717
14817097
18884126
16096843
19637012
18447233
17036385
16317406
17138014
19175751
20386427
15021343
14465607
17440163
19837607
15406238
20406676
17655090
20408976
15803595
6945382
18069203
16545263
20422158
20438811
17655446
17130183
17610267
16419807
12469012
4655251
19039844
14738157
16051570
1759181
15783171
18484931
15700423
17523924
16682379
17604598
17271761
17780890
19026201
14091625
14271490
14279931
14249739
14407526
14604362
14914988
14716324
14809833
15007748
15025826
14513239
15031097
15031735
15035049
15034121
15075491
15113360
14073810
15136820
14843361
12089362
15189616
14930128
14951016
15258904
15235308
15010626
15299703
14915412
14834304
14852411
15316113
15394954
14347972
15450990
15455284
12814702
22273
14936771
15474413
15517584
15482286
5975582
15665846
15693992
11988772
15742853
15730323
15754995
10368612
12477962
8785592
15523376
15713461
14046322
13907722
15738910
16002484
5484532
14128054
12671692
14417327
15753267
15283729
16172991
11604532
16170615
14902241
15693162
16001740
14176747
16579911
16595827
16602995
11339602
16674443
16119896
15731063
14247141
15062129
15163993
2357531
15031183
694563
7745832
16778219
17033093
14076314
14540073
16264566
17132005
15810014
15075182
17161241
16785086
17169556
15087889
17227471
17059561
17141539
7352052
15464264
17052993
4560601
14556210
5639832
17177036
15700171
15365349
16456165
15693825
15750846
15976691
7789042
17495624
11143352
17373052
17300319
17324916
15932085
17355574
16258543
17132420
17546332
17176921
17532724
14411042
16479176
17602541
17610616
5865722
17473658
16231145
16478984
15138794
5989672
17346432
16933992
17681489
14761924
16283432
15767195
15657280
17445028
17809207
16348935
16800140
15236740
2364311
17572116
15232374
17429201
16143519
7081172
17387589
17643209
17884729
15304856
14100886
17900421
17942267
17856218
17331231
15684182
17890378
10486112
17997831
17968258
17979132
18011486
17964124
15614970
17582899
16045321
17025312
6071382
17918869
10388522
17997175
17802972
18057820
18062555
14336910
18083652
17954074
17978459
17847960
17744893
9643452
17900914
15724761
16066056
15702490
6577802
18130694
17604536
16713988
18150677
17993620
12916102
17291725
14455403
16958054
16063094
15718014
15377478
18211095
15365985
14790314
18224379
18051062
14150637
10687372
17066312
15116871
17914509
16127667
10196452
615413
18152363
8997
18037344
15952972
17432280
17915624
16953422
5482152
17449889
9891222
17841142
14836871
15850991
14535616
18274719
15876673
18345075
14640352
18023016
16886909
14203569
17735050
18301130
14560373
18059559
18205674
18375745
16930489
18324186
18205814
14899541
14114924
15461548
18300955
6009762
18120204
14800273
15493117
17922886
14262212
15852651
11148742
14109419
17639636
15166261
15154248
17923728
15428227
18004786
14981222
6788872
16915269
18271805
18075443
18093701
15996400
15208558
14284595
18413820
17926920
18063698
14815766
18496709
16658638
16266326
18019121
17823343
15700563
14429106
17767479
16140612
17192613
6997452
17776841
15502695
3128101
14840162
6802352
16004144
17591223
16407959
14547008
17622723
17849007
11270992
18217624
17927146
15777428
17290479
18686857
17903209
15664760
14578504
18693598
17937528
15065641
16232940
15148550
16135165
18071434
17885813
16636824
14074515
15116570
16374172
17602996
15939202
14171246
14086602
1783901
7171972
17094493
17122356
17079483
14414279
2681431
17737098
18801817
18640054
15525938
17694077
18948236
18536547
18753656
17904496
16405291
18946409
15661294
16264702
14894643
15491840
17411020
18986905
17611447
18985280
18996112
9376172
18020819
18753808
18966427
1811831
18038108
18501583
15692998
14526918
18034923
16422588
2232041
15444711
16479702
15207713
15723677
17923876
17917157
18325086
17911802
18688138
16265372
18818272
8349572
17107955
14915538
15966494
18804231
18909534
17916114
18535289
18891923
18289929
14110710
15519833
14410652
6750202
16440298
16593823
16675615
16650894
16682738
16740276
16032762
15496218
14165069
7416362
14643625
16960896
16681146
9009462
16226848
16139890
16435829
15726135
15445240
16436077
15786795
15751056
16478226
15795245
12010462
14194143
14217044
15017211
9877032
14829479
8635782
15371240
14790078
14834017
15694556
15443541
6980622
15844383
16120273
15676749
14323831
14369130
15725659
15740420
15485266
2367051
15715665
14132503
15087124
15169945
15622579
15779344
15102873
15373336
15481645
15778671
11623852
15502929
11728602
14888205
15904673
15441937
15058530
15969768
14127511
15506100
15763535
7548732
16350785
15970192
16119129
16197247
15968882
15727317
15730075
15729617
15481969
15839983
15898942
2704951
16001350
4393001
16144031
14095216
15432665
9508922
15369049
14173084
14728168
14872955
14904437
14393348
14352112
14300117
14286032
14312471
13023332
9915942
10355992
7827602
6728362
15488528
15651271
15017207
15023973
14912925
14401607
9836582
15024479
5561412
5815162
14233605
15416505
12814822
14099715
428333
1931631
819546
10419
3137331
1367531
640893
14091360
14050355
13065722
12927812
12726012
12136622
12426492
11841902
12294952
11246242
11134252
9883192
10376152
9755772
9392902
9272862
9118502
6782762
8184102
5814502
5693842
4614311
5507542
3210141
5469742
1626991
1050111
774909
