18784453
1327401170
19506790
406632310
29304535
3091316093
34402366
32802870
119977361
26886095
18713552
1137600571
22952132
40924038
19090295
1285266390
2756649020
3016727754
1392282998
19608297
18906574
3044993235
26278266
2433737761
2724095695
280670233
14631598
31464192
253604734
130274805
556051103
26535379
95297779
16538210
78694788
300425859
1289186312
3018670151
15681098
512174178
393562221
43920155
35829796
22642788
106291885
2966570782
2975350155
2968451607
510516465
1155335864
1281405877
2970462034
2750127259
834069080
2853309155
2933760046
47798449
2953922782
2964222544
2929491549
2966765501
17544524
2382685057
1499993378
993153006
18773159
963480595
1058345042
975200486
234053893
248699486
281540744
236899846
234822928
17896154
233693291
239871673
1305596696
15281676
22527499
241207373
1883356866
37007274
19418459
11347122
2970279814
2863006655
2916086925
37515236
236279233
2968007206
231108733
2962681881
2962868158
2964351843
15946841
109375982
306326228
325830217
215391643
81190667
442321178
17171111
402957663
17011177
19611483
161329769
49442241
2437576603
1209417007
634190439
787373558
16552537
20658469
42692687
407013776
474223757
14849562
222666657
2596865996
626749620
1367531
15754281
2884771
6577642
91478624
14293310
2467791
807095
3108351
2592023390
70709534
97683102
14412844
16187637
519819758
18907422
24980670
42930296
20281013
56048497
85396297
237770636
235373000
305620929
364415553
462143773
138770045
36948268
50452197
31801993
61206798
31122582
74294786
13491312
39249305
14135426
20545793
22812434
31611298
22812754
14984637
21312077
19318314
18696134
15954997
21684013
111635527
34972633
116505994
33563161
162069635
23600262
132201224
150724371
46016028
22669526
56864092
137823987
148453195
153944899
48086014
156333623
252249233
82453460
232992031
267854863
78445977
163570705
263815367
22523087
19716781
29293808
249410485
168673083
24745957
30912937
208692908
236511574
242892689
242426145
210926192
28602948
153919023
193872188
581141508
516880804
305216911
432676344
310310133
40302336
384913290
1068499286
937723303
126171100
776664410
1068470480
1080844782
995193054
1058520120
1055685948
1051127714
1072467470
467823431
164369297
1083448909
1080509366
231510077
1410590874
74508260
789244177
58928690
33576489
18909919
28599820
63169388
1880674038
29450962
227088228
389840566
140519774
1045110018
20552026
155669457
112740986
153486399
21157904
19394188
29442313
1065995022
518644221
19407835
52503751
584012853
19739126
1061292174
239905257
404132211
442824717
151963505
24195214
114785533
15361570
137794015
38254095
937801969
1206227149
463132556
872421781
47412499
153149305
15174710
80612021
153558139
1061385474
7713202
18891923
1064206014
25781141
16967845
19719380
164007407
199325935
84119348
20015188
240812994
439717095
15210410
190360266
23848444
37526845
135931182
32774989
1080950516
377609596
97910289
334162338
1530850933
6017542
14270650
21312961
52070270
14870670
14173315
28785486
15012486
1652541
51241574
428333
759251
13850422
9252212
384392601
46648807
12296312
14342564
16669075
66369181
54885400
16028241
50325797
28096105
77017567
612117635
18149465
31128529
906782533
17539497
36681590
44427293
2471313374
1071840474
200211973
389028352
180857239
1262218110
587852239
607654021
74324560
201148166
1093338182
257091348
937267308
26778110
44673415
14074515
7152572
30354991
51267168
45905115
106430958
22139417
1072453910
14620119
12804312
15310883
34099535
2178638689
1071102246
20517132
35188464
386023382
27027979
27114180
1483353540
161791703
18137749
1077121945
1128781184
1140648348
16930125
97053247
2279665783
125184430
21276743
14873618
90077282
160561302
18825339
110899711
46739108
26323932
158398519
432771620
108376246
16583468
245451804
249348006
1260172386
24913074
29501253
385429543
193732179
479872233
248735463
161411080
36686040
20002401
303861808
312134473
7356562
63262233
41764193
60757383
2293131060
17006036
22162854
21880237
237312687
242761889
229197216
299883942
15856366
292935209
122174004
1027156464
1058717720
1262814457
1074129612
1060984272
950783972
1058917562
1055907624
41017380
558769636
234014087
82649553
1009269193
267938462
1330457336
29205600
133057915
70489839
136337303
39853442
206721200
27048645
17346287
22650398
326241098
16547587
25110115
123883373
321574462
9130702
16555985
14478046
23105781
1339931490
41416662
432799563
92635627
90728698
234186830
114887629
16072058
59985251
109347526
1093090866
1339835893
1917731
1037321378
1135486501
552980119
1408894190
33340027
9648652
1089859058
15210284
16245822
9300262
23103488
282093902
24928809
17379685
30216513
292990703
577690047
559036652
582280139
17070113
15442036
188019606
111635980
133832049
221792092
1531521632
432766911
15922214
14246001
15675138
88806753
112597717
381152398
109025212
339852137
1134292500
258900199
1055730738
785414496
1222257180
63039312
156064611
1634177714
222953824
437922544
5513142
36683668
14615871
22012091
30313925
43963249
288751432
15764644
151519500
168502762
19918558
214216108
17093617
1090002997
315395025
10252962
16374678
56965597
16664681
462382474
14411304
610392272
367864694
106217193
15292065
239949176
22829079
82492807
942156122
1092979962
20437286
11348282
78408666
813286
409486555
476256944
233360926
22053641
