3366341464
2932617195
19817778
90321516
2980405114
2927758254
575658149
266830495
3016006349
2966351836
817866768
250221324
17976923
1209417007
96329902
622041419
10929352
906782533
19739126
33655490
155642785
193794406
242772524
249219716
950328072
960696949
1051446626
1849261916
124224165
133591767
14587949
17139736
28176898
42924141
296245061
233761277
240393970
23124635
222574347
225921757
17544524
1071900114
325566999
67639979
52714526
733751245
23434114
40894713
333692333
26289429
466769285
861591595
1424175302
10126672
19611483
1058460818
86364947
211924290
54885400
74143244
1169472288
412341946
492373293
159196439
121845403
946604731
615154475
26777550
200600239
1246885213
19983468
78965661
30947684
63021490
30007492
176263946
28574394
18391051
17539497
36330092
161404919
212312978
241120548
53796718
266747919
37991306
36971022
732721039
241394527
821951082
473209647
128319137
277744247
605423963
21951484
29723550
39580052
25549451
498171885
15279622
26777437
23440149
105177140
15335534
20861949
258890018
23439717
17514243
818017662
58855930
17631078
194713794
1246534459
16158150
389711492
972361927
193901854
1378108100
374152542
373991638
74818261
164065155
211648070
278692365
44400991
7384442
196079883
170896342
14840341
17543584
6322022
58497343
19605351
28568173
300507338
42476618
475502984
66528454
53154071
1389614222
16491569
20245031
303509741
193467907
164318512
193449699
77534439
979307827
389216419
360332057
23277450
41614373
318134208
44374416
627419447
109366455
59517922
26232946
34936025
23143543
189628044
1099084039
16664850
23827857
52795858
283324844
186573667
39885227
22438005
1365505555
39845277
1347143054
16203795
550668551
1183076804
93069110
135575282
23018144
169622110
51674513
408153196
15906474
36647217
17014401
8536722
119225308
76347811
93224770
19806340
1312081033
85350954
71043032
21301933
214302064
275682052
16961583
301627499
20029840
16641565
17171443
143812180
8302032
361804988
68503423
16101182
18650835
23658384
32445738
24625821
378513932
15020865
37947138
57742381
19426729
67317116
37715730
702950948
309412866
26810814
93867771
108497101
41186713
44973396
339879013
361288619
36536661
52236935
375208491
36957050
23547114
54700208
704098430
40559141
24772046
71421886
330524784
113718554
34385349
22510609
33926811
24247996
160685341
15858700
337132498
337148798
352498729
48695894
34117110
260982900
44361656
263227646
366272268
24891679
27090879
17194346
583208421
22013225
57296312
537463383
318658828
262425225
494367964
39249305
14085099
20269833
19808819
14085146
407946396
519615548
903624534
340441071
43417350
73202062
65713456
338635468
497280678
49317240
319223442
19918558
92334229
437600699
375183444
407301921
252638007
34994482
172949323
1022342666
26992146
606607061
69035304
285661267
502099550
161692909
214504207
19643688
326849490
14232085
851621377
1077446982
1089334250
76649729
1069124515
1065995022
15012486
1137600571
935033864
11651202
1074101017
1072008757
968650362
20280088
293843014
52541572
22508473
38339138
18400385
380544746
45162406
15916962
136817359
461112527
16086265
25948048
16262329
757345172
600416231
24369345
806010806
69799094
195159644
23103488
219429281
234469322
242761889
237862972
299883942
249288197
75367781
21269970
241207373
234906311
240385577
22055226
376960013
221793778
15751083
20467163
23970171
229197216
237944147
222286905
224294785
190328374
252819323
12726012
84620376
234053893
41445718
236899846
14344823
249339682
807095
14275291
217543151
213634439
16424044
211420609
237763317
10102032
242873057
78431501
19929362
78369108
110545675
29766367
33977070
137407124
85606078
246769138
20192403
15356407
240376522
201079432
295685416
211901075
242926427
237312687
240427862
240760644
15281676
18166778
15428227
15600527
24735461
18317325
51228911
52503751
15856366
234812598
23976316
211530910
25086658
234128524
32010840
237814920
234797704
26051676
209792690
24183358
236916916
233949261
235190657
15160884
23951197
19926675
60984835
35829796
248699486
15394954
18916432
5357812
10168082
237750442
22528309
37920978
26424123
1917731
19394188
22831059
18646108
428333
51241574
2467791
233693291
1367531
235271965
234057152
235251868
18566912
18811140
234022257
198526130
9300262
76452765
237781383
234837632
234822928
19658173
16031927
13058232
12925072
15207668
242376736
34340464
3108351
15168829
12788332
248850174
14669951
15985455
17800215
32506723
15675138
20608910
20015903
239871673
15922214
240363117
27676828
244268646
114756202
1058807868
18773159
130929441
117777832
22527499
935368364
21780652
12135452
155634922
16098007
5561412
18891923
7713202
