133836828
18164272
15507545
3240034769
2949826379
30000912
16378093
3144326411
20
2927758254
571202103
189253902
30231097
2970279814
538571667
2437030687
15941955
2966765501
2347049341
2293285892
46213956
21901272
16469160
20776497
1591632828
69004966
29263488
237059433
1080509366
754312458
5336752
28181835
89887215
87063281
15463486
17910554
2332160214
605547972
28641559
429305363
16035370
28894359
38684906
151521581
13201312
45577446
71028773
5360012
2234985930
200918990
61587403
16386070
16582234
15778673
817903729
17022743
756110
260904856
21679499
15635563
15365780
436088381
366318659
80897523
756083
63137085
54715826
17492588
1897575517
33133275
43532023
16249259
18455021
494409208
31298984
198292018
20167496
65802506
18625780
93069110
238259855
13852302
19107878
13729222
484827229
16043843
587152115
273622660
39552438
44212087
19258489
217550862
21251668
18172905
19186003
139478841
158960144
17389023
203377975
23593446
2415965959
15727317
54276326
142721190
16319705
20568520
221184578
237114422
24277268
251873585
233617605
349553348
28365823
223991430
28201143
19917936
275012431
21782597
52015418
67212947
2241667004
2319425220
128359625
22996700
546173123
55920388
17006237
86786436
46312948
1386571
71120500
2303778486
22697256
2340862214
51312476
20945693
1936037827
1077033458
2375530778
20912136
488717668
1071044828
16546177
40385084
35552316
202407417
716891754
2353133839
26260188
347317552
1169950790
43136437
851600329
1446197246
47744763
2389751870
2388209383
2389031994
63507226
619395861
532515505
233077081
2333684802
2411312780
2272330814
1615463502
49698134
16534038
475286355
28265605
567445874
18587457
1140451
59159771
19817778
23709650
14849562
23055689
18174520
123738314
89593573
348779533
44183146
7768402
9692022
1364655631
216832649
14185317
210206603
2546833752
24816848
38499911
14225711
41648722
49034122
23202269
455498952
41230177
191278750
350551844
56223278
19434113
258871053
418255085
252736653
189998630
606493284
319442878
176796221
40927935
577236424
60919240
18811040
562411203
47689554
131222787
600464274
14153020
165747596
231500577
48821786
15587500
27922157
331211313
1372215079
15741208
106597684
21213276
34370797
343611097
1242225343
1071262951
1077604196
350982275
842039401
1565798791
21399457
14882435
1728492613
1588368908
1161002461
321333028
34111133
210150207
17278640
1926540907
84655621
392761269
2342665346
34001183
2329269266
1069189531
2241127644
499905987
209364146
2370436730
2327509556
2373762188
1962752900
25321854
1007010260
240354679
42931109
30524643
49717219
1084291536
43905519
16577222
74274257
1092734221
415748201
14190722
16530799
251844193
17345975
291903997
455979303
22100897
429885189
41137645
16521102
41138457
20607052
47813440
46380990
293062104
112190567
299405491
21844854
17004139
21318519
12615912
59145948
17881467
309282144
35027698
21880237
15949714
27347950
80890505
126722715
182545611
24464743
15066958
208155240
148826880
36745613
919755206
360669674
757303975
261505853
48711058
101065133
20348377
17503180
19506790
2205611863
546091722
15113565
66369206
30043495
16674789
15812243
19195094
97474887
14962779
50325797
13524182
15446531
9532402
49986034
242418441
20480549
252296570
259395895
222622640
205864193
19726613
398104656
240427862
2242638794
19847765
2150981
15458694
14630267
14511005
14528861
17965273
19367849
36649831
46747249
105677153
159147860
288352064
304646849
246487026
804514651
22662550
31053563
112047591
23617498
21921531
15264675
337453078
244722043
140928543
90746345
63001307
15275864
21209333
394046454
26596727
8406052
204576442
16629256
633777072
32359921
22447078
40523050
53222666
370489880
340997626
28113052
98543618
246030854
82509878
16688474
17466132
16726258
43904845
23006222
21674448
39505153
104299137
11771512
48075643
27055034
981102829
24254373
42995067
19354391
16018516
86141342
390973130
190298721
106514937
1657948346
127539363
19112923
15012486
7744592
17837184
2352288997
1513753861
745476127
1606025952
65416742
205847300
140427956
18058609
53039176
54546430
67766355
22506795
436913317
13787402
81141007
19402238
29607664
98228006
17346287
67393806
83922884
29726578
432766911
5695632
23534104
46817943
1707321486
17789578
63262233
19824430
15824288
14676022
38477209
2293131060
115146080
24750798
331681951
112811887
116832720
94162934
90650079
13393052
28145061
409486555
93783716
82387816
1093338182
2250579284
120153772
309978842
37551548
65193721
119430288
16365676
30644801
285165232
188852875
23103488
37710752
16878156
14342564
34323121
192955168
19674502
402957663
17011177
595515713
18829123
125453969
455024343
430995737
418991973
110451417
8839632
31870446
16669075
14173315
21783950
123926499
25017309
16129106
10126672
54885400
85606078
42145896
17409240
20600214
19611483
31310158
14499829
43166260
43925391
71125560
184790457
6519522
19948202
14615871
14437914
17629860
12133382
5392522
69436987
224346828
324896218
51241574
19608297
75069067
11856892
2836421
14021902
38751529
250884927
17137628
15864446
16303106
56788628
55338739
16581604
21696279
370808273
30354991
14384907
245888548
2707272451
20681980
316375309
136550204
59425403
16125224
11680962
19371141
12926172
285744541
77032777
222554961
90077282
24439201
242944499
16371887
18772897
15901113
83636590
308233424
64916983
43409523
15993122
559859517
458992712
228747444
467726691
126401831
514564994
14659350
11702412
130274805
240014188
19216998
165998897
7819802
373551099
106135104
546135718
1564277888
19068885
48388417
250784170
121795745
243337600
14763834
14213413
56440142
16081831
23768237
227841653
233985354
114773910
55261443
160561302
46557945
134870834
13067732
345158526
19250369
233601728
285252127
240135871
570169435
167024520
79743108
148771088
78623653
58683409
96405362
245386255
246789509
92572677
92055121
29598035
18683964
347395654
23466918
249384564
261918703
17340781
26133429
160674277
83462293
138261295
20769514
147467535
338401874
14245722
23097748
1230446054
203158279
17033908
1668873757
612473
14246001
16153562
18213483
69181624
14138785
14700316
69231187
788524
16343974
20646711
33933259
41814169
14159148
147649517
16973333
87818409
2097571
14293310
5402612
742143
59157393
1652541
23092890
14511951
130617778
21982720
15224867
20479813
236026761
19697415
109663580
20765706
46103686
546969173
19123124
2201599651
1250023543
76744415
246393891
166263009
344094717
605746053
47648927
499955757
40888151
60721994
2341086884
55158470
112805829
76424372
418804833
21129024
2411424091
1704402144
1566320930
1692467376
2479881697
872271865
374402854
813286
1555903578
1206400256
1249667275
312034637
371733945
882821738
485829909
20594907
2192863968
278060112
312693091
39220809
113369466
199334433
16677658
42955081
1598429004
1546181856
16579678
103643796
40003167
44185900
42720503
293918005
16536023
125767822
30476668
16698121
16522350
70759937
16220202
43339418
36399662
66735501
17604217
17204797
43904530
14252191
90475009
18234041
25712048
18996424
84979573
97465315
93710855
43387836
50320242
38842009
43902696
15347741
16321821
51771326
14502070
16321813
46555330
600317663
43902370
77112966
28345527
43897616
43385043
16453340
19029537
27274884
16253146
16469116
254684032
137398585
113420831
939091
15007149
1393155566
43920155
146569971
20436059
26538229
57625403
120176950
1076899938
1342861723
308573576
115911638
56255599
393562221
73181712
44783853
15649433
110541296
78408666
76348185
61853389
54923615
266073293
411144155
38393610
72694635
104936595
19076210
73001785
1117495225
567532294
1851857544
214108187
36425430
71535306
130880421
55317776
50384508
20686569
1485158300
69577059
50733898
41211060
17314943
832149314
64216552
23462117
168981735
218713556
160923107
2485376635
71300946
19734832
2592023390
132948271
15212187
14354042
75785294
41655821
2499545810
2398066861
267283006
385209326
2155397910
304909941
392810019
517906070
18510860
119065840
26533257
15365461
20831107
333586513
1490934217
69076785
24431892
2281028252
26775504
95368983
176976368
22642788
23817298
17434239
53503202
1439104682
41046031
184516497
76133715
73780213
65672919
22162854
17006036
410249471
145363200
586671909
127537612
43897859
29619340
56727950
89273233
16222408
16223058
601145933
1493384287
1071027804
82817034
130872690
283359349
398795457
14716900
31239408
269314519
48802204
20778387
2182412918
66259130
208120290
1634177714
15908429
15441965
369505837
1058256326
252819323
236899846
234937222
15751083
338608917
166252256
20437286
17006157
11348282
114756202
30929600
44873497
325830217
17539497
1330457336
1023020557
1281405877
16228479
8953122
9300262
5741722
160946337
34713362
3108351
4898091
263936580
44401911
404422077
456806128
13787352
1769551
17918663
91478624
1176994477
428333
5988062
2467791
16664681
15647676
66369181
271024433
441938188
1531265618
31128529
74294786
31122582
61206798
116505994
233783568
246357149
151963505
19716781
9855382
7402662
73238146
44177383
1392282998
7429102
515822213
1262099252
20597460
18695134
16160352
435500714
1267940407
244243985
1061029050
1099199839
117501995
15808765
60828944
224285242
1074518754
41017380
789244177
1262814457
58928690
288751432
242836537
109071031
305620929
364415553
358297892
1089859058
74508260
267938462
510516465
1009269193
111379452
937723303
15361570
463132556
216503958
115979444
235373000
1134292500
8128442
292495654
250188760
19318314
31611298
14135426
20545793
39249305
19918558
13491312
31801993
29450962
34972633
28599820
56864092
137823987
148453195
46016028
30216513
23600262
153944899
48086014
156333623
161791703
236511574
24745957
168673083
111635980
248735463
22523087
38254095
153486399
163570705
78445977
239905257
258900199
232992031
164007407
82453460
227088228
312134473
339852137
385429543
40302336
310310133
305216911
404132211
442824717
516880804
581141508
1068499286
1068470480
1045110018
122174004
303861808
785414496
1083448909
1071840474
1128781184
1410590874
1339931490
432771620
1206227149
1260172386
1135486501
1074129612
1055907624
1077121945
1037321378
1080844782
108376246
1055685948
995193054
1072453910
462143773
942156122
112740986
20552026
787373558
85396297
1140648348
245451804
384392601
33537967
93761782
242892689
413466731
1155335864
937801969
36948268
137794015
168502762
240812994
234014087
171598736
479872233
161411080
16583468
193732179
109287731
1058717720
1058917562
231510077
1072467470
126171100
1071102246
776664410
193872188
249348006
80612021
199325935
15324851
237770636
1027156464
389840566
1055730738
1222257180
1061385474
155669457
263815367
432676344
1092979962
1243902714
292935209
239949176
29293808
558769636
249410485
950783972
1531521632
22812434
240921277
15684633
14870670
630678082
44615672
1106501
16245822
132496568
486895422
40604512
759251
126629610
56495963
426909329
14529929
121917554
85654279
47327366
321637800
333517999
16275936
267854863
15135675
16414197
44209224
40092076
17470110
52070270
425824266
19358607
1623244873
1060984272
170775662
612117635
1064206014
234826866
249787913
208163898
19003372
16967845
278157531
38516217
18251414
21902874
1564057105
16788900
20689525
1093090866
15675138
1339835893
29201047
76456274
247334603
4207961
29442313
115733549
43910797
150078976
278124059
132278386
18061669
83901492
25781141
92186819
476256944
7334402
970207298
21312077
15442036
10615232
16789970
486694111
234374703
242555999
18678924
14270650
85131054
47694175
21252618
15724082
130945778
21768766
184136149
21307076
16244449
997684836
47632905
50446226
15463671
16006592
235302641
204599219
74116896
575507815
1596516890
256563406
385476820
106787853
18622869
92079350
89820928
18909534
47438401
91386979
12354832
14007532
297532865
21027715
114547989
599454226
37999041
123327472
16930125
39155029
33919343
15931637
46176168
16157855
80638910
108617810
12272322
326255267
20281013
18697888
15891430
467823431
1051127714
22812754
18277655
153919023
355906128
355593565
164369297
228544760
16887184
19359576
26284001
42100677
14590903
132588642
21093350
15808604
81886814
66482863
33633540
121862966
16724370
16366972
47636289
236061421
113138587
15505945
222130317
20419776
29124946
44184199
82972430
20819469
200172301
80671793
86987875
164281115
24010061
15991258
336124836
344796178
93231611
185642684
33537142
137843672
52392194
65069992
21795874
28657802
777269100
7900962
65044189
270013816
87966767
19725644
16990802
1286312880
278151072
1002244244
807095
19350935
1090002997
20999272
805141508
198919608
20729031
25523484
262580070
465967748
26781439
20015188
21332200
110759655
928481
15300520
43339234
22669526
18813482
384913290
252249233
293131808
1132622143
14778782
112801913
19286569
26637348
1058520120
423610904
43805270
103018203
494583213
28785486
14717197
247486443
15507433
33530012
221792092
30313925
16129920
400330709
232268199
246088673
16193528
103130238
313431350
17790380
226302629
18137749
59882609
353883569
18938376
16520909
16206646
73260907
578997980
75124560
82649553
24195214
158398519
24913074
47412499
33563161
111635527
43963249
16301542
109411366
365160758
460274173
54204222
54588816
381152398
6450322
8775672
342328462
29579316
197720919
298250825
118504288
22575307
85944752
79842777
153149305
17494010
210926192
388514407
70526457
29501253
198923218
74476981
119405281
446568165
20179628
442334645
57740527
68482261
15554922
17022537
21220931
7004382
162069635
317226055
132201224
84119348
9624742
50452197
30912937
18909919
72198806
20002401
21406834
242426145
128290790
292990703
127861493
29205600
22012091
150724371
33576489
140519774
109025212
133832049
158470209
48115928
188019606
88806753
14377605
172858784
36686040
138770045
18696134
119250381
7356562
14984637
208692908
17513304
28602948
237112418
14695985
15764644
27558166
108874872
96187549
97303007
46209505
86697288
24980938
15308015
15520253
23686162
16329426
26332143
24712487
