571202103
262370357
15931637
23517712
14857413
1181134878
1311645414
16017475
16012783
9532402
19107878
322830431
134857101
96780563
137526714
43409523
21316253
326255267
21413541
303512493
2646288187
50670522
39155029
222622640
59331128
716114977
19666071
106514937
22708124
119199684
61583656
97093110
18230440
2596515642
172776160
19608273
337742544
16225240
36728196
31869934
32002507
16228398
39275966
32359921
4898091
1963312058
5988062
111416652
91478624
17006157
18622869
566633167
15463671
86129724
21612122
569569550
17416571
19103481
21883399
2385679975
136300373
14412533
15826822
19847765
12413892
14293310
15754281
21121491
449850814
1606822147
9624742
120176950
20437286
1069221390
2785785023
44783853
19608297
2427885031
217543151
14845376
18915145
221162525
291756142
13218102
296361085
47975734
18061669
21157904
82649553
88784440
202206694
233737858
382791093
76649729
1061029050
216503958
10615232
212262370
18695134
18137749
21269970
78403308
57065141
46023233
31310158
16129106
66369181
106597684
54885400
8775672
19611483
15113565
555474658
264219447
1096059529
1099199839
1262099252
92186819
292495654
29201047
47747074
7334402
250188760
33537967
634710797
242555999
2193259544
486694111
234374703
205299497
43910797
60828944
43963249
61798379
22012091
63812059
476256944
15442036
37920978
242836537
278124059
15160884
224285242
20597460
73303753
221793778
109071031
249787913
171598736
132278386
117501995
15356407
293131808
15007149
1267940407
939091
15764644
78445977
16160352
104198706
211588974
16789970
72198806
247334603
17494010
19783458
158426909
50325797
48802204
188559866
2762557554
250556430
17906632
32761866
13918492
15295015
15018890
14980820
14897840
337357518
266133081
78935628
2236604262
2238527646
34343919
172858784
285758834
162156608
30258963
455444333
498852873
2216455579
349110724
21877897
24922171
15662133
16311797
26036826
15372704
43019159
127206243
22972427
314001209
50374230
194732366
34942958
23166750
43384343
328554580
119452581
20178284
59754744
30210773
788600797
319690199
44494276
35521789
115524474
247416314
628509444
49733381
19491732
80654397
15727697
33530012
18276341
227342532
23397315
56413858
242458063
250684289
407844870
841834044
102455692
188342608
15473958
21252618
353215735
48573743
376788500
34743251
16800360
19726613
49503240
24488218
45960001
3108351
18632666
22436476
161321962
100536896
10659162
17374056
44257374
226607207
161791703
21678365
82653001
256135322
17066782
15812461
35014834
32056563
368992476
361342191
385438570
299373263
15863692
14226882
21325033
260845829
300484095
31301152
33910029
16553622
198052602
7151052
115718513
4170491
20657852
85365067
45854335
18650309
14856665
156714051
15635684
38472143
19413442
14738157
172470598
155709334
83901492
232287587
117142994
14597239
48409159
78815438
14247259
114765374
8715502
67038496
5389642
18136082
27268083
49763567
78095802
86236801
16279717
51844777
166661936
23631784
205575150
149936220
155087705
88556873
161860834
14219064
153914127
172764536
200010221
17353868
151309697
194040656
42797072
7146642
41601643
21675335
221535615
143819433
203255244
31775510
21326212
218276988
34323533
19792086
54657580
221865789
165871055
25544231
103088961
127991854
95984427
130527342
211156605
95588217
205336320
17499394
217150200
40589647
208298898
81852737
220867422
15324851
222205782
165592594
197864221
115969538
19717113
135457340
222489477
166545798
16011461
153741670
216758328
82559668
219366315
222549271
171161639
219817109
222658131
19263576
73150126
65789608
49631695
222366793
41416286
7860242
143192474
25163231
19617096
222846553
67564680
167373518
154543496
218570675
219261248
19667933
53125858
23222258
37559261
22106552
20957491
194640941
20653672
18637258
21205481
26913860
17133953
223561503
15288587
162239712
195065308
217239934
223153824
209894440
173405287
213849015
223873079
34273391
37970121
18370073
186419196
23212731
40937799
94137344
197500243
208056737
213107880
16801428
19078113
18697188
223091426
188875970
96441056
17615218
111546848
115637555
126566434
177412861
18766426
60826569
214969375
44210752
87469483
158085271
143673225
132975273
78941245
49374990
223897116
84155798
168170834
24794561
214959532
166887482
28137647
224641627
209229077
207602580
96721850
110199502
146355074
133894361
56092506
18410511
55018972
18291997
90177764
169586297
18175103
44293027
14659350
225155680
8777732
36906062
191367894
37249140
32686925
223292762
192726525
88342310
192698606
206672327
224897601
192948802
42858241
225146108
55052081
218897212
225580454
75600769
60235476
38813470
22434517
122250175
22771961
172846536
17994358
202863806
42423900
20715139
225954262
226005467
82240812
26116461
158779870
148565166
57714364
159362503
217858178
68801460
180015642
54985176
226305820
46429653
52581309
23952639
92199024
167097989
22080314
21232391
91187414
177944746
41624569
207570108
210927260
14068794
138460164
226593164
111391471
15281779
86776195
226717835
224654258
14102142
103933480
25465131
149396655
132297908
125999266
22544812
226647320
180287231
213799706
79341048
219863324
14802146
14141887
221563863
17235724
194409046
223519227
110938136
19711438
224409809
224402702
168485883
63826754
19917789
32265225
38469445
16473138
12293872
59215033
16172889
179205824
16571326
36686040
149586061
37925249
220921511
198419788
119074030
109287731
129177379
46192106
39278442
219413087
13718632
16098030
22569758
21754234
16136669
34650141
71270852
17218709
50782214
17998696
17848333
36994198
18770492
74915203
44633853
50374439
22966203
14216438
18269023
78592111
37498654
13121742
39492429
109643217
20812660
21436739
28226735
16648790
7044742
109543180
109290844
106824803
106462519
18989882
89511627
109807012
41943766
25369259
105697582
86687853
104842778
18833283
16123660
29008610
110329444
108196727
110370550
34036294
104459064
89278346
82711742
15099539
110482852
9310732
110456613
21738789
83409584
74185702
17071225
65056071
86608815
47010570
101522363
21962567
15103783
8628462
78001958
29463928
106849100
77212551
16926072
71334521
69594886
89709482
39294566
96227747
21133845
17883603
56544803
27030062
104062604
45756712
107148416
106347605
24144462
31051633
105900100
24034975
110725244
106346568
104627449
111053023
111058756
62956926
92412672
21251009
16570738
24114477
60055033
37786203
19929484
15044502
15207841
23908759
31447144
78955969
17652519
59425688
48973455
17429846
15745139
18463079
19681873
82578539
44334888
82117966
77552019
26929249
26632260
36671888
15947875
47371880
77001991
75161816
18078008
54084412
82441918
73192530
8757092
35644266
37984462
16368413
50396479
15180878
30799246
45251456
35163723
21911724
35372517
76011945
47447998
79338851
28182021
16460050
56263794
77808461
14972620
23664801
24880446
71478915
71508896
54029858
18835331
14336049
71552943
36757245
15235746
16320634
68924500
59924621
8198942
39555066
71349495
63392292
15583279
71712137
14211548
71754093
71761969
35150454
28809670
71762506
65920492
27280299
69380897
71871182
68294195
20796099
46483522
22022474
37646556
71373714
19026407
71553968
49421859
43770889
71392901
72136192
71372775
18882723
72252634
62876792
67921837
72342725
72355853
37461389
72368210
9191042
72372525
72391913
72396146
72399364
69389950
69441694
69452573
72408385
43977798
69404899
17600587
71561082
51906894
67404855
20958520
36614466
29089641
58989161
70437456
72553963
72559674
71354862
56548400
68828412
15641271
71477609
72634095
65626751
15311268
56495226
17880985
17725591
45552103
62984772
40801057
61258133
30566056
18394742
72825947
28791003
36677338
20455522
17418594
21543765
44624052
67215899
26818986
54320191
41803696
16729099
72051849
63007118
72587482
18277733
18429229
20448930
27455075
54798465
63885125
22888705
10959332
17218218
17048016
23886935
32925006
24958348
54289376
72410951
63441758
18166484
19018610
73104945
790876
73089359
16479069
73144581
14310977
66303081
14821520
11280
71286864
73179608
28731756
22022793
72351863
26060840
16868755
19305230
14083524
27355808
72656216
73209977
72364848
73462509
43611945
15783602
18379407
53085997
52397612
24521262
57976073
71280184
47219251
38761117
23717397
46985065
15601676
72933202
73620211
17612013
24190501
73774094
73751208
63312155
65897093
73715866
70905311
67156131
18452143
71143570
19576571
23018318
43183055
13269522
74092348
74117200
74098601
74124434
49337217
19794839
72082304
26010718
71702316
14297691
49975955
20931114
15726937
59693167
34384233
74327135
74388573
31603280
72872508
36176989
63317852
29540763
73238146
15475765
18188931
10104322
21202264
36742537
53953571
66389211
46417885
40304901
18480494
23620059
7465622
74409270
74187461
32538728
44600362
29231371
74616316
37054232
73064326
23105630
17973421
36587254
74346785
23077030
14224257
7537322
66111170
73878424
23544276
25094134
74546517
74724558
15103860
17371596
64330454
46773682
74725264
20246056
22185873
73115790
74572654
20168605
24128162
24018771
61319275
49607669
15771855
24269923
69200216
37143762
28047571
75022095
62607297
34322889
57807849
65517695
46275302
71294756
20449190
75136717
25178167
36980517
45849110
23973013
66048163
35242324
35785290
44862004
70204372
75175051
75343075
20670213
20280992
45686755
17635773
19967639
15962972
75364152
8253092
26288413
75407390
23593211
46198747
22482850
72749276
24875893
16332717
16804088
74691193
73290132
56586687
73398956
18515705
75241444
64025080
75684771
38191155
19505157
71864585
57596040
15308653
71089744
38982554
32261760
39674948
26225830
74027282
73347257
26316100
76059617
60618992
60250730
33638388
74732831
43209845
18041065
40801178
70782870
49516385
75971724
15048427
30209388
75020984
39556282
71344109
16517145
35813753
72950025
76246860
15476773
75935945
44951026
27495028
73097553
23250013
23447814
69551904
33780254
15867470
76643619
52751069
15493871
15448793
55129735
25346324
38232012
76698951
69050041
24177119
17475308
34651322
76763840
17025083
18046180
23407409
14098960
22092450
17505808
17704485
13300172
15614075
46299147
23760680
27728534
76996785
16720280
35796728
75021478
74218619
77040885
76022197
24461039
17452709
23503736
75273844
64088773
75273848
30850367
20065282
77254541
60018602
77086572
54640555
75362846
77300651
77306720
29139746
76071293
18947404
17752368
77528039
57563644
62166591
73220341
74822498
77582836
77609034
77538404
14386653
77675313
43624561
55653355
29431831
14171566
77805733
67080145
18062022
15409973
21136619
22946129
22918287
77428756
76374545
37068699
74064593
17878576
26632403
58530354
20724120
57742236
64412345
19980909
40795555
16329577
61568110
55985420
77803763
78170152
15378805
19354749
23452572
3471901
14674907
17493145
37325855
76934691
27845025
18885883
78346019
14251565
76420352
18161528
45744905
77298364
7408262
22740009
5772422
1028821
71617367
57541696
22044671
77541101
15743525
16833640
29870119
54441657
21458903
20576428
20019539
78576411
15742046
5566092
32485396
74253888
40045792
16927517
20020575
78610934
66798264
65651571
18277753
77896981
40269937
66490872
41406567
78709628
19843008
22283787
25726800
25113905
78784359
41600371
41808212
14636822
56511070
54395547
45446985
12194742
69080754
14664880
68493615
54630464
16225921
76463643
53673828
65560382
78985384
47423303
16161792
56702469
72870986
42958757
79213181
16023201
79136456
75774503
78413612
71560259
23159576
34401125
79026038
16649176
79352462
26907121
54697253
20099210
78839729
57716723
53786744
33232372
51889717
58938315
79608248
78529891
79670069
21631487
79740204
15786347
926121
77017567
18248282
36652207
80105418
23533831
71151048
21529250
43296799
23129846
76921987
80271878
80312202
16598023
12789972
16434589
76022999
17285207
17897395
16194727
19980600
80369688
15231264
60841064
1171171
80403646
72546905
80448526
42172576
80446498
68471280
18088518
16365800
16696384
22299177
16222861
80628196
63668026
80393250
14706239
43707995
14192541
24395850
43499736
31565916
23271088
75854184
14532688
80613392
21645401
80556439
80416917
80761516
58244444
15237322
80841030
80913719
21294308
80872039
18693365
64946824
80930658
27949452
50322077
77275874
16803651
76698352
24173738
35688939
70472310
49859581
81169738
48278641
70133208
78569026
36477342
18840616
19875993
81206912
28268821
18947084
81133186
81428868
59644561
16168306
79013130
29374895
7079452
48680856
37535972
49021121
45309428
81658772
18428830
16209123
21680234
25459379
78730842
74494311
81397578
81755856
55962912
27155420
15887713
41743109
34273205
33784889
24278642
54598826
80706468
16688472
80137914
80835844
43343043
17141336
68904239
21136713
60603076
82164051
81104530
21604766
22674570
30043495
69925510
32460890
47896759
77359674
75070659
15433946
14869836
66466455
47391334
15190419
82029543
18544425
78478894
48108940
19216998
21626951
80395491
22941254
82435542
82512537
79373901
44209472
31137232
28443142
82440229
18782656
61863624
67332767
28682751
2676901
58963190
49723553
82673602
75346250
22450414
82716521
55854454
12841062
15103737
21955942
27540791
82653511
56515992
30964894
74906260
82689705
82398983
61932305
17367995
17490866
82431156
57331899
57768217
82161632
22403522
71939486
17025489
70527481
83016069
71726836
83034586
27064693
83057770
74131118
78586612
15693986
16159359
33663774
10409942
83138579
9921932
20444302
65731928
26502120
36337559
83410540
45232961
19146776
37692417
23034494
16285699
21305855
24828860
31301038
83526043
14739266
83532030
83592869
25198212
78634719
42638402
83594987
52763281
44219965
15010457
83695489
40504864
83717374
83079662
38585081
83760594
14465113
63197423
53288764
30051508
8382192
24078738
29539968
14208535
24715947
55935867
63177462
23188618
80111587
20073530
19253863
44629827
34942224
48525212
6610632
22280445
80325572
23607420
74547968
19713940
58196244
60410450
36358314
16332215
60433296
23311580
65046644
14862408
69238013
73278537
47030142
16050032
15663912
14972039
51990743
59915553
48893161
73335818
65886708
18687705
73362206
73375600
56561226
10257272
63564928
64485600
55866087
15431478
25143080
36626369
36716518
29347777
17928650
69093773
22657400
29120465
65649229
17896497
29204185
15700632
44074606
17313716
16521341
44662183
69315930
62959776
50848248
35639263
66395046
63142907
41924817
66344565
22054686
34281712
18437367
49052145
31612439
66510044
48009187
66520835
66525014
66526347
66526266
13484432
66537882
24790689
15435147
59996393
23984578
66564039
19696354
63713701
22221141
56221330
66606337
34730013
32199424
63660834
29446559
55059819
57363888
66130088
66355647
17446493
16787697
18449860
62790727
66789200
66798171
66128724
65994600
23867304
23776210
53167863
60649712
66856104
55430367
19053416
64948533
40125217
66033750
21482587
34749536
66923195
66942374
16642453
66967387
29970808
32387244
67010293
8646852
15680497
15485844
19491594
14354687
66937441
16469970
60678725
52226733
66453026
44358436
14227466
59897212
30359022
45929536
67167402
23602328
42226150
22780634
64328379
67211536
33405971
17882722
26712773
15980436
65611633
66185951
17164028
67125085
7714972
40819723
67405282
64867724
15421002
66701734
67102922
67453162
67460200
40997375
66017109
65166843
62782498
67451295
67522448
56532503
16203285
22267475
26961348
67607015
66366709
37535349
19626613
17514359
34659423
43990785
36202793
14763835
9803572
67783941
67742263
38435258
59045843
26183660
59998452
50550635
67495802
67393806
14246001
49975402
17352510
65593733
67957964
20646864
67938753
67496389
67496902
67497293
67497840
24303565
19194991
68038977
19838748
62779800
14909768
62781966
49275789
14768212
67194113
30397706
66922690
13095152
16036700
37970184
25064105
64103487
21910269
36082907
68353492
26596727
18503568
19858156
17002830
18666194
59670359
14315146
9629292
16674825
67127330
67376033
68447297
15356849
25635800
19269226
15693962
51885678
56840046
68326732
12670512
65442011
17456535
67716164
39442474
18069050
68459216
15202248
48619960
62661558
57038125
14504169
68494091
64016816
66366704
18058670
62840311
60453854
67435618
22739764
68622868
39771997
14559745
49320116
63418926
16452382
59150847
22819917
25123901
68757107
31152057
28038660
31166895
67161673
52772798
46143350
60716975
19223614
15792653
17422976
23918919
54288013
21779441
60654942
43246785
53389368
34005896
67066438
17772269
50704428
21311750
59493962
29693558
17421662
15260272
53775093
67451947
20709405
20799806
28168384
48169260
69186457
69198279
52579074
62212610
69228823
44292587
20157378
64979862
18513787
67025862
69333316
17845553
16260034
16961396
37809387
40515340
46609170
69349449
40411289
21170191
19250571
55581437
69482514
61302046
42348505
57072835
27938990
63437500
63513299
68385351
14446664
18147640
27972795
29578815
26954373
45238634
64265422
22681487
51021630
19588599
20981701
63582731
16849067
61897644
61266524
51995725
55956681
18117824
54387164
61012416
14483600
58636724
64884351
23123432
47263673
19476815
20954735
50510923
62431312
32659968
41848234
57396388
17792478
15042689
62537642
21770850
53111342
38172313
57710612
50128469
50189730
14091395
43014487
17868668
61803101
20283614
57624476
51163602
27462598
48918005
28443212
51319087
21722888
15412070
61997608
26049680
29777045
61715802
27639290
14234504
27444964
61837790
62144994
27887034
21025910
24310549
14551524
9486482
37035692
15717395
27185082
17488851
49171436
61191154
58864919
62233070
17602465
20270687
61863316
21613010
61352516
62265686
49200674
34600684
37824195
60386477
39439563
1584901
58708914
55984648
62392755
19365670
57473305
61387949
38725747
21729391
61923514
62349072
50320099
60108156
28615055
62480842
61458545
18708804
56684974
62519567
52136627
62551555
62574031
20325482
38460713
62593756
30049463
30024823
61870410
28347876
16102182
62635356
60677951
21311483
14498968
18524690
48473317
2579501
38857603
62676423
59466172
40174258
50543759
40439761
62706580
42266490
59079886
54543236
3652291
62834466
61212460
26591148
14125331
17767479
50676196
46151446
62821250
50092140
62934028
62943046
57190934
48612314
62909294
62383360
14616894
62991966
60229539
17264634
62997851
45242467
62437621
63032274
18828879
18917520
63055995
17757005
62819008
16640820
21536089
25349385
59792227
45342529
30050899
24241511
52283428
24698109
52391673
44134982
18204689
18644499
9502862
17739798
43366564
25928235
15650841
59304286
52832695
24135171
63188761
23191762
20171636
19022242
17070113
19764298
49150206
18097821
18695206
20693567
17883015
60374404
16622833
47244644
41648461
18441149
47545191
63358128
62087350
14353773
59406962
43067302
29199030
53786975
38161056
24232840
59243142
56287933
49114821
18875249
55996270
62571290
17932231
36216534
61710057
14454301
54007210
63665816
63692727
15474668
46096529
38249196
54963229
50416517
18543356
22493067
25835858
18606395
16812510
42698415
63749707
26232524
61286556
16867039
12658282
58687429
40509141
63858421
42255271
62538319
63871572
56677933
17515596
17627001
63872225
59224192
60709952
16028994
64029676
16838276
62501418
21723216
64072528
47174382
63295002
36358194
63425120
49556414
63975507
63981997
63497889
64229831
26966735
62913111
64228151
16642456
62319528
62786737
54446722
33470509
34262175
34649638
35676200
19286777
63833215
36962109
64450822
28588823
21253826
17618575
24447182
61262061
64211975
52431608
16423158
64574741
50948509
64629182
36005901
64156556
41078586
27006224
17099823
31519689
42643245
14217172
2554
54322836
63499952
16469444
20776990
49840226
5726912
59490775
64864265
17376797
14219911
37103283
64887310
33729155
48566172
21485245
18733329
37832485
20621818
19592687
65040550
21882339
18319096
19606947
17941804
15006157
15811948
19467163
61313590
65262577
40830873
65160977
64660460
65227666
37325784
27069558
65336351
65378926
21241851
27155509
15097042
60589487
65382194
18258975
58872421
24971177
19719579
65443331
16214005
16986949
25937150
14517882
26146007
52538769
65100875
65556876
16803915
15694685
34666433
65434589
65653558
21665419
63248281
62179922
17760565
59094714
48581849
49851951
50690844
15090029
59290748
30025923
27370339
21771743
31404388
38032374
16387856
65219208
26374849
7105502
14775967
16706685
16442847
61781260
63533226
44979715
16066307
24116795
18455693
65915643
26344451
65437393
16441325
20159474
65966252
19864454
22741689
66018063
17081275
51525414
62644635
64553063
36174865
38287495
63372657
50685011
35610654
66086651
35244169
61631813
6719352
27671982
64036644
16988723
56873841
6315162
33804454
62083288
66210528
16951465
33754976
49177884
24094240
65752580
19352501
24461186
45882179
34675554
64614569
57422596
18417879
20595739
45868996
62598578
41860064
15694061
21165005
46817943
29107598
44249578
61494558
24999101
11443352
48347320
21701420
19480731
61217299
39062018
57751453
18393744
14545595
12732732
15116824
46518892
17880525
15748716
14515984
52816708
37825624
43246321
663123
46815564
43818771
25130316
23049130
61150042
18118314
38688785
59962398
50375549
60034433
19934102
15396447
50746802
17135925
46660452
15894209
61245388
15065359
61041122
60913458
52616428
15403727
16697527
22779820
45054992
49647959
61183186
34021970
24784146
59124509
9059342
55568331
61403660
21883255
61372402
25406679
59567398
61213575
23664990
40668957
22256645
39210248
37424500
10744352
51874580
58828342
50156063
56613309
18536215
58258974
26114441
24497369
54071196
46721458
55955956
15945457
12044602
61588714
20634551
7922242
19741048
15747938
60737683
37083772
35473459
50870292
28283084
18137594
16438898
43274920
17379032
60890849
59366988
15009049
30116640
15827026
61715345
14560817
53009189
8949282
22051065
46102030
37190019
17236907
47426250
46752164
32951837
32864662
16535917
3912541
14655164
61084470
39797187
14169783
23638544
61831745
53112255
19711740
16147707
17100608
59245691
22225649
61800891
14837742
30494302
21459028
36959118
18394692
26841387
19808565
16660941
17328897
60786755
60750878
15753678
15088398
60296634
23362944
58177043
16154933
21424391
19060908
15649380
23303145
16153041
19557015
39309926
21908338
46797803
20575119
30773401
20215731
39921472
59365190
38105726
53729016
42591935
33004628
59383269
33576930
18153673
57260242
56700964
30040976
23334458
20610664
19304391
16751773
27029287
32859734
58483011
16778207
15903892
38271259
15935591
26243896
41824248
17218406
19364722
16051808
39347711
28130230
59505745
33747907
19503569
58149252
48365949
15267917
49644329
17123836
10760052
59644672
59681297
59685926
59566436
59467499
59785767
52690979
54672223
59836456
58933893
59863549
58473698
25570548
15547795
16374829
35435968
55055714
58909809
59909136
59324246
22836452
59319925
31639151
58667990
58402962
17218336
58873464
22539719
56607511
59996122
58727743
16726646
18385910
49774712
54804072
59307885
15789810
27134643
57583405
19758510
28984253
42560099
60155066
14681034
47413798
25057563
7271752
16184558
21795815
17044730
23346526
15516959
19028832
57398685
60247314
60290812
59977426
16942891
18050035
57420306
60225806
59421027
40366006
8150742
60347489
60349128
59049574
60345022
31795557
5775682
59498912
45993621
55182654
15304145
19627223
28047168
18773254
16000947
18008822
5556732
26658777
47775624
60118938
21154874
22405840
59987813
21550185
60490928
27394898
47163481
37385239
40405718
37442190
5839062
26585804
14022962
35762860
17150207
19637012
15524496
19396716
32404143
14947053
11148742
18082622
14479218
7097432
52128040
32191750
17751509
15361549
39276187
60926502
19846046
28325409
15874778
28610561
23274451
57347532
21950198
24371595
25544936
26518516
17998733
16315273
33101342
45152916
24467305
43625736
47988232
19661020
48934317
47745785
16152102
21967265
18247916
59656343
56200352
18012036
22270337
16337583
31303581
15678150
57583955
13478282
13594062
26038346
54801495
45835696
38668320
38894115
54906157
47626121
39300167
1838811
24712999
57266613
59213941
60928515
26887877
25911044
14276834
26074171
14522072
8305472
18296068
17388828
40261882
13325132
2013741
18902800
28654709
24426634
60767368
1584021
60889885
14460749
60941344
19728344
30131833
21320646
39787903
58016748
32927283
22264371
58846963
32983307
24848492
22431371
47364257
45188977
55909011
21061015
16956020
59132714
32346164
59128060
57741987
26657119
59054718
48398440
25117735
56298142
58615377
5713912
56514396
27913895
32545966
17432059
55454864
21603355
48783352
32735563
44085168
22108420
51904454
26087378
25645556
17315877
57412452
59107830
21096686
24299082
35928103
59223536
17104695
44428201
59231300
58988874
58918414
57438525
20779784
47265566
14475436
34831381
31480859
24822747
27307774
18275162
15049131
38199436
20813781
42869827
55240691
54098940
50395209
56493414
22580204
18636385
49173237
22330787
29465383
18560738
20144541
15346970
18874166
50019285
25205003
6997452
18733943
45747631
48117202
15999767
34929642
17890179
53924241
20953021
55381752
55346653
53829873
25457584
43079264
42457330
53075458
35133011
53016782
46519982
48205527
18963037
52113851
19037356
32407106
16000856
47999116
41911725
48517227
37957650
34386534
31273400
10998612
49196062
54011853
22980246
47471805
55732085
53678140
24248976
55722849
11921032
28669020
49704414
23871094
55811782
21709956
49826574
44308191
16425820
24878425
55935338
29937733
18338385
16732684
49489157
55956276
53266952
55202983
56111450
55989948
49605303
43759342
49955786
14673491
15196395
39687797
29743965
55027576
23321847
21651702
54353547
55850880
55838072
55940803
56248715
25796213
52936977
56262673
51797667
16132926
20562368
42709646
19835581
22681142
50641714
56352326
20240397
52821027
36407977
51317030
15894558
20131183
17839969
17216608
13103242
45641216
23928632
17688051
20255923
48783925
15749322
20560337
18693544
50097837
17388817
51368514
45274928
31657851
56550301
48529830
27533944
17243913
26023296
52466162
56345739
53935392
27788125
39787282
26336132
52105990
15308876
1910771
19388963
41292024
52833516
55248982
44365847
42479469
20687079
55632380
18888912
47382057
56971284
14896173
34748789
29616462
22423078
41963481
47716635
40506540
15752999
32726449
23984424
30823468
17551600
33541778
46672838
26769421
16496658
49687522
54925105
45377172
55261930
9572632
14656336
56482744
34965556
14971166
51682281
48715356
19398642
14559854
55284644
47175205
29853131
57099508
20405322
19733347
43721314
50059164
46496131
23476830
56631756
35196512
17597267
15537855
57172158
23195481
21686396
12637892
44951698
55311886
45260071
43297707
26582045
29533963
18481463
19218313
27858133
15022491
18654070
53981494
37944652
52835092
47933218
23989282
14297381
23658958
51121584
35258428
22516699
54230879
54265447
54213316
26161044
41642598
19186003
32018070
18368098
16254876
14745776
24624711
23679894
52527671
38903523
54311614
54333751
37219294
14187944
43383858
40647130
50739484
53114648
23041219
50954938
16572618
20915045
16193763
29714662
18175057
49042126
39753458
17136649
48734312
14616459
47422683
54274726
16258736
50504135
54556904
40059219
26537081
47307895
19316267
54634526
22783927
17206767
15521084
45600717
16852899
50036889
30690731
45800115
14976464
4387921
17146926
14527393
38886935
52174289
43807769
38356380
14182486
48007232
32798760
54795317
49009608
17063480
26613879
45672626
51898379
17026091
16879729
54222623
54613573
54620670
18077976
54257746
16899221
19542293
23084282
21795125
26265791
54211301
16802146
30348720
54941379
44798664
43132082
54959768
20704812
43421313
6764672
28336853
23700363
46879734
54629513
55023824
16484743
55104221
47720065
24474818
36085838
37119582
52932123
52931482
55181818
51077441
38656694
37738073
37858115
46229268
17636405
18122642
27059240
27968690
21340188
11829402
21093537
34936116
18753156
36803492
53680785
16672587
26020781
53749487
53696437
49792652
16752148
35708227
34022238
39792991
14955278
41196210
49676366
23475209
19349841
40085745
37119677
47557087
49314438
13032222
46196208
37594743
44240930
48573475
52499221
43760243
44113444
52215860
53233323
53206768
52779839
16390926
45708896
20710322
49173194
33825653
53274795
46093409
49919680
51894480
52957684
46701230
52778499
36609737
9890222
21874364
45213923
37259935
39381434
53494032
1796581
15781769
24924219
26165656
47568827
31711838
53041114
20808855
33875533
53102789
49658496
53692532
33283034
38224079
53747893
16997399
53522398
51498557
53808596
36824359
48697489
53890709
15208773
11779112
26268607
43443910
49269243
17221045
42981435
16070136
54023973
53378020
54035877
53558997
39276807
28866244
49892716
16437716
54203164
40807918
52996113
39093055
52962210
37260559
32374895
23082285
22055740
52793997
28270087
52810818
50730679
21830367
29532089
52830842
51648715
17431488
41175010
42135344
48093247
34561862
52855242
42974341
45278250
52600747
31202803
52895226
45899462
46459506
17987451
51890306
23208648
16739711
13491692
46546783
52934317
39129108
18985290
16868667
46377183
53047561
38937667
21449894
20083643
38660458
51187780
52767185
23818058
26301055
5975652
38173098
52049566
16057615
18675704
52337056
16481520
46379921
48317601
31728764
17325911
45236819
10565952
37728490
52240360
51333334
29722060
37850039
45078093
43452776
20815848
42088971
17562533
42113866
14173886
23579355
34516973
17485469
16684546
51711362
31421532
39784002
48547386
3439991
16010317
52461655
7540692
52472214
19185738
24027953
23288256
51175854
23860439
16140335
45661192
25275660
35900297
44932020
52545705
15447275
20247121
47733348
25673733
21128206
52562190
24163849
15957636
6285862
18663755
18529774
18902618
32630030
46064421
11324722
82363
16483295
18572309
22836661
19563712
52739125
52045581
52713165
14231371
10198802
49236538
21978608
21317252
48118251
7868832
20872131
6273622
20830071
29274025
16905415
21490909
26001646
50700243
19980918
29738793
49184365
41205298
43940542
46557945
52102451
47400390
37414818
42012158
51749199
19816007
21232480
24301804
46119450
49019252
12481742
50822989
28619103
33871753
48201618
17090929
32303110
18939584
18589959
44431294
51950355
50357630
51947551
45899059
51552351
1528701
23699904
43721384
38976365
49960961
21759000
30806491
45170199
37820650
24621393
48566115
51587331
51232531
50682131
30865539
23861321
23882268
14834432
32217194
32134231
49102300
39841031
38435672
47160136
49629360
19312706
20908029
25118081
10716872
17288893
50400615
50287380
46803561
38057950
49730447
21019885
29174698
20518073
41277482
24025536
46786678
44980415
46427814
49861683
50415546
16739072
8406952
42290792
47552745
49836175
23265650
50521874
27997971
41484888
50577509
50230354
14646090
15894496
22701172
50258848
15631938
50647738
24461011
48181411
50007206
46718762
50699730
50658444
21315320
50403106
16488147
17513304
50479532
19912997
43522622
49521339
46748165
21219081
50055300
28762885
35771956
39245619
33491538
48044126
14630165
14296866
44251899
50759728
50766678
48384969
50797853
15705437
17490536
50833200
34721041
18541174
17602584
15018315
28402498
48574736
49743613
22610917
48901048
384023
20852569
15602331
31170216
14391111
42437677
17043355
17449127
19926698
29511916
49028661
28368161
44739831
14868759
28169110
48256735
6445662
20022833
42919909
17147588
27014820
20190115
7823142
21780888
14108906
26949682
27906570
43315409
31123199
50318397
50088743
17965110
18839609
23733697
23606993
24017229
47128927
25443413
32136613
21381690
18786412
51328434
14076626
45369691
51375407
49613597
27075393
31078969
18841897
19254013
15694150
49713519
51308815
18913509
23079146
22141721
50933242
51533358
42469562
49208125
35934123
17084886
16411573
19289379
23128953
46367721
28165628
32997362
15505728
23282799
48154391
37968735
17556191
24233549
49930948
50843265
9260992
15645933
9898122
25162966
45942763
49334899
20046822
15913749
48566207
16522257
22391487
18006553
45362670
29073066
45350509
17964900
29040833
22797378
37752080
50025758
21980816
44974502
32378883
5820642
20267584
22410053
37757695
30372474
16192375
14050479
24061661
16462570
16819340
48513191
46815067
20619972
35430592
18059921
36702439
20627233
6459232
47681875
24366766
19660266
17222151
50177965
22559384
36132608
43264207
42087428
24751964
23076040
50202668
23904832
30133463
25587446
47482998
33026826
8785632
23829226
50264510
16221060
48148277
49848618
15949475
17085298
9802712
19884044
48837512
15998931
20434774
45063497
36244907
49775875
23109160
43866056
49354052
14574913
20788472
15260302
48764842
48779079
45906313
16098007
41268563
48804916
16519857
20744075
40512930
36468874
44195547
42236393
24719145
41745189
48846526
23283611
21450142
19461153
20449023
23170673
46627910
25965585
39701676
21650703
14628336
29169559
25947203
26793441
17618553
14231597
19238116
41004982
22912650
49349732
20622724
39575957
34182624
18092162
42743071
43065412
25838797
24440532
15594674
15710384
49499364
33207300
42434511
49961620
49962796
49796166
37833578
40162537
8546882
20249384
18388695
34798766
48682596
15002642
20733046
44682276
50037693
15905092
19991326
49054245
32192764
17351119
24956483
47000865
25308906
49153403
40581763
46215786
43469501
49198147
45344357
18734905
39074771
39910736
43964555
20321486
29793493
46880206
45733284
49321211
17871850
25642533
46996789
46797718
43099229
42047913
32840185
18191358
18552000
47753123
25712530
40187868
26300814
14146802
25822507
22620574
47823441
49395097
32809605
34675251
43885381
7595572
30717250
24807897
40264659
41623025
44024768
21274490
28240302
42445773
7652382
3386181
18686823
34623191
20024566
36905299
49435335
48825565
10461692
14982267
44702911
49085417
17553433
36937442
18931743
37950155
43199935
49642366
48797256
28324751
15750214
49709200
43939186
47686471
49730445
39834544
24725078
16260772
41759269
49586228
49790536
24898059
13115782
4425991
26937495
45250524
20061598
49549305
46241902
44619068
19468364
19266679
17672430
46469724
47691636
41856628
18175897
43379115
44188914
48479798
4536121
16849616
17807152
30087580
20803213
15378845
23127098
47238678
48748646
18594195
18362376
17243231
34755402
44018157
39200253
21493917
35355682
36804623
43385759
19087514
29358191
48589999
15158464
16724548
20959144
30523145
16934730
24475690
18257848
17310179
16211238
798904
18257051
17430844
47991891
17288112
42525637
15816264
21434933
27644952
23593226
28457713
41525951
23444078
48347254
18206439
14394234
33950666
45483867
24854487
24034853
18361558
39279939
26135315
16422213
43533853
35852548
13314962
26415060
48282539
47756346
48410997
21327648
28223178
48431823
48444647
16076233
16489899
53783
21778016
18350406
45701577
48477738
11916652
20235267
34390798
19055552
23789790
24928601
19735367
18302144
16590240
33952063
17527802
18614605
39679470
48001589
47648097
20612375
24627495
37309336
15489709
27735403
47965912
48183954
21836409
7334712
19428338
48219828
23354900
14430060
16468173
47683064
15436472
47468379
44250551
20441308
16665293
15641528
48224083
33464304
32418022
14212406
42529678
48311151
48074717
30000382
17821540
14117433
48098276
33881835
47965045
25447384
16667912
19634116
18342622
41209347
47966450
19597935
15248833
23115731
16487447
25518810
24162977
46272980
29677340
14544686
17716548
48067867
13138012
19047720
18767711
48060998
28416309
48106920
48109862
29137592
18663712
13028602
48111176
48112267
30761519
46254126
16612560
18036861
38089683
34266104
18344206
30146716
47398130
47972660
15826651
47180584
24300215
18148468
15023346
15892735
24807756
47413766
29350232
47004667
40361182
42686013
15411535
18530662
33932027
22399770
16445626
25071499
47095664
14468043
47733673
32810938
13553822
16528163
37005255
17932844
19936605
17396839
47042433
47934461
26282702
46788055
14967198
47188922
17583692
40938614
13793162
15768846
22284109
5380582
27698466
29388019
47267912
18461293
14154518
44850373
22486790
16420718
39077195
38438541
40242635
47632905
15061067
17416026
16651693
44531080
19670455
47335093
6754472
21905728
25189008
47680669
46441055
45436201
25511339
46126764
17867082
37181449
46048042
6452362
18197090
16523099
16592375
21850829
20887538
14368074
16226005
18273556
18122796
47320870
28892127
47414624
47497946
13127262
37046492
15433025
18486746
20463922
14749529
16478966
23819676
38026405
965011
34624849
15113653
46376330
47617764
779180
21236424
47616515
38169249
20241740
18213420
24686910
45995590
47307498
45701285
33306489
30861490
42120195
22606341
46271671
39432292
19988148
44893691
18259331
22573375
18333749
45043545
45191979
16273972
42272168
21576870
43477362
19567425
21822231
22510535
24451699
45183040
21535535
15497698
17282343
20950893
45045732
35232745
43786425
42633405
39707641
44508449
32433584
15571482
5972162
45422258
44971471
45369448
22489732
14096436
24952376
14703106
34057138
45384090
15947897
45312634
23277654
29404873
17230430
43136286
7281812
21739931
21543781
43940097
17147690
41164967
15173947
45605970
44903545
34308807
45625397
21908189
35747736
16930125
19896117
43357947
18064576
17547594
16898332
16691623
36406446
22363149
22603976
45769570
44503738
22512266
44371573
14388166
14734268
22830036
22581124
16697230
40900994
45853506
17797100
22922517
30035057
30843493
38232102
25142634
23812038
45887629
23659264
20933739
15161144
43429201
44198808
35491987
25927763
29715863
45836886
17114374
44191787
17937366
18871396
21687605
12651292
20538410
40451580
43256357
30953642
41406133
45098110
40540215
19244603
45829650
33726780
46152085
44177383
27335898
22478639
17693458
46181550
16091842
45285905
21028191
45642391
20263329
46153902
45262980
23864245
15965992
16073420
16564249
45939550
41625686
44678417
46283535
37532565
46292155
35401798
38013308
15237645
44099323
19671978
46380771
9755262
17451144
34713362
18557840
45848448
46209617
45328930
30808329
19821374
26081609
19167292
46176168
12340562
42638801
16475773
33313801
44195577
38477209
46464613
16365384
20465072
15201930
46195011
13501232
46446051
19894256
38040229
23808980
16614297
15410015
18262352
34374807
17066401
14779167
46655968
14336283
7081172
22954198
15429807
7899242
27056353
10001212
45633064
46413072
39374816
16737859
37998947
14920143
24873613
16958788
46703931
20933260
33541821
15524999
40208456
14452960
46655030
46755444
31886822
46512901
27536657
22918999
20603062
18547191
46801970
45731971
45867106
21428467
15840789
46825047
14608930
46874893
37039943
27761815
14454573
46914544
32818433
19781118
46626091
21711035
19352070
37300767
45289990
16313934
46207376
15495403
46987447
16411745
46977661
18678196
42037892
38537001
19828846
43456483
47109929
22538082
30453164
42057955
37936651
33940882
20909746
15444746
47146527
15050287
16318775
33210067
20906468
47241632
23631885
16868260
23720063
47270348
47275424
36236905
16114442
47309178
30885404
47308049
23092849
47361455
47368464
43101964
18185540
46645921
18873441
21658543
30244377
38096698
43577585
24161907
38305451
46386974
26327784
25540262
27942320
25594919
38199731
1966841
42057274
45017401
28548965
43723557
19411942
23344327
19789111
35067980
17771429
17429660
42707563
43803294
40047376
19005300
16957675
27411642
44909448
15904928
1034621
17476533
43785657
38986910
43367554
42506676
42703889
45159340
44969939
25686397
30406136
21161259
27059049
42936744
22017253
16709549
35002876
40531854
10492002
44695857
40388998
26995731
33004785
44707950
16493121
37296570
1431301
15756518
43017664
44756796
43592698
44192509
27197072
39493559
16592952
14086400
24599527
39041435
40317520
27038804
44806690
25639323
42952371
28378151
37993654
16378598
44819139
16916973
14272506
26732027
14871110
44566091
23600122
29247517
38277778
19318314
43117323
16841186
43953655
44454635
22702755
44900469
37935886
43145749
32024251
14092392
17448716
44819063
26058234
44955747
21699253
19505844
15810506
15870923
28387056
19068747
17569105
18315744
24975234
34270832
25718049
16062788
23861487
18979625
18354163
17858686
1589
16720730
17334203
44202999
43339038
27028905
41655536
31908323
23559083
21658683
39751519
17345128
37385106
22176372
20449438
28560028
23696410
17875508
24736309
74543
15773191
40961644
41377639
14143421
1049321
19557820
31929718
17850268
25919258
15675570
35921910
39803436
15147031
15754851
33233164
14473988
34853343
19722828
19546155
20100408
29400327
39783285
40422392
16339967
37642542
41528194
6285592
41581068
15288615
39419579
40057701
41613235
33578934
41423059
18099174
39279743
24782516
17878948
15962604
36730584
15146172
20105402
24434474
19937967
14276734
24742936
41703501
25851219
15233145
41760557
31822242
15543542
15177604
15256870
25519657
19720227
17146272
41713153
26246350
41480695
15770525
41862185
39287130
41669950
41676436
41367717
38066676
21953797
41873442
11439552
22293623
41974858
41915294
34634311
41885816
16741955
21584297
41872005
41949528
41896641
14634304
19416309
41968675
22704573
28380487
41939868
42124937
40589672
30771373
42159561
16596415
24815924
15039436
40518734
17056955
31756857
25343552
37283874
34798357
39979483
20480634
35781989
8269552
29140011
30378147
38093104
24050643
39904935
42202120
42058366
9480572
19319446
22567291
24321502
19629840
22933975
27959856
30537612
23870921
26006970
20966753
42251526
14179900
7836472
23215818
16495147
41837332
18986567
16360607
18462854
19166924
42590817
20834398
29613650
42559325
20152599
42492159
40602923
19828037
18674010
27496481
30979974
41393167
20517132
23460402
42672700
42671863
42931519
42707726
40521919
25689604
16476312
42784789
42228604
28332443
16464246
42811662
34440436
16231145
15603311
39770024
42916846
15724082
23158882
40989847
19197977
18130000
21879553
39620596
31587715
18311671
632323
15523788
43022466
43060499
15881765
28744088
29175808
41814159
15999096
15684121
42779704
43131054
43130206
24014506
30273666
20078009
41156259
20080962
43165715
24640872
19940334
18802841
33796850
20114807
15010201
7822382
42985869
42127494
14826124
15659448
39284961
31597287
43174726
14351717
21047518
42437409
43342241
43509173
43572699
43578814
14411805
18764776
23338218
19947200
21600614
43376269
37112870
27627968
28236203
43562569
37417607
19912246
43028757
14077702
12388532
43759877
23893026
14533615
42703690
16015621
20558460
38443877
40733527
10307212
20743265
16927626
44014050
36741547
15023017
37482293
26190872
19080705
21113849
38516217
17562737
21879831
10255172
26321817
30577023
18003891
42954971
44186370
26632945
709423
42470583
9316302
42700652
39830686
44320388
44321294
44220517
25135111
43860298
17823769
16741856
43876546
15500688
15138475
38856232
29455548
44380227
21315604
42968308
1092921
24701294
16014000
41197015
16960359
40613978
16296683
31603517
44229708
29909985
40304255
29382120
44071709
44047819
40467336
34672883
21104773
2893551
36787598
14764622
22940953
27728092
18123166
43788234
22315597
42945740
31964996
37996920
26553130
9381632
18427000
21725083
40266535
12859712
15692737
34424798
23678249
43942351
43513567
39574992
40952964
29740737
37397830
38535594
21790422
20405553
24301669
36762217
37886858
17773461
40077348
28448790
40390519
39117806
37576700
8004492
15824866
18089358
38947085
35856796
35508850
39571845
17159098
25112910
14615702
14632446
37453952
32441546
38225387
28330904
38029000
11680862
20282001
21845047
15160676
15130926
17466114
16565260
15294287
15975942
20703914
22372268
27030850
26318284
35217783
35880072
23092948
38313282
38303841
23784443
37905055
26956370
38375775
38407198
27318337
20733455
37907671
38448110
22772310
38460399
31166753
22041394
21571481
21965616
17944096
22019412
38501138
35013862
18319049
15888047
21866784
21124107
14185261
38647140
21241235
19769274
27050357
15025802
24484413
14962752
38426752
36376674
17531294
15697059
17043155
37689397
19077546
37302566
14857401
38781490
38786728
24681418
21930863
26339818
17999296
38922143
36721710
38945674
17731704
16651575
24325005
14834017
17528353
12449572
38649118
23278238
39060802
30453215
27478186
29029802
15964430
31592705
33035181
38625029
38929986
25925083
25946686
39117511
22431784
35808231
31181743
15372918
16438074
36721079
11274452
34900579
39221671
37076693
11607922
29450425
39036531
35969383
16346656
7080322
39324865
36987088
39306652
39273661
28622230
39330342
37745052
35758513
19913263
38431809
19025293
39309622
15455692
15896163
39423914
11048812
16492703
39489638
31090986
18581969
38429399
18544031
29454444
23471910
18783727
36375957
19747116
23109272
23650915
16157855
16062766
37065020
38464496
39666937
39651486
14489966
17698874
24994372
32916308
15612439
37724665
39285197
39694046
25394404
35655718
15042455
7126672
39755842
39777940
38134982
20058011
31520453
17086362
39809143
10118462
21061360
15554922
6797652
39367071
38383922
39788017
19943225
37991193
32505790
16401028
30186757
36748825
33360203
37501620
39272729
37908683
19745506
39567648
33943839
21918148
28838198
40016932
24730069
33497006
40062120
38369519
29389234
29017303
37068483
22061382
20685512
39850125
40119039
40131180
40123327
35016138
30773949
18734358
19939931
15235991
26736315
25804548
32757366
35893805
40058952
21796530
38652706
22964152
39980783
38228283
15985852
22513745
26586876
35159881
39132047
38082219
34287054
14912003
22960846
37947413
15268058
39287891
40351253
40347443
34279118
36527858
39611095
16913623
24099763
40454592
29029869
30270963
38109300
29087251
19148626
16320366
34897460
25432788
14709425
15617780
26253580
27033281
40589053
15973816
36592815
18625831
11683112
19167221
33975708
18620764
16933992
22096652
29553477
15384781
40711129
32657766
19378742
15200895
40325655
35510598
40750718
30801601
38997315
19884714
39544009
29005683
36239061
32751788
40788012
40803855
36508312
36584559
35736790
30805872
20730768
15587295
15862328
34960200
33753391
27398985
22079942
39313171
36959999
27205412
28125219
30581048
15863765
27181836
15714433
20707148
10834492
40600337
36975309
24378899
24828537
16889710
39223166
32766026
15503170
13225732
22573714
1874221
38254046
17012008
40446205
16124792
38138279
40852435
19579904
14142059
38428344
30267409
22839666
25608027
30002611
31186637
33504820
40931460
39375615
40981040
40962556
38653370
15062528
19127151
21496954
41030839
15384449
21971758
34608345
38863001
39458319
33146977
33973611
30389211
16476493
15090692
24957976
34524983
23785337
14710046
28554621
23460455
18260080
22766174
37849222
15824858
14828509
23942410
26053689
18709188
37740617
820828
37775820
16398105
21336856
28443676
37675239
15458181
20602104
17809119
29756371
37788813
24420496
36131059
14102672
33791433
26907363
32841350
16306503
33016358
15808068
34370013
17983854
17964225
32407377
27897429
34575388
22594723
34784208
34606790
19763709
22490651
37928296
26733956
37931595
15359578
36390361
36932593
15811314
30340726
37753033
22078780
34036854
38019252
38020754
16042915
18779977
16394503
28468758
17612289
26624654
28452228
21071274
16244617
38066718
38083873
37285835
22822480
22739445
36470025
29190844
24911207
37595567
19548071
14339766
34823402
31342834
34064826
24026095
27489875
34987545
36143057
25440965
11277872
26754354
8395232
36998439
31594406
36905417
13324282
33092151
22050991
36074667
25343996
34919649
36053811
31163383
36396689
4534291
36403186
10350652
14275746
31397281
36427328
21402043
36438130
6997102
35990491
21101819
18945415
21425073
31573054
21399972
36358275
30669508
36491351
36499159
23826243
33919623
17954213
36477240
36481410
23943861
36094357
36454809
36488216
23979889
23538263
36270507
36535215
21036102
27938657
34139110
31329179
28752306
21400473
20148195
20561414
35701758
21827738
19010399
20917505
36563606
17241517
22791503
14929744
24328533
29496256
29101786
29120905
25419018
15195319
25382552
24882916
20597124
32872718
22543104
22724607
35763915
19596228
7049172
21958556
36728279
35839872
25728357
18985574
16004455
20242913
27090655
36739670
22823767
23116802
16131819
36750952
19735065
22722242
14345607
15973881
36776808
15122731
29145824
20180686
26527974
36808147
36552566
27478163
19555697
27403170
23120223
23113228
36203893
29751128
16887628
14554106
36791063
35137585
24089867
25224960
19369112
9167802
36917995
36914822
21492535
15713292
18062676
25527843
28395507
23451439
18443734
17928926
15237770
15038982
37004248
17611447
18752069
21571475
23629413
26794327
35117621
19195845
34583750
27240103
25019797
23764675
16142148
16385353
15474846
29317397
37187874
21337440
30877173
36534793
30452777
15716847
16853007
18873970
36881045
19764952
14132775
36459204
20788509
31558455
37282429
18488580
19679854
37013334
31624765
31190651
20997391
11018892
29853475
37290514
37357243
23063619
36300361
37325926
28377519
34310479
18885539
37413577
33089690
32751807
35802501
16119129
33730569
37477697
24935708
25609586
19671516
18369383
37492637
21030451
16305905
30764772
34503710
9355772
16632779
37270238
35442524
26265129
37648577
37653115
14333336
27911635
37676235
28874942
26576729
37697159
37698116
15099367
19577677
15724441
31557959
14193283
32259141
16130905
25647324
36977686
29523400
15865652
15846730
20159409
18163252
14564842
29481084
18760644
30234946
35478868
29453773
21588987
12702672
6355882
25471187
29499299
36387497
34395015
27531697
15802795
24810252
33659162
23370774
13631252
35848578
15937668
16612859
19535128
33704023
22305216
18747181
33678312
18045593
24800035
33254996
17549669
16796535
15604466
17150441
18135302
33735075
17894233
34196633
29762754
18911747
19210219
34018040
17862442
18092342
18770166
26429386
34092806
34281086
16213352
27986435
14673143
33749150
15767524
16498098
34317353
16737998
34354038
31476243
16934976
18890707
18710797
18057353
16719995
31056803
17432731
10390852
34388234
20513028
26408870
33827020
18617353
33263254
23555565
32767232
29614122
25988106
32305725
16266381
17301274
34557259
33786679
26450405
34592531
34595410
14766335
15441380
14070206
18267784
34493115
31690560
29563753
34633561
19168581
26845764
25872326
14429092
14286806
5897472
32214644
30239133
19602424
33284102
17629961
22975873
20295383
34738814
33187885
15771216
32719468
33702809
5720382
6442182
23123089
33925783
17646668
23529993
24561267
16629197
29159554
27860536
32963477
25998155
19775920
18276637
17229753
23915100
20959509
33054130
22527890
34176028
19555205
30867239
15506353
34462843
19719380
34922873
18373853
18075562
18622628
16936584
24172936
6802722
15430772
25367195
16337999
19916171
20680399
15603299
15122056
26289997
34380944
15962573
15680901
16469856
35163549
23785897
33715602
35088754
20391753
28105561
35183826
35209147
24089740
22051667
19192950
35238130
19176909
30030890
19243417
26640063
27890122
35278192
16846126
29485178
16926597
21320368
16801482
35292538
24462512
15330682
15979396
23408586
32556021
35290839
32846330
35027698
16035124
17168596
31488398
35477718
18994337
19729120
18393629
18907428
24905888
31261082
17912635
22537786
24076697
35517480
16643703
31540142
17373076
15535360
26258245
17544868
14104290
35222758
8269462
18515605
35418721
35417467
20113613
35015795
35627483
35651814
32301883
33003536
23522447
35663442
28686206
33577619
15996648
19989172
29459595
32465531
20958510
22264763
28417656
25108760
29742280
35846632
5341252
17224982
8540582
4194961
35896650
34673893
23204723
21932103
17328189
29616532
16037667
33823110
20436404
33380514
15579774
19552626
15758199
21028839
15448838
19976962
24703010
16672446
34129655
32736317
17238623
32625968
20055317
36136801
23779796
34287332
36117587
16732759
28332961
16795743
16055760
20321432
16901166
32293959
15833070
17383343
32489195
31024281
36111325
28000591
19469390
13065092
36211166
19254267
18619323
16075261
24067720
26847387
27187005
24525966
21719822
14984637
29421629
19626649
23926510
33816022
32626056
32669132
17212891
20682845
22803544
20094132
17591323
20476599
23196013
35413910
36269630
31200132
15258230
33733224
31340324
32803319
22338102
32732026
748433
16624180
28774419
36323599
4419391
36336020
21919123
33974120
22864160
20072348
29280105
20918916
36229695
34403574
34165415
36343856
30007790
16451508
16679342
22045612
31542151
16178090
31026351
30434031
15031240
28123899
23534104
26819936
33968585
14433444
15894795
15298474
22648490
18497595
33612472
20242861
17602170
18235216
34989373
20347070
18573259
17088871
28198945
32155953
31371933
11110982
19471123
21810121
22277232
23501907
556403
24165757
33640611
17240722
14205553
10117892
19864581
31000797
22201734
15670995
31665025
21438134
20392263
33360587
26597465
15988622
27336474
18395862
27310376
17138551
21862172
16510899
33763994
24978868
26222775
15964535
21939584
14180984
24488229
17223907
16246633
25165166
24295992
18598351
29466248
18482517
30302641
18449661
21298238
16847735
14528870
15073453
8431652
18651223
18386441
29580202
30342362
11618232
29175111
14153773
20439443
15634516
18658565
28604756
23694900
29955221
30415633
11942252
30274257
21112325
16249156
29624938
18828729
18224314
27704729
13754172
30245715
15201013
30281393
13179512
26280845
30509470
30546421
15932106
14170586
30532810
15768704
30566920
23891995
16455930
18348376
30155403
18313617
29760486
21534853
20904820
29247994
30651730
27917113
15735334
22180941
19595236
16355483
22156971
18439356
18554686
14131683
20435234
25914947
15899668
23430895
24621278
15160765
28159908
30770424
21224918
20817573
18219621
30570835
19819594
26739095
20963184
18604212
24767976
29247078
17094597
14624720
17748329
30864441
30567048
25125402
14560097
20598758
22973208
16435655
23807759
19238086
30602058
25890573
23968352
30902625
26261046
25778918
17738678
30952405
15988710
23660334
18774897
19269830
17744518
21785989
19861238
22104575
22662746
17440398
22819730
19085985
24666950
14788211
16317640
18496966
19658782
31125779
21566302
31040736
31136622
16451013
18620284
25940682
30871901
16653685
18651210
31169526
20969268
31183069
30949521
15968931
19387955
31157582
31069776
22975195
17607326
25846953
26673827
12776042
31027722
14065571
31606766
30162425
31646641
26694067
8434812
23605101
31654833
15209994
24487845
31729072
31739695
22764220
16912973
26307105
14115271
15639078
31487785
14511383
16365431
25634203
18912298
30670229
31901692
31940780
31493974
32017392
31095558
24200201
19594868
19556545
14133773
31971645
31807224
31253047
22686277
15986999
20468692
32475674
16670017
32501788
32470598
22433795
26884606
16356086
16633453
17074187
22469259
21077001
25122938
26626344
32613251
21041355
20792442
32656304
18754627
31022201
28532741
3315611
31343741
18659614
14306330
19973314
18834851
32726850
26115250
32786856
16206610
26699225
21893235
18137978
32379621
32706479
32215567
21998484
15923226
32520177
32880126
31844100
21427901
32884240
21658938
18034521
17924878
15808094
30707439
22416132
21630208
28955945
29707496
24366382
27679482
16322628
26080527
26236430
27863062
24456833
22229032
19514311
33024673
32181749
32683007
20917178
17726931
17356031
27395182
32799368
19487198
27376256
30913492
32941980
15846289
33089610
18088898
33201307
33196106
33058255
16526758
21829125
15345271
20735473
29381822
33281707
32222112
28430765
6109532
31171247
15879678
33068368
13954192
22498733
29588294
16215943
33484575
32503136
32527609
32536885
19994585
32706753
33540709
15464476
22749632
11298132
6822512
22709122
24851958
33290830
33552973
28039967
33597310
18514201
32132269
25587262
18942302
18348997
19719476
33263712
25351235
813987
27309728
16551950
32781131
7274072
32146075
27769353
30170229
16838495
32518818
24078661
17004783
24976671
26053909
33755232
16260135
22620245
33778903
28495875
32674491
18064453
25359130
33518895
33666553
27769157
29412913
12841122
32338843
14874888
32123683
22226663
17021133
6419992
16629784
31559818
24995838
17852692
32198135
19938186
32261235
31025624
25374357
29951483
24737373
28595118
27777389
26403353
16958689
19627795
26107902
22369394
22530147
31344097
22311975
30111670
22146260
24454438
5746052
32404859
25095309
16533423
16950994
22435983
24907591
16022753
31435141
28268144
31319671
27672141
17743015
31344035
31345539
15610933
17019741
21544692
31369858
26524195
27216472
31409933
15018639
31400781
31409976
18979312
21014060
17032810
30685721
31294817
28589255
15222676
14345276
27951009
21980005
21134013
18217677
31220182
23148506
31469612
29120711
30834422
31506954
26885320
22234257
30593425
15280845
29854003
17339934
22147685
14731096
25098019
31574178
30474411
25159007
17464591
26816589
29363230
21152918
17618699
23596682
19614201
23872517
28363075
27396257
20345991
29665454
29677354
17453774
1734381
19505128
28770809
29068046
29260225
7027232
19718553
29287815
28428813
29721076
14664642
14906496
5849132
15009001
28216100
14396440
5152291
19082879
21020315
29773881
27559659
29092382
19670449
29775858
16433954
29792142
17465444
29805900
15586488
29808766
15255845
27262034
29520332
29801722
22311506
28802741
29793417
21803659
16596280
17613108
18181356
21675807
29882619
15088185
22800712
23667828
29907899
15409034
27737622
29585824
29929730
26936326
29852186
28212471
8054102
29458367
17115414
21352975
14364211
29963402
18581294
17086284
29983190
24919478
30003842
23759019
15952220
20295222
14123040
23978460
21441428
26874978
23633310
23797540
18710816
27066503
30091510
24039871
29994568
23377983
27412288
29405614
16472145
22967665
17086279
28609908
15490254
22673311
25600712
16301430
28479536
30144913
21110365
21336290
19366296
18347686
14579303
24939473
24026432
18410422
30038838
23381804
15564408
29541618
13920302
15572157
22432303
30211023
30232464
29268200
21731161
30065810
15406770
29654052
28342212
20696380
19779707
25462647
26322120
23430112
29494292
14111438
10667882
14831582
17390564
29570437
19310241
28517730
29565739
21967315
19203290
18459012
17451589
14161274
24903445
20643125
26993499
17155500
22816767
14194079
16064507
29315141
20264339
14124635
22384466
19033288
27171750
17266198
27270154
22856786
29091715
21891923
14209884
21329826
28656527
21682094
22448480
16048191
15829284
17957645
17091874
28662119
14229390
20987227
26737014
24543481
17755197
21269053
26882349
16012991
1629761
24738129
21765552
28607099
29018619
28906066
17693747
14366480
27703124
16892329
14825418
17524101
25720798
19542044
18250583
19241536
25435481
22431813
16275326
15614994
25713628
28390094
23707913
17905508
28346884
14778693
16401847
27258783
15707473
18153803
16606666
22237367
26807531
28679992
18606641
19612403
15319934
20962446
16747312
22106079
28383419
28513057
28298012
24205238
21488204
28719877
23085830
16272059
28246343
28830993
28793082
20944265
15997644
15000929
25376107
28633430
19288965
22443326
25341203
28361688
19444162
24333997
27571320
21699485
18684930
21545031
25587936
15116032
24540812
23208107
18368332
27113471
22575515
15117375
28705934
29078928
14888653
29088332
17250666
18601022
19301537
16024207
22553523
28381871
28877948
23332503
23162952
23211754
28890430
22731153
14337625
17448949
22940479
29211715
19668440
16472892
14774923
19789215
23123427
21814137
12075762
25593560
23624201
16645321
26459660
15780461
19863977
23607224
23844588
25004074
15028515
28399685
16711850
28199628
21266648
19537193
22509598
20244532
24187567
17349191
14861613
23101766
14170152
17353735
28128252
17447949
25910097
23008116
14712414
18380916
20004513
2014741
17928234
16250916
23791577
14812035
10497102
18640520
18772562
22634164
23798980
24918492
26569705
19952651
24271461
21528431
19920609
18756509
11137582
15077627
6996832
20552253
28417065
16788751
15704183
26397631
24269014
20754974
18095847
14305840
28387778
16600355
15688781
23292263
24700361
14327320
17152793
17583771
16202251
27519197
16068286
8569632
17190817
28581452
22636350
26844398
17350628
19543987
15617853
24432257
38953
27964244
20370788
10190132
18467691
28109408
26310508
12645162
14565588
24957615
3319661
14744961
10283262
27989798
22733998
28014679
21420581
21951777
20599516
26450162
25374096
16826148
24936301
21541551
18660629
17237273
28115285
28008766
24421768
21318355
22271644
18739385
12639782
17599703
28141955
19714014
28127662
14134316
21531802
20525016
21235571
27888545
28153348
14079425
21465165
25930776
17689270
14277438
25601883
28038816
26127849
11856042
28093638
27812571
22019324
19169892
28061369
26554751
15389992
27187314
20705324
25636718
20113397
15582637
22769880
28039159
22136985
13887902
26607712
17948862
19189469
23666482
22632293
11239422
18089641
27170247
17512680
21337192
15064297
14282169
17099820
27058200
23621340
15997811
21819114
23546112
22419630
15654995
17460436
27829209
24921089
20066061
23843522
25132875
22688575
23946587
27882334
26081290
27893871
27884566
14395202
18386792
12913262
22026877
14125016
23108919
25003235
27928374
24784249
27682473
18297859
18767426
27942186
16227643
17291465
21251668
25928098
19506139
20163754
26624563
26022405
26089178
16873957
12042842
17143107
19492316
20841089
25942327
21627161
6748472
3803171
15279960
24494797
14059129
21218806
22532135
20810011
25542506
20985284
21214718
16938922
18227209
17540091
25475958
26275643
5171141
22997263
23969376
26078152
24057568
25168070
26333537
21316160
16456008
14455321
18741816
24823749
21413489
25960668
20012255
16289669
5484532
19563085
26391309
24305588
18801749
21900198
20507027
26152663
15824708
17372540
21675888
26608450
25995096
17983224
18706883
25280208
24488357
26488381
16142089
25248603
23856053
21452918
22735339
14211184
8504242
15656840
19368583
24225490
20544241
22978395
23370472
26753726
17184065
17621767
26801590
17566505
17854935
26800579
26812727
26790231
17312642
16703058
21678903
17899188
21909248
26850117
26516216
25095284
24404629
25950490
16285092
21972933
26390461
26198665
25364240
26395032
19499449
26279835
26427712
21330478
19215711
14938869
14708298
14276152
18719400
15981419
14744272
26132404
19589167
26507478
19430231
26436875
23102936
14404800
19930545
26299078
806946
18154593
26481205
25558984
22824372
20188993
21578493
26536403
26577843
23761708
26517783
17415566
18609072
22838051
18080845
16984407
25841659
20907560
10718472
25696571
14326059
17815139
11623852
25311541
12331062
25526966
15554148
21934242
6508722
25525560
25525099
16558704
17232989
18168174
24023771
18482912
19685365
25550909
25062565
24883866
25559344
25563011
23284420
20443041
21740571
17038832
12459562
687183
23948496
24230070
25626678
17195376
20248835
18265656
25599390
21165893
25556317
21263584
24823780
24640459
19127533
18311790
21790879
25673916
19675172
17919815
15884061
25466677
25633363
15415502
20406724
25446308
22069212
20290014
25707477
25715841
25510555
25316513
22111499
21823553
25723323
25726430
16537654
25758728
20724917
23879916
25762658
16282252
24548317
25221207
25780613
25753046
14400160
4239551
24557951
25802825
25821238
19753506
18127199
23691317
19077055
14086836
18895265
25754565
23505767
15113950
25894934
24450456
20593739
14080733
23766180
25824570
18634085
17066312
22833402
23390157
25855460
25848157
22573622
21772348
19736793
25777635
25128961
21688500
16039421
25990485
18828008
24449189
19535737
18744979
20344756
24377811
17025312
17637022
16073169
17788903
22630773
24933776
17341810
1749721
14252976
21886746
19730589
15447306
25399562
26052784
2919181
24469441
18499709
18749453
17085966
22978319
17479847
7710662
11673252
21649297
16746384
14763077
25391059
25425435
16098764
25162697
19197318
771515
19775740
20946107
25435331
25434243
15726306
25159228
10089322
21712019
24008780
25453497
24328684
25468579
25377011
24589199
17732923
18264876
24751685
24111239
25127100
11622712
20515090
20997467
15461532
7900962
15255734
17859191
17807476
21343058
22070311
25101760
22388266
18379115
20492333
21755701
25010636
24712706
20742027
24793795
21159227
23938634
17761628
25156978
23347329
25305532
6446012
19403329
18351315
21057548
16038456
22047401
16836607
20237184
20892586
15477298
24828106
15368897
18217970
17236033
25100627
21119925
24769055
25111458
14850955
24213429
24348402
19533564
24799043
24896193
15587790
16041893
25153331
8027942
14363195
16658594
16262751
25166860
15993333
22412151
17519548
23159461
25178455
25056977
25095178
17698614
17213395
19768851
12600272
16100414
20422117
762336
24853831
17460268
24624862
25275264
24215993
15653936
21754969
17122673
17496311
24997982
25325226
24180964
25226528
20701384
22181335
6559052
15253062
14250867
20720763
14079501
18271998
22182268
16322040
15226010
25025508
19067186
14323417
17645505
20306644
15446328
24260001
15564538
22635821
24977609
19054416
16548788
21500307
24442631
22284496
24953085
17908506
18915880
21031788
16632949
6323412
15078158
24848817
8921242
24457050
24316912
17973400
7534122
22819671
25026288
25016806
23895642
25033083
25034270
24912941
14569467
18244120
21075859
21066027
16373866
15212696
14630817
20999272
8883632
16037358
24891210
24886595
22665550
24895142
719603
24893929
23090391
14628748
8118962
20160951
22240920
15575041
15521149
18043332
21756245
23978950
19522685
23959228
19658637
23258618
16144361
23474814
15863930
24424857
14750126
15018548
14366231
24820502
14153020
24596794
23929518
20535030
24766048
22045819
17224923
21446700
22047519
14189626
22509548
22233803
19360564
16518352
23110148
19611867
24808956
24570885
14838870
23117972
17048791
23606324
22046451
14708477
18009328
14560882
19510412
23902372
19418975
20660089
14628475
24844316
24229995
24842037
17347511
15063507
21145221
24858947
19918124
23930742
22990253
16988643
19505358
15366415
24314969
14550290
19114369
20831032
24099167
21437293
24650398
15947185
14806530
24651032
20557204
15608084
17505425
21322050
16684267
14597697
16200625
14100767
12195412
16451276
24692980
23464468
17466810
24703826
815680
24709143
21549878
14211268
17642528
17998911
15841335
22005582
2578
14067700
6877252
18959831
19444913
14554309
24743791
14133632
14958083
19410194
24758798
24534210
24122618
18108950
18296891
15554400
24270850
17913982
16799956
19633208
17905600
14188292
12741852
21962442
23941975
23255247
15619289
14480345
24311810
24296023
20643470
24189610
16593823
23996021
17352873
20830711
17351447
15367674
18778965
18434356
22262553
14295486
22287301
14850874
21922765
14299754
24427771
14736234
21823116
24429904
24453899
3584691
23370316
16597246
20261969
12340202
16528347
17114470
18290284
17771230
24477205
24083885
24494390
18531323
16333183
23825303
19277430
24516141
15251704
15810148
24540020
23519596
24509959
24545913
22722749
14413716
24367970
15472674
24092003
17051994
20880271
24436116
19800711
24568850
24362769
18091706
22853731
21833488
23500979
24573265
11330762
23582993
24596514
14354476
23863635
20271875
15690026
23488005
15322142
22797147
14445801
13984092
17974315
23158157
22683998
19194568
19053307
24633911
15771359
22278303
23228075
18944329
21418842
20776982
17789685
14370137
19654092
19478383
15753048
15727367
12294372
18172905
15256447
18242148
23941804
19758055
22265452
20862855
16099299
24218557
21833039
24215877
23622696
16634621
17979453
6397452
24229787
21892390
18360092
22248944
16729488
21980439
19947539
24045361
11760362
23475889
23359363
19136758
22311704
23245049
22557266
23285193
19324404
24089427
23239842
14667527
19173519
16357478
14553055
21453810
21626157
24111114
18941276
20411790
18909654
18543609
15810907
23101157
12327542
24115763
11339122
20469210
22389198
22088765
23540739
23835781
14093435
24125773
21675062
24166675
17623459
23861016
14811839
15194107
15046037
16188150
17959641
17192155
23965474
15614824
14503443
20102938
18707379
16990874
14225601
22919204
17069427
23999330
14874649
19043568
23907660
14397355
14456044
15207668
24007552
16206099
23886838
19930002
9689662
23996324
22803011
17517400
20199362
20281489
14477723
20834303
20156740
14051756
17654261
1261161
17430810
14535417
14514499
23792072
14661475
19728422
19672167
17456805
18072408
16314410
14464925
16928954
16291723
23629822
18021934
19797212
21694985
22288948
23569837
971661
14387542
23828551
18694712
19539757
14424154
23409111
21662434
20580475
22996878
23846779
3056461
14185058
15684212
18107965
20720626
23562850
15407187
23858719
19359028
11139842
23016946
22303877
17591383
15481583
16082469
15928214
8055812
23872109
16875483
23508582
21840079
23882297
19026360
22108190
14481453
23901643
9394512
16231701
16471687
23606500
18948344
22359782
16571716
16914680
15016478
22523182
23530117
23803659
15536465
20522862
18638502
428333
30973
22799750
15249499
17993906
15519845
19548393
15357993
18422904
17519148
19648639
18334794
19212457
22402373
17707516
21165989
19163763
16526397
14353146
23553038
23553424
21509647
21755503
17409686
14570818
880
20199751
21691903
20570337
12434582
23439348
23692238
18513241
19806567
23703068
16801939
23691120
17805062
23275133
18312906
15542781
17976966
18781432
19178964
22019321
17781110
23763733
14352692
4269701
22181472
18069894
20832334
18190918
15953300
22774047
16991614
22046864
18215010
6577642
18746658
19914661
22134130
20346380
11161972
18035973
21438589
23632949
15751438
22082993
22311099
19953026
23652950
23648532
16545444
17541865
18198399
15532898
23451498
21567011
23432938
22804107
23505124
17224745
22976778
22665688
23599957
15238825
17013288
15459709
19554219
21572911
19154280
17769754
23601049
7755
17519825
23603285
12690652
23011108
18767875
8245262
14852661
23488550
21902838
19632867
15821986
14269780
23458577
19379589
18277078
16297644
15762832
22021978
23447370
23449689
23533093
21803575
23376882
23238859
19146148
18059408
23544605
15749725
21165382
20992556
21681127
15831799
21346600
21174324
20727291
21803397
17473595
20858991
18886342
14464195
17296245
18006959
23095903
21215387
22372931
16028373
18467164
16145818
19754885
15816843
15209732
23234011
16790619
18579617
16550260
21595304
21401886
20973564
22129760
22128553
15966941
23242762
23249900
23127755
23258250
23258843
23264231
9985802
22958785
22713015
22701138
23282591
18132174
20024423
22898064
973541
17819029
804455
22263867
22152757
23327961
19940961
23262069
16072708
23247996
14990035
14652864
15996536
22993336
23360112
19881876
17898105
23360274
15109378
16245252
19169258
17925169
23394510
23255938
23337781
21566698
21083625
22924850
22904913
7248952
15193993
18110989
16071555
18504927
15845130
23389732
19293696
15326824
21343261
23134176
11294522
14412934
20334075
20770594
23441088
21519308
17235089
20087255
15208207
22522861
23042469
23033740
21694941
9069942
17011429
18458431
17148729
23122693
21911567
15514372
23100989
22837510
23087940
16459141
16434554
14786590
22409060
12332052
16068181
15936607
22831887
23129734
22594428
23133258
18789297
23121541
20208506
21729493
17511633
23141971
22565266
22936469
16951485
22847551
22323826
16077770
15984565
14753768
23155047
21246914
14415928
22873724
17547400
18352436
15526210
23168642
21001160
22200086
15110255
11637332
15617781
19393196
23105578
22455313
19209065
22993662
22877819
23073646
22667343
23213728
21559911
6226232
10516
15487691
15163328
8912612
9612892
1130271
21939538
18803135
23022773
18660980
23027529
19877680
17033503
14430241
19551348
14456888
15991255
22019292
17343006
16180863
17115027
20019841
20887054
16302254
4914391
20491961
14861943
23084794
7799412
23039550
21250301
6092972
21706721
22797598
23097491
18766459
21899007
22322056
17071246
23103877
11469852
19993812
22938375
17941567
16531897
22545118
6877722
22918311
18313436
21164057
20068053
19051803
22639515
22422144
18544978
17489453
18531618
18823932
9274492
20628065
15115613
13677162
22278349
18238282
16319771
14947948
6108862
15019727
17527642
14324945
17903068
11915432
20058174
18701855
16684007
21356559
16746578
21210479
21229292
22931198
22556634
15157938
19337315
17807195
15318615
17130873
20931247
13504012
22946029
18646707
22964782
7528292
22432871
18482896
14627490
17979477
19264047
18559885
21398351
12855662
17527466
22643191
22101902
21891834
21481967
22776355
18363441
20654704
18869827
21432452
16567046
22821134
15170545
22378086
22824169
22060003
16485528
14433007
15753553
19540321
22837937
15770446
14198311
14585676
20714901
20020286
16744496
15226640
22849848
22563107
16548742
21062060
20644064
22855734
14830705
22433124
14660636
22751636
21515016
15909332
22066415
21873683
15052600
12178692
17070060
15436915
20879578
18539517
19093517
14598175
21625276
16398389
15562488
21947732
14936602
22894072
22891236
22890004
15001981
22547819
20713592
20268667
18250906
21954028
21356531
15383370
16070427
22038802
22144980
15812188
21876936
21003400
14228370
17661568
14078052
12543812
21345239
21826177
22736962
17001435
22179390
14517976
14305346
12666842
21675327
17982196
14541594
12505022
19891377
16046374
17203389
22707003
21118059
14128306
14377875
19409373
15575915
14286341
18640821
16824141
21260034
22683131
15857497
1262171
13050982
15685323
21464543
18986494
21201394
18536424
22734553
17860561
11490472
21283560
22757365
22255313
16790861
20729487
18427990
22508473
18208368
22772772
16445842
20448904
18339519
21259534
15935279
22169900
22647809
17044616
15508743
20998621
16888371
15451696
18205674
15212558
21135615
7092922
12240012
22256610
16305561
18059716
18638954
15937684
17453699
19353709
13752432
2478871
21548655
22003427
17219868
16477886
16970550
22446276
22271049
14177553
16429977
16920589
21835503
15359964
14369409
20340465
14885622
11193222
20501933
18085112
21787371
21565186
22197772
19201129
17094493
14125834
20005993
21888109
15670708
22496291
14136093
16221432
22497647
22498421
12326832
22503753
22503260
14176716
17004051
22511341
20086998
22158178
22108887
14532256
14898452
18011897
21929154
22524843
8338112
18383271
17135452
21789859
14390493
16224735
22494344
5228951
20350235
22400526
17270475
19609402
21700081
22505881
18534549
16598188
15969043
7591572
15140865
18804771
19560297
14251581
22557437
22560205
21671089
21045358
15085837
22566488
22227913
18815765
22575762
15088782
22306592
15176368
19847445
16062865
14379562
12793202
12534082
21527306
19037454
22171184
22583540
20573668
12808502
16631174
18161000
21953423
19339983
18242510
16542798
16442379
20780215
20466643
22143311
6288762
20977724
22636050
18904823
17056079
6980622
22573170
16907069
22612965
18954631
18844859
22330423
20245434
15689680
15839131
16840066
22656501
18034481
15006432
16580376
19212890
22666565
19218098
22464252
17666915
22033955
22388603
18555452
21902702
22267234
16107501
19033167
21692318
22688667
21961306
22342411
18603678
15939889
21420453
14619875
22306317
16844525
21811686
22379787
14100228
21104752
18604802
19888639
17789687
14296365
16427103
21653754
14266006
17637121
21717709
17829773
17970632
16642815
19098470
10956952
22234269
21762864
21308722
21963035
22047024
8415852
21495489
22103752
15551285
17604758
20411405
18974525
16641947
18590897
21908382
22228961
16294267
14534290
11926082
14534944
16141325
16183815
14081940
21735738
21736303
14838524
14460504
3332331
17021844
19926272
20011792
15233267
1175221
5455682
14844867
2180301
21830155
17015229
15943215
16563993
13012982
21260374
18958930
21778681
21763689
12354832
17949462
17911617
14367751
19586469
16801317
21786416
20415041
18993395
21422565
21766206
21722307
18060953
6213532
9181822
15300473
19850011
17951752
14150637
19983022
15518506
15990436
19128258
15716509
21710565
16693599
20939551
9075622
12072492
15087461
14304293
15937762
20736054
774909
17788557
327843
522943
12274282
7860902
13413
21169738
15626245
12082672
18430563
57203
9132192
19952283
16114180
678383
16461893
809183
6426042
17473883
18307099
21233784
12414632
19187439
1780131
18698517
15964203
14443856
9605622
17858292
20834038
14574920
14333761
16990628
14089844
14049918
7768402
17699746
5778882
15047805
13740902
4450541
16578789
15588537
18393131
13750382
16072678
18775970
7626802
18834865
17431549
17726739
21542518
3108481
12609202
19242952
14372324
15337780
15369355
15013810
15984051
17291372
3349241
5946652
15485194
19515151
3421641
12402972
12837262
65573
5525212
15136069
18572896
16312581
21685897
14222511
15811429
5842232
17522250
18908290
19598013
14966359
18357033
14994235
15230781
647773
20685433
18738967
21328230
10109712
14150355
21628537
21831117
17983145
15386336
11538342
14205314
20695523
15844063
7726132
21122854
9026292
7277042
21832122
15033965
7770342
6855712
20175926
21720907
15505986
18195068
17768528
17474497
21733847
21718851
13908202
21369812
15207626
3246801
18919919
14518074
14951731
14350641
21448847
5299912
643383
15648677
21170573
15148812
16515654
11883602
15691324
12372812
14578253
16072058
20657078
14533847
12726792
17199723
21468222
9697952
15755677
21830227
16191223
21711718
21368538
17646546
20175531
18417923
19213690
15336035
14724370
10546452
13480632
21443222
16118417
21869219
21802529
21839133
15955452
5798782
21870748
11868562
14269255
21865062
1744141
20511717
5846742
6686172
16195254
15640552
15395001
18683734
14249190
21885889
21408348
15980546
19934870
20314879
17690638
21068272
16700045
14679163
21830697
21899399
14478408
19609871
21899112
19400046
21899116
14405905
21902568
15947876
21893648
21399570
20793637
16226206
18251118
18916120
21913464
21552756
21832317
21777829
18436385
19892756
21919720
21906576
15456857
16003552
21921857
21923174
21203442
16701777
16261445
17879852
21744529
13719342
15737457
16801156
18922448
18435132
12163962
1658251
21112898
21938565
20112863
18982039
21817087
21795880
20886598
14511951
16595592
14368369
16639453
8329512
12609112
17838033
21821042
21367585
20630222
14569187
14529929
21920133
16462940
17825871
15434474
16449912
15548448
14191187
17990916
14764302
21961337
21965527
20640982
21576921
21958508
1025521
21165223
19190699
18789002
21914869
18608536
7765802
16565903
10296042
21969864
21910897
14876965
21900017
840751
18587625
21969404
21891854
15116352
14977374
18541450
20040264
16618599
17346158
15518629
16116861
18812689
16701664
21815093
21650577
17289157
17582645
12041332
2305981
16741527
17993494
19555944
19347664
14760590
20078596
22027114
18646260
15984863
21504971
7120822
14843185
21662510
22010258
22041157
6855042
20248359
20492907
15140327
18647969
22050351
14774189
10623942
22047190
22061085
15419854
20362705
19494319
16789266
15052431
21806327
21961703
16900618
14923674
17525314
15387225
1691911
21910218
19740741
6547952
15449985
21549056
3137331
21917063
22018147
22059835
21379523
18140554
17056928
18849587
22026489
19882500
22024956
21701548
15247749
21272787
21804007
22107725
19892584
19749442
21972836
14302349
14663323
17025681
19909399
22114750
18195116
16163776
15522673
21206219
16034016
17394009
5405572
14915453
22147593
18196757
22046981
21224958
22120359
21697315
18642672
22164999
12075782
22099902
21417101
15137647
21729392
690543
16255270
14859563
16300664
21657051
17250975
18422066
22187164
18452315
9528172
16702140
21010784
22118077
22193087
21878362
17194296
19976031
21311142
22092707
22196539
22205051
22143372
20112665
16249259
21827276
21351774
7595722
15984829
15130424
18124938
19680546
16560900
16279854
14062739
22223411
22222521
19223727
8500652
22119659
15275544
15971132
21638117
22239098
21136403
21380769
19120299
14711172
21613397
18507789
22257353
22039498
20853147
18619312
20112111
12769992
19826165
19841704
16091270
17910554
20651754
22288214
19222314
15319681
9357932
17333998
18978695
16150138
16642762
22297819
16571888
15590944
21878010
17007081
22317336
22315390
15737905
22155640
19892145
22326284
14867709
4522871
18912594
16658638
21544150
21978987
17382621
17823504
11301332
22114786
16918746
17143986
21944412
19333719
18280225
15564104
16906438
22260031
15802688
21966161
1363181
22260759
14366386
15333624
16408050
21670698
10319382
22380793
14715763
20271669
14537713
22077733
21874517
22166300
22400347
21452841
21304994
20471607
22358631
21706855
10746032
22255439
19057175
14446950
14551068
14947842
19250921
22413632
19627831
14304662
21203561
17316061
18951201
16124253
16706067
21452905
21328627
18423347
18657656
21467563
15961723
19270171
19362379
19800776
14290180
18666842
1134811
21277873
16508301
21060373
15968396
20856231
16816155
17815585
21295723
12054572
21287590
16143986
20604754
8372682
13332242
15772398
18604034
16732171
15746141
21300513
20094105
18710678
16367363
15922214
13678792
17168819
15679228
20262223
18113175
21211588
16291389
16177518
19594879
14746405
21147585
21210793
15919836
14503053
20418309
21273982
14327793
19135593
14081826
14478141
16581457
18606690
4785741
21367311
20560027
20576531
21369688
20041806
620073
17232340
14268544
15154248
19859403
16203371
19790155
21396818
19878058
18766829
15790103
14404483
15210410
20935256
21426692
21392257
21428712
17072148
15170761
16030204
21311874
14235809
950251
19262860
17483232
21382856
20017714
21455084
17463274
1692941
21481137
21484621
17922668
13007602
18194007
14073704
20649631
18138929
20777525
18740471
7352282
19212187
21350463
16886090
21438013
14757714
17722095
21045292
18574814
21517292
15082037
7548732
14128614
8207342
15572481
8348382
9744162
6219122
20740896
21537216
21241398
21549905
21338795
4267931
14553506
15505281
5818712
17523914
17603464
20596957
13510202
16429075
20434870
18325923
16519067
12969302
19021297
21606983
12688362
20259954
21566434
16977168
15525462
21481238
15981330
19118654
16413611
17317152
17008551
21632316
13733492
14926475
17480165
15554127
19629090
18064502
20847149
16313920
21654539
18194487
1929041
19024130
20935040
5379722
14974680
15972460
21594577
15333329
20682635
21530958
20533298
20654075
15931258
17126519
3766041
16162636
21372612
14127279
15235304
14994269
20733216
15635181
19543497
19781646
14554287
19028187
16794638
21345550
10873182
15288840
21172128
16745509
16571511
21700839
20650092
18177947
18949516
19788880
20283777
18221018
19188996
20166674
5745332
15335534
6681002
9646722
21149523
20281013
15957264
12309602
20636284
5174321
17074440
15136820
18266688
21246638
21210843
16297707
15762819
21139173
18286250
21256828
20241285
21078211
18020628
7546032
19398954
21161410
15985545
21228427
15630342
6264612
16148602
21119148
15445413
20460891
18321125
21215254
20619779
21144715
6751322
14352998
21017958
15219228
20565785
19468487
17297657
9345162
14401915
16388972
20768572
15021343
20657313
15272960
19971450
16035350
18448029
20076825
6618372
20543435
20774740
20468251
19078736
16128157
20733434
19610609
19805085
14866294
18745624
20784708
16014863
18073937
20784746
18577567
19087309
11350372
15759387
15297551
20709117
16006588
17457788
20813112
19175751
19865528
20823858
20823464
20662339
20824186
20783261
21223613
21068747
14533003
20828878
20562216
2238781
19514986
20811710
14548316
20719033
14352430
17352576
10712392
19500844
20196614
17739134
20385605
14465267
20866143
20864666
20275861
19136196
20409275
15909778
20824121
15678409
17360311
18506089
19486053
20908144
16023714
17333580
17930000
16437704
9363352
16137280
18469474
20873598
20783502
13219262
20934196
16806278
16904438
18825067
20869294
11437052
10929352
20715568
18913597
20439337
20126029
18681818
16191902
20985996
18139048
21020526
19416861
14103174
21022756
16001102
15793180
21038915
20152374
18496709
18353809
19780893
20375912
8866892
21023209
21045532
15347823
20993951
15136033
17159062
11280062
20955393
16632226
21054991
14296993
1609491
2249531
19704425
14621024
19036131
18902153
14148139
16338158
793992
637453
18912588
14314601
19212449
20639088
20502559
20217658
7457062
21106346
20949177
13743252
15327070
20513531
19496008
16669459
15814618
18922806
15464697
21132597
19775510
18615651
18567018
17218077
17055826
19415019
19245481
14504047
20268412
12476872
20410788
14857433
14287573
21138231
19988977
21054268
16097411
15471218
5728612
15744350
19801941
21105471
18271518
5885472
21193039
18883213
18187836
16824901
17130183
16585874
21201558
21117160
6409412
9709572
15952856
17453439
11109342
20082415
18014154
19638752
17238078
15615814
17899072
20682187
17561834
18625274
19121856
17147436
19460730
7960622
19286001
13970072
16099449
19870491
14545151
16412744
15455411
20652844
20631734
20571394
20382272
15572061
11555142
15232374
20461055
14755273
15206692
18462580
15630097
17021079
15965808
3746171
15211931
16241467
14898915
16186916
20633389
17065503
6678862
17992453
15021148
14896103
19163684
20704341
20489096
16118322
18339274
15139258
17602996
19366401
17850325
20542946
17651571
20713837
5756742
19173659
20057845
15982692
14336370
19939139
9522672
17635404
15150097
16966237
20663859
16911853
19666291
20731865
19038256
18485106
19255123
17198896
20544536
19305518
16032839
9135012
16184111
17643749
14874839
20255433
11742812
6413282
18735264
18601895
19688992
19383951
20533582
20627241
18635254
19311066
16857208
14504489
15087391
9506642
16531420
20549661
17136861
19327400
9319082
16908635
18683120
15485307
20557874
19792811
20565283
19627094
5656402
19737494
18688397
14422993
19171704
15749983
18189103
14035772
20193935
17900974
20482559
653143
15718014
16023467
19410156
20512434
16417533
17341211
17990135
9002322
7044822
1159251
19805914
17146432
16314507
5356352
14380258
15838676
17478436
17993759
14212318
13547812
7914212
19607739
8344732
17845999
15520326
19622736
19500327
1203641
19628583
20454650
16014113
18216437
18650093
20536108
18699304
18863452
18717803
778057
17948369
14869990
14049145
20356802
15838640
14626870
15991049
9523472
15436436
19208760
1175951
14346230
15030250
19783509
10747572
16258710
18857974
15893198
9668852
8571182
20463252
14457121
19844297
19419870
20469722
16226848
14473915
19609763
19213144
20480742
13432942
15762258
17157972
10723392
15780750
16081844
15976988
17796242
19693659
18168823
15843183
15497298
14364134
18556898
17419722
20513573
15282497
17839720
20052912
20515461
17610486
15128552
15863934
18037907
5901332
18857110
5336752
14649802
16398998
3333801
20331383
9332762
15988660
19637728
14285169
14063398
18876259
18018869
17682100
16823455
17783108
14082769
20254142
20288645
14402269
15908459
14961687
16281874
20246744
17684473
3923391
18605997
20023919
16988452
16674422
18646560
15162524
18992438
15537064
15048191
16967151
14294630
19218232
15989463
14663781
20259879
20212448
16564631
6708952
19327343
16596937
19958699
6047442
18280708
18756358
20357589
20095002
7304092
17582589
16317406
17232478
17944888
17233536
16334113
17971429
20379836
69893
16281476
19896448
20386427
17138014
20068842
18421226
15450146
17106193
18421635
19291327
13383292
15503074
17664277
20408759
18118345
19669543
20415105
15193588
19403008
19364382
18454771
20422158
18794312
17655446
19239736
20087888
14216618
17875198
780240
1089381
811462
20440175
12916102
17545959
16029099
16637072
15693992
12951582
1378
3335531
20255205
19536617
14268436
19632099
16596839
15733147
17021457
15099295
20189317
14838005
20086167
18775467
17789612
14087416
16176691
11771512
20072229
17050656
14041022
14336472
19636010
16319190
19607015
18560524
18312871
14421931
18955413
14766090
17723167
20108511
11867612
4106711
17598934
20121030
7259302
20205307
19013302
13687102
17279281
15622850
17473799
16986834
18087450
20237975
18684113
8270202
20237679
20248243
16151077
18998356
17165143
16424453
15059641
15762842
19043458
20258595
15883118
14286906
20262202
14478362
14380588
16367095
10307622
14465607
16667056
16373878
20028503
17875374
14620003
15808645
18816025
16322786
20288374
20288637
18724070
16227442
20152719
17573681
10637242
14802885
16973902
16301714
17290259
17464064
15076090
18750617
20163196
18459270
17770303
16363780
13789622
16115182
18032774
20157334
20165222
18030304
15105269
17352423
19125764
19124441
17865667
17880018
14376012
14098372
5622702
17015794
14947258
19293226
16644712
18815582
20006363
18853522
20145383
2420
16091811
7490342
10546442
18678924
20022082
16617301
20109439
16897869
16061242
20113839
15234546
18314149
17155197
9836992
15384629
17777458
17890686
19398896
16825520
6796502
16819278
14992413
6271842
989231
16449742
16273130
17291519
15822328
15166577
20080660
14702178
15600217
14327717
20090594
19158927
16737658
20091030
16116251
14356778
15088380
6233542
19717552
819764
20097386
7661922
14946278
18337689
18300149
14115253
16433942
12134692
14120718
13082062
17036385
18197198
5210841
20047688
17789291
16647361
17930077
20050879
13206842
12685522
11972062
17541727
13565962
1363401
20054622
19249604
11853292
19607662
19925928
19294296
19988024
15021099
16916369
13524182
15679679
19758452
8870632
16800369
11640472
10728442
19425884
14540264
19540706
821584
16495578
10039912
18822617
18751963
12525012
16996207
810337
8056992
19576161
18594003
12095912
19952809
15908338
15497928
12200502
18337406
16077987
18142304
18768335
16661281
14334898
20005868
20023857
16010978
8062782
19976278
16834104
19862292
10815642
15201979
15235184
14504450
15818676
14669398
13322212
9274802
5417132
19939662
19952912
14550649
14376806
14389132
15298671
19631027
5405222
12504732
17607012
13266632
15117706
18937767
19069363
19665583
16808846
19670373
6440562
18778472
19972225
15986094
14422565
17602560
19175126
16026003
15655495
15917215
17268619
17172531
19091789
19980274
16468012
15108910
18882883
17719241
19982497
15838044
14332873
17064390
19345057
18430546
14308012
3619761
19986310
17049154
9286832
19869433
18655858
19557449
16407984
15983370
8059162
14947283
1443911
19791519
14944471
16100940
14097161
17365683
2608911
18950534
20001714
20002000
15516930
12127982
7496922
15766082
14438640
16831434
18137404
20005077
14647853
19669596
20009764
15456075
20011676
6631972
7234652
20012668
11781922
16014841
17791551
19261606
18143526
16449690
15600471
19081129
18137013
19354391
7256782
16899075
16623835
17294330
14545792
19897449
15987727
2504051
14708602
19087893
16672903
15118253
13316782
16539573
16150075
14311992
19033886
18634736
16345717
9737232
17907878
16908796
14510514
17355193
12542332
17986456
18648014
18220210
19885987
5410072
15531304
19835917
14448003
18866898
15086508
8336682
17979100
19183449
14460617
18275923
15676331
17434719
16796918
19215953
17799376
18997124
12828542
738433
16024723
19568935
15331994
6976562
15077049
15808697
15531806
14445181
7660252
5406512
14860787
14435706
18306956
13086542
16208936
15457745
19872162
8633
18116982
8071902
15117334
16104140
14908136
14995561
17850087
16746160
14294853
8394212
17795917
19875098
14211803
19221882
17224082
18921434
16782996
14071250
16304617
15329120
15677309
14217846
15731049
19879511
1100711
17840162
19343726
17467388
16501307
19880755
18430437
17131798
9815962
14792544
709313
17854820
19882911
18251401
19867528
1585501
8584
19887273
16500267
19224388
19717400
15320493
16473200
9902762
806081
19890964
19027197
18452854
18733478
19864024
18251503
16154492
15661468
7323712
19897075
15197723
18240417
1050111
18881645
14479360
15456151
15218677
16939494
9862092
17620349
14196986
16473830
14500534
14855740
16347615
19454272
19726066
19675918
14705790
14216702
16630250
16825909
6136332
19678504
15215222
15903210
15454493
19295152
13654792
17030707
19911463
14911652
14465456
14086803
7306952
19879633
18909534
16667367
15465422
18220000
19057044
16845939
19057572
16900850
19920810
16834588
19916199
18477256
16920912
14386819
17542510
15524210
18112393
15428093
19310552
19337485
16088442
19792873
19927601
17942392
19624332
19928426
15866953
9605052
5849122
14637868
19364130
3513571
18335761
14284595
19933548
14131449
14434818
14544800
16973545
10562742
8125862
17093617
17357169
16276685
19726437
16915269
18949858
16518494
14564790
16906137
18366671
14609077
8660832
19128897
18957266
17667279
15283931
15110172
11585232
19645327
18730571
18995510
17080796
19663141
19019501
15222737
16563748
16808404
17523819
19664559
15703424
18490056
19568570
16052720
15535129
18478989
17436437
19749270
16814727
14289274
16434868
16630266
16134204
16313279
12168402
19775538
15855640
16421683
16827173
1314491
19788335
17174924
18941248
15974368
14888044
10451672
17784598
17463660
18165865
16121490
14456912
15165643
11107172
13754402
17799844
19293675
14147238
15651734
16458509
14714072
19824521
4101941
18959546
19826872
17690573
17244371
19277467
19237767
18418006
11801792
15831104
13478052
15963922
4935501
16950214
13563742
18317901
19833239
14953410
16224319
14154581
7235192
15112131
19463258
16244891
18828663
19791759
17830307
15373368
15506050
18119442
18360191
16291570
19292699
19799933
13593692
16111766
16482875
14307966
17081302
15049979
14404456
16963472
16571990
16598229
15355926
15137329
896141
15984351
3653331
18419086
17070893
14935287
16164162
7541162
19558139
19144887
19856365
17268135
15591808
17451617
7481162
7481272
5714432
19858762
16796846
15482668
1902591
18078772
15471058
18775851
1039711
14173339
15173828
14513049
15361152
19860831
17148615
15355221
7410442
19077014
16440886
15688547
16743660
17726217
14591652
17374094
15456443
14439155
8109342
13521442
14117636
15058642
12770402
78783
14078751
15348957
662763
16404433
16005749
18640054
13700322
18516039
14310462
3000121
16930310
18780213
18856089
14955538
15386179
13437692
15694484
16872822
14550267
18191215
9406392
16651210
19610972
19610149
14426526
17783874
15689503
11345952
8167012
6332292
17458845
18025958
15166261
15125708
15499221
1811831
13958782
14293708
17949668
16077636
16381097
10173642
18857525
9376172
15009171
12627732
17136814
18316130
19546455
756004
19573685
3497941
15667726
14546665
18637396
15300711
12672352
16028341
18647218
19033024
14346303
8229472
6487322
19364692
19367537
16075150
18868161
18310963
14642527
19318102
4119741
16043345
19371553
19349569
18784659
17565576
19429958
14384763
17348447
16174626
16190612
17719995
17640903
16521286
12095402
14721365
14847083
19003874
18220320
14199707
8392442
15998021
1644991
14944055
14467906
17684727
15386694
16239857
16933730
17418483
15254569
15029174
17088410
18953700
14552827
8493872
14964530
8435452
18612910
14981508
16102351
15143040
17793705
16212879
19093028
18558291
11999302
19123268
18944990
16558893
14996326
15692998
15785343
11317672
15399663
11774642
17148469
15084020
15813419
18453284
19159202
15294384
17838014
16269086
17539988
18096662
17800359
15022294
19141788
12773692
19153987
18041407
18737768
17991706
15941343
19226567
14317217
19265741
18800660
3337851
17878975
17711443
16677964
18873711
15757776
10196452
1090331
16684773
14996411
9832672
16147437
14240875
14312471
16594804
17366071
18127995
13103342
16547450
16405291
16631086
15300001
18107204
18620997
15088584
15127804
18728468
17902749
14074515
14317480
14757364
15815558
18721632
16484374
15509826
17624304
18004195
18775869
16531268
17632297
10400902
14568539
18706381
13857392
7963812
18811322
17924410
18462982
15012180
15343607
16991573
16116263
15703998
18655902
17371415
15108970
18363016
17829274
17168125
14800273
18372306
4426901
14063364
18382184
12571232
11776352
11270992
18429006
15753937
18300955
18368508
16549456
14988245
16145326
17506198
9167952
18540952
17011917
18381457
18161747
14429106
18442196
18272681
18580851
17664394
14840162
14171246
14956756
18136191
16939043
18040321
16442275
18061386
15069019
15569195
18648532
14365762
18655124
17908359
14535616
16073
16219969
9463702
16828044
18224379
1032561
15573496
18253415
15700563
13213782
18124901
18280442
14456637
17441991
18188773
18052437
16665976
15732514
14160425
685863
14100886
16098060
15164953
8460332
14747825
16078504
16193888
15233019
15996468
16241630
17926342
17381903
15720447
13964342
5622622
17900421
16916011
16132971
17104451
12712752
15148698
17627361
15397251
17490018
17311646
18003403
6123762
14728168
16411272
898491
16405644
10388522
18070456
9479662
16323998
17422524
14790584
17881060
14938912
17389453
15346595
14984915
16609396
16933490
16045527
17496988
17904496
16326850
16424103
14268844
15866947
13976432
9230992
18012134
10486112
14295976
16563352
15766521
12759162
16669678
16578381
150433
17758551
17242874
17554288
16606192
15723076
16675967
14616024
17538341
17781517
15934324
17601606
15248019
17750589
15109404
17801101
13406702
17402885
13900042
17502697
15172050
14694864
17523086
16492753
16101465
17392856
15937405
17027993
17512682
756977
743473
13171102
7898902
6993942
16672662
2364311
15779370
17543649
15705768
17638600
16085102
14526709
14584922
16583766
17411632
7293912
8811212
16630098
15101499
14708441
17300319
15651266
7023592
14708466
15386795
15471040
17241440
9099702
16509580
16967269
14463821
14293032
15886432
17260136
2875091
17329251
15460893
17003784
17194085
17038804
12155952
17092444
14313608
9536542
17381428
17366749
17348300
14315132
16376689
16089100
17104338
17169556
17160747
17049822
16891682
17191083
15391102
9860912
15382030
9295212
13651942
682253
1977281
11231562
15918708
9888812
16835274
14259236
15861717
15959560
14633151
14143572
15625696
15600500
17008104
15729145
15079886
10957312
10928462
10202092
14527448
12144232
14989516
15806174
16991114
11279802
16969726
17085995
15077583
756018
16242865
384613
17131934
1543561
17156763
17028166
12698182
16833220
9035532
14861617
17192709
17187017
14265792
16021608
15793231
15175665
16581680
2148701
15865172
16522106
14101572
16808168
15102358
16839584
15592706
1350931
16139257
15186214
15001911
16547434
16370091
14218341
14799210
14663393
11404952
15129433
16327542
15074240
1742701
16538491
15986183
16147768
16336839
16965299
14200743
16387556
16380856
13796942
8803972
14317951
15700171
15786795
15786716
14209540
15533504
16625082
14273876
3620341
16452927
15814071
15280385
879601
8666972
16267717
14499030
15975922
15300363
14691047
14424480
12913972
14176542
16365491
16108215
15535991
16534226
16580443
15787053
15786922
15445240
8292822
14833305
16156047
16475573
16291525
15804815
15807367
15787130
15053214
12127252
16242769
15410003
16020751
15445208
4111801
16267741
16422026
15584429
16272849
15567204
16098957
2131931
14181968
16027284
16018516
16021390
16027841
15649695
15367660
11783712
816722
16044409
14129479
15246494
16085864
15219854
15487499
15698452
14788026
16107534
16031631
16105666
16130058
15868524
16093644
7689952
8334312
7375742
15648031
14676022
15728229
15292471
16049592
15230967
8626632
14828342
15756307
11988772
15304614
12875702
15458694
14129299
15006721
10454862
14786204
14220256
15970192
13018712
7752402
16387549
16221376
14616099
15758373
16002975
16013950
16005449
16003749
15988321
15987234
15986362
15985647
15969768
15961546
15956415
15949610
15872892
15818086
15507004
15433919
14787085
14648375
14640845
14272120
14178312
12992392
11872352
11074842
9308312
8039622
7962262
7789912
6822622
6481902
1472021
1758171
806689
24113
9199092
15481585
15477218
15201442
14760938
14682554
14629547
14477800
14456339
14435531
14417327
14265683
14140874
9054992
8769172
6418922
3099501
1131911
807095
5392522
11856032
11857072
11856592
15926125
15234697
15920291
15906868
15891841
666283
2295761
15814995
15567891
15693659
5992202
15878162
15908050
15877869
15837679
15818046
15726931
15703945
15691197
15699775
15661551
15655520
15652059
15572476
15504893
15298971
15503560
15369546
15163277
15161585
15109720
15049229
15032752
15022214
14915538
14739243
13205302
13062382
12008602
10340902
8655352
9676642
9544182
7075082
5166511
2311
15725659
15712713
15473289
15427199
14060882
13164722
12520532
11267122
9804562
9639352
15587113
15471473
15647995
15586190
15582169
15572307
15504575
15033654
14595685
14513364
14466538
14306177
13415532
12551142
12298252
11923852
810773
15507884
15457400
15498429
15457458
15411066
15382980
15357523
15356193
15329452
15317539
15298439
15262533
15289230
15224134
15220568
15197540
15184606
15024394
15200682
15138349
15121219
15175378
15113571
15067551
15024479
14968441
14904437
14883127
14858000
14826010
14766591
14822583
14825102
14763594
14750091
14716889
14713863
14627161
14593177
14592290
14584360
14576512
14538519
14517447
14513997
14513239
14475749
14473140
14471724
14448173
14437914
14432458
14393348
14363808
14376967
14352376
14347931
14313455
14300586
14281721
14275531
14249151
14199320
14140370
14116017
14046322
14026452
13929832
13186122
12615912
13156502
11883722
11858522
11779182
11384102
10826772
9755772
6425342
6369932
6088302
5998452
5399652
4559531
3074911
779799
5121051
1439931
4607
14426645
14384907
14210705
14411366
14144520
13316052
11820912
868651
801082
7513452
10691052
9272862
7767772
7040852
6421162
5568292
5520672
4057391
2145511
3618951
14233370
14233365
14233595
14229561
14154061
14165405
14152216
13967302
13574662
13753532
13756102
12946702
13359202
11246242
11464272
10574932
11005112
10081072
11072912
9945202
9710522
8404572
7881152
7827602
7414752
6482142
6371492
6115282
3107501
1933161
1221471
926601
807187
888621
775489
775142
731743
685763
54163
10215872
783214
18726673
49024590
