3281853858
14708747
34666433
143923948
22485748
1678754263
224285242
212310318
133832049
78664837
273464281
29501253
19090351
13567742
177696530
60998096
19608297
2163373688
2584386518
377016559
95228628
385429543
431790727
14999172
49164309
27029537
293131808
76649729
472392952
18023647
822135037
66430922
18485546
50343928
149248803
113124552
200153299
512301270
95983520
367413207
534560891
455259561
546029429
3068102708
64484397
17870903
16675107
118747545
87246148
16017472
245984358
172858784
18061669
185721797
2863228577
250188760
476256944
17967675
16817883
149197471
21968928
1262099252
150078976
1330457336
15808765
164732892
1102021532
1135833558
20437286
76842740
235271965
1061385474
19318314
60828944
52739552
116505994
277124730
