277124730
17814938
38107044
2663844588
107514329
2975350155
61122920
21033590
24809865
28474813
68591088
21687572
4207961
1582642838
562893156
386507775
60644777
370963391
892537531
983229331
32644905
59592572
113202279
420849957
67215899
486694111
242555999
239905257
2206217881
2303751216
13218102
15582333
215053058
27029537
844500096
1668561872
2205611863
1217139486
211958292
475359002
18632666
555473643
586671909
2167097881
14952204
28649040
48366585
942156122
336071136
25892432
266133081
48269483
63262233
17820668
22061951
838923470
175299730
39779166
12296312
276110905
279091698
15174710
310330192
1531265618
18891923
1452649538
1615463502
1342861723
368992130
304054410
709244438
16580226
1393155566
96228833
48439549
1604366701
1530850933
45869761
15956067
245891006
80612021
1140648348
18695134
491350825
413466731
262756641
435500714
16056306
14845376
88784440
50325797
57741304
217543151
1339835893
72715723
1051127714
36196298
479872233
10615232
476256944
20113797
1330457336
171598736
1078473840
1151590614
19394188
95431448
18170310
718551618
240430436
88806753
91255614
28019628
757303975
577590343
1068481578
807253855
13491312
1262099252
16405372
234374703
23696533
19506790
743585142
599454226
22763447
1023020557
60828944
933271290
1061029050
216503958
1074518754
1071402577
65655453
8128442
334127852
57065141
1099199839
18061669
172858784
16954241
9130702
33600887
15324851
109071031
115733549
43910797
120120773
278124059
1058520120
1093338182
970207298
150078976
1064206014
1093090866
7429102
26637348
1037321378
93761782
22783783
42967026
19722699
17918545
15110431
16895274
74741722
24881081
132278386
15808765
247334603
242836537
25973266
357606935
15442036
69420759
268400610
28585586
72198806
20597460
16017475
11762572
94642927
273949938
1917731
20600214
42711801
612896910
15926855
15894074
18510860
494583213
35017909
39986021
21213276
248104187
14282672
197536380
198959733
21952872
19682187
233696188
588309140
287950683
18169053
186617790
537063930
18703850
74294786
48802204
561236368
222666657
150724371
196680302
278150516
19883344
169520675
541197767
15947198
15734887
193432576
432676344
15473958
15348935
61898653
44665787
104324860
14407823
97516144
145150497
137440868
133448051
455401134
178978113
12397052
50057228
117555052
18909919
75124560
30272229
384546969
67713407
67393806
314876724
22518576
26946495
37142418
56681659
515897377
19362299
19426551
21182204
76682652
215048927
78323317
29293808
15361570
410971626
92065500
314216196
85324530
25634849
4898091
21819114
7856542
19624983
59577517
21931396
15730467
15987296
95775723
14955353
19900778
154092620
63129970
147745310
24065690
36844879
499273990
433828074
25502100
19784906
48512420
17599655
241240502
322318777
60790278
28246362
55102951
78166869
19260702
32331888
44750229
197131662
71652831
55097120
179660382
20964146
16671972
5695632
7334402
202424267
28475511
221135570
17600223
117561682
37258825
562385224
249677516
158046364
22164556
24229787
110823581
293131808
24913074
155669457
193006892
602834770
63861778
26929990
69388514
308573576
37799344
164691705
29501253
133929049
239949176
156333623
161705350
465916186
96828828
17490974
305755655
91180720
24959108
89820928
64510593
148945945
18202664
25584007
19716781
247486443
133832049
352534407
30912937
31170235
14434063
233783568
48801409
69746033
177018718
19794065
31801993
20608910
15633653
26538229
112740986
59238436
112763422
64808610
564106953
18215973
562456722
95966741
222953824
57111966
430135306
37758023
28642247
393562221
19608297
197567344
131468024
14363353
36184220
199027985
16145224
595515713
544744819
55308417
84119348
279030984
291903997
228780512
80333399
492253390
28139625
30929600
27951009
41655821
112471133
57683365
58928690
69666312
83901492
15164565
18665800
26780409
401659534
35013862
20015188
50378967
9676212
15639642
50513517
15785723
10791192
374697935
145662820
20065440
17919269
34362792
312134473
48115928
17049255
353215735
61220477
70837868
24649115
132241469
85365067
264003851
52852957
39470479
14717197
1435461
37683200
19932383
16619904
21870081
44597453
153045501
174671551
128930367
154378809
14625398
78669790
110789343
83922884
146569971
120149369
39824409
12609342
419693158
109287731
16967845
17789578
43909630
259403099
19409588
84387689
14226882
124196924
29774968
18221780
295897315
46648807
16057477
48823671
304003172
14505838
19006707
7152572
109505368
78168709
153558139
50339952
272028877
20508720
76420529
335996055
17596622
33578432
39580052
161811364
260845829
267938462
65416742
21764343
8082302
69091913
19616718
301108686
28582749
306402436
17077093
113689843
58895560
34113439
39537567
18736858
14499829
64429326
27940304
40940169
15904643
20071863
65495224
89828999
37089433
21519921
80711731
14889901
101597447
20644963
34782531
14317246
27082873
23517478
18058295
20565524
16213511
143157972
88726372
14377605
59248569
374019904
31518990
39092982
338502600
39812424
156969952
128246602
16045066
33657625
44216589
27101676
64577029
36590197
18958188
137180310
281530541
80991989
79008083
103955222
104632332
25194680
89735094
38801509
135931182
19824430
15954997
14412533
30190723
22563893
22466558
22731852
28290738
34473156
66948799
141463541
141460028
72686669
24745957
229873610
73238146
15007149
16789970
17961886
101896529
23588499
57033388
172779883
134234059
260290749
252634665
226766323
188001904
234826866
473972064
426167673
510503908
236513089
184841185
22899547
16616061
15587500
22506222
14615871
17629860
14199378
17045060
17968875
20436059
19109172
17451742
8487622
15460572
18020120
16027546
15170346
16028241
6450322
44777959
59204932
48398586
33998183
61762853
54655632
40300027
54546430
28576135
117821354
86697288
19674502
115911638
131144091
36719281
297067961
113436175
325830217
26278266
232193350
108638625
369232105
369505837
221147815
369246180
200176600
369507958
119897041
390320946
413223602
461697741
369238541
481439919
481519707
31122582
61206798
30810001
23663732
16461824
81011551
52318852
177297543
193987818
174805587
114589771
140282365
23434446
305240732
14339845
318206734
263830406
293344264
135303891
350037537
330111673
433910958
145324542
325242835
234782444
109990653
375366461
15131310
230104993
162215904
128265719
14634494
182885828
34548590
22899307
337742544
22812182
166284256
106238562
16129920
14246001
16051608
62898153
93946353
113420831
7402662
9855382
15918708
16955991
24752484
35773039
14719902
6753582
278776049
86389493
292495654
104576097
187993109
14679046
144921014
15259354
17471979
55774880
20360943
27616971
330839533
113138635
115466478
17846799
240481053
15726199
19725409
13364
313808858
313055724
35969010
18591674
431147683
534812550
22894999
438622863
334162338
19827680
19316226
14920914
66609871
248843069
17027766
18244358
226322508
49706919
18823322
28468549
15368404
23336204
19948202
35625086
16555428
10504742
101866195
267483040
182869502
16317383
33537967
169189083
523640396
102781961
24779739
55355654
116324294
21443225
19426332
14107459
19719380
156829596
21919834
56571632
124291988
39384517
20867568
44682276
516699539
70526457
237814920
13455
140964213
85332821
71110722
122387605
19112923
157619805
34726520
171899574
22899417
94640354
506353175
414377325
65751834
103018203
25249798
64681292
52602543
27122310
346921904
21927612
18688579
241235374
22650398
37091421
381090926
70036395
17823423
36230223
87786716
382386622
1774391
11856142
61367410
85909584
240902615
127639253
176927102
17967675
106908507
414331122
18513160
19611483
75494051
20402945
409486555
87899852
22650211
26810542
211921304
53388522
21987099
120176950
158397501
38734554
395030396
14062180
133837287
26167625
14437914
15108530
20076766
18990471
16669075
20179628
16613128
112540990
16184358
250188760
17658786
15113565
38516217
17831464
44615672
18467667
19110632
11856892
72685208
65375829
45449953
44941985
53248101
28513913
17929122
94429042
17346287
21783950
18058609
18038892
14616022
153149305
163570705
252249233
15066760
9252212
21186125
91911898
57625403
38147250
43450739
48549329
20091408
23405650
84709404
66611255
19658936
149343295
16796163
9300262
133026928
334366321
33920667
18302822
305755283
296779442
161794725
73850142
373169836
19049697
16664681
26585095
11348282
43419270
20625174
32997037
448279107
30043495
43380835
15295051
100654601
39332631
21445694
22086450
19433483
125537932
21449957
783214
31128529
260396714
28652194
23491492
8839632
17494010
17409240
125445568
39358911
56774085
24816848
21982720
131500972
14511951
46207622
14345062
6519522
76348185
15649433
86141342
15647676
10126672
14159148
44873497
36681590
18528834
54885400
31310158
68490281
274280282
5402612
6017542
12133382
110541296
749963
14293310
66369181
13371202
7744592
9109712
23092890
18622869
8775672
17907832
113217721
166252256
71294756
11857072
15458694
78450167
21330459
20818801
15210284
88252596
283715234
20811623
365509228
14875637
16524544
432071413
15859554
96957407
23539911
17981204
742143
50517818
80628196
34713362
68824778
78408666
199184934
2836421
49304503
28785486
1652541
17875699
143239999
148878245
14173315
24112747
2097571
15012486
1877831
237532097
132279035
29777489
20326525
16335611
41710620
19746290
79866726
14357369
58544650
29249391
5392522
15754281
51241574
30119441
3108351
19093302
23681494
17350097
19273373
15223559
16960313
22874714
17983675
14074515
115979444
45436858
16245822
786764
133872807
24553889
29867189
17905002
33530012
14135426
759251
246088673
8781122
23564573
164599258
2467791
428333
807095
15675138
26788938
85606078
405866308
192955168
25032051
136396776
38316607
43443636
15537599
25195196
82144330
197144622
20744289
300482960
126189319
341710753
273142070
63926780
16878156
44783853
36683668
61853389
14342564
15147042
36771809
64524100
76091017
73181712
34768516
17851248
18691915
43920155
76936279
82959058
27050877
158398519
19575430
19571800
17481852
15667763
34720571
15803375
116819020
21320357
18828994
77042233
19742653
65465459
21787254
5548952
23691587
22956993
128637382
16322635
127707895
39308248
7705112
16160352
17224754
40288427
17946353
104389564
199924401
308721230
15360965
227036687
258900199
14630443
25704351
18137749
82162775
245466421
20087888
47412499
137823987
294349550
32187820
20437286
38014541
288751432
10326832
254177812
116859670
17605462
248735463
263791041
28602948
63169388
17006157
18696134
89681569
29205600
15922214
23600262
125375550
38254095
21406834
37007274
103101225
188019606
44177383
16583468
18963663
108376246
22789766
15210410
193732179
161791703
47747074
82649553
235373000
14984637
29442313
202350999
9624742
36686040
195666369
77468390
48120719
7356562
166386723
55823384
44035638
17826553
137514668
159582860
167507135
14318464
87366318
85397586
21071595
10955202
84141659
15008539
42385494
65438619
33437372
69459812
46780565
34511500
59771400
16225679
138770045
74338077
23124408
15923797
25144565
44639382
22557940
25373043
140519774
21172047
22274117
20479321
92117769
153083172
109025212
813286
119250381
51942546
132201224
26126881
126424795
43963249
151963505
18481429
15764644
25082055
16554666
14671170
22012091
37993184
30313925
21684013
109233543
7004382
