26369553
1467292537
353756227
292424959
23258618
19918005
1320609462
76040327
113523341
52757856
44697596
46557945
2805928220
820236583
22056428
95295063
550231232
130290135
29819952
373527991
2445809510
2980358779
876887677
1187034762
130340233
472710990
1630896181
23818581
192682116
457917346
809301565
603236029
295863836
472037042
1020277135
429105093
761652966
1571345780
586671909
2927758254
150078976
22856987
34308692
2910012928
1051446626
219010139
321962760
21056978
18989378
600463589
1262099252
16268340
2359937696
216503958
2983072166
889263336
1849261916
1623308912
233613502
114042347
1444015610
24800640
1430543952
1068481578
70709534
2863228577
2853793517
35326924
74206438
1276488199
1633984034
35553764
384335594
158021067
19561844
15938148
373522445
254117355
23397708
58550415
460618806
44873497
43920155
1342861723
456806128
297632458
319887853
574772067
108376246
1339835893
15212187
611313193
1056290964
283063309
87708599
242892689
51228911
266133081
182503471
205392468
18776942
139909832
316645569
233737858
85365067
39515894
31180638
68999404
16683428
1061029050
18216752
271543756
423610904
1074518754
54208274
409456907
15852861
151713485
18805644
78422390
92186819
1099199839
1071402577
970207298
37865281
15324851
253721794
229592356
115551858
167596782
21647011
104299137
296361085
7334402
18915145
28785486
222622640
259923326
189523048
16473577
21758568
115463976
526528863
90721451
16329199
289997553
165931982
57775464
156381958
272604633
377750165
21870081
14144549
27908051
16643302
27048645
24109900
12296312
16121125
241243567
237504609
19695857
486694111
48779930
327483660
43197903
19907542
245799031
262756641
20593255
27820192
85396297
20627332
33537967
22528752
196787832
14958819
382791093
44401911
263936580
16874341
22650398
474232856
515822213
241280143
29737277
22284659
17134268
324095750
35785264
80634067
143192171
18061669
222543142
16343347
56413858
223959958
54900089
76649729
314761384
3082611
15909107
15302560
195897926
17092048
16530619
33985644
55010620
33016894
169785728
20
285765394
40165375
15939889
218365867
29442313
242836537
135297032
435500714
109071031
476256944
28204264
238177562
21034105
60627728
33547493
18001465
326404826
117890758
221541245
221162525
16630062
49304503
23484039
17045829
17511440
41443472
31511279
14845376
120176950
186430105
64420181
15564486
102455692
319459265
18010191
80628196
75364211
250188760
16824724
20957191
9852432
168295477
161339422
463247242
113127789
201163970
19191105
18343200
32457219
85606078
17139736
21768766
22826294
66701560
109575849
116820540
234374703
28133187
15249011
29201047
58852499
14091601
17815224
46154017
13
15224941
48424941
167190503
226277029
67378554
45947548
399498934
33942500
28594128
267841234
21665238
82885139
450941680
79201552
26091641
21916557
390176029
23014736
25352433
40356855
111157878
19726613
14125897
97503010
245874349
57410249
104638794
36683668
57985423
16980278
9407692
22935257
111812376
89226416
131877198
244243985
59771400
247334603
76456274
17487795
413466731
186635139
59858540
114250132
60593111
23721514
222953824
325231436
7612242
115733549
171598736
7429102
253132497
11176532
23535982
11969312
18634019
109494078
16935115
72913494
122484784
14416130
112468674
16936858
38176957
19566937
366114609
67539981
26512177
262931026
359789654
15732704
196181865
382221730
17958164
13066892
15175989
389578144
183320100
140980387
300583313
159481784
318016559
16593658
413498474
24320933
16853355
51547041
45616428
16164327
34050677
298165855
9921302
242555999
117501995
40891749
395516421
41286559
399145440
16331553
75316454
37334468
22226922
309159046
22301728
289126909
407825513
286299518
411953754
229267492
166428607
14372097
21104108
41657673
90618162
59833981
15694806
14936859
14480451
70683270
27794225
20440742
38002196
272030256
18512721
97720594
198990385
23620660
22071505
115983695
30957959
15292530
15142338
19384564
245980119
21791484
29308956
30976189
302406241
126792544
354075532
124821766
373398764
378061095
27320271
130939236
52587877
382101930
314533140
210675072
13262842
388087389
56928016
38076444
32998514
47868093
389581525
73135305
15784778
20121960
18826699
15417818
129354604
24103268
212524724
330725132
304531608
17937762
14320815
17090130
198741322
85183658
381823937
23697337
16459485
392466897
395430906
63157876
41226775
110538332
19433850
116783537
31300125
80714221
16619311
208752053
138619645
58758118
39621911
239572597
16396385
15896559
25719595
262811595
169974478
28934830
52830710
46549350
102197482
248034048
378633102
167833818
21527343
133202967
18012982
194235592
14318382
14966381
348066073
102467493
39710013
15293169
15323106
19730757
21549175
377762675
16556093
19022928
19495604
160958248
23415606
158363333
16419440
54306210
31740492
172858784
20769514
107882300
21279472
23619494
820585
16740234
46221673
14090948
36217657
39156026
24410374
300547552
15992923
32881697
30813208
26282436
85956704
109144272
337290569
55739411
74797313
361216002
356089576
9806202
246738896
33399352
42898736
96596711
369066270
79240290
27978179
225106180
16015863
220235979
44198117
282376533
52521715
274305944
159483478
24043191
308666466
24924235
310506021
311506300
303893920
266608313
18794617
76550359
309930442
28166209
211181160
19085493
36707772
263286365
207789145
40482739
34972633
18906323
195403144
198672799
22282018
92547918
113304784
19670455
21199835
177374693
334127852
189806241
287973227
44287222
339430107
173178799
84729523
36339575
1801151
1249881
17122411
23719521
69204067
21507362
174420639
30588366
16709178
345570475
19331079
22475146
30987542
346593329
14496720
331681951
143608352
332887227
120971661
298841200
18363508
204439375
348829006
55925600
253642615
221867661
25535904
16212405
352817605
96405362
353742268
349419741
40069846
82851451
315596243
247408791
108512857
345413893
140260160
19324057
358221090
317576070
30117478
43792533
27192973
31786892
257958739
52948970
300852872
361522945
277692406
361568815
124580310
77892726
301781886
326383066
362682178
346949527
201516559
361152384
23117388
18287538
14068794
296534604
77586218
232197830
15612308
45126407
263282868
57048861
78626483
26520650
27242307
270058311
24028506
279202542
19452989
21261628
268015376
19372353
210685282
70238870
94485437
97135016
52516255
18680323
10135072
16670445
107165195
236696059
278654482
20818801
91152350
186666607
24066714
202379157
278124059
224285242
93761782
27916865
7381772
25332870
2425151
14120151
20536157
10228272
17004618
17453567
261918703
16127449
39284667
31205271
89459368
55543479
137219209
334889455
15754281
49615301
8128442
60828944
306336521
44934157
44930735
24990828
20437286
21876825
197295132
258885469
85131054
156016878
166263753
21940835
93017945
21672185
19396173
33668969
26014253
40892919
82167518
13159712
66472036
96856027
20776497
70799725
83901492
16459325
233601728
22626920
50073507
111141045
36047098
140286364
91478624
282735852
18172905
21252618
159479349
14061849
308721230
332458865
15908028
210932375
331255016
117537998
216881337
86129724
65456062
41007480
14185317
14237310
16169408
24354046
16028341
195817416
188019606
5561412
40068920
11856032
9624742
19319123
163570705
61853389
24680346
16669075
48254620
36719281
152363873
87044545
82395255
27763028
13493302
19684235
19608297
29519974
286178544
295897418
189300417
75069067
52510962
322195355
159481288
310001578
318754456
16633555
76348185
22024535
61003047
38477209
279088179
203616641
208055275
34643610
17375039
32422406
29844640
201882918
19824430
324231716
249787913
336665326
17033908
331204149
206080130
284988159
90694084
184962344
78671324
293131808
52605637
15399512
48043084
138977055
22833978
233660858
211654138
43408677
22073380
22835267
18766668
22068031
609293
14857460
14605192
29890699
36013747
16833902
49239152
119375863
133371880
18031792
182064934
22205213
15638496
167589963
280677449
276795503
38731672
239546031
317811804
320788634
325373034
43365602
327577442
271463974
203113520
335378164
23442390
26533257
255781062
16001324
177759074
24610862
216003160
44136028
28150695
193403967
280670233
55355654
28448216
17171111
15554922
28600347
66369206
22162854
74362896
14615871
15007149
20179628
12
783214
15764644
308230587
325830217
54248117
196668977
7152572
14074515
11740172
14606079
48545702
225819274
16208379
31413531
37716855
123164355
19348865
39424870
153149305
17882799
23359416
135931182
251743523
17544324
24553155
64486228
62861160
16015741
30013509
22333510
17904389
16506355
5694932
148354655
15434632
237763317
60718655
16116519
19395816
15537468
45877227
23650148
52452642
46753258
16387201
83431000
80516669
81931297
93907646
94634039
20744708
130190247
175503613
202085004
233756520
260430476
132549715
17409240
14692385
15113565
82412928
18528834
16129106
10126672
44935627
18791763
20078009
15295015
22975495
60777394
33986037
26657119
16313934
5357812
23970102
25625060
21572351
155601396
22949852
23605505
12855662
21571481
14103222
88426994
61048478
19411520
23197217
20876387
20890705
46416778
21964500
22987380
20606095
29898014
19026938
29257094
7074742
30912937
14307405
61430988
7004382
31122582
31128529
151963505
22012091
25447696
260396714
78369108
259760826
182506572
242849343
17132286
221821251
252819642
24232415
91204267
116763916
34727473
41814169
20402945
18949452
1652541
17057271
14677919
22009731
12804422
15649433
14363353
1774391
16727535
18479513
17471979
15110431
33998183
11348282
16580226
14505838
19658826
14199378
4970411
34713362
14293310
20182089
18665800
19658936
18058609
15368404
14282672
44783853
18170896
16616061
19674502
26792275
36042554
20713061
15416505
24752484
17629860
1947301
7713202
73181712
15450996
16581604
20710809
19195914
30278532
19756722
18129528
18806753
54682125
56736161
16153562
14700316
14055301
14361155
50393960
17899109
16348549
33933259
6519522
3459051
23967554
15947602
26784273
14755492
13201312
16834046
193785644
24922326
101852818
244655353
52401898
16685232
177998768
20998647
22685200
35859588
15846407
19362341
33514869
21324258
2557521
24704470
19172232
38221841
34003267
33294236
41300872
38382588
18956073
20073874
19658614
21313855
31310158
5988062
66369181
6017542
86364947
5402612
21186125
8775672
4898091
16303106
3554721
9109712
16789970
190890578
15442036
17078632
260537964
55276026
194346820
17212269
20107532
33615877
29532063
22360032
25582420
21437452
21579914
50133571
46499519
45707486
37680570
24250281
16314918
23608047
19036158
19079110
18767699
17469614
19402723
15733264
20023854
44144236
16475584
277237851
116784750
38003359
12118732
21348287
165883516
55321681
15481869
19631308
14861004
15824098
60323026
33583496
28603812
52847728
73238146
76688036
14377605
223047837
166350650
29813477
63262233
126980084
220409583
8370082
166323942
250766419
159480824
22817739
254775647
227024487
100263273
67030250
29965371
296823011
159218197
14466538
15623301
106823233
204467020
44177383
83857166
73303753
11857072
89680611
224320485
65165747
16569399
15808765
20605323
42724842
18632666
72198806
2836421
17494010
14133964
21269970
18695134
84129740
80078851
109287731
29473612
18301626
16474992
16332661
30211622
2884771
17913388
22397083
54589218
73916451
7702542
38711343
32545745
25087719
6817432
11611052
45932530
44519285
22883463
16161792
15210284
18227519
9252212
9532402
20109973
807095
17591583
16099299
19889023
21408348
23779607
173999134
17993906
164412502
14437914
12272322
16311797
21612122
14364006
22868081
51462013
46986491
15945457
45365969
16381383
24848046
888621
1933161
16424103
13649002
187657428
116922998
15182798
18489148
16146535
191123092
5842232
22831555
52162223
19950642
174098184
32831003
29800519
25518416
12384312
18471312
11680962
179588796
17758551
16831827
17233536
17075423
19089116
28940282
21935703
20172321
72547151
19629840
24836750
9268652
24408575
14803597
16031927
132278386
23821484
211216670
1626991
20597460
43910797
59676104
14345062
51241574
59159771
980611
14434063
130954892
11856892
30098812
16030076
152011653
31253964
15948728
28205442
15689503
7380872
29294362
21093635
90059826
23176276
19553409
4119741
15985647
15463671
15931637
17006157
35052782
20321814
17093617
56539746
43963249
18170310
16212113
13829772
102181555
78630270
28390516
19185879
16834101
48037533
21982720
31127446
15224867
7402662
14159148
9855382
26083271
5743162
21762059
112236047
972651
161426416
16250929
101343233
18735061
31088945
22203223
71294756
15234546
27901418
3108351
15675138
75320258
15893733
102802129
81140486
21540194
18182751
17766859
18614130
108617810
13518652
28576135
16157855
21111896
52070270
30043495
11265832
19394188
89820928
130617778
137712043
28582749
17448965
16332522
58534872
13058232
12925072
13524182
428333
15458694
60919240
16955991
15731368
813286
15918708
17827531
30313925
48115928
20624061
14336929
103922067
29539256
18457947
21619519
83603750
16129920
86421406
23909324
24712712
15288936
6039302
17479593
14511951
5741722
16017475
22186693
16272350
63246339
14246001
22255248
17633196
18622869
21220931
50325797
20608910
113420831
16150136
22839628
175331502
19983731
45575287
128636789
94479983
166943853
14412533
154372670
69476712
14901312
17075602
15937952
14600977
20241874
23545095
14955722
108115563
15938122
45081114
21028191
18812301
69181624
21425125
10615232
28693930
21598732
14522448
5392522
69433229
124196924
8836512
2467791
15613664
22699484
17841740
21251668
48038024
15901113
93712320
15458181
38215308
118526342
6751172
21375208
20517132
31530976
19139391
14156039
19000963
46141185
24248076
19120401
15441117
19514344
16160352
18561348
20593494
1367531
759251
14529929
16650570
17074440
7166582
20709978
42921216
15210410
15922214
1917731
15221889
22990962
15651634
15533253
15012486
8839632
14173315
9300262
16815644
86141342
59855705
19203368
19829186
18496934
36203834
