18222378
18963809
2962923040
148943052
22509548
18943852
2863210809
193794406
11134252
11651202
3073308395
47810056
57065141
18967498
1613167730
2955485182
18196845
2856787757
1209417007
968650362
539315191
444156505
88450098
76749133
235217558
144986277
225921757
52945910
40927743
2992440550
19268706
807253855
17600950
15369276
2362692631
270473255
1912432406
314223728
14217044
21870081
34774807
60960147
121480975
142428291
1322558402
430130014
2255182597
1340363941
38718020
484384130
156778094
116486374
87234149
12354832
235196204
263936580
333692333
33584998
15808765
1543830679
1531265618
38737676
65682011
29858306
30257146
482403268
151543424
222666657
300969036
390217058
305271088
221238864
138131721
52700076
602958264
37721930
102764233
1360466005
19001910
18247062
155680896
234022257
26083271
506038952
173340772
52818466
18956073
21406834
1550836628
23134068
21333396
125212215
21417247
30043495
173925279
515822213
230328306
297532865
593234552
55344801
1201807842
15212187
42322157
175576528
199742582
141296564
1089838855
349150443
1444322420
1393155566
1267940407
85613206
110545675
485924782
1246763515
1065995022
213634439
474086127
22546724
1365178280
103022986
1222727299
978620492
44360214
307446834
15518969
630719458
133816716
20776497
40553282
1262099252
1242040290
1074518754
59045843
17487795
18873711
21828421
54579233
749303
549411147
325817678
38248984
246527657
26755480
40697770
18012631
298247309
18172022
108189101
135575282
15837659
18248264
19193844
28176898
66930621
30864583
301014412
260841091
257019844
101759327
97728071
59068247
16043218
234212111
15922161
14659350
935774174
10691752
42924141
23911915
1074152089
58683409
17613674
34424156
88004071
201029550
1151590614
174005511
222622640
135558864
275149069
329761746
16982540
108617810
296060169
213767250
22109355
108985543
46557945
159609655
33222598
97503010
56440142
16072058
218975278
19863977
182471278
393596432
5693842
1917731
171510754
19417694
22791731
432766911
14324839
16930125
20255418
17388410
281090417
18762220
27193025
54631074
3934221
16081831
261918703
78056290
234826866
18481050
970207298
150078976
357606935
16473577
346637907
87510313
1099199839
92186819
1068481578
1061029050
216503958
172858784
17976923
248539781
248820230
36467279
18464045
242944499
118188665
224320485
331336461
243247252
432854654
1096059529
16056306
1071402577
26538229
20437286
166252256
43920155
14615871
120176950
61853389
19948202
39155029
17881467
21768766
237759600
476209692
93761782
59794307
41266395
76348185
19739126
15007149
232933196
1074480192
628709039
104324860
30962138
1055515873
217543151
47747074
285744541
104299137
98938308
129879105
183667282
26596727
19186003
18983793
140286364
223970563
18646108
16187637
114896223
240790556
55243767
8292702
182611219
16827173
104615577
15210284
701821488
17539497
272022357
89820928
16789970
18891923
9300262
15922214
7713202
43910797
16031927
27901418
3108351
11856892
50325797
109422382
84655479
18087829
18987934
48521376
24190626
16742712
69693371
22030154
16929108
16560899
14859642
353273181
45021105
16192146
46429058
27659873
268402406
18320958
15743810
36106799
29526652
18923480
19564142
21799851
27098737
409752500
291756142
15478458
374146129
26487169
115132910
68767026
36132642
72691694
38168203
38286951
41445718
22728467
56749157
136550204
190328374
20295222
234370900
14415237
246341769
76132891
36396752
119542932
38230247
8980312
250188760
242555999
7429102
19028248
8128442
60828944
221162525
296361085
20113797
243797058
21111098
109287731
47975734
17494010
29442313
15745368
75364211
486694111
18915145
216881337
20597460
293131808
18061669
18632666
132278386
29201047
18695134
339822881
16160352
19394188
234374703
20444463
84129740
242836537
135297032
413466731
24905240
33537967
211588974
244243985
233737858
78403308
59771400
20546536
382791093
266133081
262756641
115733549
10615232
14845376
72198806
7334402
476256944
247334603
9508922
13218102
73303753
15324851
172470598
19726613
555474658
18216752
538185166
171598736
249787913
109071031
117501995
21157904
117537998
15442036
21269970
278124059
277124730
224285242
83901492
202206694
229592356
76649729
308721230
15675138
24924235
30005269
133439172
34312300
88784440
101966401
212262370
5558312
14344823
229966028
264219447
