86457674
19950726
3300432039
90725320
182831456
133770088
586513292
2544231722
16675107
300339778
2378655510
1393155566
413223602
15726306
277124730
65704273
115135139
14493552
232177822
20517132
154161268
822135037
236202732
103016675
1694607996
97105757
2826564661
2975350155
19649450
234493276
77920769
14999172
110004599
37063081
1560414182
1101384572
45577446
14616022
54546430
72424271
2519478829
2571539021
111075256
1920096698
35547583
23170114
66735189
190871636
1694026434
344828955
570896971
17451742
25382012
26282561
2653870074
2891297033
188417388
16539623
1011482731
2906574983
123648180
1886364996
484437541
93924326
19374017
2802180944
2840319809
2227946740
2841578025
736878812
455770683
347827941
1002103332
1249425872
1002038138
248242185
534758661
2799587947
2160453052
484885178
1653116185
1690771465
206211116
394819476
1864054484
186637595
1578595213
2290532900
1868743070
302033807
2848437177
2171171163
911541680
272500939
1323191509
759737936
1251552812
2363026495
336516786
612635344
2902418895
2451828499
1630575577
2453819587
3222661196
486994518
248851654
333399030
1010101092
14209062
310239328
31228333
507372037
3252280601
44915527
1490910426
89482956
1101265519
2255267395
138067561
2363267538
491392636
29260491
1633692810
217545284
82980200
859137260
2687936754
3084909885
2876856677
2970279814
858266484
2923387343
2425151
16967845
32505840
30027501
1005405728
2299021932
2351917951
2553694033
546943597
253685602
517573388
388007604
25430081
67393806
83922884
22139417
124163000
22650398
12296312
937599889
14342564
373373336
546100433
16029780
18713552
31446251
248831970
552985513
2792540601
38668678
69613788
2778562146
792172351
174774114
96630632
90614279
632492781
986857034
14342806
191064992
14500622
414859670
96335025
122565289
822604880
101081709
1392282998
2962868158
114050808
22728467
64916983
2779083685
185874758
41655821
1609739636
44320452
257091348
37469127
3047759879
1357154978
210667042
509139009
6742412
145773567
39095636
1536791610
49164309
14850576
2510423941
22508206
2831845055
36240331
2398066861
148973838
436963821
2564297963
179108168
35919814
158397501
1096036836
34113439
38516217
384335594
5031151
27438376
807454483
25123666
1964991720
18021496
2157162067
3091311107
16018516
17813820
89345689
149954544
892194522
575766847
2231664324
558835990
104561488
1226031738
1347459715
1636590253
23848444
387531939
46376581
115719240
2237762928
17766477
59184319
39633235
74222189
173939851
57625403
249288197
16390952
3091316093
45902216
1944715854
1160879815
76348185
1712989190
92183278
142896252
28629179
2727292826
249936891
125690449
17601988
1080844782
1140648348
339691625
2260197309
1344951
1339835893
18825339
270375497
612733368
150334831
23711785
52052011
377534571
58911619
1055907624
219427094
63126241
110531140
474091339
321542010
473091094
2667305258
263334634
2943900340
77032777
18815447
162225194
308573576
50374439
323485397
248495200
30767157
858646280
44295213
18992437
104175032
1101840985
368050288
20192403
24464743
43151284
112597035
163995093
109446583
1387850052
156969952
2312829909
2870994231
206255858
17243582
31173062
1370570863
1252765213
124237063
15134240
159493967
440785316
424275854
807855967
2663776976
123346564
110541296
115096518
15873811
2370619814
20150502
14062180
12133382
14437914
164412502
252194566
2469758292
1897434020
796169341
1911897709
20437286
185397767
41672221
17086434
44873497
47356047
159655293
19608273
60169328
242946882
705329714
45573874
28143682
48115928
19658614
4207961
15446531
818099599
545441262
2347049341
2748510124
47438430
82412928
109431937
2732012485
47429474
22695927
23799884
455585786
10937622
544460785
380697851
297496859
38713241
545658274
1037321378
213634439
282735852
18812301
512354282
410216127
207243664
42706258
1665430669
1473432391
18023039
351856293
19663254
97300966
32007346
38146999
62831904
487760032
14499829
69297657
17661126
38692888
80628196
2097571
14755492
3459051
13201312
1877831
69231187
16153562
362652323
43922181
733411735
79202936
40302336
148376661
257568311
16006592
24196684
449135722
284530356
77017567
2311049461
203154161
258906555
52756409
113163596
117746855
74718609
1426006800
426163612
885112070
29188761
117744724
2337291996
704150503
1485321924
95480237
1116681984
299857375
206909408
71260304
1582994024
1669771668
1569424441
97057530
67735755
23554687
460312699
133445591
1511268012
974122094
404289435
272527212
2303215476
407754153
595874756
71267361
102761412
14849562
77764733
273716758
297538749
80638910
82643763
141337463
23496432
25562002
102184540
14412533
15727317
56146059
17041374
1608469632
501130142
874916178
379152293
621944705
16170253
135997883
23419197
558928102
386742828
610922415
2493339416
2513908148
16032925
2836421
16815644
11856032
13850422
259074538
747836472
2422885934
51050599
192867657
32858804
18061669
1092979962
1058520120
20600214
472298132
16547587
48821786
7228682
67156860
14345062
9300262
1917731
246789509
474232856
15923226
27048645
208678578
2238161666
1058917562
122174004
392961241
52052213
1064206014
156030129
1260172386
1873024430
432771620
161743731
23645920
282093902
1848929906
376918597
326929954
73427958
14074515
2214268855
77852581
19387696
1433356862
601354650
165204211
39279393
343383254
65540458
27114180
22826294
10126672
33998183
1093090866
1330457336
785414496
240737740
37526845
40315826
18678121
193747484
98554447
2293131060
16814483
49033103
2272531993
23201727
123883373
15993122
41445718
48802204
11221882
18987398
1876145923
17004618
453319164
78716886
23535710
108628599
119414893
409299806
31310158
8775672
30488857
562209865
318663376
7270292
93761782
25491788
106520446
61266460
299845628
271024433
368992130
46131997
65055039
402297828
1615463502
1658097494
527770144
1160728645
38530021
120265588
248747209
41831600
381778512
407812819
31247873
1732104121
807053683
356256964
128624041
527841565
16348345
313952006
26781439
24707804
73003844
5988062
27058347
15743181
192020448
40413868
87818409
40962194
418320587
54986164
50660534
205778201
265491747
28169230
150686538
28917588
6332292
1455250855
148845723
180524012
244166467
309877044
272034221
48398894
19568273
326208966
9126752
511371463
28098086
285119407
25110115
19302260
468718631
110025347
128624391
35811347
17783469
224294785
159920872
380575409
34451959
113660039
344712011
14692385
14935223
20620447
13783982
9130702
21312961
15646174
236221098
93926213
28627577
148878245
2996801
124455872
23578274
33201624
2488541
22814630
21419504
17837184
26513255
19665244
41369773
30288680
21898493
30231500
20406075
1517099624
169959333
441972713
56440142
258854542
34990205
316375309
16133076
238172781
52128617
50406326
200542610
19038768
119385320
285836083
78346166
23540361
1405337395
49986763
32125966
48413241
121473470
240279011
20203676
19339421
388319172
157040494
1213974913
42647743
46927338
262189336
1260142778
18482836
18790963
382181615
119048111
269873935
1096247131
42687667
16334139
62973449
30972306
51640140
16684965
62974833
14420767
17352832
426974872
166545476
1357905048
21111896
183898020
23097748
16441088
614542142
371968805
330579721
309680827
49105997
1002323377
70771229
26251434
33600887
580370417
94442794
49620730
31013444
72169296
19195094
21878635
86141342
15754281
64948776
20267484
14293310
14173315
28785486
21200171
26611276
930521090
21918310
423703618
180793793
22109355
69354861
14857525
15739494
18683964
482190369
15567780
742143
18424289
4970411
27027979
563876590
829713356
577690047
21768766
259395895
184136149
245386255
271586770
18501487
11680962
322699008
16930125
633980404
48144950
417532239
30249306
106915076
23112236
1652541
397428413
25564548
104608458
104569775
329429908
58711928
219594956
155377520
146545381
536669413
381443589
414894180
9109712
55308417
14847083
970207298
1058717720
19726613
1151590614
136760474
47794752
60876045
38405174
38470652
122188435
33950119
29973306
442824717
31583882
379131277
138497386
23092890
36771809
163685219
115483185
48383778
716271799
123098952
308807228
513380867
534532113
234895264
586038433
459472277
128619998
317957729
82518318
304134137
113365668
606755622
30427648
70188601
168707499
75721882
102113045
64285532
58295990
59202249
55235559
67602923
65350486
67605512
53257586
231976636
126081448
165886367
156867500
151566654
17847135
8754912
18774848
8754902
8754862
137429956
11178352
22055291
35309190
268464977
15610400
473976870
42897928
340070979
460442882
541796938
56409488
171946254
246962253
104857854
593761639
24824788
448651370
223593758
450830490
261091267
14893540
24765589
324962560
36366822
21461359
30377443
64264307
63331116
65349332
61267358
383848187
19914257
397542335
22935653
69596351
399052062
18358871
14742579
17867452
38193428
225123568
91374978
253193437
423610904
39515894
51228911
339447657
262690226
262848073
361645661
404143883
280745350
444062736
356399007
262781430
432017748
263501463
412509677
235683143
14434063
85606078
63262233
232235048
94623878
254635621
22695433
21927612
114785533
50461704
25373253
132186769
114815869
61206798
381152398
272022357
39530558
24958792
32714004
251892709
109524559
18486243
93673775
14695985
314216196
71293111
132241469
70837868
195952898
15007149
25565673
61762853
384392601
39585367
115911638
78712620
104576097
146569971
65416742
36719281
95297779
166686517
248461521
78942950
27881646
40923348
19611483
325830217
139723877
158407034
158844523
140181228
170354063
158572963
22679503
17448963
252832856
39580052
244655353
11856892
50325797
18097821
20776497
14384907
29205600
27901418
11348282
14377605
15022633
18829123
19716781
61582966
14615871
106767071
335996055
66369181
5838072
288751432
61853389
86089805
206454956
21612225
148780457
55278996
242112959
84591916
173891120
121282635
63291877
195789667
110856541
24044018
51755154
20269254
17006036
40918816
19608297
73181712
320778891
92102359
156745859
288801110
195201948
279198768
315291154
109141469
298353749
43422204
21836759
323865277
212234384
321472180
55084292
17799191
50512647
163916351
17470634
192746596
346558644
88714069
347856296
92419678
33035617
180871553
313707833
336925865
135375464
14956727
117426811
66120349
16013950
17576739
92188907
20517499
42131359
145754199
284645854
157088574
314536798
33273634
251811013
363713402
112839669
377384397
26543062
37338747
358134575
239223334
36763383
29878604
171813900
227719993
14104150
1710071
355850561
41826994
28393207
32954565
253587095
22146175
331681951
23024099
21265109
38372916
312881664
78981690
193585023
18954010
144927376
292566626
16129920
8839632
130617778
16379018
7744592
44136028
17171111
30043495
5392522
71294756
71019945
21220931
18776942
14529929
21228708
3554721
17596622
21121491
14511951
22064896
59159771
36352159
342177592
131183171
270415544
125336023
26009703
18820361
31843378
122491043
385774866
22161769
124581891
15766475
239108019
377604860
21982720
17074440
33719856
15210284
17220934
14676022
89820928
15224867
17487795
10228272
108617810
73238146
759251
428333
15662282
237112418
51241574
166252256
3108351
312134473
26792275
43920155
16017475
50393960
145248436
20608910
15647676
78408666
82852482
21504296
332944538
199511838
1415431
11731322
18695697
177376101
22572946
15634296
227023304
159978514
80948240
308031600
54769325
821584
47547898
240314808
95985382
160552135
30929600
22159841
54898680
34274380
120176950
33530012
31126587
20076000
44783853
15113565
54885400
28576135
9907172
86147044
16558796
284148610
13491312
20002401
28582749
16583468
39249305
20545793
14135426
22812434
47412499
34638973
15361570
7356562
14984637
19318314
75124560
108376246
107545479
29501253
36948268
115111016
50452197
44177383
24913074
40277246
38712914
46016028
19891734
80612021
159599140
148453195
137823987
70526457
23600262
48086014
240812994
24745957
168673083
111635980
29293808
78445977
38254095
239905257
208692908
85322445
258900199
18137749
292990703
292935209
252249233
317226055
82453460
227088228
153919023
339852137
132201224
125445568
111635527
33576489
291861039
213295930
19948202
27003337
22812754
22669526
18622869
23595586
17041361
27582901
275170584
37753638
308230587
21312077
31611298
153944899
20179628
30216513
93272464
18023868
191463695
50004117
234826866
44166798
1781551
19918558
20552026
153486399
28599820
84388888
24195214
115979444
31801993
82649553
16129106
2467791
94842516
17011177
119166791
15918708
86697288
95431448
63169388
13393052
291903997
58928690
74294786
108019247
193872188
56864092
162069635
88806753
33563161
92186819
30912937
151963505
31128529
112740986
28602948
137794015
199325935
18909919
158398519
34972633
263815367
239949176
216503958
210926192
237770636
168502762
248735463
234014087
163570705
22523087
245516606
14861663
57431537
7152572
16669075
6519522
234002627
227341953
260845829
85396297
249348006
267854863
235373000
236511574
221792092
16264003
35952917
17006157
22016088
249410485
150724371
20651841
29450962
7004382
247486443
84119348
245419752
88831003
8754832
91657326
22954198
36686040
95546148
14573777
71107340
145883641
133782485
807095
20113797
53076278
232992031
54279581
17993906
29232480
15272601
147644263
195813060
14602259
25781141
59161755
46218350
119250381
138770045
5741722
113420831
14287094
229873610
18480451
140519774
153865861
15675138
31122582
18696134
16160352
15922214
15954997
188019606
133832049
193757421
158844084
109609656
119786946
79186359
117743669
9624742
156333623
161791703
193732179
21406834
16789970
161411080
242426145
43963249
109025212
22012091
15764644
813286
30313925
59163916
29779519
