52503751
3317799825
26587639
48252327
2964949642
93932130
1260172386
34613951
271441733
2914571740
2869746172
2862577383
2973870195
2975091705
2914163523
2933760046
2930635215
2932617195
2953494478
37764422
37481291
1904329130
7702542
407779393
2382685057
29450962
2243475914
1896985040
390860839
2423747006
142393556
2696643955
59156687
75364211
23124635
20708260
15782399
593909348
398088661
190905427
204905640
21121491
168547709
402719755
935368364
240760644
14276734
16698389
28599820
82116947
27689907
54900089
2420829439
2308819640
1327675195
38484359
86177206
18247062
2966758114
2964287128
269946558
18163893
16793287
1623308912
474464413
46203553
164316195
70709534
19659231
131538331
231213612
31507972
242770687
584012853
295685416
26424123
74198348
1305596696
117777832
237299871
76452765
249339682
246769138
242761889
237862972
234128524
234937222
241207373
236899846
234812598
211530910
234906311
234057152
242873057
51228911
234797704
234822928
234053893
237944147
198526130
240363117
18967498
237348797
2255182597
2361224263
17869798
236960387
227790723
2750127259
2786564756
2987852938
2862555526
1383059977
2963445730
2962813893
245408102
2953922782
2953974395
2953713339
168805641
564111558
2409090002
2352184788
266739644
18839785
1337705390
42930296
426909329
44642570
301014412
16228479
25454400
621040309
390973130
761879786
57045669
79007338
424361810
424371819
32422502
173829176
1930863054
254384712
61622106
1920976124
69431084
146569971
14717197
167024520
12133382
50731463
16016427
421380123
19992829
2203393129
108416848
263936580
1431039025
17239512
223893011
504987513
126090701
26834339
1377559010
1487846678
1112940060
24698854
84614572
1335031166
16261445
218952383
19914661
63650107
141084952
17061263
18576537
37699718
93073174
23847000
17065503
407013776
769899396
52660746
19489239
432557320
103734037
31179862
8983712
17298881
150056555
17968901
988080307
380600298
75313374
21130018
20457863
2253968388
32532946
57551989
20264383
15988174
22529427
257661436
475988505
33617185
21774234
257097376
15993122
225921757
244268646
789244177
142340978
17340781
203226736
18137749
101875332
33655490
48253664
889127408
88784440
216881337
1074480192
281610530
223970563
1967746982
234469322
217550862
24484939
54276497
239561508
48802204
21862217
205864193
44134773
254117355
97503010
49457533
354933574
221793778
17539497
54885400
22772699
27073265
27677194
108189101
82151660
110545675
1618977168
42692687
158753986
158207097
23815329
21825146
74790546
158756398
17974880
31458684
59058006
18353561
216446925
792302694
1600991761
57413205
55540658
35829796
315882640
76350004
239871673
240427862
237750442
1578527210
237781383
1107026437
248850174
250497146
777400166
282867500
235271965
109150481
309267226
960696949
14693265
249716607
53575971
15947025
1337268391
20864258
130627548
610935934
14168204
150774780
15455889
721632998
16989178
14677919
16012783
389034983
388250702
86129724
207660339
204599219
24746929
15212187
91478624
17050748
227745088
17552515
24546865
626983614
757893380
16560489
188857501
109446583
138977055
118245138
15741263
33919343
455764741
302192666
130581271
555473643
385394323
1244156904
5654712
12838532
31781551
16381558
16830572
22696255
16104602
17543416
1479821083
183767243
935033864
1089334250
1058345042
1074412920
1058051748
1058807868
1071900114
968650362
966442267
1072382221
1069124515
1060487274
975200486
1077446982
1092757885
518644221
282093902
22508473
551195347
1131917492
1059240924
234837632
299883942
252819642
22055226
237312687
237763317
550401754
960962340
37920978
239964567
224294785
233693291
233949261
240393970
1074101017
190328374
278145569
222286905
17544524
1058256326
1155212191
137407124
1072008757
211420609
301549400
242376736
69773058
1322558402
334370014
122207745
222622640
129879105
41019773
143798379
102238997
14870670
48029066
65106660
21702539
1288967479
21348880
20776147
13028322
15971233
339529477
127896718
1246763515
530858197
22992995
351065668
372300596
21688902
55337276
142721190
161319475
227418209
44536683
240726148
240479719
43255960
7141302
19751038
243822289
47632905
16462209
620487754
25535595
19568591
124490608
21699606
33884545
121817564
129917609
38286985
34140316
152142811
25382962
49733381
60610799
121540651
29133549
54043630
262800581
110213431
252819323
17233331
362054387
17517447
443143045
48012421
98685492
121184584
146298411
191571512
76950054
110517280
285997766
46260582
48110818
11930482
51241574
478810731
760769886
20818801
1009269193
14934408
18217304
1300459794
108686283
249219716
16125224
76836810
18294521
262970655
484362759
54961645
146593669
19541165
65763113
29484280
64916983
24439201
326255267
6017542
229197216
34274380
109066090
81149213
16515067
80382914
15836922
589528137
67345116
65223582
221868589
16225445
194238121
384910109
111195970
114388293
235251868
15603311
151444950
55244226
15075999
377949581
31510758
256113470
258021307
24233260
805027038
69666298
8859482
123584688
56413858
18004222
166990746
26671291
24935362
131599699
16116316
362587718
555779078
18467691
122567777
1138688364
1128514404
33750798
13218102
86167608
107441863
25360971
23232204
41417783
250495841
757372008
390240185
245687754
111635980
14207863
31277095
29723477
114887629
119372054
75367781
235190657
17843349
16801155
839616703
993153006
43882090
20561081
14391192
19739355
248699486
10691752
201079432
20458841
20787622
18773778
186881077
113758100
49729058
10287332
19921334
131204770
41362922
509726800
86936187
18773159
1060370282
727242919
1048784496
1058460818
963480595
950328072
16874915
11651202
1051446626
1045853744
1065995022
343358379
17198100
487297085
274164368
36676406
19808819
343041182
281796440
16056306
16187637
961028269
47964412
41144996
103087786
19188848
13820672
586076955
236916916
976969338
274596432
102407765
23492750
1039653806
245412130
53707050
18028893
35002876
284742585
404422077
70708097
5033381
42442665
236487888
18216752
180505807
15210284
281537076
15416505
24773493
237403203
14845376
21269970
28811251
20252855
45634434
47518114
364324160
181265942
396212006
312800783
108424611
110974198
21815363
211242561
135108504
246442555
108972530
26820795
237814920
44401911
54621739
75134365
17850111
195039023
305189255
135575282
218975278
169583933
151233724
140959026
9022272
14097434
618223
1900311
89551718
6810832
13471032
98912540
161356025
235719973
90456938
15852651
15641154
21897511
17334098
237793058
20957491
41743600
41586685
48043084
149913262
11178902
74588583
15101714
18896251
38067262
126741299
21377468
63877097
222140591
238321369
23609799
21378057
39082174
60680268
183306957
39155029
56521040
86133628
44682276
132286315
28902856
168295477
1025521
16597389
15742985
44960116
18424289
15978475
19117586
173967229
166235477
18072238
99204313
47482462
14197312
242418441
18479513
6393032
92079350
76109674
15205917
193794406
20733972
18012982
14445249
32246520
15825290
233737858
6980622
219429281
4607
234022257
17545624
15891430
21122578
57751453
20769514
26596727
49990915
211588974
85131054
24946880
17821439
47448886
130582273
21808974
15694072
17783380
199718966
195617425
85849661
19719579
163656981
177049868
198523967
15273001
18805303
122412564
30086404
22523708
17166210
75398827
46469610
137466464
25169531
8841372
18735040
17093617
70332589
21914450
102777642
71806313
70889618
75339427
48530263
42743513
72180211
71355311
96550754
39510865
76727869
37964078
187363029
17791152
25645556
43249574
103023633
19423889
17467298
37666984
155732696
20175865
39274679
76669312
14630222
49552220
75011090
158492478
79297121
194648255
63864872
9604192
66882835
15362821
37005838
15786795
193127363
83505350
11341332
160436548
81725200
22753132
113074497
26977568
195901380
15140293
93973448
187805032
196031640
9480572
50128726
24655764
2017381
15773400
18468610
19135664
19178087
54237828
16168407
153902907
77208287
19089116
15444711
26350330
21101047
14268957
24026188
6718672
45731971
14854271
14914385
109280446
182756674
138609858
91602058
125377785
194183120
43147795
193179699
17322958
31097038
7126672
193676599
37982748
97298155
14676327
19891637
20246842
32580422
134783724
168760988
81160050
4655251
9715522
30924802
188421424
170084942
17094138
5447242
22530046
19495105
12044602
71876190
128393253
20786801
42427728
148086041
17528791
190865601
16237759
17520649
122393631
34434801
155426427
52510250
24227424
16313065
22059706
188139094
16409758
178942613
16918853
164650525
75014362
45900485
14344823
15434632
172496840
10433782
65780257
174442851
49674280
13805542
16185728
24448865
37300767
158464916
119180410
187311982
46437223
188415443
174369590
182204179
67210650
189430789
73238146
48612066
21768766
30793542
136250134
24002724
26257166
32135704
15111011
57163858
97474887
70442821
111330190
36707898
34310801
78369108
54113975
20007834
176914793
61467839
132291374
16692171
75370484
102697985
104892418
167507135
18164224
113856794
15172189
114859756
14562259
820694
117262969
19375469
16472998
28162128
16371887
124224165
138855533
82764483
45332516
164322849
158007643
35027698
19782981
13148382
48037533
164412502
83662443
154116953
180591603
21821061
163075337
172920948
139276158
19571951
19150851
16746076
20155760
21795901
163492405
33442030
33639255
16751938
19651918
19609871
183310120
19242010
42620459
83849824
15212685
21478415
148134976
15812612
17842366
15754281
184725192
21421178
164512212
185320042
19932840
3705681
18220249
16350977
28347854
41204528
16334857
121407739
3803171
21010646
61781185
79852044
20164861
41094722
21001463
34590705
23385466
18686857
43496251
26338080
31769315
16721461
18916862
21152246
1179331
44608453
27114255
44069499
40047146
81898376
52560674
17820755
23476830
43193954
11783712
22116197
20159656
14126549
105715146
16629566
17989917
26527251
4087871
19939188
44209472
52967935
49964679
17491671
28885875
50044918
14166805
9335232
58961486
145797102
16227442
47455112
164843236
16476596
26533227
49972592
15360995
95035283
20562660
63940347
76043920
15458694
13850422
35754596
59500657
16396588
184548689
56699878
15694204
14800270
163426215
172382653
774909
778057
5507542
1048951
1931631
28062048
169582714
129095614
108175918
25602839
67358777
22545491
19469676
167670570
110504591
20220346
181422438
38069689
183285452
30018613
20819456
54281064
96033630
83234491
16114437
28110276
1192
824157
13436432
14115719
874
4958911
14228300
14217862
19012615
8069572
12522
21630507
54906131
61091715
51831703
74735290
21246816
14297693
67115186
57517393
18632666
14061583
71560633
182215285
163946229
149954544
116916674
14886375
59486472
65056071
15008539
15335534
19553409
10069282
17349381
91038197
16300355
77243814
40506540
14345062
78387677
176841104
16212685
102964739
816653
17546051
137174096
176848051
39311638
9893842
94016470
125406364
22303358
175463700
15174710
164843440
40071821
18740469
18272847
6246442
18377198
56734958
41504797
17435612
8297302
50047445
8134662
133400890
43963249
26778110
14455072
30050899
91925964
168700151
45861760
172944385
169197058
29849245
1315431
27772881
110644791
155785670
5695942
9714412
15722730
23946566
106800773
125405384
171562065
161427077
15245853
29010023
63187645
25121282
49895814
87712431
21710010
15808765
96442308
109449068
27744185
84129740
18277655
91279573
125139645
16031927
23970102
50769180
15745368
19069733
110445334
90484508
23176276
21878458
17513304
21857709
27781693
16875621
24423854
26814336
12726012
15856366
121788510
117462565
25392173
10840862
34035744
158014628
171526153
169187247
31268560
16449381
50322077
23199374
19808638
35595234
138097637
18915145
133044576
56177630
15650573
81203003
57107167
16184358
162220753
170659407
74484430
17118279
78421007
20875778
24824449
75913801
118912823
123255185
61295883
38674733
18734035
161485856
37308907
172010025
108184778
69888266
76659916
90023999
169756972
22018221
17951924
16911866
49984026
19837231
133776499
59982543
116718968
19240113
90679078
17761820
15839517
6753582
18513241
15676492
133870937
171367109
9245812
19419870
26513860
80638910
15441965
15109378
15896464
34022952
49715850
17770086
65651571
66464576
26350255
25315546
16438494
16370676
18784601
48038024
57768217
34369632
16930125
52774637
14857525
23628802
51155738
5668942
17070097
20166674
23944104
20245775
41374504
16145763
20480549
21411381
16378486
24020586
16529278
22055109
22149280
16579539
22587869
14331688
15224941
15741208
21228708
22799750
27090222
9783492
20109973
16051471
19805496
11640472
10288912
32129142
30893145
17221422
16456599
30003842
15066958
20466215
31464562
21245863
3630501
4925881
20975060
20778012
19364382
21422478
18313747
21212299
19113374
15482156
14343392
23030211
15233145
16101182
21834922
23977891
21748329
14619527
14507001
18126845
22278303
15922651
80928773
15854776
20790684
18149142
20003483
31519510
19821657
72954989
17597401
15973881
20235354
12069802
58639365
18271124
14335332
16191760
16408959
36388506
33971020
16681542
11018782
31779156
14620003
14517000
41814169
13265
12956682
14478046
15916280
19387386
20284811
14985228
16249259
16469809
19727255
34739408
17004618
10454572
6323412
33792634
24773177
18873711
14245722
19608273
6904552
17910554
14049145
45005446
10102072
26860506
58934675
21662510
23455653
11384102
26576359
18018355
23668893
27693772
85657523
34145908
4898501
14630134
17027394
15667291
20522862
21854543
20067354
18638502
22129280
20283059
11771512
22547819
37682425
19011374
15809254
15871277
25011411
27896342
22911213
17029261
25086357
22520715
24032557
29129654
14858179
91434673
16889779
52897260
15731368
21023681
18554022
14434070
14434063
19309926
8793752
8565452
15145995
17133657
10419
16896485
15289218
15298439
17632730
16435865
15463486
926601
17777489
25589776
18648609
92601300
93944357
16300786
14245378
15220768
16261564
97034895
17469289
74820061
16007460
90077282
15950882
22666212
13262862
14924885
79743108
8570392
17272677
93069110
21612122
167566195
115856148
171462281
34052966
158949349
18027450
14472002
44741434
54412900
14062180
19926675
20994117
24079605
18981785
2557521
15907720
167475590
105574153
15099295
125682232
166290799
162519446
54527361
170432851
23815533
169830548
23013669
57637613
170037991
16063483
17432280
41758974
32410828
20822875
135448534
169684462
55368510
17552501
16036525
21147846
111522805
109968971
14678779
19658614
135395518
105677658
18008480
99645483
154591966
41658334
18319515
30428249
17250582
124458035
64043280
84880756
124649960
76387233
17402815
72059396
161533318
42109537
59080759
163561743
14192541
19276586
23821484
159514057
165859431
107743735
43433126
44946572
94360079
19219492
58531651
5484532
25681333
31185990
4248211
14204848
159362503
15731751
23778902
30065804
15855438
43261488
41294141
148313392
146183647
53266194
143193973
136102674
106928581
163928492
119710421
21834983
166314223
21423681
27052129
89735094
140678650
120176950
45528439
132217957
24941897
143109933
26512546
24699128
139843106
19865035
54260910
22089915
161743731
66809470
6330762
56087980
138769282
113229493
28148310
54311326
69733281
76966145
136526394
18020819
133035332
44629827
17266434
131014080
46564924
17627001
140087150
35371932
38638608
14842061
60769340
14552094
153026575
16044407
57411871
73153968
105947716
55455838
73448937
19238116
43337731
15987296
17905614
23083404
13370462
23976316
19208741
16274815
46315077
45424010
71281860
56864092
161404797
72668126
41147062
19803365
151263125
8835652
148487455
128235400
141963765
52427661
57470329
20402945
160748415
42342417
150375129
19828037
17857351
20311275
18712045
88145266
15837791
24898059
154917353
145511232
23834147
150730769
23028288
29487664
130152940
154160747
20409140
23594885
103716556
51592313
69160674
63812348
75927706
25781141
128409197
23619177
36681590
47752415
20550728
16381920
21186125
19754122
33438221
18196597
112765894
18566912
15210938
14399422
107245346
71361844
19186003
10428322
157561625
58187747
42706725
50073507
15901113
21443773
12272322
103408534
21488204
74243993
156015475
18953266
151049474
8234132
109724344
155620446
15893937
130600206
115753716
22225301
141139537
83867118
13502302
18085986
141356377
126703208
150637367
7228682
149736087
14229390
11650202
41351252
151338007
104598468
26009507
47673949
34131415
112322632
21344669
103283295
22811348
50317463
18887735
11134252
117556816
124947442
26565152
114882144
153507902
143971051
56006621
52900930
107746779
32121888
15501205
21010214
50393960
42135793
29926988
23203100
59074083
153481515
152742723
147264514
11954232
15958265
17830360
149762563
79385213
146080681
129073018
56944812
33112686
12315562
14720411
99121408
125257018
23694502
142239103
152656032
20009204
60350475
16456627
16011101
150737366
60190631
22877602
27656375
69329527
25082055
142321780
14368074
18557573
18990627
39442532
69438853
15075753
20462045
72874723
132311197
19784264
34129655
146299583
14629418
129676498
107576083
22710669
106771444
24618431
124828424
130889833
17579561
18205674
36584147
34403412
19311664
31563456
75511224
134027442
145121845
25769815
92102012
123910334
116078120
76244630
120506074
15648031
133077157
144942632
75383376
19929362
48892929
128283166
29783894
50141610
41819244
108496256
121775773
18214449
130596351
28448494
139856569
53742839
40908546
31198090
18226567
140281941
108395984
15379419
122259046
35244169
70838572
80628196
130928476
107936757
118481042
19629592
21927949
29531485
14744838
28369816
116947094
45640578
125433019
143471417
142835977
89474852
99589232
19514166
23166416
15381527
30005269
143123272
93552029
22028260
135529452
142943648
129355423
44991633
119160384
141381291
109695124
137814540
22056231
21329888
34340464
14284688
31260296
22936531
27769538
76276817
127732800
20327105
25679111
124798323
13339612
49565018
106929161
16841572
62428898
78499267
103134645
54328003
139099256
138846956
17927796
138774167
99182574
72906858
82944012
15735191
17712260
133159058
12727902
44911001
38427173
67340876
21421042
132998253
21829731
17549553
76229368
21651702
139475924
126016789
138975422
117252101
138875254
17184065
88055003
15245652
96815329
17239871
38433502
24639845
55392584
101050444
79694597
42635527
117536511
113695504
85246423
20536157
119134771
50285062
55368715
121312996
16010317
42913132
33216316
18855334
130646032
46986491
100516580
17065667
32463193
46964620
29994950
21652530
22778877
31402393
41683723
131509209
136682183
66283304
136554551
24026561
44834594
115148603
77809099
128625582
28566593
26830382
129353424
113436091
126807343
25583146
19735514
27396708
25020246
124655048
29525945
15257682
120556883
99237427
37727606
27276907
20517132
119932925
18299073
50434933
91258333
25351598
117267404
89609307
68388413
74164455
47249268
46656771
12896172
16256269
121130115
13
124784053
39510422
20445888
18001156
85606078
15186308
15952867
42924141
15234195
16513663
117526508
15429511
20939349
15300388
17641086
22037129
4369541
128356401
24577869
19058681
15406238
36484419
84664241
32506723
74014041
43527605
21093964
19607421
51964801
20367667
116314524
15365985
19599524
90490354
23970171
23892845
16469463
84620376
22528309
16424044
134926562
19271641
23951197
102282702
51955183
19616327
25509872
23753100
14414279
8162322
18956073
16404712
117213736
125872768
15281676
43326040
13928662
36563254
51682281
28768235
59856467
19384463
112853366
28934465
2884771
6576292
14951503
80388512
21797269
16374172
112929085
19364290
67014726
14157239
40980009
14869994
76329487
115724271
18534652
20405322
15320603
92865362
15715842
82453308
51348744
21342853
18632809
116270630
21778016
57428429
128127489
87730555
18125737
124811764
21659483
67471189
24476163
114607567
21791103
47739450
29766367
48809111
5145071
19597291
125328338
101819862
8960722
18401107
27759798
40116885
112236842
60994766
28176898
61120062
15160884
44615672
47688440
113651230
50649210
32576041
16784514
5988062
28652194
43114008
15918708
56708256
88007912
49739266
85634177
15837659
92572677
107106796
72583393
77032777
16651693
18683964
54700262
15945324
103068121
20295222
19068885
53127197
50128469
30018157
17656680
18257134
10318712
19294280
19979090
23555906
24247327
38468522
37961454
27904366
21807755
24631305
42713070
17140660
22509548
114756202
19658173
23263061
104299137
77250424
12376612
11103612
46490988
16064507
64027252
102211444
55677432
18955753
18751607
93898960
16164985
18793546
76957426
121747854
103706677
18310057
16651210
42259293
14213413
21279472
17050594
59986919
33366644
18148466
76118161
28165440
34023198
31464977
15525938
72451099
18248294
45145616
15141908
75632874
49304811
21536398
118813827
34318229
17918065
26808497
25694221
106471467
16874338
22774874
21507883
116836560
112762744
15939202
14114393
57600243
20963371
116623894
76163900
22268910
15692717
21157904
117376152
20209857
109131242
90064920
24120441
95731639
54137375
55935994
34203357
117478657
14425899
69641276
69273811
17888697
98798094
37361422
117143951
98767427
38007150
104651849
16693566
101817740
87556013
1463111
101936996
17979436
20245031
16607919
80111587
56167383
105583777
101879021
117471871
40159637
54598826
24516301
63949681
108823440
15693074
14536817
115035527
61829427
28135590
14990608
47538554
17064233
14587949
64485600
58029111
82811179
21435574
21044127
23166140
116810855
19056347
16383523
11242082
89787930
18098616
19085683
20161260
107667666
107191757
18026772
19664422
21307804
117177614
103214762
113709808
21632752
112391825
112128468
14548316
34793128
6120472
19265430
55991727
15896379
18791763
16049790
18451200
16925437
14410652
18558029
18435465
17926668
17493415
27311044
17971455
17626838
55355654
31817630
62575470
1050111
21428421
22860286
15224867
22802466
18646108
2704951
41634520
33986037
14511951
56149176
17479561
14465607
793992
26820275
36667104
71627462
10032112
19417492
46002396
19416225
106775972
23134068
30043495
18686907
113047940
41715854
22205703
43349238
88784272
116064949
12148412
108617892
15641893
31253570
38186171
116744326
100598125
36741409
61392208
26078152
19407835
15734464
105041734
86863929
116253461
18485106
59030242
13306282
25262272
43526613
7901202
41373879
16312904
58828342
35194876
46724483
53112612
15670485
77259033
97517684
27371360
67875816
20089594
111391499
1734381
89894243
96551375
102955194
10971502
95478373
113847998
111157909
32807607
45786503
42188949
116135404
14832607
98023864
18087450
112885569
57221477
17104919
19699830
13625272
5442012
29100243
72580029
45577446
16715353
16715753
14275291
105547348
30524827
52778489
12354832
90416226
52838398
76126109
22028966
31018205
107755982
114511353
23894420
19028248
41339860
18664838
15746084
79539968
78517647
62663609
113852173
51304455
91352497
17070787
80917255
104511822
114310232
57770362
27765513
15552221
20953527
14091360
67208387
16446177
16045956
14415941
17454769
16068266
20823648
14738157
47469106
19828669
20243128
25987646
36734275
55421408
5758472
21639845
32156297
14854961
15954472
18280993
22533545
18950712
14844867
17556805
17993620
48439306
83943326
77872119
16336478
18217624
23098517
80082384
28587919
89297892
54327216
18329671
47799692
15972707
17503749
32509422
16545444
18690968
14964429
17823769
40875530
27929213
23718424
19480011
18612289
21136403
5336752
11883722
15790186
6782762
46589764
19472876
19115457
21434408
7651512
17718887
1253431
17566505
25594161
16887628
13524182
19211550
16787084
13023332
18244206
44454348
21286108
14728168
10388522
15537855
16902106
9133652
14803522
4388251
30694631
18176907
15702521
16491845
76958653
17609675
15932085
15669672
16315120
28614262
19039844
16148677
20686232
77282328
16896067
24369882
81159334
27703934
16071123
22914905
101398186
45190383
20545835
104291483
17936949
45943164
65146567
18083519
54642235
18122925
21261661
21584005
20635633
19173787
16742053
39836499
114130504
16081831
60885114
68277792
72791203
16515638
114848190
14610275
39514695
16157075
80787386
114360959
96840878
46306062
69049771
97168859
114572286
34667149
88072441
19053307
103393938
11326272
63749707
114716171
106465144
112096445
24418530
90577822
16181991
21739588
114909190
100790307
14079425
19593530
114965378
17541232
16272650
53114807
57619292
49324978
57107898
29063765
17976923
785595
77095227
108367845
15335079
24264746
17602348
14825929
113058875
65482014
10373322
28437863
64326780
14239638
114769740
17010913
30872859
19980678
98899370
16164636
63783555
41056036
33972168
104931019
102721302
34159237
19850687
105920044
41861263
19268706
22187638
107728394
15726551
108138149
108351020
108351867
16637117
99568305
108779641
104255411
73957876
91907660
17292556
19543383
108426637
103316756
106455931
22707958
16090230
109717678
18879847
19001589
15158464
54608235
19022242
92453013
30964508
22942713
14413466
13396002
40956975
108072953
16953808
89077180
17837984
22676533
18183592
112606316
15192462
27569483
114697547
16389971
22032000
23448741
15471040
50156425
18693598
109212396
32623611
16523910
102592105
85504179
104877240
16897657
17668531
23505547
112751687
20859704
54776555
113175513
105248219
110019423
22924329
113255498
99648912
111434950
86260983
75640918
14726762
109480839
111328008
31607868
75255479
21306518
100627741
79121225
20007155
109479042
112227731
110987986
104953865
109466797
100980673
27436167
21836409
48178648
32505073
103859067
114450638
105730670
48169666
12817332
52885183
113524749
22283928
35504545
74515144
50806224
2090031
102014089
110482329
107888997
111674500
71806254
33821288
107380604
28288813
110691524
96397557
16727535
63246339
30313925
16017475
36047098
70725642
87063281
15463671
71294756
15436633
20508720
57955878
56801235
16129920
52070270
59676104
50325797
21797658
14552725
16898332
16072058
20776497
18227519
12637892
21982720
16297707
26083271
18915795
47694175
15931637
56700964
21307076
24431892
20608910
18097821
21397043
17074440
14270650
4119741
21111896
16160352
21619519
21457205
15234546
12340562
16157855
15670644
7380872
18215973
17044233
14268812
14412533
17291393
14688489
15689503
14669951
18622869
29465136
20177097
12134692
15164565
7684882
15210410
108617810
27901418
110823581
15677585
14529929
21251668
46176168
16076032
31127446
21220931
113420831
112023107
15455253
15905092
38061573
42784007
103414180
15704696
8648882
110218812
71673296
23585643
100615590
93109861
21017958
46018991
55135206
15329554
109161341
14353895
19411096
25296085
109618194
88046870
69788251
109855377
110285767
18964110
29229277
62705379
20411812
32418975
104274972
109352216
96779063
14283949
22101106
108678957
17919287
109430007
110809977
18213420
57435183
110829270
17050665
27006596
104524998
88690068
74000471
17750395
38709939
67204537
18146003
108056250
23189677
37067278
108044713
22465125
52057085
111045360
104627449
104447330
84901394
40957326
18986138
107622700
27849015
16745267
14866019
50929163
26971279
16680079
111394765
26395193
103074428
83177210
111419387
44897082
108673242
111460009
18549276
111454070
101276682
59147095
18628681
104890185
62978833
25621269
54918592
17062230
107906033
87182911
106519209
18000662
111639995
58757280
64615815
47445796
8394422
20814315
106533936
25032714
15013572
51977727
111830918
19420682
85987553
88985655
14055934
17824666
110898740
28770375
53734764
21218003
20435808
101573053
55445051
35374080
65114379
105871636
114152596
101300166
82144210
41023330
84437022
39399068
21174642
18080983
16266326
112016316
107962070
107025180
111655449
97053321
19455864
59882223
21438035
112255132
14739266
54615873
94037376
105835252
37588569
31039427
36769709
19012782
20197197
21066146
96715542
68881481
112426380
69338420
60587818
93661413
44792162
20260388
17545909
70310936
45920514
58478475
19192125
45909907
25420223
22334332
110830903
81988652
89496720
20440309
21929250
107250475
108913150
105990742
61321567
15464215
26953004
15302042
60017437
106089177
100260140
111328494
77390932
108640031
30596782
104549660
66436911
28676910
112332077
15201544
77699346
105736342
98158642
112681932
108298693
60502426
107719073
5849122
28751147
17139674
113047135
112166055
21351506
58183689
111390569
105386673
99189518
113122443
112870399
17954664
112181439
108360391
17917640
36580044
109164723
113190014
112919193
53717298
106922320
103590581
16632409
113066123
41985673
17332386
19847994
106469471
14116024
15240347
47244709
14587043
15360681
27700636
110768974
49098320
111440741
88229414
112467598
14669290
21201901
14501126
14778418
18388923
113457068
112036615
102089325
89460237
16948127
32720311
63668982
79184497
39693414
111372946
38146992
18092437
94836676
100281436
112155879
17468725
92016010
109713382
55272163
18477661
19542544
90806815
101871719
15526801
103101225
102261308
92666862
110308092
31957947
44455025
21719809
91855046
16132284
27283265
30377822
103525456
96825619
15043065
44267813
50858340
106312418
113826188
105421856
23406605
19849778
20611194
113879539
57915401
30805637
19799171
42280832
111586330
17524724
20219628
113994778
49153649
77837259
23475270
20122368
113967801
113960108
20192882
112870993
92347708
108188556
112372867
109963280
106689502
13095252
19791234
33222598
113223594
100238992
25396208
28764153
112745396
66301026
72789787
87756057
17983145
10790612
50055701
31499636
104570561
21116878
46223528
18481135
108672395
110955301
111828337
110945751
102115405
44774487
111841512
104554599
16390487
16710420
104010396
111803956
102871918
51193914
47857418
89237118
111724972
111725298
87230508
86254675
103404019
102321474
14833305
18027696
102063473
101756062
111578974
104292081
104285847
34706937
111234967
104696426
108317003
110194827
101546935
102568522
110781862
110699155
111065326
111028696
102770069
104360222
105023896
60171643
111688993
102574767
68391117
111627952
109179838
112151016
102398351
73586610
104620868
97224334
102335445
111951799
34376087
104192749
102052030
2467791
15513604
44943349
48708836
62189021
34705780
35474809
19085097
62865817
91410864
77307339
87822650
50948509
91028753
10237782
35904361
90803805
22818616
41868400
28382167
38006891
75348777
90649509
49026824
25292876
17907072
90837505
86280185
27228928
90651198
20913928
9510062
75693158
20704003
91606430
22883329
25979292
16640857
67725307
19799116
15922856
91659099
89222289
87879845
82923419
45398966
13032102
44142317
77527336
22643800
15205220
15843240
72036141
16224319
61227707
20256833
81989417
59714893
54338361
74013579
28437517
65082819
95251635
95149822
38776196
15778864
59408036
34537273
69041212
17446897
95248903
93989031
16692057
73467177
15693450
15021099
16061242
20852423
90624820
22731153
22649222
16726385
6750202
33394851
41803072
85959859
79345598
19130431
16215557
19197093
36118420
17399741
44224063
15612282
16658638
19686924
15066329
20016443
96495828
96503529
19791956
22719927
94328524
15385236
5649992
5969962
74523698
94243282
87922029
26495878
26442921
90473640
96823343
96842918
62592666
86497678
96831059
85026883
17078493
95944618
15666874
96408946
19589235
19114646
85846181
86213258
97716788
97504133
94531362
23563179
15852542
94806735
96393716
68834620
97552861
63852928
37683838
52904752
90407442
98688400
17359420
86339306
69792314
21802627
100441907
18710800
39419914
56982847
92571356
106379590
19424599
23083901
18926349
95283146
37222728
106075621
37219414
20713895
15907414
90252949
25312031
89004076
22217443
75296794
22300305
20732463
17912420
20486432
105560657
54525773
9235712
90934547
16684772
18795453
93575832
16129007
8953122
109088549
40887204
68473382
16113700
75804523
9376622
52537790
28169049
21707592
97091947
27205412
18086993
86237922
15360796
111402567
14178874
18770132
20677133
15344290
109378047
15565703
53459916
848171
103675142
19546483
21026508
21575339
17145114
109184389
112243712
111585845
23086340
23198523
88730553
109384367
18267091
72451397
91525907
57047932
18688191
16415750
16039421
16535689
12504732
28162811
17569219
14934964
11246242
14989516
18223040
19908848
43135144
21237683
34371573
21461289
14110710
18274719
50798417
20992556
57977117
48115928
108218483
14947498
21541548
18806266
71635784
22033488
99470198
85262961
105215556
100044356
16153327
106817789
105230432
109907447
25204992
16794731
104953800
8357912
109384359
110214603
110217356
110207855
105011313
102165502
96778887
108716789
18153673
102511935
82955016
102555516
107336320
105048270
43240018
49224286
90329099
15570565
104028576
109361423
61113285
67129024
78001958
42957653
106849100
18539631
38453175
35882686
73198063
89527828
22321253
26316100
21349717
12414952
24305174
22971617
110792288
90517116
18814488
18878528
16753058
31128529
60787142
21896273
42666106
18747675
52203308
108497727
66054995
96214833
31057963
26518726
22407074
63991125
68803674
37319333
32497478
15763092
62447206
18179086
19897005
14996598
2511641
67397666
14203293
21740736
17921854
15368065
15999045
14390566
20192403
15573154
99734015
107291000
24733117
62118353
85064807
22276232
104612465
39054167
26388811
109754488
23870788
45800691
27868406
110329444
52201196
73575329
43719516
110368509
20806376
108704733
109320156
108775807
97076558
45970002
54445220
65369591
49992096
50396479
33898911
49986081
46007759
14078808
108437634
104886228
71036272
21712038
47668412
27437359
105223236
12589972
83001784
22853963
20162868
83932732
81949066
26637419
33724062
20570337
16226299
18170319
94366606
23767456
107796487
102695976
21041188
6798832
90474061
19359737
16100902
24735461
99491461
20704612
82063614
17747395
48573475
18172905
15160676
18566907
16005730
22059613
16911864
109297541
92320513
17233536
67513530
20416443
107562348
109743233
107643270
34306348
37667564
65420733
15568884
18686823
25306654
5840532
23607000
90021188
23612169
31175661
100543553
107461013
43597480
16804088
34698840
61318348
35002663
15732013
55914930
15826514
68437232
19101611
106465257
31328076
18812301
26813101
15012486
14437914
26585095
14173315
13749282
105199327
14141323
26777550
6519522
44130462
18950931
34336199
7313362
15032862
14790524
14957318
17641427
7663702
17028405
74057037
15159913
14389132
78907293
46921207
75893273
16846946
108475115
14926475
58490366
29237993
16323953
85241258
22107113
85503478
23246523
26618468
18345919
106812653
44800059
33680422
27627968
85501973
85508059
85242646
102172717
15930061
85382646
16743661
18392095
97612241
107433523
61955090
18058317
105901883
43081521
83176027
13939122
22712854
14505871
25770408
23008116
58292864
102689116
46392396
50848248
23540413
26033435
21708724
74832252
104190581
1359561
63077720
84165866
18199467
11538342
102134886
91165259
25763891
22542822
57028023
22759633
94612298
33056679
52927443
69199664
43942845
5506992
41404738
105131114
19691988
74916955
15446520
104883422
92446994
12439862
15776366
105341635
23232092
58602902
66691704
104755586
15785440
40036012
43950136
89020013
91258643
22059342
15615148
32779196
73562215
14870298
18154086
55133680
24632657
40349707
19852731
26013573
27159352
35654561
47729100
47723433
46367721
28165628
15754671
32562930
44983352
17468027
39787282
18180003
47408390
46557945
52102451
44079048
52114486
51605778
43167119
49143702
52713165
52896257
20115294
41173266
19264430
21464376
9668852
53100023
45369448
51436836
15935591
36654245
37787101
15724082
54389059
21877324
22290940
15521084
24742936
53322617
19498091
54410894
17936221
54409770
41445718
19468582
43421313
47720065
18150634
16057615
52873319
22516699
18005415
24687372
55629176
54011853
55629060
55027576
54998052
33934705
56493814
11923472
32475674
56871213
16800019
57046916
54925105
55687166
14616459
53130414
22017253
55430367
32537213
56670004
56849578
13067732
43347656
56866173
21414370
48380041
55722849
43006542
50232155
18170356
56873859
32432628
58324140
42412168
58872421
26657119
39834201
15934324
54933105
48783352
58918414
21323251
28787792
39893654
30304028
15694050
26565370
57989310
55055714
17506198
58694247
60207067
55613547
34438597
23262084
35762860
25102014
43742675
28672462
20022487
14343880
16194737
54672223
58667990
44714486
15065359
27177174
24233549
21019501
6577642
56401482
53112255
62407876
21888842
21333685
33663395
25344734
17922008
21566994
28238516
61496228
58974552
10451122
61352516
21137449
61000615
17947972
43695813
41177223
63692727
17262199
19888709
61521426
55226313
63010196
62529795
50645206
17757005
21966651
57993863
56897651
20111100
63526373
44702959
63981997
64222826
63660834
28347876
19831323
22509598
33209919
57331899
54446722
63499952
62839690
47736933
15359014
52395114
44810030
52504374
35758513
65653558
65683848
43476440
63009025
66318545
16389990
28008943
48167044
21438469
50555558
59996393
17224806
66912846
52180223
19491594
66725663
60984835
65561248
18946713
17164028
67714513
65442011
62840311
68459216
66366704
16672662
15749725
60453854
47733110
55581437
15923226
16729099
14364163
61248990
65388593
70233022
48743489
44971471
18882723
60874324
71939486
60873392
37461389
16803651
36677338
20455522
33977070
813636
15059338
73027400
14200904
65559975
70744125
73620211
29133718
25418882
70905311
40045792
28392159
23712174
18030431
43986327
18480494
33823550
16703058
7637842
74724558
69360794
40776082
21633765
20088666
63312155
20168605
23057958
70167515
18990303
8276832
72773929
34926323
25086658
63186956
32010840
38232012
62588417
38026405
30243263
44195577
17635773
77805733
14386653
77298364
70890338
77252052
77245044
77242491
46560358
20416773
74477942
22831059
9717322
14089912
55235265
14915538
66798264
20467163
19785194
21965254
71129590
14436634
19677553
16102600
34367366
24183358
16950822
18317325
74825169
16679842
19607827
19112266
19843008
77810989
73305457
754874
61340600
14804615
77017567
79213181
54630464
29194903
23509051
54697253
79345351
78738344
16139049
16225921
19929998
16365800
71560259
24739714
16598023
3210141
15971670
22120359
19479061
10031172
7100612
20073530
15969768
16741793
18865635
26812918
73186935
5526202
34942224
17752368
62324582
25167362
68471280
16297644
20024535
17634116
14532688
80556439
80850051
25445924
32452789
19105841
80403646
80472766
73680467
79862239
17021413
74494311
81826556
16311797
78477745
82100071
75027855
19216998
15891841
18782656
82653511
58041024
64386990
36474819
33663774
66732534
42638402
36471778
44219965
83717374
83726637
58322812
49110077
52763281
15035484
65229898
48566603
20097342
64813956
47521512
18704035
67102922
11072912
38970277
17582899
49038014
44955762
52108410
85634199
15610020
85885108
38381682
85755130
85972314
16055853
22047229
33362095
21969829
18087015
86392362
42427738
57338327
69314886
17633761
26051676
58217912
87323580
16855010
16311257
48353677
15399342
66799868
87273730
16211869
17826047
22527499
26430264
23849662
87615979
87617095
87356663
82717376
45656004
19654820
38122501
15564815
86343252
24684457
23585474
15406544
18008863
32340002
54358945
49011301
58708914
16598469
72443655
88810998
88049318
33650453
88013866
21437383
17195392
89208983
89489610
25080411
22127448
41729745
61905803
89019567
20053279
19926983
24557446
632323
89783256
19563014
88771709
19932005
29454444
74419874
44949798
17702887
31076463
34927577
85418520
89814216
90235460
17034291
35022109
27444964
90116420
91634752
24656925
90413852
14593011
14848605
82952745
91617894
64837188
74468193
980541
16951132
55018701
92854623
18575677
93443168
16100610
87177313
5530312
90198078
22883776
77810156
48015335
93398938
49852463
56267786
93657038
91841514
83691468
94997680
14884900
88078856
95273627
23562007
46474366
57845894
21451770
95578824
31085943
97292323
11155742
58067386
97141797
21759282
77060328
17066312
80881866
23245909
18909534
14749636
10464092
14079852
15639019
14282169
20790084
67869257
14682652
105187267
103052624
66140425
18511594
25572028
14079551
21739931
21252618
27226587
40314279
14229903
23128348
19778327
96295750
96800896
18614827
39435347
55617295
90902803
96563767
26472440
82817938
16993095
16623835
15109256
40511297
97344439
96991398
96899214
17784983
14936771
93910945
17603649
84606980
19769631
15695759
94654073
70986916
99546661
97083182
18956212
94209879
34804424
88831003
14246001
22026825
100328559
47397798
19042769
92455801
10118992
93293412
37000133
18491461
100114214
16538349
96918725
95242151
61054158
24613220
103073663
14834017
35121091
14800352
15918353
27897429
79292033
98944905
101849069
24184717
99320249
65025270
32616476
89820928
58379000
1769551
73147282
60713593
98543618
63004503
39308549
20713061
22703645
18943852
48012011
103081016
19739126
17963725
101846064
35511208
1626991
17048860
3137331
14103826
14662354
15692987
15739391
15450996
14365762
15959560
9075852
17380952
17387589
9272862
14352112
9508922
16174854
15502695
12144232
17926342
14132503
18069668
17846772
15029174
823124
13857392
6608702
17495624
17521363
15855640
17193201
18249613
15481585
15394954
18057820
15751056
17945904
17963980
13673392
3128101
10486112
16232940
18413820
6830022
16814727
17900421
17037940
16386887
15664760
7911232
16636824
15726135
18978553
18963809
19359605
17527466
15976697
19560470
17965110
19928598
17611447
20020575
15751083
15356407
14904437
15661604
15378621
10102032
15600527
640893
19656241
17979132
19394188
12814702
20625981
16686673
17546958
16927455
19107878
20663206
16509580
22052282
7039122
20543857
20546536
21519879
21684490
14730894
813286
26749459
23947701
15762819
18323740
27676828
4393001
21215165
15256077
14498484
26552965
59031664
20792657
17800215
78670824
15764657
59947068
14482499
10052372
17973421
21674448
15207668
14803701
18916432
21301933
49818549
65142774
54624876
41383185
69324314
20062893
18915579
55627491
39795301
8349572
17602541
14828860
17168586
4923811
16010744
10879522
17734537
16827173
18891923
18678924
9532402
15922214
10929352
90954879
52779839
17993906
21660348
19485876
15236218
20571786
20208197
14379934
20170780
16721061
9545002
19409837
16102244
12811952
12710342
20412174
8999792
19921113
18166778
14433852
21312531
22068041
14660096
2425151
15988710
15675138
11857072
11856892
11856592
9300262
8839632
7744592
5741722
3108351
2836421
1754641
807095
12788332
10168082
8542882
7713202
3135241
5815162
7402662
15985455
5496932
5402612
1367531
17078632
428333
1917731
6577802
5357812
15428227
5561412
18746485
