31541003
475988505
254117355
258900199
247063437
3146571482
774497162
1375280624
98273425
19683725
2978291435
2488902630
2930635215
105036696
29289157
20448324
38500901
749423473
31508962
845706414
747876121
148828970
1249982359
450064632
849474979
570651768
255184447
21624812
2963445730
19310250
1028216940
27710985
2953713339
2929491549
174789114
15389694
62407876
2712352316
426909329
19977100
403500684
1430692574
102503323
1470117966
59910934
358909562
49709177
18633782
482419349
344864408
48743089
258453735
407013776
158871538
1725447666
19993555
31202220
2432138322
783763632
478929312
110723913
17983739
50382296
567307626
270371400
18174031
1058051748
1077446982
81139286
1015927656
33750647
234439743
39582758
18943413
16656350
40055348
195959366
900441294
562165828
2227065312
970987998
19571697
218952383
128356204
2253968388
171767133
72904561
28178127
19727405
34065272
12831902
1548489476
275567659
84363846
21826591
217146298
207660339
247764601
459404086
619504886
595627468
1653708349
16686144
28151757
23114802
21102118
24484939
189129306
184860130
173925279
377983019
317361266
17021245
384259979
309699540
14213413
20378448
86129724
103087786
21328656
40532337
50055701
41634520
18197328
44932605
245494691
89659082
56413858
54034655
14860319
29216764
55990984
111444169
22228476
18906561
115724271
2704951
23970102
110445334
89699383
120656785
22122618
90651198
80136311
15745368
46681100
31491058
17595745
584374300
333533135
41894020
1259738090
707305604
1099703011
1360535832
607165880
27096404
62546305
388641309
47737282
243333917
20721095
91377501
93443168
252409940
48722401
103929010
394838637
23839068
19926983
19939451
59167437
97171189
41019773
20733972
34967335
13613292
21891977
36773635
320897292
14115895
1317381296
152361304
518644221
1089334250
993153006
15933690
243337600
1594281518
17881467
34403882
202440972
85844559
21901272
19785811
346781925
250912539
398088661
815662602
46475554
1491005960
73494599
17661736
20521159
11651202
30043495
15416505
19576571
919598581
19296528
8824902
30793542
22188678
19185333
71577245
205139274
57360176
17093617
5695632
425268743
96505646
15022740
16261445
248798598
134686106
39525554
49074640
1074480192
16125224
75064344
480570073
259918357
237348797
66434167
7380872
15694058
354041953
1058345042
997715527
16119100
261484239
141662074
735140426
26741397
27801000
503184953
1025653922
82162300
19539739
526904642
526636233
427942781
393656675
1059240924
1071846847
127898461
87318108
139501320
1058460818
1072585873
1048784496
252868645
220370257
18946160
20957491
979713858
34824846
932446728
18791654
502440556
49263032
836914616
234126951
369598329
762573696
378405677
19043454
877527739
37822955
1002305340
1009195424
554402680
1011414938
55472395
24933475
81967144
23039411
25224041
19154280
121227441
80435022
106822606
40940437
560117034
609910322
30298386
62365344
408845142
37782649
136817359
1042715540
21032998
374060598
132969504
27364778
1058807868
1061486761
1060370282
22295243
18766894
50362951
392378259
1045141567
519980318
14730894
95973441
107145674
38450042
15537855
317980134
17908972
107441863
15724082
39155029
217550862
18678924
21696279
222554961
9862752
21220931
13067732
14885549
154591966
529663026
234906311
21111098
38013922
16303106
16713771
16250929
106135104
37764422
37666984
22047070
14089912
26089178
10878852
7684882
15694286
15615783
16698389
31310158
191477653
19416225
47694175
37760670
54885400
16669075
15335534
236534618
18772406
47975734
27689907
19240837
18622869
14434063
28811251
39249305
20730021
71294756
2884771
16815644
21768766
250784170
114388293
15224867
93689220
234370900
28587919
27901418
18915145
16912739
76126109
6519522
19216998
40603637
15210284
90077282
70708097
90484508
80956768
27703934
23492750
148376661
28565276
18697188
218349372
213634439
219429281
211420609
234057152
234128524
234053893
237403203
233695891
281540744
250710495
252819323
236899846
246769138
249339682
249219716
237944147
234937222
242761889
248850174
234797704
245408102
240363117
248699486
211901075
242873057
237862972
237781383
221793778
238321369
236916916
235258843
246341769
211530910
233761277
242926427
222286905
237763317
236960387
201079432
235190657
235312723
234812598
237299871
235289157
239871673
233842454
198526130
282093902
239964567
299883942
282735852
156703580
402719755
402029058
551195347
278145569
584012853
309267226
381736092
550401754
11680962
326255267
238251587
18792765
733751245
20053279
22545491
78431501
658253
50676668
23196059
169117805
377534571
21252618
5496932
47723728
468598577
22700680
15755974
109280446
18983793
16187637
303861808
48724141
31285973
807095
334370014
35334007
117777832
235271965
23074218
193152966
193428454
17545665
130891578
240393970
14007532
333692333
244268646
16097702
48029066
270060679
314335929
14344823
23232204
56401482
20468251
23911915
14884201
324095750
62595469
45445747
17168586
94197072
57363366
29749824
352401482
19291441
102192215
191090310
20685982
19598173
26307302
20776147
29975548
211588974
33568900
44475019
237750442
8953122
15075999
301549400
31127446
202294396
115733549
36101055
88750092
174355863
104299137
225921757
234822928
37094727
179241370
139782438
69086398
34969929
142321780
102413443
15773025
50724511
322598014
16365305
28652194
14141323
27311044
93876666
136300373
239561508
18909534
15887713
312756231
76132891
110545675
1652541
233693291
236479311
229197216
233949261
114756202
252819642
76350004
240376522
217543151
295685416
137407124
234469322
236541422
234837632
115111016
235719973
759251
242376736
234573331
240385577
35474809
240760644
17993906
14412533
1367531
3135241
50325797
18216752
11134252
9508922
20796447
18791763
15600527
15923226
9300262
84620376
21612122
5392522
39308549
51241574
14669951
22650211
44513878
12272322
16950863
14293310
8775672
10168082
15937025
2467791
34376087
50452197
56898533
124224165
15029174
40136599
235251868
89681569
236487888
240427862
26777550
249288197
51537566
224294785
7713202
193890022
174801091
15676944
18226567
180090338
143798379
209792690
231489753
22055226
237814920
193794406
112907328
23712174
18217624
190328374
17896154
237312687
17544524
221447516
224391627
234022257
49855286
3108351
73198063
116836560
13218102
34340464
133439172
57107167
161743731
18566912
85606078
5516952
14345062
15976697
28176898
23362301
15679641
15210410
11611052
15513604
6577642
15754281
5741722
20402945
32007346
1917731
25162697
11856892
17546958
15675138
428333
37007274
15356407
15116570
18905115
51228911
18967498
18317325
21329888
20088666
23951197
18916432
14275291
20015903
23970171
19139963
33977070
52503751
16102244
19912734
6577802
74198348
17513304
76966145
18632666
15281676
17976923
27676828
8542882
50152441
26424123
70756980
22831059
15394954
10102032
36654245
18277655
18166778
26778110
19658173
16721061
15661604
41363507
37920978
32506723
40318829
24773493
16256269
18805303
15160884
16056306
20097342
20209807
12788332
35829796
23103488
78369108
41445718
75367781
42924141
16424044
20192403
23124635
19407835
17800215
60984835
24904117
78330986
20020575
55677432
18030431
5561412
15751083
20467163
18811140
5558312
19616327
5357812
21269970
26051676
55235265
21660348
19929362
19069733
17465227
76452765
25916881
22509548
7402662
15985455
15207668
19926675
15856366
19739126
24183358
15428227
22527499
12726012
14904437
22528309
23976316
18891923
32010840
26183397
26061962
24756080
18150725
17799066
24734687
22054371
23608826
21727604
17681489
18335949
19713773
