1636348784
2978291435
15075999
218975278
44682276
35115243
138609858
7302362
71627462
69773058
112047805
44209472
88784440
7702542
50769180
158769098
2255182597
38495835
407013776
7744592
2303751216
8839632
28178127
18083519
15450996
3135241
48459553
22703645
21637092
35474809
43919633
42442665
16068266
1428659995
19107878
102488708
455764741
16887628
18513241
47739450
16491569
16193222
2304017702
2361224263
106498703
404422077
1967084534
506391097
46681100
19400611
281610530
2557521
50325797
87271106
1137600571
1633930201
59045843
60763047
9484732
39564433
217550862
16930125
86129724
997684836
398088661
135575282
3066457631
172461978
2134091
1702841720
237770636
2312829909
2953974395
2932617195
135972958
382685028
106878438
519633486
43381418
21212299
47975734
76392970
703759688
2456964571
78403308
538185166
229592356
76649729
1096059529
600463589
1071402577
73303753
291756142
555474658
202206694
382791093
1232873101
208155240
553036368
24443284
26755480
301014412
39417511
1935182930
455869849
51422987
15570213
134870834
394683226
257661436
14842061
2250948913
165803705
14659350
83932732
15287435
38013922
242877728
2457543770
2293889640
19658614
1206227149
1322558402
519805557
18179659
253792508
18574949
2513559007
1090009730
321211261
1344220315
246989901
2482022082
1573681412
25726636
372990523
274172634
27052217
93288759
1487846678
474232856
1361100884
73455515
34903875
41164967
958672255
2359926157
2484561650
2294905464
14282169
2480323728
34058469
50676668
2458540418
69353808
22545240
16052860
937272126
256237842
357721270
70416028
50300435
19296528
280604607
912608010
2427651649
332949882
1078054410
38466344
2374347127
34274380
2353865167
2439064177
19417492
30864583
40614305
59603406
58530623
32931244
1250248700
22849945
306052806
36554817
1473110280
714372811
199016382
73455977
576520016
322379018
54105271
15135633
36496358
729920184
389873560
375777078
360154206
12896172
2274792078
197480209
49697564
242770475
23442668
161416607
19037272
178173877
182956577
478003834
20274040
155354825
2202234931
733319022
508014023
40055348
1712870203
38961945
1634426360
16912739
92060723
48075643
594680546
22256076
1927177411
701110447
546273851
26749763
18220272
1924504231
26944961
242460384
27882000
50349408
38509501
18805644
46002396
19039844
34023198
51913011
109034611
240737573
19501529
2254104464
27212395
1058252846
259425601
35658709
76150040
2232255944
131280035
156685249
556227584
1072453910
113047940
388555493
292558356
131204770
28565276
148376661
889115678
2391174823
912598626
476143256
63753027
34701908
53725673
394705493
19557657
30492928
33981571
733069141
164741313
1670822089
390080406
389651158
17447563
588583713
1152046897
479674626
26538229
110541296
76348185
120176950
19948202
153149305
393562221
20179628
14615871
166252256
20437286
61853389
15647676
44783853
9624742
113420831
1728935736
26487878
2286252732
2279430992
1012080421
27118074
2305315345
238611617
2234925720
1080602371
116141817
1581759588
242891402
24872349
25084713
1540360435
484896381
609217518
1525901858
19929998
1329617941
929004877
479060748
193033812
2348948479
2340967118
2365094833
2365822393
2317362991
190699396
2160079519
19005467
1632656450
25516184
1048399304
590094131
516715026
16517357
1265970265
19894154
305122811
1935592992
2363000533
63787812
2237004884
1624362871
18481050
2374934870
27048645
554205029
234044087
26104632
12859772
576887255
506033683
271446710
1209417007
57625403
618306293
187993109
143926614
825687307
2236422643
15326822
1043223433
2236386025
550612899
377003377
2330756666
80663054
454348085
977157175
1045712077
56276307
1613031769
2280647319
34777123
2285346474
406397677
417473616
406693744
446588925
622259766
313322168
1123683068
1730565866
103713456
375311156
219882897
896519797
520678355
485265056
1961297762
487780896
1342818176
2307239892
190786567
1850548999
2298358886
108800140
373730478
1007734506
67621214
245218105
249016891
230218419
727071212
318245585
265639238
29262999
28628850
334053327
1045853744
116523160
335966705
357914428
1936685485
1009770301
1883196000
46152233
29899954
213180711
15751056
1909767696
308287945
1372947194
1469390930
1684136622
757573597
726974077
1564376996
117197740
271958454
1852041212
378058529
28245979
107218326
17015840
547839797
95973441
2284395144
1949703102
1859388829
398323968
36760313
1399556677
29913759
14690982
28739551
37876078
310660546
255333852
266133081
59638397
171969190
435877117
450412434
872825227
105608599
59758557
584176635
733751245
1101250482
2290387884
382875400
80963196
217559789
10054032
1931227718
63804234
1921961412
431081279
1174010562
200400227
459614702
1535146375
1599077688
248883434
1069319970
50299991
773835564
23134068
313388296
363754020
1345953140
108327004
1947685321
37499344
1964821772
293866022
1514301096
307568894
1566117000
55901438
1902668574
379508299
1699808366
1969538832
772177664
759316808
1675147274
2155993874
2226998527
27339626
426211557
2238463952
341063787
54425403
54679573
125514002
21746095
1469735982
2192870616
2243378234
2163584437
835767570
2201723053
39109909
1279427106
23849533
433871082
145450074
427002933
440168523
340380791
2252676931
2255552521
2258754726
2252684714
177028305
89237846
500019957
1881659436
301648403
2269045682
1578519660
207660339
17218336
1487667302
557064650
2253968388
528949429
26953478
526784196
1676010254
47837269
1631159347
1927775408
195271137
237460752
51218398
993153006
1058256326
1071900114
148006729
309267226
1048784496
1060370282
1069124515
33655490
950328072
1849261916
1155212191
1089334250
1051446626
14385676
17644000
17814568
20957191
38423124
39583871
54987920
106816456
164045545
167797168
485924782
26820795
2252304152
70118472
475988505
48980630
453265065
1673165708
119899270
16097702
11680962
906782533
473417424
317737196
833921390
18623794
549026358
1655680988
1613575663
23113515
36540125
272103568
793484450
34987581
19808819
1965108474
153492935
165204211
39279393
342655424
36609463
19046875
18090660
249844732
69073724
23535710
25030391
439957826
15212187
846044778
14980820
16113700
18958999
18163893
82033951
1870463754
16366471
11651202
62518039
887529697
1199281806
168673083
236596538
150702610
56722072
1626062436
21900198
983352314
512457860
378669828
1564036932
1638781699
1580593950
1652541
15934650
20635826
242926427
546120447
16102244
28514574
318432586
1170911528
86177206
114859756
22073642
208020766
1099717411
120295432
61220477
747441085
745445797
13023332
760170906
221162525
36101055
22013678
1618577989
120326042
1623308912
19169584
300013543
968650362
17539497
1058345042
935033864
457984599
1074480192
239905257
242772524
27825256
15745368
223970563
166990746
55045856
586671909
110445334
197496309
404617078
22076537
31611298
1077446982
22914905
109849883
45856728
139738464
354412754
1405337395
584012853
389759292
749303
17330459
9855382
32227084
234467536
294084341
1023155340
15752792
291779982
18943752
57430197
275825889
20295222
10615232
16725416
13524182
26596727
125336616
119481835
12612432
33435693
27055034
15091975
17881467
104299137
223520954
19723699
28602948
606204972
55635315
316526929
360854867
19037037
44873497
216881337
1154894353
104938628
301549400
23103488
938781738
1128514404
1069351544
11348282
226014499
373586796
1059240924
1058051748
585919130
15080142
946491127
520746973
21316253
18962175
74000981
386092483
960696949
57184234
353950167
414305285
399786075
473220807
24509586
102726632
16259228
816325328
390460509
804861259
95746304
791967744
275136185
829208689
356291170
874181066
264652301
359989481
789168882
23367637
122391503
49969221
147802398
168833710
127993302
966637646
352535322
963480595
253139347
190981269
971625120
16044065
16526000
45302887
198928268
908532632
979713858
19926908
799068428
34077978
932446728
985130323
977369880
254834816
47421519
990002851
826527169
285962360
1917731
915261822
15632023
123358058
20776147
90405702
180109601
39892895
180086232
226233972
415903458
97516700
49424502
21833263
540257303
703424029
613985890
461294835
16037698
17161241
28036774
128435337
272542662
576328580
581228411
607506426
106527359
608268983
66716229
327071763
370369912
127963931
32672641
66489163
94180055
48149896
36082588
633437653
634990472
88806753
425527664
127122241
357071409
473503998
320172845
628454232
19255663
186291444
628559456
354399766
18533615
21144715
370752934
230859523
27557391
30235927
21812698
485131180
559142942
716113424
598925796
14362028
222953824
39834947
731167584
21252618
29515247
237827096
69197199
28826602
52732971
21572351
49716013
299883942
22650211
135972271
91141101
171535711
20776497
23176276
59308354
59552131
18020081
90651198
7402662
19546277
30794505
31172167
149699072
18712512
25358048
193438328
69363333
2992441
253659567
22488637
202409095
24037404
703313256
703295420
196364652
633058670
615471114
360080772
632000947
628760912
30035684
263758909
18082464
7039122
145719473
532251045
168883654
47835196
190854694
156720047
48117116
53643803
33690563
288915606
615181714
604726450
291238222
619680259
619433388
611661265
617399515
51205762
186349237
15849231
574519958
126996322
92345598
19614556
358063864
318690040
15798100
585237013
491432017
21826361
141004174
16590847
451753786
300852112
314752435
16298388
19724375
43045418
46465896
41758974
21820574
142843687
17878628
10760362
63036742
162205033
2232041
462642474
37907738
344048761
522401364
236218901
125497063
154010891
137338166
49424632
568411443
579273082
395091937
44826842
584395117
557050706
99710749
583146346
16223834
300894890
469924459
114572222
571794071
522874809
119852097
572425129
348335665
18362999
43409390
563844379
18610043
313397557
547778460
252878801
157305077
83206215
63806423
16100318
554664349
554254894
369653459
151200240
68131468
548998021
526808980
28106094
547257186
23910625
526117119
541888800
539402769
108189101
115718513
11702412
135931182
11692842
461301890
113127789
519521403
376753045
563458793
498968683
16599479
189011295
333806846
287861586
538250556
97903099
45697504
341343251
558271726
517918663
352849636
289999104
16102997
140896000
225806603
550189995
19693903
452338284
556000874
68281948
339024811
22709380
22863592
106776691
28424440
34353527
533358812
441040701
430091253
63174700
15679641
21426423
157089828
43888471
14410652
235289157
237750442
245408102
240393970
222286905
211530910
240363117
240385577
234797704
237781383
242873057
51228911
124224165
237418907
234469322
18646108
99289820
317862731
66951419
550845584
310330141
60256029
494348223
337502076
436233897
201170332
43012374
193425504
158173019
37805736
16972862
26008436
367581265
45742421
337421787
532488427
556397388
531341096
2030711
254557147
514875761
334857539
400329593
457132602
312183559
62209347
25768647
540241441
531464516
417572767
184887339
437104360
322259108
550177021
541630865
30748040
17986014
11337492
440555633
72610515
330087968
506407586
78489987
18009252
552698242
193094240
486338228
306001688
279381543
105947716
233589731
30514839
110924703
544439820
16840256
555593757
485328284
27949506
94598493
43409523
388688446
27939372
325905462
551195347
550401754
49652813
177787417
551282255
19273104
154699063
537156670
472541504
36618545
58689498
72747285
86392440
115280073
338811841
542791547
48428048
110729674
533702418
268279558
199037242
15529730
540108467
100330676
55020919
414261266
363524268
529973619
159474683
537134441
538692037
16973700
462253715
21927083
59090672
22028039
17595285
17425181
486757372
50679073
490903792
490866785
256143627
329416274
490842410
20065969
71070614
507929643
281330948
520665522
17997831
478481585
482326966
79022250
95449365
523895102
432847413
408186598
523797241
168680783
399099803
99949940
22646882
68458378
148348430
54820746
234925477
15976697
242518427
516131688
24234881
19718686
276155742
65851814
161340750
69084023
488951427
94363437
206267956
499197688
389542377
117839542
330379489
23258618
382794815
14845376
18216752
506865986
47002060
40750718
20436059
91115924
372659968
254185636
10102032
22831059
18317325
504720798
98797274
56534106
21762137
424522799
28727081
265810973
394212913
17051720
486092888
222233015
409460174
21805284
58832148
63152814
425162367
253415425
262370030
492684333
405988460
155029506
36654245
43171801
36979147
125790544
471550782
245610248
498948417
236542725
28397693
463909582
130294479
459440104
213684352
263959278
16495831
369147093
494462073
494438902
84740367
494403357
189233240
425418920
487663491
492812476
407266082
20719803
16474001
491594483
78966155
64161351
181101417
40116996
384538886
27793328
488922630
438010113
20791372
54034655
486307936
183233446
429430927
461472652
472263579
485168817
19266287
233601728
360568476
159778891
247954486
28137647
466168321
483445603
15926176
282134609
20319147
245454821
450137570
34646891
248987834
474971883
87862480
22008154
30673492
402750781
459629718
14857739
21567836
240290655
14289480
151278828
27810354
26677801
52992670
51505483
476764399
456354514
371859026
44626981
117792965
23433993
94707880
31598405
23095925
319776853
380606391
385434084
20320020
49634881
19776891
234927299
341912940
133422261
19786080
15905865
471606410
19605279
211319062
18978579
152029157
470654192
29865139
456911539
392859737
459893381
415120733
468601121
464178657
126677368
462211739
152181438
29944746
467894713
98830119
21263584
210683322
353732699
388641309
400988781
18699097
20757118
15138136
354525336
193748642
35677491
22628448
22643191
438005703
460699656
274325894
111176280
461540631
29064530
139565848
27033636
45332516
464384890
464065728
385188446
463890972
277193651
404317897
463606038
20940055
78130610
106519400
432122791
462534483
451069360
459301419
441425863
227841917
77192816
18371070
368182559
107758121
44188942
273565185
54568139
5336752
73181712
40343354
429360642
445689822
14115198
399156913
234630637
113683340
358606388
31321503
311279490
428535630
22463935
432228511
457506446
359133002
138531540
445579383
410342595
456223217
388933582
109315857
18485106
54582901
25244286
316819997
284518365
327567853
167495697
55621740
393480185
422842826
439782647
448077090
432705505
19312039
177315590
179314658
148333607
443265529
27879714
250749451
108617810
25360971
16031927
38211356
21010214
364564017
214504076
304501983
154943793
400398177
742143
19877680
62521396
382441782
403709920
18704035
246427268
374025654
402029058
398897775
288284058
223602458
174355863
185500124
389874324
239902186
177460073
293295842
169276939
392235284
75347500
121469977
400191776
122183484
305389392
398269985
399170640
335360731
324602503
97931967
402719755
27699548
328157266
108348664
42917071
24905240
51142412
314042077
106550989
32352832
303971510
128641413
12558142
263062849
390507110
113146003
144189766
195790079
392802797
372956101
397379881
319079783
357606519
376405385
23660098
134927694
227454727
16439804
78877591
394710827
33911450
17916539
325298865
294965312
92821234
87663848
115488968
243502423
347375113
393839981
32210514
141702051
258975395
330627756
371887563
72547151
19720019
33248018
38100181
46731533
231607711
242414823
16176571
50078062
43623734
149961401
121841737
19286569
118993231
24363088
291460670
382220161
377551612
235591153
392155342
201975482
251131377
63275575
391413865
279454181
27230504
159977219
36126319
232351560
366737145
47769618
386270835
14706658
46004597
42064563
282722083
25114208
388326844
210311158
16115087
15287455
24386725
389683905
386148480
62770351
389454296
183493223
64889052
104917527
367654286
387390238
15532765
61250271
27437655
33345380
321510116
15922047
311663803
34402475
382472289
128931478
387455025
283121369
114875407
387225200
25568817
347002303
335084280
329325255
235251775
386742999
374912973
386465939
305349565
348468651
45439376
34276900
22414160
385892141
255528019
18261163
382290972
385561633
17139660
385093560
293618448
385088319
339852137
304554967
312430453
377161529
388082588
268414143
282614288
117777832
239964567
116505994
23434811
198526130
15113565
21186125
54885400
7270292
15257926
61238370
122769961
248850174
82657929
25371362
383897187
385049953
367318657
53733438
222721984
241960868
67864697
348861268
381338125
347944815
170154651
22835289
209792690
377534571
93672900
339877498
353425794
356487517
362630746
294748722
378096410
277561227
115208089
276281611
62354707
374319289
97223142
361405157
54116647
195898927
193830906
264244487
246934556
231437642
7309052
70778921
376926867
377139046
355599226
292594060
325893346
376946273
284764448
295868971
331678866
54792169
25171191
185687860
18640508
16058701
54979759
36814904
63160932
88198647
274301065
312174998
59157360
32448999
306550198
103929010
142704194
49704324
216855513
341113216
97953848
92516801
319214512
344824884
19543692
342521545
306288085
26375902
159123308
104364289
59711183
63487954
201485225
35137957
16693111
21614494
104873132
153476385
17430039
15602331
15496979
120204000
44127294
40490018
19740658
29339871
192626152
37679160
293672716
24648658
258402157
34763613
17555660
18393144
262907541
169627123
304204361
178202934
86528180
96564638
232098043
44683617
308848034
346813911
98524883
260396714
18798930
22819917
318711662
94889850
287998090
330386339
20007260
157759017
24300948
63024175
15957958
22383646
118735414
222501011
60713155
46227208
249034529
287754535
226553088
223709915
349862291
45236629
122146840
372243987
90250351
90408018
319128160
367457815
375369481
247837344
328271944
17301780
304420578
242818074
279822363
37419748
300874752
375946224
85476251
262647180
23864697
167856299
217992402
221397417
347409141
27356181
220249920
20950349
370315447
113214730
131892951
74895491
373298508
33655512
267583652
372506462
24936537
366271617
161403044
373206570
58922658
32984485
66774077
342720228
122461845
208053835
297535301
372225521
262047884
44648299
104725507
16101000
369410795
372503594
238252262
365037045
38703581
360930069
208703535
137381495
350535244
325691585
344516847
371933929
143246389
17590932
15855134
370323250
279634424
371432237
230572474
133022865
333812323
370076582
365490774
23548065
370172014
265329329
45654949
30498758
222338898
258285803
68785836
351860222
373001589
115510843
40057701
9741362
34396209
26023481
241509340
363976652
20774353
163209579
342282863
21342692
59493962
60215516
243990374
335868637
133499313
12338142
144986277
24801554
16144761
25073422
248817313
47498801
334644655
166536928
368056854
368086410
356339074
27242307
220580561
365012605
23117388
286799590
215054896
194640941
316585710
54949233
366173138
232197830
326210627
22716995
38497702
68763654
344171667
16187637
26487169
27737215
116534252
14993272
190379231
26942917
136471166
34017599
89248186
23970102
81894028
23705754
22935909
106310537
340057785
15010711
52435891
34953892
15004458
112426341
172833512
254751718
326255267
19609871
14125957
28498887
240755522
261918703
105410287
33622411
342351702
342945847
284816305
16459325
236960387
237763317
224391627
275242508
209784199
291903954
124925650
22500984
241703299
36315497
149334993
16055925
169117805
22946355
76381104
225949580
20939346
61551188
49263032
153457676
338383829
334127852
16151742
266945170
42535475
337752039
17094167
249834165
304576608
261057533
88951160
37760670
254082173
14751366
150928029
25236582
35984949
33788397
23347565
32131974
24221369
188932351
44168483
165874008
18918823
315924605
24725230
52815275
133456403
30313925
77758574
267404812
223342781
18789002
127037747
63783555
318464838
32923518
78158985
21664938
318854049
304849859
29753210
68827520
29468074
319268283
319229893
20760831
124458035
9211292
237862972
273814693
15021918
5692542
16365305
300212766
52118721
289411035
15876673
36058576
64660952
318033348
258510914
15676944
309959474
29216764
36425922
64088396
63124735
195039023
50729420
127409723
15448793
250719718
148882145
95704598
108831720
76966145
86308365
15987296
302102816
77822619
37094727
36591483
26829094
284394487
69346231
294909683
156129837
6017542
17061263
22508473
27744185
249339682
43920155
241207373
20252855
247723476
211901075
233761277
107502682
234411412
21969829
295685416
252819323
21612122
244268646
155642785
239871673
240376522
237944147
18697188
19268706
28785486
20733972
15012486
5988062
246769138
428333
235251868
39249305
32471196
137407124
18558029
7841652
148941582
176573334
233601962
76564290
66160432
72860924
100673898
220374544
38857779
256155475
239014538
23003660
132490144
296361085
22139417
235271965
234837632
246341769
221793778
205408543
224294785
18375745
110604481
235325559
14888467
292516549
216170194
164803805
65399031
71948680
20712255
112854317
7519522
41950599
264926670
269595505
273612978
257019844
120179791
28859614
278145569
206325866
209083422
27887584
27728235
76185102
152836075
14067787
17671349
213082201
27550683
216252276
282093902
39084221
126942097
253950788
48119164
20966701
258320727
177974542
274558629
274056174
241536196
277821400
211085211
230402759
21604468
135595157
104615577
16827173
5558312
13491312
20020575
109280446
77250424
117537998
38516217
15029270
126319369
78408666
25599265
66369181
31310158
24239045
249288197
237348797
217543151
240760644
234937222
249219716
235190657
248699486
233693291
23124635
110545675
20796447
233842454
76452765
16032925
237403203
235719973
17074440
44177383
25705764
213796133
250710495
14384907
35829796
41445718
75367781
19139963
20192403
74294786
234573331
78369108
17093617
14897840
18956073
18858395
17449453
198756585
48523902
47318291
14884201
20879626
16056306
255377838
183918922
16890518
17813820
235258843
252115520
234053893
29564406
40806063
237299871
242761889
15210284
252819642
255952990
27388879
26523876
21769727
239861560
109162860
157171263
129531185
112963860
59988945
179205824
25381657
184182609
225116996
112062206
98944905
214574061
43920773
39801424
31758975
209220383
26509757
49697450
166186544
218936411
2836421
21228708
21325647
60954073
245088847
44401911
10126672
21022846
221447516
238321369
73593750
19079767
19912734
23121519
25086658
20209807
18805303
55329156
188857501
16815644
210926192
5693842
22055226
18909534
16157855
20182089
239561508
193794406
225921757
211420609
229197216
234022257
219429281
213634439
236541422
233949261
234822928
17544524
235312723
236487888
218349372
236916916
237814920
237312687
201079432
219748707
234812598
5660532
238321025
26533227
22203756
114388293
112907328
17896154
19188991
3108351
234128524
5496932
11134252
37764422
15922214
234057152
78431501
39308549
15731751
20525306
211588974
38833974
87820416
96426869
27228928
89449806
15116570
19616327
73404789
40924038
35943079
56413858
54900089
68475636
38613109
46561899
197857626
79815672
205518054
205076064
117656867
16051808
18229117
190328374
101376209
18243642
110918004
116198288
21950364
127621427
199081006
197853678
181385359
33882374
198264601
135166789
201291224
35578805
193032268
191683536
199286398
199403631
28969421
104727439
37964078
191208249
24122912
192314573
83662443
195504049
183240419
198323147
204362848
171004944
21804550
38484359
201857295
18052560
102310058
205417759
128592464
184687087
195431280
90490354
28330904
16614816
114756202
188426893
180564322
47836379
207116000
15980436
40931019
170173536
20686232
29117802
74450291
23193751
23710094
22509598
34153363
174369590
15212685
170432851
190419206
54696815
130395443
78285378
182469680
20982348
8403632
168830539
15837791
188821595
148086041
128643593
123758399
113763245
108617892
19495105
94087890
98404087
21821061
192564385
57152622
193075666
28936468
193223090
88976164
15370961
193447876
21539584
37982748
18492940
97298155
16232940
20258816
41339860
91602058
34113439
193859451
78646823
97051462
90293967
25504310
195109044
55490301
16804712
118251471
15810707
181294327
83307954
37772162
82905836
759251
19291441
15918708
110798061
90484508
17454769
37007274
14587949
15790186
10228272
120120773
19611483
89789286
26747051
183072865
177949931
19563355
12144232
89498970
23649046
32631974
103025567
172920948
180389279
58982451
120996776
18036861
15008539
18621632
168322756
31408790
9636172
31120881
183637495
176905080
19719579
27072253
133400890
55581437
182873780
18566912
28062048
156970493
30050899
15923226
18420281
182426021
34036294
19651918
41471330
18545093
9376622
61723764
22643800
68823780
15770658
38026405
167507135
178115946
37920978
80703645
42360299
22059342
24489221
70736742
22523182
20095125
91038197
19907963
73717434
58637386
48834856
40892059
161533318
169332160
92666862
53288838
173179249
44741434
128235400
86804787
156330634
19466508
174402354
26813538
23946566
84584229
27207743
42903387
131900363
85882340
16795708
27065058
167066157
18027450
77956447
24941897
163656981
167057486
34991099
105247544
23013669
48566603
20201865
97239626
74025229
69584077
126006858
57147507
56708256
105677658
19850687
29738476
10691752
15773400
29495278
154591966
133439172
15099295
128614271
171612378
159522555
23086847
138134108
54642235
169266999
25770408
15233851
33920583
35762860
24426634
87712431
171562065
155954102
15173859
174689844
16015621
153139266
138122433
22777809
161404797
25292876
70119651
18890707
41292079
23075409
46476526
38433502
56734958
17527466
122835680
29849245
17033503
56489205
128691522
70458453
89474852
172944385
47459488
127312196
20516678
130831742
174936923
174654969
55479887
166722146
24386262
29766367
136424014
168700151
163987185
21096520
14298837
17349381
73197895
77243814
45469134
40367637
127359799
92609780
175150940
143835283
15751083
42668873
18964194
22965788
14125882
16687193
23951197
14904437
20088666
23976316
22527499
17513304
15661604
50152441
52503751
24773493
23712174
26424123
88993554
74466749
57107167
76043920
69928312
18465936
28614262
27467929
33977070
16686673
144355542
50674341
42924141
136894925
9130702
36105229
20097342
9272862
64080083
20402945
71080771
115773894
43841960
41886991
88587154
58592705
105220309
108319677
67228192
106800773
109064792
57363366
10840862
31185990
113184147
61863624
16241884
44734210
43275829
161743731
18782656
71281860
17905614
144955373
14344823
18811140
19658173
18916432
17190812
54003634
136550204
40863897
21878458
130600206
26749459
72148408
34793169
31253570
81502941
59910934
16597389
114266451
110050237
18740406
22089915
14132503
3137331
15552221
155578367
9717322
14803701
17469289
47799692
97244329
42731635
17563655
44195577
148462421
14275291
8542882
32010840
18967498
55235265
14828860
15749725
41351252
19686444
8775672
26778110
19069733
18030431
20053279
21329888
16100902
31128730
128409197
114484518
18906561
120556883
15713560
16588111
101296561
52405049
150737366
60794109
18647970
123910334
23606500
112216322
22966253
46176168
76350004
148440851
19730552
110589730
37273321
59482886
17900421
17826047
18665800
15754281
15711730
24526098
19097379
134908827
7597712
16424044
60984835
25800320
142321780
13218102
23832022
43248814
48115928
89468986
58523379
83144919
92093544
42081431
65689018
61606233
40908546
14733996
15462267
36289717
15132485
4248211
140132626
27449634
21104773
19929362
15691217
142824614
23022687
18038834
25769815
21660348
22334332
23165878
56811213
23994973
15160884
42480921
109968971
14345759
133796656
52484553
18277655
12726012
12788332
18217624
18891923
18166778
23622696
36791063
116947094
75383376
20015903
26051676
24735461
49224286
46719826
18125737
102175632
20517132
17927796
35769867
14287627
128035939
82411750
32506723
15850135
20405322
75398827
26792275
15600527
56401482
85606078
17611447
45970002
14141323
54664781
61605255
2884771
21093964
21328656
76438730
14669951
9300262
49770884
137778650
18461227
119067916
59856467
120280509
137364152
19785194
137508011
14430060
17850012
136682183
770759
50434933
15281676
62815344
28176898
77725938
38122727
43598363
131805660
14676327
54555594
21157904
55076952
7496712
135138548
15782962
14389132
135525366
18814440
117980172
55592470
39171489
27694430
128263641
132402412
64769082
11354532
11883722
22684886
135586734
103634792
34975491
15764599
135618657
68892186
43338828
22881348
135181176
128346984
133968283
70756980
17047012
23970171
15856366
19679854
5577902
84620376
120980406
19546090
15650000
56267679
15114261
19739126
7126672
40318829
32924328
5815162
15762819
16798107
22307545
16806103
63602081
23753100
14414279
15302379
10168082
5357812
7228682
108779641
16045956
15075753
109526995
14104484
28652194
31482817
21269970
27676828
16250929
85634177
51241574
14927208
16256269
15985455
92558768
26534508
807095
22528309
34713362
16477905
41634520
640893
20852423
14049145
29916578
36686069
60778150
2467791
38685961
42815217
19410683
14345062
51580454
26459660
46560358
25387067
20713061
19926675
61793200
76748139
69641276
20349700
19407835
22053641
120891258
4898091
15029174
15917384
14728168
13067732
17402815
55677432
22509548
74198348
17976923
116524060
15641893
106465257
16120273
44443447
16593823
20721095
22017253
14662354
26101157
19781034
28914307
19602035
20247181
27733493
21705000
111010799
81439373
65146567
67946417
24275621
32928016
24186110
109296295
26845505
14384400
107562348
27464654
9508922
86004281
28139262
14246001
35878869
14730894
37520126
10997
67175886
76241897
102712690
20731543
26637419
22703339
18703385
14511951
44513878
24904117
26089178
6573302
38274353
17800215
103984231
15675138
108860236
21520307
19217099
14679731
20329165
23092890
34927577
103437187
20467163
47720065
15356407
13850422
15394954
18791763
24183358
20480698
15428227
6577802
15207668
7713202
5561412
1367531
