15981742
29769106
87532454
17453548
247723476
457984599
14730894
18087829
290317816
108617810
960696949
170034104
1236847178
166990746
182824991
60680268
28264799
25101996
36452050
1058460818
1058051748
398088661
16072058
106135104
184860130
1092757885
1137600571
1071900114
1058807868
1072382221
975200486
963480595
1883356866
11856892
1250070414
640893
28178127
538185166
76132891
1096059529
1517872886
3934221
80136311
1262462233
720348367
51486676
562989744
254117355
217543151
211901075
39308549
14412533
15918708
237403203
807095
14669951
15428227
76966145
19568591
305189255
29598035
493072526
153629556
960962340
2992751
18012631
20378448
18987934
20608910
14529929
21619519
451586190
546153324
36132642
1917731
8980312
68767026
44360214
15739391
86129724
51241574
27882000
29216764
40116885
112047805
17454769
23970102
35218566
90484508
113758100
27744185
3135241
15731751
110445334
27382597
50769180
18791763
22703645
15976697
196168350
63291287
69773058
49140008
27311044
16982540
600463589
97272374
15932085
64088396
16163639
48459553
115564212
43963249
113420831
342887079
34274380
38495835
76091017
6017542
4119741
18646108
14587949
657863
16424044
281540744
242873057
20733972
381736092
237418907
139817960
299221089
36467279
144986277
234797704
20545793
23951197
29501253
24195214
259364314
108376246
312134473
18916432
305620929
309267226
246769138
479872233
462451834
33655490
20015903
14275291
19139963
156703580
33977070
52503751
224294785
267854863
115111016
236916916
16102244
252819323
21312077
56864092
6577802
155669457
25086658
244268646
463132556
74198348
198526130
14984637
34972633
236511574
20552026
15985455
15764644
235271965
17513304
287413569
31801993
299883942
227088228
20053279
240376522
54412900
236479311
23600262
34340464
442824717
161411080
40302336
117777832
150078976
240385577
47412499
22669526
7356562
234002627
15281676
19918558
22812754
248850174
385429543
240427862
27676828
242426145
132201224
516880804
50152441
26424123
150724371
38254095
46016028
21406834
240363117
258900199
70756980
310310133
19318314
221792092
267938462
241207373
29450962
77250424
25781141
248735463
15394954
10102032
50452197
158520264
225921757
18909919
85322445
219429281
36654245
48117116
18277655
112740986
232992031
26778110
250710495
249288197
24745957
168502762
19658173
80612021
20002401
234837632
237814920
233949261
16583468
22012091
111379452
317226055
239905257
92186819
31611298
33576489
242926427
18566912
222286905
236541422
402029058
237763317
23712174
236899846
235373000
339852137
36948268
236960387
28602948
234057152
201079432
111635527
156333623
190328374
29766367
161743731
37920978
245516606
32506723
235217558
88806753
153486399
24773493
161035985
16256269
18805303
84620376
16056306
237944147
249219716
48086014
158398519
17896154
249348006
213634439
14135426
82649553
240393970
234022257
39249305
245408102
216503958
153944899
109025212
37094727
137794015
235312723
140519774
28599820
252249233
239561508
31122582
14904437
111635980
20209807
233693291
85396297
22523087
138770045
78445977
295685416
162069635
19407835
314335929
188019606
163570705
193732179
263815367
237750442
55677432
18030431
199325935
28582749
75785294
292990703
28176898
15751083
218349372
20467163
292935209
18811140
237299871
148453195
19926675
19891734
7713202
137823987
55235265
227341953
70526457
133832049
239949176
235289157
19929362
22812434
239871673
78431501
40277246
20796447
402719755
233842454
76452765
221447516
92102359
12788332
22052282
6620762
455306401
49733381
22055226
203226736
209299330
85606078
41634520
22831059
112508171
234053893
233761277
18166778
237781383
211530910
5561412
18697188
237312687
296361085
240760644
41162024
364324160
21828421
274648448
33563161
28628850
36070952
300328534
267600841
30561568
21301933
21575175
21171721
49874468
342446803
14844867
110346479
78670824
19268706
213267499
1759181
74057037
63877097
14213413
71627462
16563576
36082429
18151782
222127123
342805933
16172747
23022687
235251868
309999584
18822612
19269183
92597026
27537778
26887251
21590449
337190241
36131059
334824599
221793778
229207628
234822928
60984835
177758594
15675138
281281421
17544524
78369108
237862972
15923226
22528309
16187637
85634177
237348797
278145569
15600527
15356407
42562594
38286951
8953122
15160884
213795255
21631487
242761889
23970171
76350004
100526056
24964881
19294257
13010742
22704302
10168082
237759600
16116061
18217624
248699486
16232940
180898332
242179264
234212111
18196845
17800215
20200859
25565126
28927004
19820482
19885377
268416479
234812598
8542882
48125246
44641669
243247252
49990915
76348185
24003338
110545675
14344823
30005269
86364947
26051676
237770636
47449425
15029174
235190657
57110501
21819835
15207668
37461389
23976316
41445718
124224165
18891923
63796828
177046539
18272128
10691752
252819642
208671734
229197216
17861611
213295223
23606500
22030154
235258843
22509548
19739126
235719973
7940822
233557728
24877167
17976923
