3319057739
606433843
3148336176
1536791610
16827173
2592429047
194328853
1636870855
2900828859
302368531
3102530635
2474023219
2257077722
232780049
1710548059
47623256
2730150631
2560169238
2964526557
2976606250
2847221717
2750127259
834069080
1499993378
245408102
2964222544
2853309155
2862577383
2962994194
2864384387
2914515430
2914571740
2932617195
2869746172
2962891515
47798449
2966205003
2964287128
2953922782
2914163523
2964949642
2861616083
314205957
2964877294
2963445730
71281860
1382011333
1908143071
1305596696
2482022082
1061292174
2382685057
2696643955
2966765501
2973870195
2976598347
2966758114
28652194
1022907997
2852998461
2965083477
17874544
63796828
2929491549
1138688364
16187637
2933760046
236960387
2930635215
2953713339
2953494478
2953974395
2962813893
14845376
33600887
918169628
5693842
1410344198
102712690
161023696
1377901374
1129443330
47440513
90913437
58879223
31297031
880474976
2620961067
358919633
1487612352
14686171
1024861999
2332384178
946166443
323295630
2729712967
88036942
2747362290
21416670
429330113
24029522
813081344
619402632
262191172
478170268
32897787
194695969
2298571741
279210639
1548158070
19460132
256289743
21619519
787638702
121135509
249254770
422827850
43888471
495161570
185677018
494421125
458648541
2377235940
15212187
1327001611
28049266
26257166
455764741
2194467816
621254841
73100680
1009620080
106597684
117821354
2287259737
41398787
16193222
18090660
25354370
16930125
208736091
42930296
2253968388
475988505
286190837
312189104
28337697
295685416
22376014
169518455
33655490
134994453
122207745
472084040
193872188
30912937
80599535
34340464
23578274
132190841
586585470
217454584
58944460
23121519
708206162
30273040
633281091
16017996
859704944
65204749
34009294
896512412
16196492
49620730
348495851
277016514
26777550
14730894
1073828696
171154131
1075333250
934789651
46724483
1148997972
16815644
1209254148
1120176788
895879765
161344057
1345391310
199780074
8162322
36857086
136550204
63787812
247441640
156975310
259799577
1498498693
1647222254
1692695186
36382502
15764644
18056015
14434063
42442665
16371887
18909534
52954222
135515077
18216752
93876666
156703580
379427970
746121733
2198145859
300052615
142721190
232472114
15463486
16228479
17466348
426802833
168748104
15931637
257549999
20958178
15780280
1011712926
19734832
1364864402
58685129
78716886
14270650
104299137
16311797
31185990
21252618
186881077
22012091
325830217
26538229
337742544
120176950
14615871
143798379
339822881
202206694
296361085
21269970
242772524
333692333
16669075
110541296
20179628
20437286
166252256
44783853
1023020557
19948202
76348185
393562221
36771809
168295477
18622869
1330457336
18963842
23522638
55329156
5496932
20733972
11134252
109280446
14344823
432766911
22703339
173262426
458666534
20402945
531678561
18805644
17539497
135931182
129879105
20562924
1074134238
400552733
102480261
34715911
46002396
392429354
221636630
111630094
17996892
5988062
1767741
17546958
1340406380
814998404
324495672
461197356
74294786
101377674
97503010
23232204
20094138
18678924
26596727
11651202
14275291
15281676
16102244
15856366
15600527
15751083
17513304
17544524
17800215
17896154
18030431
18277655
18773159
18805303
18967498
19139963
19407835
20192403
20209807
20467163
22527499
22509548
22508473
22545491
23103488
23712174
24183358
24773493
25086658
26424123
27676828
26778110
32010840
32506723
35829796
41445718
50152441
51228911
52503751
74198348
78369108
117777832
155642785
198526130
193794406
211530910
211420609
211901075
213634439
221793778
222286905
224391627
233761277
229197216
234573331
234812598
234937222
234837632
235190657
235271965
236899846
235312723
236916916
237418907
237312687
237781383
237862972
237814920
237944147
239871673
240385577
239964567
240427862
240760644
241207373
242376736
242873057
242926427
246769138
249288197
249219716
281540744
314335929
402719755
518644221
551195347
584012853
613725908
851621377
935033864
950328072
960696949
960962340
966442267
963480595
975200486
976969338
993153006
1045853744
1048784496
1051446626
1058256326
1058051748
1058345042
1058460818
1059240924
1058807868
1060370282
1060487274
1065995022
1069124515
1071900114
1072008757
1074101017
1074412920
1089334250
1092757885
1128514404
1131917492
1155212191
1289319271
1849261916
253844848
26794715
19674502
279112080
586671909
783214
113420831
344289058
362112298
17409240
14074515
14159148
19611483
73181712
39384517
15647676
66369181
30313925
9624742
482361303
14333925
22831059
20111061
105040178
15394954
15704971
25767155
400257985
121940103
31146684
1394707338
237763317
47999234
52759788
254117355
50918998
1289563981
172051787
50325797
12354832
91386979
12788332
224320485
109301370
302258375
63267459
390758467
1020507925
55245095
175170473
11856892
117897032
500184805
343041182
570544509
41634520
114289087
89820928
47438401
81211010
112651673
217395723
33818747
17198100
615443591
14007532
1444015610
75367781
103022243
624968366
1508527081
80889511
22797378
1554133560
389759292
124196924
14587949
116748080
117856309
22076537
16424044
34350493
499163933
22242298
1623308912
249339682
29766367
1623154453
829292864
1592481150
205886080
551047306
237750442
1711193490
15567780
1740229652
223959958
1905205968
273549411
620298978
266133081
1655680988
42084906
24484939
229592356
21220931
27786531
105925025
185817535
222953824
357253772
722577228
1322558402
41019773
1405337395
1077446982
23778902
219429281
196645290
1430692574
425889480
10840862
366043880
255109294
1137600571
968650362
23951197
381603450
479856992
407053599
207660339
1209417007
15012352
19477371
47954642
16274833
453664934
29063765
39551130
266618888
28375536
716290129
27489423
807095
522658677
480873834
29755303
436284180
17500764
502219956
524812054
355748845
269992801
501279513
109645448
41622556
54436727
35026217
44215431
48479381
17459358
33893221
18821569
57755305
71358659
44144716
67121235
110765509
185925797
17853751
50019863
258923833
265576509
77545764
267881918
119106634
360015994
153489863
358357084
385659402
23765589
108117069
341728470
420482047
314948376
473239696
311714873
162590090
412003154
525958038
581892754
487813295
28328776
342677019
17068400
21215884
161743731
240282772
43631725
621158891
36669114
976335258
100114214
15918708
19028248
476209692
573916220
10126672
39820738
17137891
20053279
631254253
18811140
19394188
530964051
915783354
906451100
21213276
192617655
364564017
17994329
60984835
20600214
236479311
15160884
103091856
16192310
240393970
113763245
15210284
14927794
29515247
138774153
25389194
61853389
4898091
33117723
20562637
17007608
17993906
569182576
8775672
249844732
11179912
301549400
15922214
26946495
34126345
15947806
25209834
18317325
128230059
357573400
234053893
389028352
17493248
28176898
14293310
252819323
278145569
7270292
15501305
14662354
562519805
44419190
237403203
17642482
85606078
16256269
22055226
43380511
18148163
24165974
31611298
44209472
76966145
50055701
42258864
236541422
240363117
15745368
248699486
234022257
18796055
26334436
57076192
51219930
51231372
51265400
26194429
51234876
15369566
104947556
26562525
1013461
25297108
27631430
51240839
30948732
52185608
17134580
33528423
42680619
51094795
66164717
186037477
16830830
36941783
19705697
42484856
3108351
20608910
234822928
246341769
282093902
235217558
402029058
309267226
217068300
550401754
472238349
39351435
15399894
82710326
22632113
23169856
29301265
106478701
46790558
193831288
18561348
21917202
510486172
35960016
533170207
532486687
181985650
530832187
532584818
529678701
244758585
53187777
529579419
217543151
172501766
17998609
224755343
24608583
16145097
19083676
351633271
278170850
178904895
22650398
240425045
40325258
16031927
100007321
361342191
20252855
16211434
209792690
23124635
31310158
382791093
331213033
308236331
126481743
43903074
110527729
186804123
16789970
191613738
54885400
24913074
36681590
285807330
142321780
357582134
37920978
39556712
39308549
23970171
813286
60713593
76132891
43923842
277156362
17093617
90011799
15485441
19417658
36952124
46000699
36746142
87532928
1652541
31207966
38012327
59478576
50089656
18481269
42584342
6017542
15754281
84401852
25310451
75093019
126420222
20713061
88763317
52847728
59887074
2557521
14075928
96664271
18646108
17872744
169203819
110445334
18983793
18313747
21010253
21010214
42924141
248850174
5509762
19026473
299883942
235251868
254082173
237348797
233949261
109552764
19658173
252819642
244268646
10102032
48117116
15985455
20015903
190328374
234797704
137407124
36654245
77250424
102423267
16056306
238321369
37007274
33977070
224294785
37094727
6577802
24735461
42638402
77030703
260909384
17078632
193823350
27973524
15407874
19553409
236534665
18916432
173865180
22528309
17806725
53196604
18249962
33828713
18178768
111777319
38005062
148124576
34955760
13684822
154564817
205295406
31440706
14812561
14397397
10168082
240376522
84620376
18566912
111635527
234906311
124224165
76350004
44039505
48397574
139597363
21124400
186470714
25373942
20062616
214093734
56535925
49748360
49797990
26320849
208716079
28346226
9549112
20352356
138151300
18798158
18145820
23826054
121848743
30043016
43193222
141284644
21913091
221019271
86234955
24232512
53055861
71294756
15224867
27901418
15458694
14669951
9855382
61225743
18033342
39567822
28595636
112475251
112273862
14483334
125731977
54587258
108980711
119603903
99746558
130263159
36675745
17157601
126489831
151577177
31454961
97230392
41796688
30558756
71750317
9567972
24763863
15823826
20093858
15145073
54324766
22026474
17288788
50907797
39566156
17091407
21146712
34865882
16810823
36479132
19940115
34331194
14602291
20106684
6853912
19394580
22952405
132748742
78366886
216810375
229856630
277084306
21457671
22572335
18518129
18767681
23197092
23082570
24292494
24203306
23574024
22032207
16296659
22633203
38462541
29512277
45939774
24313889
46752921
49897000
38716612
58912075
25372138
24818696
64749665
94193638
27075980
41476709
18147014
18517988
11536512
809879
67101073
22776999
80049441
78119313
83698929
48471287
107476401
124278108
78406937
17190187
34713362
51241574
199714836
128575164
168216285
178152257
62912620
19567452
428333
15510999
15310300
50467702
68853994
15275172
44134480
24790910
17131180
15640215
21764004
41796216
20200633
293294255
15667685
15767669
54646977
7402662
1917731
2467791
50414621
26328315
68700851
14692528
59213971
15187084
288390004
759251
223970563
15416505
217486789
34954160
9508922
18791763
24235735
16378486
237299871
19926675
110545675
26051676
55235265
242761889
19929362
78431501
18217624
20796447
233842454
76452765
2425151
1367531
43752307
14839147
56413858
14511951
23623643
22654469
16322617
24020672
17288548
19351310
17339428
21664546
15675138
19563355
16877611
216299334
17901653
5558312
23966235
21028056
38001004
15922892
93634334
35872744
25354366
30012029
17976923
234128524
225921757
23976316
14246001
15356407
18166778
30398254
201079432
234057152
221447516
10376152
220416551
233693291
114756202
15207668
20245484
17884446
9300262
28791466
15836048
23944104
16145763
22665342
24778454
108352504
26089178
19739126
15428227
5357812
5561412
18891923
7713202
