38290743
2953974395
2941290299
1129736798
15646174
114388293
28096105
505859578
1138688364
1143963576
19038768
1472322680
2359926157
757832485
33201624
432766911
44541019
42711801
26299078
1511070037
35829796
248791522
68498034
325820892
33660256
1433356862
549733348
70511174
2253968388
252366291
14576879
17200375
15920055
28457505
9616062
17137971
27745484
18247597
15535860
9601512
18337564
25596174
266133081
1071402577
405004997
28176898
114607567
237418907
16056306
32010840
15281676
24773493
7402662
18317325
10102032
14275291
224294785
1491005960
15675138
10126672
402719755
1917731
124224165
17409240
9300262
22055226
23970171
11134252
5357812
219429281
540122045
19028248
1055515873
209792690
7713202
14148802
1137600571
22528309
15207668
19407835
22527499
241207373
26778110
20192403
234128524
1071900114
252819642
234469322
15356407
254082173
1077446982
137407124
518644221
281540744
1058051748
1065995022
237862972
1051446626
51228911
242873057
377534571
211901075
1059240924
211420609
1072008757
237781383
15856366
296245061
15600527
24735461
234797704
229197216
1209417007
1072382221
18916432
1155212191
33655490
20015903
17544524
33977070
52503751
221793778
1058345042
234053893
236916916
252819323
17198100
6577802
25086658
244268646
74198348
198526130
950328072
18773159
235271965
299883942
20053279
240376522
236479311
235251868
34340464
240385577
1060370282
1045853744
963480595
17976923
240427862
27676828
26424123
975200486
23976316
22831059
242772524
1444015610
15394954
225921757
584012853
246341769
76350004
36654245
48117116
935368364
18166778
249288197
211530910
19658173
234837632
237814920
233949261
233761277
935033864
1058460818
242926427
18566912
237763317
960962340
23712174
236899846
1154894353
201079432
190328374
29766367
161743731
237348797
240760644
37920978
32506723
234822928
960696949
235217558
16256269
18805303
15160884
237312687
84620376
235190657
249219716
17896154
213634439
234022257
235312723
1058807868
993153006
11651202
233693291
1048784496
968650362
295685416
1060487274
1058256326
23124635
17800215
237750442
18030431
18891923
15751083
234812598
20467163
18811140
1074101017
237299871
1092757885
19926675
278145569
110545675
148006729
26051676
966442267
242761889
19929362
1089334250
78431501
18217624
233842454
76452765
22509548
22545491
246769138
155642785
19739126
1128514404
248699486
1074412920
50152441
1069124515
