3004346955
38443198
2774678124
15699459
143141524
198392306
181875210
17815224
137794706
35782352
22842742
967118725
68739585
2786403466
18312534
300553995
1383059977
346344853
33903960
255585762
291513787
16812570
279184239
109612267
16569399
537586347
334797742
629550967
2701401372
2696323190
73929665
2414919254
20217350
2482346751
2533065211
770218777
18958999
55295275
152363873
2493426054
16227442
110211464
48029066
14835879
2459709992
1187780665
2441661295
121838769
2327941633
2428862869
17993908
18868201
404183537
843961386
21698292
2422535629
2421500682
545166059
31499636
133748968
516921096
2193520886
566949843
95689513
2409910052
1849261916
27498418
28652197
212800280
370275682
2374600200
1431873422
71294756
42921216
23126986
571736578
23176276
61263431
2358275070
2349084931
1071041562
462208178
586671909
402361040
15875505
228565815
2312710158
2305741039
430130014
2293454737
2283856716
2279495287
2243286462
252668016
475988505
2239551792
256203380
30971588
21316042
22930958
26637348
33537967
2218050020
2216491243
2209165952
1470117966
2199881810
2187250754
1748742661
24109900
26820275
40830033
141229888
238610781
1092757885
219350591
21800063
18909534
184860130
123649804
14883401
112508171
69773058
46176168
118756393
16157855
31127446
1951745072
1950684894
1931423036
73238146
1917118747
18571831
19084128
17267391
972651
15441074
17093617
194235592
26496978
1002489620
467840888
1848966620
289126909
25936969
456032135
34167747
236111535
253364557
1876966056
24107372
1132485474
233577045
131014169
264946137
408320798
1591800114
15853002
430925630
391619908
377198912
1883893435
432168993
1358227088
1862295260
151163235
254152377
1710463604
1886943618
16087459
342894187
1337088343
634852899
14092385
1072222699
302896796
67896980
15786332
16597531
46626365
1674501806
127894579
214112621
20073434
41153837
36862458
154233179
175483149
1902537799
1729085766
835251266
23272075
25382456
234927299
15851614
1902563203
1596324968
204905640
131791939
343617832
532614832
740873005
1894617026
36309506
15729553
1379584350
1074480192
23022687
19211550
16072058
7651512
151613644
111103036
16622292
397647118
18059662
717284394
37657423
633941666
237940612
1327527962
435509701
351810682
277539028
28731961
121818407
138375333
18883522
944677376
465827161
14095099
480556612
230137328
1855204842
17648725
1301940242
1858224956
958672255
1531247275
7350652
449057049
449866928
1730353332
745684092
507778661
24464763
1733233152
23679885
49372625
1656575946
1179786674
118166301
579967039
373703200
812440400
289997864
266341234
44703056
349947276
30467603
419203687
60164704
429668476
831178813
1698252096
1738425180
46133280
1710292866
583348785
104664578
619510222
267901305
151442623
25395278
182980123
1725470959
864609228
15406238
1623286412
15640075
460879543
1431324780
916830950
54613670
29751942
20951886
15021556
1337808126
60121599
550728872
217550862
204355437
47657632
18673125
1412778302
39505426
17632266
14199378
26487169
21220931
18622869
16000814
1737030702
1736425724
11740172
104994769
51012869
33981571
930784507
45229587
26528830
60452945
754193946
1642142724
29515247
1729345141
1004387720
89277004
27671624
158286198
88494677
20269307
45031918
1714485324
311137675
140640762
246414791
24382424
231295638
782965885
19813284
308620803
247107701
1710463723
342821167
16710420
349832208
35216399
258527170
838157954
588793422
1069315519
91622378
107980048
954124423
1359973026
335544497
19850687
720211128
1251812930
329839187
106822606
158057137
1347388069
244544478
118234850
920171611
375447114
849246584
27689907
47739450
20957491
26900055
225610098
315878798
351361539
1393877221
1146349951
240527238
867150168
32497478
149315713
475361307
561654065
111547732
584911013
26537621
475463113
29584150
1471084094
632466068
227905448
1340283679
1656648428
263801289
104874562
291470113
1114477892
321632766
14371679
260920107
307154654
318182225
36864736
333724911
48709593
260074426
204834438
263814129
50076995
585059506
24296565
313540871
243820245
89835497
64816476
14723454
222911412
1390517288
49595009
886703700
1146717236
611401893
29385337
56060197
506660426
912583795
1616425044
564824282
918013382
388986101
185940293
1608781524
369759662
40871043
280254672
146016779
800859972
109192303
212097279
62815642
1164775704
327710797
1279783315
1372288434
216355557
188381168
503230169
1592481150
732980827
18653708
466090255
58708159
49135957
54111299
290445149
24645354
361859989
80135471
573997627
403456127
428081159
1634852712
403171779
14554800
140233495
1623482497
1615109760
1480898761
1537029326
1604949372
112061409
44772466
250370398
27817189
322022206
440287004
314260116
420230926
343772856
472280781
109782727
564947756
25058590
1093320337
332637055
1061994320
866186815
174618314
284210345
553126021
497451993
83068410
19511717
15830091
1710554046
878719854
5644772
108786865
39555323
956815969
28704721
518399661
29513704
820466138
228901203
141089905
1660953276
39491289
1291528994
1390794780
276332413
458966864
894424694
1327314840
938422214
104362261
952149414
34817173
581767913
1291945848
527007725
417388541
890125778
88861467
58313900
874752151
1541390570
885454746
1135449900
16742064
138635034
41427918
75882186
167305932
78070018
63493530
549026358
613232816
68166416
158140743
63032931
1406293777
91856333
867467498
987925238
552802620
29202852
1098355004
368106633
1409453064
49234698
189427379
898034858
154759765
1397352146
347011893
595713196
606864789
1138549152
410189712
444386403
595775304
501709599
1130097547
23083312
282224096
782649109
26504239
848040139
18556336
35849010
20406676
757047931
518023834
27656882
1244555798
63793216
392371418
1424359692
532606441
19693694
861625476
892111028
885517404
1109469626
1612001484
1444853400
1444446630
1658157224
241620189
1199664061
336311688
1700670650
70477603
463577491
1598421271
218895881
1496154236
260186908
614329754
562866501
106132764
19164969
1537301966
561692832
547897192
1653887586
707680538
26111775
286319916
237271043
104264588
297182361
533516159
20776147
18452272
603076619
1491643430
14093404
616618277
272734509
1511473142
1032946141
829039422
23608047
1115450197
1260248683
829770499
408950996
46261430
1444207423
75037263
196313328
425957035
764565660
1327234116
65479640
16157412
31242111
1289161921
448154926
39263709
568490499
108166678
27907769
16351781
1534961047
29199000
355944181
334699540
23108383
407466981
583875731
205336320
16504629
588564830
1408936220
390176029
15248180
295868971
355801793
1496265176
701172702
21488204
531725847
582209679
1559016890
68009696
1222888993
277847255
92162698
703429596
24378293
86129724
19088916
21925787
96856027
807762853
1687460006
22655210
1677321626
298295254
828120944
413841319
359770909
593984892
15941116
913517954
1252730060
263590713
50948136
267349892
734955139
66475071
358495242
80626778
105746525
258716358
63500432
461595552
39759239
589995856
1569721196
1644457650
1644734071
1408242366
16195383
66180014
1468203217
76986762
281162551
1134934218
14608082
1406289523
19191105
881292230
54601432
5175311
1653370998
382233426
24048309
386895308
13093372
259501779
1414537802
1429636322
1664261426
254169888
1662929678
158205177
867304718
323840150
12660472
27503607
250468150
68369369
118778563
14192558
506925969
382534366
93942939
1408162200
606679398
1177413068
1394657935
157382927
86948027
88335997
1676563309
27046337
142680138
762178614
25924848
809050796
26898420
529606887
299753790
1672243398
1542493423
15273001
501148382
877072494
176646411
73408582
116653543
976402812
1450295514
25615035
23829010
48697289
49615443
263471041
545182365
17971747
82335906
79848537
39584513
62734246
117197307
21763530
909555248
283149212
1611788748
18963842
1684232947
208063990
1544385156
313619999
1689762506
242176095
910851816
517062632
134838419
121171999
1262191316
972268302
17924677
234619026
49190063
1161440250
539187330
89090775
175521110
29234480
1467654349
16480221
1155675914
180190473
227093678
1043330215
402749179
1654125590
1649134022
1648484551
1645314824
299937810
15378626
134697294
332546058
466986372
1621009105
1605743858
300430043
52194789
1558893368
1608728954
1012003616
89527157
874668458
1330367484
21343653
429183600
19819716
1633628450
496957447
1636291356
626686830
32696335
1637459666
1636639214
121215534
32461913
38711343
19350919
1638099811
148348430
356199275
15722673
277778724
216032114
942868836
116342932
276940417
1327195026
308748838
136337303
15450996
1021934658
18981785
7243542
41750998
1078244786
23115481
211654138
262306012
14345062
17469289
1634038124
169629177
19686924
1623308912
89005882
242256735
633671991
636239122
1519536698
41646646
22863723
21237493
53222666
146099226
1350864440
1066207495
1613946714
20618764
16890069
906620078
106098830
41896429
384402985
450108691
240714470
56767694
72732934
326839236
798141163
1509371912
401818215
27308166
315568554
33535221
1225410018
50683788
78648963
610874586
1569253903
28465478
16711026
1623394075
111915610
234685222
482362854
18201366
1542277956
139020999
20946768
44320256
20347310
707305604
547969112
940503344
24045931
321119379
27789999
158727653
83200882
467723007
341724149
133502135
766770432
177584156
33811812
104991713
405674682
94607882
1552818054
1444940310
30793240
855527534
518709658
17907878
132578933
1626893509
780736915
1623681324
17523672
21431618
345150925
23912630
27729711
26642539
239225295
394683226
774368316
224406744
305420484
240760525
19141327
296204509
1613858330
862433989
36585292
48082050
7166582
1615959116
387416970
543373179
1142814942
158060289
42834939
471631955
242618658
45332516
78615024
115806192
454567143
65863093
1209417007
295685416
17198100
242772524
1289319271
333692333
377534571
1260150456
381736092
156703580
235289157
236960387
235258843
238321369
235719973
217543151
236487888
245408102
236541422
250710495
233695891
239561508
218349372
28358128
85689484
486895422
22812434
168673083
1531521632
46016028
249410485
111635527
292935209
1243902714
942156122
1055730738
1074129612
1072467470
1037321378
950783972
1083448909
1077121945
1058917562
1071840474
1061385474
137794015
1058717720
432676344
1068470480
937723303
1060984272
1071102246
995193054
1064206014
476256944
16583468
1027156464
389840566
15442036
1072453910
776664410
199325935
55677432
231510077
193732179
462143773
188019606
22012091
158398519
29501253
38254095
161411080
312134473
385429543
239905257
24913074
235373000
84119348
339852137
234014087
168502762
263815367
82649553
138770045
125445568
248735463
109025212
24745957
111635980
80612021
21312077
227088228
22812754
18696134
20002401
25781141
39249305
210926192
19918558
85396297
82453460
432771620
148453195
140519774
21157904
153944899
1058520120
17803612
156333623
14135426
249348006
7356562
267938462
7334402
30216513
133832049
239949176
1382011333
41017380
64248024
33576489
31611298
58928690
50452197
132201224
111379452
22509548
232992031
935368364
164007407
1045110018
112740986
538185166
18909919
47412499
404132211
1068499286
581141508
510516465
150724371
516880804
1559443998
449959102
135991237
1476028855
1040998825
236350662
95143163
1065869268
922152452
28918971
163582516
735634662
437695069
487577386
83642072
18453423
18192041
18448384
136610330
196076919
29972407
1415594922
380065022
40405125
543585998
362800632
799257301
532198406
972909709
78174265
463146185
132336884
51982954
1470591859
63800604
165292611
374840479
52091696
122462526
525633100
594977106
942520188
212283553
164388165
417362221
222553034
405128409
373116203
1437461592
37770109
1553240592
595722507
354060975
32178750
899128160
363748837
173804196
196871565
381289567
135273884
950341686
126328280
748703420
323223149
201433781
66382657
25073938
568454346
22721394
22945840
344438116
1090020504
298576771
588532665
132236823
417451460
102556216
842217397
915594294
251315123
378933826
30135072
74628767
144946505
1344688742
18294521
264268489
44135635
16703058
279657446
11102352
256573865
76057201
107633302
110918004
19515059
593700012
1601423143
1140254520
87403396
378738565
1067047297
1096507880
94523990
1572188328
432624315
1598561995
313448687
617105201
24271465
261538504
305737834
440688620
337922629
381152398
223694305
240672663
146097636
30045475
432195271
172893705
28347960
765038167
1596126470
14285353
1228819794
241224637
357779960
396794501
43821237
118850657
192736255
1605059040
414516629
35518656
1217262428
320597085
405774756
76893128
463120581
570911869
366421074
96291953
533410087
522555234
259332708
610086450
10870512
562618381
232460460
875809039
34152206
466112835
630717039
788016282
54348956
245161018
585455799
44484745
1611577338
1325650639
39055432
327983697
34918363
187147504
604486976
217159658
29336044
79048781
531586866
1335423607
886837747
27313635
431113379
151170425
240557571
25290025
48077651
270647290
60773564
244167280
139719874
517876210
599416695
514631092
931289130
21683111
298029495
329706765
619215615
1603558651
58990709
369634659
481777401
315324134
1594264597
1023408246
235660311
563362273
1165573680
1068436465
993036073
9256742
1523395602
36588739
1534287073
947843994
62751932
1580451673
22076537
18810387
95702885
326208966
1596991974
16564850
63557742
1070943116
26509603
133400890
1432183568
21692054
54014802
571846363
37599351
1598513413
69364989
84788121
623092047
93505671
16796658
28095064
26034263
65106660
1594187461
206244842
39510422
1531025130
32964917
1461181267
93288759
814003027
21672185
23875518
1048069465
34987581
9486482
1026773064
18637851
961149667
106613161
1322558402
229207628
7686552
14722589
15433333
30123845
324296298
296834171
153657424
16575721
734160380
1345401492
19877680
1425015774
525824812
334241684
620698212
17924195
51673
345159595
11857302
23387115
15146659
1324835510
1569494101
633351073
379675736
215346722
186291444
518644221
134620833
1418646308
177219288
66951419
275367178
1551930272
488127904
17881816
258589269
91214080
6576292
347451363
22397837
284625859
123377256
308853556
1398106290
15893733
37710105
1194664964
34703620
113200249
910681880
36686069
21718894
15603311
15297995
809256522
50634125
17643209
441040701
333752732
369640709
26043215
1396241845
14809189
90408018
55121922
29271299
494723968
70061167
1360181006
533593494
18019121
241721501
48049437
529589500
121171657
62178577
1262279036
229631631
17918065
987841298
65086245
28130348
22856328
578164596
313017308
31065730
15850025
212369811
454651841
944440039
33797709
115679420
15726011
393239868
46930084
523890577
1160613054
1321020721
369885278
1429392710
81504858
18057537
156744997
33655490
337595668
958081542
36426516
20643028
841039189
320503845
1237156340
850110110
28787350
16054728
68442170
807540079
428309263
217137252
342780479
1131203611
103018203
633855519
126910652
365844321
1387919042
1430524482
589848655
93723445
480821214
565109395
44395797
830918346
79228319
19406275
286132948
381394638
427861592
1450107708
46724483
22551960
1326498037
1364825948
346911928
1575020910
23300815
65878241
743527070
1556853488
6687372
533725793
1586579461
26144769
612699533
182815759
1586322115
184569500
570452604
323499183
302933780
84277427
53575727
45641358
838399572
583456963
340274426
272256425
7231502
928291068
65447696
164741313
264461288
12439502
161344057
1449601814
61313751
75190347
197969289
103843413
863269356
16323332
426302017
20455033
1452215648
408969236
208288243
557750410
1469735982
30217058
293282149
46671396
1411488086
324403737
1313165581
311500454
1475908472
883557414
441864238
116534252
38036372
30437038
611783676
1347674623
715287571
27596200
289840414
620298126
103672887
629834583
22721352
51284800
23028724
1007669306
1180894796
25073866
858646280
334127852
181894891
370850572
564225302
19208942
342601720
611716117
1511849052
1329601206
73986605
33027306
49372905
99379480
43192774
1471074054
1218416366
62584758
570262740
125466716
618378712
32007346
64044420
50228468
1491005960
948749742
1286733985
606703977
1104083418
435467995
1263944875
37769330
1214026033
360080772
860755015
340880465
1374780043
114680280
268802962
1505414382
27820192
842718474
112260271
947892926
768528462
386746916
240544671
15462005
18555213
284296658
464676049
804861259
86364947
48807726
497928982
1173010416
1447209912
67776968
183130040
889786374
1305596696
846617844
369195048
1221321108
254226686
32535696
591277527
1321034910
293447748
406068993
155942845
1521620893
565132383
132887155
46387067
266739644
1347196416
123917682
20289191
1286795653
26194384
1526146460
883626914
226252074
240880146
12298112
1054607670
42734224
1364756108
48398480
437641712
590924095
1143339926
161553531
298904342
18850989
749250326
780638598
1528929283
1035443946
352562099
618294061
836164717
47685503
903049778
108619944
1310708510
125748589
42984750
1273232202
1532027449
836285976
80607403
306801369
18161620
14296853
35622196
531659088
392191276
1533967614
20604226
54674137
469657426
16817008
19609126
1348307132
288963206
449855060
1485809516
39303810
1494474121
1363394484
69186716
438688155
319529691
766257295
192311047
258402323
110050273
1357427004
123888927
390979203
216233969
714947334
121656624
172802979
74469012
159483478
277186565
163570705
940403820
861597384
317890014
491748291
27432747
1063931286
1535579558
73934735
36036813
23148737
376910939
944435156
46479775
14481940
596949726
348268280
1125409915
536803217
36573744
78931053
415981838
141215637
28022053
18943752
397382646
1543826028
18822612
1379058422
17714851
301081520
14672279
1307437909
567458901
580219038
557229283
389070953
1534869384
14851290
27088314
1510065122
413260397
389759292
159481784
289228254
230062416
1483804087
940421690
1537126712
1551693697
1485159486
265179170
26516381
11265832
580125788
47544979
130335223
834274194
17979556
825434976
330583779
514749390
27775676
25727720
105929549
1556054978
240812994
271593651
310367468
30617801
80403142
66704000
1553507785
155068843
386619897
142353112
124580310
1460558222
347472193
634749058
196619213
1564355550
1086433860
255829884
131036750
1510311302
1365917090
1519479522
866214884
934824404
33504820
529564536
72831557
389357597
274909596
1571402418
1564956584
1571815076
770074572
1093978980
1573129104
364955703
360641896
270182385
1494092684
74854742
825084997
473121512
1577914038
108729290
372500223
874564746
1580740201
1568536284
224277058
368720279
469913850
15902990
64853637
122726258
269620333
15618671
378779647
1455991842
577706879
19556279
842671308
277836658
489678627
479065379
1516825897
811837988
205315068
632286185
190905427
124183076
611179500
36988522
234540817
476964557
235000779
63618486
171612757
254688720
403058136
415249290
617711113
54447402
459588340
770566152
251453558
318673769
734988464
431300435
51824032
743851116
290322114
276773136
102727201
337814770
348294598
243919299
304605950
486201930
1118419519
246300781
263847553
863972562
614424302
36083105
633466746
479967841
23090447
246942114
21906070
406829773
50126270
231584373
20064928
1345758930
22384880
268313339
232932541
174315647
333598618
312457155
13099412
167623458
287811065
28975085
18203813
30976189
463180304
975268237
34597211
373057992
400416809
30538170
125166839
22049571
19458818
541732589
636201781
319502049
194159438
138653288
1390647331
7401212
224400923
44099200
28728905
288943883
332615607
36514310
48473533
68727682
260347798
17885227
341027410
43732950
35518844
20388775
705069115
535114284
581128300
242101732
11447982
164279688
170336271
28483601
19145144
41902449
1317689665
845325566
19411757
318181127
356845324
271028018
305909204
823556359
18573548
100554577
383253842
553442966
88801554
1377652362
536383105
1397408886
100343376
347468729
589076498
321492437
30497289
1258300770
17224806
22223902
497226427
37685181
728945040
17550470
128697611
1232352379
1176854966
77277787
255110387
43344300
635935539
730216224
1141705974
38510989
33116130
23160259
17594573
944264634
18010191
60814031
489540420
75592503
108653141
101410935
1105952246
13133342
845763180
29797819
250418123
98721900
18376988
46407667
259321327
565946472
594221885
152133436
248841143
19799400
109579534
72156720
863330671
970583792
41012436
251887827
535438191
868272696
17909913
17930084
386851497
143941143
359055819
126133014
148597171
821660419
276314148
82091669
17388080
591973307
85156769
18388923
727472528
163290628
176922199
1405337395
518862129
539135317
14726357
714277728
23713170
1436088115
427168299
41932411
72179450
170924720
33874521
255478633
264600554
180505807
1018301238
20076659
39798632
281234868
78688269
97474887
50736755
370489880
17469492
583053924
18461227
59486068
22899657
192936564
104446737
65146562
571730162
11072912
19109172
88806753
87044545
89193992
16789970
244655353
275186860
267921808
96405362
86141342
18812301
221447516
29442313
303861808
57955878
47688440
1227999756
21279472
65431946
108376246
282735852
15764644
43963249
1573879260
1563745844
344201516
65502117
49780918
16650570
14466538
14676022
1538985391
1529083087
1527637136
1526327287
1520834803
1519717778
133081159
97503010
1486129584
1483831662
1478233850
1053110666
15832910
1462406792
1077446982
128667119
19929998
75721882
194233791
1444015610
76163900
1267615524
1155212191
1059240924
26774751
17622723
342887079
19416225
17518344
242418441
182251918
15670644
20786801
91038197
17913388
18089606
115733549
161791703
16045956
491461409
296903483
1402625786
1398292051
28811251
50393960
1330457336
986907835
52052011
813286
29235589
119245234
22103842
22055109
20744708
228747444
15288936
20109973
305096044
236696059
19658614
14745164
17611447
30005269
17006157
14074515
91478624
5695632
5402612
35002876
10228272
19674502
19611483
16476596
20280088
16405291
388555493
153149305
29450962
166252256
28582749
7270292
16334857
255347566
16001324
18176907
169586280
243840731
9567972
28656296
12272322
85606078
105187267
22109355
76348185
16814727
39279393
101852818
81107148
29277366
20558899
136300373
14354476
21878458
145871345
30875418
68730426
11246242
14933838
24924235
20241874
9376622
727242919
56401482
274596432
18146481
116628927
48075643
21765964
11680962
16018516
19216998
1050111
10615232
17075602
151444950
20958510
222622640
24439201
186881077
17546958
4923811
14364006
1138688364
30864583
159609655
135931182
19186003
93876666
17827531
15987296
26324609
15976697
3137331
26777550
155669457
1090002997
1370601302
50918998
14669951
247723476
389554914
292990703
384913290
20552026
19808819
60600381
1025521
1051127714
1055685948
22839628
39834947
1345500170
1325343578
166082439
131144091
1315338612
1308324307
15109516
30003842
29607664
29771100
54573060
158244820
73181712
15234546
19734832
522282462
18983793
16228479
1306278877
1296367422
28423263
24848046
704311254
101016555
1009269193
14587949
1280902057
1280488615
1280298391
1280281220
14410652
500704345
106135104
827346259
14662354
263484898
16882190
65981979
1137600571
1264710576
1264637593
1264516951
1264136634
10840862
851621377
1131917492
1128514404
1058051748
950328072
18773159
968650362
1074412920
1058256326
1089334250
1069124515
11651202
1072008757
960962340
993153006
1048784496
1058460818
17896154
240393970
613725908
584012853
550401754
402029058
402719755
309267226
23103488
29766367
22528309
282093902
235217558
314335929
237418907
281540744
252819323
236899846
246769138
34340464
22055226
242376736
249339682
78431501
234057152
236479311
235271965
237944147
234937222
242761889
248850174
240760644
234797704
237750442
240363117
242873057
211901075
234469322
237862972
211420609
17544524
221793778
234053893
240376522
240427862
246341769
211530910
237814920
233949261
233761277
242926427
222286905
201079432
234822928
237312687
235190657
234022257
235312723
233693291
234812598
237299871
233842454
37007274
15356407
51228911
18967498
18317325
22527499
24735461
23951197
19139963
33977070
52503751
16102244
25086658
74198348
198526130
17513304
20053279
117777832
15281676
155642785
50152441
26424123
22831059
241207373
15394954
10102032
76350004
36654245
48117116
18277655
26778110
19658173
23712174
190328374
37920978
32506723
15160884
84620376
37094727
24183358
20209807
23124635
19407835
17800215
18030431
193794406
22545491
15751083
20467163
18811140
19926675
26051676
19929362
18217624
20796447
76452765
16358097
29898014
229966028
29257094
52140667
243797058
21348880
254082173
34022952
249288197
19091173
14437914
20546536
48388417
12612432
16989178
620298978
78403308
15731751
239871673
24773493
249219716
229197216
237781383
299883942
248699486
7074742
975200486
233737858
76649729
14901312
19612749
1252672693
20323539
213634439
759251
4119741
20182089
17629860
16378486
22799750
1652541
628559456
16405372
418991627
17074440
14677919
191477653
18767699
28195764
9252212
25562002
16032925
5741722
11856032
13850422
133439172
963480595
21674267
263758909
18632666
202206694
114896223
266133081
291756142
19726613
264219447
262756641
73303753
600463589
221162525
386092483
20281013
555474658
88784440
18805644
23620660
238177562
1096059529
229592356
147649517
15075753
259395895
18978553
87063281
15399512
18061669
22771961
160561302
21251668
20378448
462104542
234906311
11771512
76389524
98543618
74820061
9624742
212262370
55329156
216881337
15938122
41019773
1244870785
473118604
31285973
1244303059
1244071434
1242505334
1242402822
1242323317
1242300992
1242138078
1242143737
34308692
18873711
1055907624
16150136
574772067
26528359
1060487274
116836560
238251587
15937952
1080509366
1080844782
17168586
454939537
16256269
16827173
22703645
237348797
175527475
26653478
23080711
84688462
137407124
240385577
147711469
219010139
137466464
23410991
15458694
39155029
15428227
234837632
27676828
15985455
21301933
236916916
19107878
807095
22508473
14275291
18646108
89820928
432766911
116832720
244268646
27311044
136250134
15856366
5496932
32010840
161743731
1058345042
85634177
40116885
20733972
21612122
9508922
124224165
113420831
34157818
1092979962
18614130
7713202
5357812
19739126
18166778
11134252
9300262
21252618
136550204
343041182
41445718
15754281
19268706
235251868
339822881
14287627
288308178
133872807
272542662
278145569
18963809
70799725
20879626
54412900
234370900
219429281
234128524
225921757
143798379
209792690
69086398
114388293
107125748
35218566
21313053
27744185
5988062
196168350
90484508
80628196
20094138
83603750
18566912
41634520
15745368
16815644
130600206
65391175
35195892
47975734
158558380
154591966
35474809
15210284
113047940
110445334
108617810
60984835
16031927
2467791
14738157
301549400
23970171
221792092
114756202
18805303
17539497
69641276
551195347
168295477
18678924
53997404
14246001
126401831
15210410
30313925
78623653
76392970
10168082
245412130
14213413
51241574
352534407
43409523
207660339
14344823
15922214
35829796
78369108
224391627
239964567
75367781
16424044
234573331
18916432
20192403
12788332
17976923
16056306
960696949
733751245
135575282
15901113
15931637
12354832
33222598
23911915
21787198
90077282
166235477
296361085
294728278
14529929
20608910
428333
3108351
15918708
17112878
28176898
1071900114
1065995022
1072382221
1060370282
966442267
1074101017
21010214
250784170
6577802
23779000
21572351
33750798
39308549
50325797
2836421
3135241
7702542
1917731
27901418
110545675
970574604
16164327
10691752
15675138
88028631
15289825
242360090
109280446
798223170
326929954
126171100
237763317
224294785
154172127
15600527
16187637
976969338
1058807868
14336929
16160352
19394188
20402945
1367531
56413858
23976316
18693720
55076952
935033864
18891923
15207668
252819642
1045853744
20015903
16874341
42924141
15513604
21269970
