191477653
14636374
718846070
17881467
13067732
14007532
516880804
1209603403
360080772
11125672
14075928
453319164
17011177
23818581
1340093874
97910289
15946752
242836537
33983012
16431311
217083195
14677919
217454583
59486068
16955870
3044993235
14335880
578650970
17061263
23664429
20952222
248495200
133388615
28172926
632343
717313
267854863
2244340904
22843337
18805303
42692687
13058772
7745472
20571756
21252618
19186003
1636590253
155585373
106494882
15939889
72198806
476256944
19418459
110899711
189129306
20593217
15640533
18993395
1111063441
14073641
19031057
308233424
24133713
351893585
27052147
15689503
14676022
124237063
426909329
2458567464
26757704
17601418
20867568
36771809
57625403
24773177
17451742
203158279
17119688
14615871
80628196
246478393
168264219
18713552
20517132
165998897
12354832
158831815
77017567
28181835
15463486
114756202
15066271
136550204
16539929
6577642
972651
275686563
14372486
18164662
73147282
14885549
819800
30261067
1531521632
787373558
2890961
17869798
450941680
133947893
624413
380648579
30249306
20873135
103018203
244655353
11856892
5695632
2836421
1020058453
13850422
11856032
16815644
247334603
1344951
83922884
48004505
17346287
8161232
2735591
9109712
233783568
19407053
7684882
20562637
16184358
67358777
621523
28140646
148453195
1206227149
23484039
18935711
70837868
164412502
48144950
174887592
1134292500
14511951
91478624
21612122
37557953
21800063
935594107
26596727
45399148
85606078
4898091
18949452
17243582
40302336
7380362
7744592
1058520120
21111896
58550415
463132556
17134268
1080509366
11856422
776664410
78369108
788524
87818409
5402612
18812572
742143
2097571
28160998
1367531
15012486
42958829
231510077
1072453910
1083448909
32441546
1058717720
1074129612
15587500
1061669604
432766911
19268706
14499829
16616061
44777959
278776049
2584338948
110004599
169963553
325830217
7563792
25390350
25098482
27860681
17899109
75069067
22162854
151106990
63262233
68999404
53929374
15113565
1064206014
17409240
14625398
16613128
166361173
950783972
1071102246
995193054
1058917562
18665800
1068499286
19658614
117662694
17471979
14505838
16187637
18873711
454313925
73181712
14342564
19658936
17629860
16669075
15647676
66369181
558997164
119784462
9624742
14159148
158806099
17513304
2359926157
43415759
749375898
17525171
252296570
970207298
18783905
19362341
276567401
460470940
1074518754
46229272
1715501
16565806
44134773
21862217
388468632
11855772
407013776
18277655
531627880
91180720
4207961
20348377
1286312880
86141342
15846407
22650211
76348185
378848483
18812301
811350
267921808
56440142
142721190
282735852
309883487
937801969
1074480192
24484939
15993122
14517538
233842454
342803375
105925025
15007149
19394188
19929362
394741838
949934436
18829123
5357812
6577802
15399512
47020338
124224165
5561412
104615577
34274380
1339931490
18891923
111375336
22508473
389759292
26637348
12788332
60828944
15097615
28176898
68814545
1061385474
2303751216
1410590874
432676344
33662892
13787352
2347049341
2432248968
146569971
15134240
20609518
500704345
164369297
1051127714
240812994
39155029
217550862
467823431
997684836
17001663
1209417007
479872233
757303975
6519522
16340501
2302163179
1339835893
1707321486
2382117350
37710752
19725644
26607712
14437914
9507342
77032777
1585964245
1393155566
1060984272
1090002997
20002401
23593446
18909919
1080844782
153919023
1604366701
43920155
393562221
18580432
243337600
308573576
946511857
2209542872
19738268
31534918
2260145645
2260619350
2260197309
1394399438
915514734
21795874
615443591
26886095
388297236
303861808
158826094
942156122
223468552
221792092
116748080
78138151
138346220
159582860
41764193
17499394
89820928
570289891
18776942
47954642
997285801
47438401
1615463502
38543618
9300262
16896007
151444950
369238541
16441088
158426909
182503471
75052666
45671898
330592913
314770217
49698134
369245377
97474887
409456907
140872924
254117355
205864193
16162149
54208274
238259855
21518962
97503010
44196397
16125224
19734832
2425151
85131054
21228708
79743108
92079350
19107878
236026761
16314506
16248895
1023020557
138479037
9532402
118199605
250492272
222622640
14870670
18215973
16261627
20682289
58524428
15392981
17289717
17006157
13524182
31122582
16017475
18622869
83932732
16664681
21619519
50325797
7592642
161023696
21220931
103087786
17625154
16245822
109025212
214687419
14246001
1151251177
48742856
26792275
28785486
77092809
51241574
14173315
52069825
15754281
224691096
460339305
144636479
15640950
456808166
154909422
208120290
278145569
19719380
18036441
20015188
10069612
37920978
15159913
19824059
158404672
10221272
49325537
289072583
25363239
17265327
183045085
14705027
27962143
785414496
137653491
19999626
1160294598
5746402
1055907624
17503180
373065761
1330457336
16930125
192955168
1285266390
1093090866
5502502
10087032
19185333
38349184
148491506
48802204
98734027
176541271
32010840
9534522
14139811
20568127
27901418
15808765
498991565
224320485
21983925
19506790
575658149
44873497
816653
65466158
14328118
15652540
14292458
86697288
7301572
50731463
111344013
198245788
93957809
108617810
240199983
596661417
18730427
36511031
12733642
19089116
7713202
716564185
242555999
17494010
113420831
119610949
35857659
260786984
176512266
44295213
23768237
80173543
14515799
15935628
110541296
30929600
11348282
44783853
66369206
16789970
29501253
123755161
14049944
543742007
36261323
418256456
17819642
137490089
15519544
267938462
249021999
23600262
18021517
22509548
80612021
25146248
67461504
2249531
25118278
15519999
200685966
110445334
5746452
1045751
14437600
263815367
115979444
119250381
227341953
17220934
234014087
50452197
14936846
169276941
384392601
292990703
29293808
216503958
168502762
85396297
31611298
158398519
153944899
193732179
242892689
138770045
34972633
164007407
132201224
148570475
345448451
329913473
40057701
30912137
173321172
128288109
18343801
18137749
278384831
85615231
15852861
78408666
106473094
25562270
76558778
291484364
30354991
21157099
7136152
19173519
10433782
20173468
16949403
14984637
153483724
236511574
15361570
21406834
15446551
249795093
15442036
46773446
14885540
3335531
813286
1917731
263884000
13058232
34638973
36686040
16583468
31801993
107545479
108376246
125445568
88806753
28599820
29205600
21122578
40277246
133832049
30216513
161411080
239949176
248735463
38254095
24913074
15109378
31532808
188019606
16317567
50777767
20280088
44976030
9677372
23803388
23359675
69010873
24431892
13493302
14940354
48075643
96195724
46241234
15923226
15210284
116567967
18966724
14276824
41909059
61214433
78421007
158007643
14597239
2053051
10952962
43963249
7356562
30313925
15764644
140519774
22012091
15918708
15210410
15922214
17993906
11347122
2467791
20245775
759251
807095
3108351
7905122
5988062
21982720
17074440
1652541
428333
71294756
5392522
20608910
12133382
16129920
14293310
15164565
16955991
