106743797
2993346811
15492359
160946337
19846812
38516217
227042554
475298325
181974700
10069612
19784906
3232145409
108993692
1653246264
3279398308
12859772
117110593
11856892
494217420
281593711
1169906335
458717914
158474145
96497966
46500983
551195347
42692687
15513604
41621505
19214968
15210284
53074049
13952832
16550142
103577017
14275291
1604366701
435302260
274060651
1324388090
303509036
26925838
2179373269
246769138
78431501
599202487
18458348
33051685
14293310
15987296
27991868
1689054775
1243902714
97474887
1525816070
475286355
16145248
915062167
182503471
69193833
58876537
75052666
18622869
74182289
4207961
158414847
158426909
741007128
61947699
16158049
352610989
16129920
86228300
91180720
1367531
14173315
1652541
16955991
14246001
35773039
16385521
59238101
534418964
109349539
467689865
15883600
33547787
191083642
61598032
22841336
138079709
67771614
172891009
16930125
34907868
54322823
40168326
456040944
32721368
787373558
203447508
43939434
22548614
16382611
63876964
44707975
151498520
18060355
16472929
19722885
34034170
44609264
39482914
18156714
43595290
31014599
203142118
40963655
35195190
2462162263
238372144
207646481
378360081
233565823
555179519
16196492
379472193
1347119180
24432952
19216998
2349059168
167005689
208736091
18482836
190360266
32429074
1307544762
22240612
399571556
140286364
237539364
33741541
13557972
56440142
1923451808
1080887557
38332321
204966625
468640253
46391853
411537209
1944099128
59448690
12296312
461243735
34274380
209036391
67881218
431233028
364423298
18587457
80366372
48802204
16082637
605521409
59884592
42389136
269063855
151082261
2285719555
153149305
1405337395
21222739
66857305
28796289
534502376
357466934
2272531993
22650142
1920564408
2283622669
1531521632
467823431
235263579
14269598
296866876
36650255
347160044
379445996
147029860
19948202
18966415
278776049
73238146
209410773
17961886
17226344
1093090866
2293707530
65626531
286506215
279062284
22050991
37808972
492284527
172765678
180884045
142425209
326854490
488682530
471919461
17292415
20697719
22697071
110911027
59244821
513828933
36414122
226222147
887971578
251631538
51241574
5392522
22829664
14511951
1189844166
1564412066
35777497
40606745
22186148
524953735
74783452
23944163
17074440
50325797
1917731
93900030
16440677
257148804
271166689
124899007
177586079
117471545
417411139
939091
508887010
256356860
413422813
201461648
508907432
1074263528
72298145
49652079
336095075
92590149
23620586
96198815
42934378
71269790
223964513
15803865
52174970
22952755
302179514
108782335
1202269856
20407845
481765965
60971744
51136977
1151979032
445389973
15470354
24922208
463341372
1152180456
1623216986
1967475870
17466186
21236680
38007447
224644986
388647439
85978809
36846192
15649433
43038546
28638176
1140648348
595693520
64645458
18315720
1957168724
558237111
16747286
459481248
106597684
36559068
195322883
60394967
226299107
277641260
202227838
19243316
77298008
71736265
137862496
256994452
1017637447
1603419038
74606868
47521312
11771512
1080844782
16311335
32780218
17994199
250430268
1046956008
20709243
21220931
464178449
15808765
16789970
44873497
7402662
166252256
402116331
16613128
601188656
980930306
1339835893
362523276
54540515
73108054
718139268
17539497
96405362
463132556
1330457336
19063753
22685638
111045930
615443591
17910554
577690047
43613256
244698203
506221377
22891564
44134773
20619444
10086382
370435297
74042148
540512093
15647676
172367925
246939630
20009368
218142599
95506425
19186003
158447714
43821237
14007532
1241765718
123658310
26545777
584069282
584094362
1074101017
23717390
43761472
73399452
190750655
20717689
89820928
15918708
20608910
17623520
19743955
9532402
31128529
22547261
483034344
184826835
14327663
15923226
246357149
211901075
19118802
74294786
52052011
10126672
22831423
177321850
28991252
217966685
18172905
342491385
109446583
105227702
32278753
41031908
48213517
18646108
21684013
874916178
12913542
19427811
459621192
20776497
145826279
43819189
54985840
103949895
921236071
328698237
49620730
761783018
277802755
27934053
16635505
309179871
19498091
20093641
21105517
15441965
13524182
303924785
714811598
40518949
342072272
240024759
16250929
242944499
193308269
3108351
151963505
15922214
44783853
76348185
73181712
428333
807095
131144091
113420831
9300262
18829123
86697288
55355654
19351669
5741722
61206798
33530012
18778933
39672950
66369181
524409922
344886309
85036523
22412130
313892658
277540751
18169786
366059486
134932809
84638869
235423765
275373432
350370882
491382373
28433075
81025913
359410456
398128213
414842128
238257360
456027324
456051975
38426752
405901380
19268706
82167518
66386087
24165761
15025625
42646093
46118082
222622640
11071302
364967265
54051636
156969952
139824715
9109712
8775672
21186125
18481050
19658936
20430077
17658786
78408666
20179628
44777959
43920155
49706919
14615871
17629860
48398586
14074515
76091017
33998183
18038892
16669075
9624742
44615672
22826294
24752484
76936279
20437286
14287409
14505838
78138151
11348282
7152572
61853389
14616022
40300027
54546430
15170346
36719281
413223602
33576489
13491312
20002401
28582749
25781141
19918558
16583468
39249305
20545793
22812434
47412499
34638973
15361570
7356562
22812754
14984637
21312077
19318314
18696134
63169388
75124560
125445568
85396297
18909919
24195214
109025212
34972633
84119348
92186819
108376246
111635527
82649553
107545479
29501253
36948268
115111016
137794015
88806753
28599820
50452197
161411080
24913074
30216513
40277246
20552026
31611298
56864092
132201224
46016028
19891734
22669526
58928690
148453195
137823987
150724371
70526457
112740986
158398519
23600262
162069635
140519774
153944899
48086014
156333623
242426145
193732179
242892689
239949176
227341953
210926192
236511574
24745957
249348006
168673083
221792092
111635980
29293808
22523087
245516606
234014087
38254095
263815367
78445977
267854863
239905257
33563161
21406834
258900199
232992031
292990703
291903997
292935209
252249233
317226055
82453460
227088228
153919023
339852137
92102359
15954997
373600871
384392601
40302336
381152398
155669457
310310133
442824717
432676344
404132211
479872233
516880804
581141508
245451804
305216911
14763834
1025521
160561302
227841653
72100567
80612021
114547989
49995864
172648611
19409270
72333026
250495841
16135106
2467791
14412533
50779482
40955044
168295477
347363510
351666422
26229230
104831714
94196663
23126875
17577931
17291393
21619519
254117355
59556426
169188105
409456907
54208274
48847011
2836421
330592913
69688780
103394372
18082218
76392970
44195577
105222107
98571399
18195237
60919240
48200611
254189414
14663088
249441364
151134437
67689103
16116288
208692908
351099770
17001628
201475138
202348055
75263172
356291170
35639994
18137749
370222416
16032925
98731480
30964035
299384990
286202010
17880546
54885400
405263501
125984383
70556567
31122582
159103207
408027082
80628196
351691974
45724718
47017319
255526509
17345959
274229920
150897329
238706098
169924483
234101229
90658031
17068359
304531208
82146004
263152070
15395998
345018190
14857739
240812994
19312262
246871490
486283641
56704119
398269985
41395061
466770409
486657912
21762137
34024024
24584915
102716915
8108132
43362959
19392245
115979444
384913290
250065012
27151743
44177383
234826866
14135426
325830217
22269570
300403155
28602948
246088673
119250381
133832049
249410485
237770636
153486399
23995748
15675138
260845829
235373000
168502762
288751432
36686040
138770045
163570705
252786721
161791703
275121545
11442512
130844286
64715016
35830540
25110374
255689004
29450962
58886669
37269037
19910847
127907578
14377605
23628021
163608446
23256605
27251427
12673222
24539426
17544524
234812598
234128524
212262370
15985455
193872188
20444463
216503958
30313925
188019606
37029151
17498103
14408705
16285710
24710700
16640775
43963249
233783568
7713202
22012091
15764644
813286
