2184908292
114878541
15654561
32493115
2291474432
564136445
1395674798
43047693
543637744
232096667
316389142
34831969
36948268
2695663285
2207588833
1530850933
1393155566
1536791610
2513131207
32168593
28143682
292549803
62566884
16801671
496351012
22871598
395379436
34083520
16684243
97867243
506375545
221792092
479872233
45690330
313377740
59238436
119784462
16424044
1262362578
34245699
157082767
2260197309
884648252
12594872
1137425888
2651126504
97219875
36764306
2930635215
319783568
14811485
15195011
16930125
357161397
19739126
90772723
237426287
69279164
277160419
17961886
73238146
11680962
175711277
1305596696
189321763
14286806
1058520120
787373558
28585586
210991053
46176168
205392468
18746145
47409216
14857106
17045260
39547159
1604366701
14815685
120518554
386135734
17224076
227418209
18532867
120181732
14197213
127938785
14471411
16413730
33989747
11204932
142721190
80654397
24789175
1206227149
16652950
126115012
18702316
48458507
805045772
277852504
241182254
211353056
259604287
16514376
25119273
606322482
18285058
115137185
20107488
21680519
40804860
493559641
133857739
2384043097
104914594
479589040
20116658
1452814194
107508713
549639278
15869803
136055810
17526944
14164587
1375790016
836575375
182768021
36801044
419799133
72580655
5784002
22047207
21325553
19476868
22284908
343507902
1117357087
19186003
214245942
248098761
803395992
16064359
60760196
358279127
1120067796
522771576
224511378
22992724
59575936
95487176
44640029
361868777
418010598
35766606
1883847128
19935112
78509074
146250468
21346365
1090541708
159582860
82689705
38036043
199784543
93764696
41225640
599454226
16012783
16226071
182905962
46431694
15723290
62639813
213419797
96167997
29442313
63262233
18415109
28426328
151106990
1089488761
15510768
36939444
1410590874
40376202
708268567
35616518
386126660
27064383
39534067
25579749
24276260
95759431
1428670028
30576155
1444674025
19608654
47427241
19669048
16529160
2431125427
19612617
17396242
30560621
481599368
38232102
21882601
1901619300
974166224
140503772
89447929
385501481
431429137
41527198
1548158070
73227365
176492619
198590202
533633603
388990656
21457289
398896387
489475164
342863309
103087786
78369108
393815471
415741675
369602017
15778911
898274095
15680885
22168705
124686992
2290454264
18646108
410492166
35803565
66486777
39308248
29845042
422105513
120559456
1631077226
75639698
21417247
17004618
889112760
902274486
93115683
85289376
21628223
16673982
613148671
788982234
26637348
239194613
84957890
1064206014
62569303
388954650
1447826125
31859316
62831904
12296312
24926288
2273448234
207697742
227139868
38034274
15637549
735180006
15741618
2387244938
31395001
196201414
2344303860
302881437
56221033
118511128
394741838
10069612
159206801
292575976
158467611
91398030
17494392
18463412
867504295
92088629
268476335
16193763
96675300
1725621085
198251267
15250464
2173418911
40160212
610367431
125734009
12272322
108653971
236928968
17544850
11379362
164412502
14437914
10003742
216173948
323491468
171171584
15446531
220183960
45346408
79249267
19418459
16580993
21316253
65163785
53173353
374162887
30616322
26819088
57909153
199182167
122174004
22999611
249700838
1615463502
18007213
18159470
21684013
1096246460
19729101
378193079
67725628
91028731
1898989837
501042325
1967216306
339529477
453319164
242836537
93761782
67144973
55667299
65075704
14055301
16834046
14625398
22523087
169203819
115643685
84459364
183333634
1178700896
21918310
20150502
1375289149
23622299
119784192
335996055
278783090
22197058
114050808
92368299
30249306
256660882
14463848
177211481
18344398
313091751
306451410
292419266
305766631
1061311952
339802641
12133382
16228479
76885922
18149456
41124675
84907773
19677939
19168381
36426516
85823991
18344597
20420218
22789766
16405372
15762708
43920155
15931637
148868647
198642148
37504289
7429102
262261502
28599820
587725632
21870081
46733238
16302354
142849883
558769636
28602948
93069110
252249233
18172905
202049626
25043753
82649553
22812434
151963505
14293310
46016028
63169388
319407522
320325866
974778060
113185811
45962646
14772957
262913652
5019301
26191204
27741278
62642792
21817105
1117891674
21630899
31191044
47098558
95697765
101043870
369068622
1003011265
23845798
256113470
1111713644
412613218
112781504
35081240
22053641
506017328
188236348
292202841
54989959
12762342
20295222
22083949
164007407
357648167
24737373
19554219
39583089
132278386
115733549
29293808
449292219
59896901
22517990
61285110
26326911
15483390
14984637
247334603
24195214
31611298
399657624
14852536
1392282998
281593711
14062180
70777583
13783982
104670608
29450962
19658614
160977594
25781141
745193748
7356562
15361570
1339835893
757303975
268977526
255719070
33660256
15458694
32774989
58115655
138770045
234937222
512018546
774651668
17304848
585041595
312134473
77032777
109025212
31801993
339852137
348061274
41488578
30546915
246046480
196373876
97030002
369238541
44615672
122414359
26390322
41405412
282282694
24112747
26278266
21114659
16954241
18790963
50406326
19784906
15766082
147666113
48906364
330579721
30550346
67378554
33600887
148878245
195826487
1131914600
46036031
17910554
606484175
369922783
39515894
829713356
441938188
16249259
48398586
518711149
124262490
62572984
41445718
14695985
45436858
40057701
225215930
997684836
38516217
529540495
33015929
247552110
3554721
18713552
34113439
302180062
16115979
1120121720
161023696
312103210
17900666
14328009
43991523
188478027
874916178
87063281
15909372
104634497
55355654
26668729
242426145
15954997
20545793
17539497
95997861
24795283
18243846
25101704
227036687
15769327
22139417
41230546
39308549
4207961
118828764
158426909
23080711
28198850
13192972
15758330
19994116
1009489969
59031230
164519378
364423298
1106501
239949176
18080729
81876077
64723403
16348549
39250316
24959108
17873867
11695602
976809229
18812572
17856665
15693143
1140648348
15292630
72778798
1347405487
388297236
319989051
1330457336
14755492
68999404
75069067
257104655
36240331
19794312
48177456
37978773
22633203
168247706
160561302
178065733
29819203
33983758
35356736
18137749
30332995
74286565
16439811
21946258
72638046
9640912
42461804
17222069
50967869
16480721
229187988
80163000
62655937
96832185
19928374
25252261
26596727
14296688
17816922
256326537
26266511
227727713
32636643
18482122
15034454
99170275
51185339
274898227
239629938
19045025
718827319
73310442
972422551
123290319
15337154
152866991
403881495
17135615
16500799
59496879
25712580
1281405877
75606439
469737625
198317044
43943037
14226882
34889448
21314814
20192403
2402841
25217965
33933259
150078976
64777426
118756393
28959225
230020805
224285242
23915210
200542610
236221098
57625403
140457196
393562221
309944747
44763075
23369246
1360417214
18021496
17341518
20522684
249722522
19915362
57768217
476256944
174383369
18873711
115710058
69231483
169021842
217284148
242926427
995193054
14135426
16789970
115979444
21891237
31128529
1058917562
382129509
221577741
16584894
61328496
172072327
703775612
27681163
1342861723
1092979962
160534735
369245377
33919343
16637144
386507775
1080844782
246088673
15324851
117501995
48795600
89047314
614542142
240840748
18167574
20109439
15603311
11859822
106238997
20286125
133872807
110047097
48150931
21927612
21228708
211513469
242015951
17291372
18480494
54645160
1222716350
63913111
619571733
145036955
161801527
21926374
238235303
27242124
85748988
178228740
368992130
46817943
61206798
5255121
77276836
17137628
17051310
78434469
27050469
20817033
159883260
18776942
13798892
15876379
88555029
39383409
85365067
15724082
12245632
21361624
199567542
15007149
39389232
73226803
26083271
17993906
961829252
48802204
24167314
46727968
107103426
193872188
402029058
1026394806
18510860
18062553
39580052
69091913
1055907624
62880287
32673051
16041234
292990703
318636234
404132211
194113254
20002401
110823581
48042794
1093090866
86776195
17171111
14074673
153919023
1037321378
47412499
1068499286
258900199
305216911
1055730738
13491312
158398519
16583468
85396297
24913074
24745957
78445977
23600262
148453195
22669526
248735463
36590105
122473311
16735575
22082983
19254781
22872574
14326765
19618409
54318184
16159245
109944769
18758117
111635980
1077214808
23493483
16374818
37795851
570249873
40960328
575766234
113746263
78078404
288821637
36771809
36816812
72198806
82529487
18794416
61042081
544550942
56818889
825687307
1058717720
316994994
224320485
193441812
259878262
35773039
541329760
17139942
20209807
601272568
32007346
46525604
201802474
41814169
27860681
20596281
50393960
272019676
36670025
761783018
450941680
329746058
25360971
21818737
50690628
23865382
28652197
19387386
63786611
82649797
377528117
25372825
23642374
153686456
38700882
19608297
193732179
18999188
112799271
15689503
21619519
314216196
76707744
36907418
84426342
14074005
95968977
492587762
526843552
523615208
70732225
15385334
22089567
442198956
17447650
158414847
22642788
17472309
115504029
374252801
15898181
28622607
39342600
602035691
167168396
63004503
491671116
164839196
11856892
16028241
18691048
106597684
54885400
212320989
18983793
115111016
242892689
48149896
253126912
280548474
56749127
17216519
259403099
21925979
141002960
227837742
381152398
26538229
424255011
21313357
291903997
13393052
17899109
369505837
16581604
83901492
148565166
14377605
104576097
305620929
23794763
213182436
18188773
8128442
179977881
12137172
16261445
23566062
44935627
26548315
208295776
233783568
232193350
192955168
44873497
41655821
16745147
116324294
20437286
334889455
15368404
103018203
19038768
21312961
28667285
136337303
409486555
28103693
21224486
18058963
52466789
433381062
180454641
17640040
150686538
188019606
14856348
59545968
15184616
43963249
19782176
7004382
62547887
16567922
120176950
16613128
104843166
110541296
9109712
9855382
14615871
7402662
15649433
16630062
17409240
17064390
15460572
19658936
17967675
19667766
18038892
19787825
17831464
7152572
18528834
66369206
44777959
44783853
14803372
76936279
71279788
76091017
61853389
137454693
187993109
146569971
36683668
20600214
72631996
166252256
76348185
135931182
222666657
153149305
61583656
36719281
49706919
61762853
33998183
24752484
313503779
97465432
135304832
37738073
309680827
43919633
411323665
20179628
76147989
113222894
64248024
19948202
63236700
211921304
108858406
17079233
83645894
30912937
14245881
8839632
33530012
325662031
308573576
23632902
58072910
42061050
93672089
38693456
17911562
17906632
21301913
132201224
314636730
20452918
39524936
93914963
293131808
14173315
16032925
1367531
20109973
407148181
108376246
140519774
111635527
153083172
70526457
88806753
50452197
133832049
89028052
227341953
20552026
112740986
107545479
18909919
161411080
155724750
33576489
168673083
92186819
235373000
29501253
15646174
73451006
17469492
158520264
15210284
28652194
233557728
30864583
80944550
19421806
125436708
31158126
84073162
77816236
36681590
282093902
292656127
131500972
14511951
25430081
15923226
9624742
18471427
325830217
17346287
83922884
73181712
59204932
6519522
66369181
11348282
8775672
19611483
15113565
31310158
16669075
15647676
46131997
21186125
10126672
78408666
238259855
27048645
289630087
79332569
234826866
151108333
15739494
31122582
139451104
272572385
15727317
39853442
19674502
27103822
84352455
21224756
14439302
32135704
65707359
44177383
18739049
14345062
18656304
69071550
20579803
27675185
16407254
91431983
64920301
22796241
53114618
56471377
85835818
202338662
91421011
220517115
14146966
31534140
137850986
2030711
15840095
20990445
17353311
24953891
15964595
55673506
162112933
6017542
30043495
50718079
14412533
21220931
8248752
15210410
92079350
47199132
27311044
18916432
138787319
4119741
21111896
244655353
131144091
5336752
60919240
20776497
15220768
47694175
147649517
52070270
89820928
7713202
59676104
7380872
14268812
109287731
41387157
138479037
18909534
21027715
169586059
18678924
21612122
79743108
18780213
136300373
20474813
19107878
137466464
18812301
23785621
28576135
15764644
21268897
85131054
14751273
18874870
21452604
30340726
16160352
16104258
48847011
222140591
18097821
18622869
7797322
21267555
43147405
22439328
58544943
218982732
15947333
16189392
22878150
16954081
18217008
19683238
137129421
14178003
108617810
807095
24347039
21533967
16321355
15534771
21106227
62323072
52887365
21249203
17070252
15937164
16017475
49773837
80375074
39348261
89123936
130617778
7259302
50325797
31127446
14246001
19394188
16955991
26792275
17006157
14159148
5741722
9300262
5988062
813286
1917731
30313925
15922214
19424182
63246339
14124059
15130900
15160949
18193396
21116401
15012486
71294756
22411875
33514869
15224867
16303106
2884771
21982720
742143
5402612
51241574
22650211
7744592
5392522
20245775
20608910
13524182
6333502
40162052
25832917
14746298
23856181
15918708
15675138
14529929
10648962
10475492
113420831
17074440
759251
87352552
16086928
31198756
22012091
23480460
16820073
16672534
16031927
27901418
76186310
69684767
158470209
116505994
19430999
74294786
16102244
14659030
2467791
16230239
8983922
31560075
14352556
61817626
31464192
16808167
21904708
39560860
34638973
63237427
16148151
11469852
16187637
20418308
14983972
3452941
17965326
15513604
17112878
19419870
22587869
16129920
19842774
