782615960
31127446
159655293
997684836
47893782
191469176
182655444
53222666
177427007
17466186
37094727
117841559
2900828859
1261398762
195885430
15901113
24773493
11856892
117932428
55896443
45876240
455764741
15600527
21842781
52282776
3066034505
2263291862
1712989190
409336441
21518962
39155029
14630267
31138753
18029328
459895889
3044993235
47798449
16753660
278145569
487833518
314205957
18967498
227833259
26535379
234053893
2965083477
2932617195
2987671552
2750127259
237862972
511285530
19998344
234906311
151936506
2963445730
18490288
76452765
398088661
2862577383
2970462034
15463671
1092979962
118245138
263484898
170163241
2929491549
2953713339
2961054832
2953974395
858646280
2416293726
454233103
49793110
2746492014
27102120
18020081
72473481
20436443
243212564
18174520
18611256
15460572
42142849
216506034
148868920
19351485
1539675883
197183834
452521774
109071031
14207809
389028352
213713264
211636625
1921735968
14517538
2852998461
310542720
2834312933
198526130
129879105
14920304
138479037
330921167
78369108
709862005
15754281
16785032
19562042
2274902431
474974313
2312829909
17363477
2314068908
20280088
46713710
17190703
2373080269
67325576
2598847062
292521710
1923846732
16686144
15920374
78728798
1769551
153168346
18501487
93069110
79743108
16125224
12926172
41182253
39537053
25682889
266352128
39389304
2701605096
163995093
389693939
1534279129
564690009
20264590
490649220
36003748
19123791
302083519
264257996
36081439
36451990
740912814
235217558
33653195
640893
205886080
242418441
16887628
2205492750
2510906472
2192986579
21301913
238315997
1206227149
78928337
24746929
381152398
28096105
14282169
14677751
15893354
305620929
19576571
14412914
2541920508
2582218340
16877032
56483220
274294204
12859772
15051061
2364318860
29239792
146569971
86129724
39619445
78408666
15134240
970294999
1652541
242761889
82426673
1405337395
22524448
27703934
18956073
506033683
56413858
54900089
183318041
2259259550
312800783
15513604
275451635
628559456
69773058
20272531
52426212
54229500
520766752
252819642
1499993378
48029066
15137706
16509580
21525246
21691636
34274380
83932732
135575282
2348861040
2463294004
18000662
212674482
138182116
35002876
34681960
344864408
2396376498
513812971
1543964186
484223476
224369944
247852986
41882703
30673492
614542142
2253968388
17906632
47954642
14849562
15212187
234029157
582931822
19926983
16032925
20722363
216036025
82186493
2338508558
89297892
217543151
15745368
240393970
88784440
237348797
17800215
2254104464
22930192
500704345
14885296
430130014
98647714
1444015610
15662133
30258963
11348282
539173785
500019957
562989744
224294785
475294870
845568691
26329406
33655490
234469322
906782533
1134148494
30227658
23510740
12272322
420606434
266133081
533361215
123584815
858177636
222107569
38738566
59130623
255634407
16007460
123282802
1548158070
617382180
83332814
50046202
16867094
1655935292
297946443
332817280
85906310
149688829
1499540461
26458435
91416716
18811140
289532906
24295482
330592913
13171622
432766911
217550862
209220102
1209417007
21252618
14007532
15724082
360080772
142721190
9300262
35829796
1020058453
584012853
919452343
1101907861
433343640
346781925
237750442
1623308912
124224165
271034606
1322558402
27043233
17142019
47317699
221806592
240363117
1077446982
47727972
17276831
803030240
1305596696
1058460818
38232102
1071900114
75367781
221793778
39308549
71549955
15735683
1023020557
110545675
1094018665
16256269
1065995022
1089334250
1327791313
16261445
1330457336
8162322
19808819
1229999568
20957491
237312687
10840862
1072008757
89256736
22051241
88002682
44147447
22819258
110771229
1137600571
213767250
217550103
240760644
32506723
135108504
173925279
78623653
747876121
963480595
18873711
14662354
234837632
56749157
47739450
17487795
1051446626
292990703
135931182
16193222
292549803
17089636
138977055
46002396
18646108
212708176
124237063
16187637
299883942
164461645
22012091
293765638
87585047
352401482
1181134878
52503751
28165924
15394954
838722000
1180379185
28622687
14947167
28557805
407128897
22509548
90979462
1058807868
24183358
36654245
301549400
550401754
425134612
20545835
44951698
15356407
1138688364
15281676
22952419
237418907
240376522
103087786
518644221
259789206
132278386
375250613
19216998
19658173
26596727
461473845
19028248
27706099
15923226
15281779
1069124515
334109367
1917731
22528309
17976923
169094888
52052011
14529929
15922214
209792690
20015903
17902389
237763317
27311044
15794057
243701822
66543338
85634177
20713061
450036537
441900778
790282615
14246001
21572351
227744268
373990589
146099226
26159816
993153006
132036365
23618466
96173926
581901982
49612317
468810139
1058345042
24920395
136550204
114756202
16312540
105213383
519682873
67323898
20180101
8861752
39285566
15974645
90614279
37000133
213634439
16930125
53127197
246341769
15129727
14441010
308497764
15458520
16129880
22146282
317949707
16594675
18964018
19739126
7713202
1048784496
474232856
233842454
161743731
15675138
106514937
593813785
975200486
41622841
18179659
16150687
143214225
18349059
233949261
21684013
23103488
130274805
15207668
15394528
19245431
46557945
16018516
36510873
18697888
22828333
18313199
181987471
133971798
205516735
309354920
23976316
351133674
15973881
402029058
18891923
41445718
544378056
15578229
