1586105017
130597843
2963445730
233761277
61612058
15675138
353689448
29523826
19539739
201420429
68495982
46203041
487675204
312912516
226610237
1244139462
567399148
36426402
267854863
283813687
18227519
21619519
943814922
16311797
184136149
193785644
1426169784
1531265618
2330547362
77032777
1061292174
149577418
716670282
67260856
236026761
42692687
282462785
5496932
78408666
60690167
22508473
15537227
47455155
22515362
27684750
106597684
16129106
19611483
15113565
8775672
4432431
27048645
50652364
17539497
44182242
102455692
21213276
2964526557
2953494478
2953922782
2964949642
56735159
2951574214
2978291435
2962813893
274164368
2976598347
51241574
1917731
9300262
432766911
234573331
498968683
122567777
234128524
5357812
15207668
1065995022
249339682
117856309
50427842
34374919
19028248
55677432
18916432
15428227
19739126
101534630
7713202
84620376
509171700
217543151
237348797
613725908
240393970
1209417007
