218759595
197183834
2312829909
362003869
1921735968
1654436820
2881714149
2439041466
26596727
16930125
35829796
2302410817
1206227149
160962304
2798075582
2707154053
847487970
2457148230
1312364892
2448012164
120631151
14454437
2389274473
49791733
22065251
29130652
2238287383
63174700
33299963
139795202
82656272
2341020134
175426542
414863245
413223602
166252256
1400853205
112737588
1417010484
193729346
93288759
1911111140
254919415
333692333
606412013
2267452640
2364631970
94408211
39092982
156969952
124196924
45663323
39812424
76420529
208120290
53039176
18058609
20436059
20957191
61853389
18023140
60654735
66185823
20065440
233696188
20050047
409319634
108068998
398269985
62927323
37600388
28279957
610708613
36546760
517984098
274596432
1955118518
109065818
2373010903
235217558
15773898
63650107
24539426
475988505
906782533
2253968388
372474781
16045066
476001116
2282187369
17906632
115126477
18163042
1131917492
202816391
73218777
1480408417
199285096
368579179
30912937
352534407
34783112
198984326
28652194
102395990
97953906
88784440
1074480192
216881337
1548158070
2161080270
172781683
82212618
62542253
19670616
1142715692
252383173
33674191
39530539
5558312
1849261916
242772524
518644221
1071900114
1305596696
1209417007
1405337395
18163893
76339393
1896181718
188481249
373583490
15853310
218524761
1053483139
16097702
19576379
16113700
69773058
305189255
373684789
22304914
40116885
18958999
60984835
12788332
1128514404
46002396
351138249
24252611
234573331
1444015610
119899270
18056015
16026732
1325302830
469194846
233737858
18216752
26324609
76649729
231973064
20733972
24262690
930548990
1430692574
321436716
64315578
372130195
49980429
27048645
7402662
16261445
16424044
78643578
26777550
56401482
95747041
22557109
26051676
22831059
851621377
193794406
16102244
242926427
402029058
237418907
234057152
5561412
37920978
234837632
15160884
221793778
15356407
17800215
1072008757
148006729
509726800
15751083
1077446982
14904437
20088666
12726012
1058051748
377534571
26424123
23976316
24183358
17896154
249288197
74198348
22055226
249219716
235190657
52503751
1058345042
240385577
237348797
235312723
240393970
117777832
198526130
132204008
86936187
239871673
240363117
22527499
248850174
18967498
18773159
935368364
32010840
225921757
1060370282
1092757885
51228911
234822928
211530910
368948092
727242919
313719282
237750442
1048784496
1058460818
963480595
497094511
935033864
27676828
314335929
26778110
213634439
1058256326
252819323
236899846
234937222
18277655
235271965
613725908
960696949
309267226
241207373
222286905
402719755
296245061
18805303
11651202
21572351
237763317
1051446626
76350004
966442267
156703580
237862972
124224165
233842454
233949261
242761889
960962340
55677432
84620376
1089334250
975200486
114607567
234906311
244268646
233761277
48117116
10102032
234128524
1045853744
344201516
389028352
16667517
236576910
257229456
234053893
237944147
16056306
240427862
156327895
234812598
18030431
209792690
161743731
18166778
47836448
409445148
17544524
211901075
1065995022
15600527
237814920
993153006
76132891
246341769
24852012
32506723
18811140
1060487274
137407124
36654245
37094727
17198100
23970171
20467163
33655490
236479311
281540744
25086658
1058807868
20209807
274164368
237781383
19407835
584012853
20879626
242873057
19139963
22545491
246769138
155642785
54412900
36676406
248699486
1074412920
50152441
19808819
968650362
233693291
24773493
229197216
1072382221
240760644
37007274
237299871
76452765
33977070
78369108
28176898
237312687
18317325
29766367
858214603
30313925
16256269
19658173
361259570
14219877
253123400
173860998
18024985
54235254
23124635
781324332
36969574
268116640
733751245
34960618
18208227
14275291
75367781
555474658
28833263
6577802
234022257
17093617
114756202
363893602
301549400
551195347
550401754
249339682
234797704
401737720
429965303
17513304
21329888
3108351
313992840
20686232
10946932
16187637
28614262
16468012
22528309
15675138
21897518
233665126
15281676
15856366
12810582
67356654
5496932
21202894
42978609
142321780
19394188
55235265
15116570
23951197
20015903
19926675
18217624
19929362
21660348
30109259
28837048
27711599
20684265
157834281
30944131
259341329
201079432
257006422
184839902
61784369
3135241
22509548
25696207
41634520
38269595
34632117
43271694
67720070
26828846
15428227
5357812
102153763
299883942
264219447
19616327
34340464
285466396
286346771
15987296
236916916
201791908
273712053
288894658
22642665
238269188
219429281
295685416
211420609
153149305
19255171
19257725
1367531
30594847
73396936
10168082
9300262
15103223
39336441
122402427
11134252
13399402
106494618
17955950
30243263
15922214
20713061
95461062
45667610
22636964
38114354
43916299
50328789
140862550
12039612
18483808
156356577
50088038
50769180
70986321
49140008
247723476
51885700
87866122
166608401
231592153
33609668
23258634
13877002
10494822
62379598
19209480
24904117
221447516
78431501
236541422
45994332
69086398
16032925
278145569
17395987
17172508
133891078
50325797
192928181
114388293
110545675
24735461
70756980
252819642
15394954
234469322
15985455
237403203
217543151
190328374
48463400
61515212
19739126
18566912
235251868
34302594
59853964
11650762
20252855
17976923
18916432
23712174
224294785
18891923
7713202
15207668
