3288930469
370212253
21341026
394488866
3289406210
3281876256
3278835440
3374528309
219167751
1389096378
3221886012
337501989
914279888
3279995917
3280129298
3280119300
430748375
3379483209
3281981522
3226897622
2916927350
3283033814
3283109474
2875974613
348259799
3283871245
48143103
1527594896
996103430
3285862543
3286022036
3285428892
3286562276
993912362
3286689842
3287064763
3288145722
238035171
3299985445
3299530698
419361884
3299740254
3299830873
3315866735
3299854850
3278060322
3299925240
2934153276
3299865576
1090586052
3245712463
3300002167
1082456894
2955404464
2682791984
3282848455
3136882946
3274571910
272121597
161054764
18574283
284746772
3260560940
3257012766
3258995148
3261840246
3352306120
3185660382
481314516
68775364
3262778941
3265450490
193996454
263515983
3254254484
3265650684
3265725702
1374692018
3260706920
42923395
3355564510
3254141958
3266670180
3328174061
1137422743
362562319
2575100200
3267516752
2572299441
3154137205
154948798
3166118736
3268542187
3268532078
3268734937
2401112114
3340663318
3269323135
3269322978
3161862696
38189638
480037786
529741366
62467525
3254310571
2214649153
2321083586
614079167
794819748
1206747032
231325235
2352685776
1731896455
3270497402
1354866608
1053706387
36979100
3271143415
3271168321
732194090
3016136272
3271178287
3271295814
260627138
2397204614
3301203537
3365147301
3271483886
3271431318
1159284200
3271510130
3271485264
1271669989
3271540242
15548085
3271814767
3290138658
334933792
2591054919
3271948464
3272103349
3272254670
619248434
3272224236
3272259666
2943275365
3272841667
1325094314
947020735
3367686531
3273081210
3368149199
3253005871
40048872
3273602863
3273669632
38720974
3273844952
601202247
3177249446
2986217485
3274764308
49371300
3274930369
3116944294
3274994197
2187712625
2563691864
3272045834
3016732688
3120942612
3276417505
3276276168
3276711853
2634391603
3368435314
3277554510
1113100778
3277752662
3277792105
2320740853
3277780686
713215106
591494940
3278105629
159630607
146210229
3277911648
3278546072
3278648311
1485494767
3343393113
3278762894
3279032526
3279064464
3279176322
3279271418
2329033743
3319194953
41673027
3286787840
3281061156
1615601689
3278324899
3279315110
3096693865
223318040
2801171328
3225633446
3073822626
200613971
3152821251
38732565
3225322417
3246230942
478204651
34499270
3328094625
2579351826
3296939797
37682575
97395699
3280248133
3207235432
1522692552
26054031
3246076620
353491382
32900242
89152550
2722147540
3293378506
3007091894
2579097266
3281812254
3379436009
3363239073
3379425261
1069431440
573200665
311999718
2295128851
3280962632
311138626
221795438
634168847
3283729994
2883504228
453600194
3284627790
3284759778
3378107356
3284873778
25235555
3285052423
2183604782
3284941244
1066419404
3384049511
49787518
3285445644
3285516944
3285571381
3285630919
3285651488
3384730751
3285661100
3285765619
989065789
2737495146
3285847693
381792527
3285866401
3285827336
3113803182
3285770610
765073652
2944141399
2317533373
3286560506
308177850
3285634308
3286766539
3283650170
3286705422
490556497
3286730316
3286741392
1184000882
3286695061
3386394237
3183846546
3286937514
3286980144
3240020402
3287172037
66918129
3287215219
3287749429
3243904364
3141064034
2393997841
3287799294
3287825022
3287880925
3287866902
3287846090
3287908710
3287996107
3288024889
3287998242
3288108703
3288090397
3288072332
3288074780
241679977
3192571590
2505395521
3286596775
3287989656
3288178554
3288238268
128951676
3288362054
3288521377
3288419012
3288390247
603213405
3288753943
2810241348
1081744910
3288848538
115903444
3288894932
3288935647
553029554
3389676791
2696690365
3289153130
3390010755
3270374196
2381291120
2492374387
3289244300
3289364737
3285811064
3289377056
402493894
3289620350
3289833115
3290023154
3290507359
295969824
3290823817
2439684230
3289334737
67820242
3289826725
3291490554
2903272830
3291686210
3291610896
2894888120
3292074115
3292054549
2913762925
174545105
3293044441
3293121878
3293195737
3286664348
534948712
3294544526
3295901514
3293507911
3293574192
3293877746
3289340558
3294053611
3286776932
100929296
3294432403
3294330900
60669347
195617367
213549961
3295437294
2281135927
3295554997
1601329182
3295789382
1938134712
3295873333
85538839
3295977732
3296128429
3385086934
3296415738
3296414742
563353392
3296440926
3296579341
2424958880
3299085974
3298756610
3298595892
3296580806
2867748703
599322348
3296872646
3296786424
3296883696
3378716524
2990519114
1137714288
3297835130
3298324957
3298162747
3298182018
3298576260
2583577154
2998207450
3298958989
1108934718
3298949750
3192827107
1383768818
3298933608
3298977631
3299070673
2390335484
3299041483
3282035323
338063486
2532682508
3299199642
3294896503
3299325871
3250078693
3299504695
3299598367
75031613
75085858
75170129
75782383
76036920
76343911
76347918
76663193
76684897
77004462
77056184
78400475
78728798
79569980
80465166
80663193
80829085
80764810
81220455
81482674
82379654
82683644
83041033
84100311
85142160
85351514
85859613
86520607
87761810
87986621
88296148
90034304
92119359
91069414
92409158
93069110
93197442
93434344
94213060
94593839
95270375
95273012
95388895
98927466
99655992
100531396
101105818
101247760
101508803
101529977
102658187
104339970
104352678
104908543
105534413
106137204
106444076
106637099
107061895
107246587
107163055
107857325
108171720
109134468
109275829
109921890
110487775
111328116
112805118
113635822
115150175
115505593
116899679
117244757
117460060
118713871
121444458
122792963
123323498
123374553
127791708
127954611
130539186
131277152
131315938
131640883
132241885
132631769
133770568
133929829
134827342
135117679
135215435
135574894
135713596
135991884
137414410
138144571
138299775
139870125
141545751
144609952
145711769
147967582
150726712
153836083
154053152
155634643
157009365
157735379
161813561
163922836
165177737
167087610
167411876
171811536
171920011
175436190
176922637
177507079
177624460
181271937
181272163
182545611
183213825
183268101
183639717
189180763
189244927
191134282
191590691
194599387
196186298
198241550
199020514
199766003
203141216
208163898
212390504
213397244
214641138
215971578
216495966
217304598
217530555
218276360
220533855
224741372
231278352
234087403
236657680
237453428
238088181
240790984
241169811
242763001
243782937
243798637
243840731
244997595
245447064
245716552
247359669
249013720
249060131
249307732
249469549
249950657
249996517
250026838
251679630
252903200
255392715
255719070
255944294
257142675
257540457
257553765
259859429
262937086
262968760
263275988
263696130
265491747
267308226
266136066
267328866
268349784
268362505
269399083
272016313
273581084
279655313
281196299
292936667
294258287
297071736
299294766
299734693
301012485
302236263
303049260
305005427
305125998
306527400
312544085
314301334
318502583
321810186
326369670
326562333
326834507
333517999
334733583
336020675
336130457
339719556
339824133
341924686
342130032
346083895
347276428
351768289
351944380
352644923
353239744
353263514
353847680
363722449
363887554
369089298
369123575
370113964
369684457
372386913
372690456
373437924
375367337
373791638
376327986
376874857
377308500
379379520
381646547
382217070
382734543
383207452
383997228
385052743
385974828
387531939
389017650
394336510
399201012
399452621
400344850
404911747
409462343
419583432
429455200
429685724
429808555
431907614
436347713
437860349
437235053
450577886
453409807
460408325
460470940
461908717
462424772
464854839
466649398
483688818
485766720
486997945
493266463
495403231
496237161
504720945
505246911
509191768
519785351
519806466
522411976
523692041
526633940
526787104
545423953
560376256
569194982
577685565
582473979
595617958
599454226
613714169
616360824
626731023
633166200
633726625
633980404
705082592
713369978
714697231
764204616
774478651
777332384
778365522
788697546
814589791
868358876
871989314
876114956
883187275
886943270
928875973
935171022
946677414
1080504728
1138559328
1170234294
1177511551
1184637614
1201619390
1225954434
1247237509
1280318305
1337490036
1347226375
1378279770
1427982906
1435777862
1634629316
1858027897
1961041837
2282904271
2317790305
2317824895
2343678498
2358244638
2382608569
2395262534
2463358249
2478792504
2530077547
2541855991
2559729506
2561646679
2571084145
2614375933
2769414451
2844750846
3040844088
3286608716
3270101126
1626294277
500310959
322699008
12284932
36748513
207243664
29272799
14811485
286432534
1536811
96880507
2537507303
69066533
352548417
114394116
1325670211
165628821
571202103
20
23848444
151412907
15325142
285900556
437625094
22992995
156306739
28350927
382129509
2436474774
18102647
151444950
13067732
5988062
15521535
388076619
1560830346
20281013
20259954
25334900
2303751216
1060578475
2563692680
21443773
474065017
249949680
18526653
262223982
404831994
140286364
875580120
19570075
259323371
337262250
21332200
2576494052
46671396
14345062
15320603
16444233
18438933
88419273
365934285
44706837
116529568
595890990
331816614
2696668020
22529427
21056978
23839835
11640472
18697888
52774637
52521572
74987950
115710058
232235048
306989200
735122173
82167518
36890646
14677751
16955870
106514937
46557945
56440142
28049266
241201385
2174393299
15689503
55896443
188376042
11731322
254030334
174338995
116630713
278654482
47694175
312189104
879521
63004503
12245632
297556877
266830495
326405840
251627765
282778510
21431618
28150008
167518667
71048726
2340558698
2455757592
71643224
247033019
38429399
56772461
80928773
79743108
1242286285
38271276
89465917
18080708
71002206
74820061
107225267
128301312
1270746139
874916178
16244449
19729115
21693060
22872643
17293897
16906137
23188724
18622869
2517988075
778057
36823
17060020
17026610
220262375
2253786558
2416456668
44962402
76741772
2800694265
17086475
414250918
57288354
3060233565
42951234
2264607355
49058660
492872970
196798733
87827849
15931663
472079320
500704345
253004443
14401607
16071123
19541375
20508720
239962876
426345783
1018301238
36071818
14703188
17813820
123738314
15781389
27676108
89220865
16252199
23232204
258082407
148771088
184860130
16898332
26021583
15919256
20384533
16753660
188857501
14763834
21252618
407013776
19553409
35027698
43409523
15159913
14074967
15728161
3042333740
21313053
7380872
234186830
18122308
20813112
59019225
90486469
16072058
19186003
61220477
114887629
16340501
45604374
14630267
108617810
14251225
4119741
184136149
309883487
316389142
3064026239
21797658
36442614
18915795
29244617
301014412
21879358
21138770
47098558
105925025
52988487
485018010
1888246902
13832182
104211263
112597035
115718513
16311797
125879595
21268897
330361451
31412419
401625957
52112689
270415274
627381330
326563809
90627994
185360823
50073507
21197618
169586280
485083111
59676104
1265726480
15766082
17062849
18686907
14326404
829818642
1198481
69454389
147666113
259395895
147649517
341118458
300497193
37895887
355671913
39574433
47960267
28576863
997684836
85131054
21307076
9532402
60783724
262872637
31037199
24933645
372798788
2603894243
2657143946
369746299
2740274906
4265721
40116885
20095393
13524182
78693573
11388132
277607212
840289352
80617430
1296979891
1083876504
130945778
1025359190
130185652
103087786
229599399
832148689
38630618
22545453
807975026
106135104
39040115
17601988
76707735
40553282
22642788
27055034
18825339
121795745
22313347
34022952
1947265657
705706292
15816595
5336752
301750247
110914578
398271367
217284148
398088661
927783252
16125224
77032777
90077282
39434755
1357532497
2312829909
15931637
906782533
47624589
272019676
133048642
17469492
14268812
114870265
47707475
20742461
15087011
14834340
18451200
18097821
2329066872
32628749
873590119
535459329
2339409145
890722850
230450027
47455112
1548489476
195826487
191477653
250784170
38459769
17354416
21114659
102789488
176450747
291690583
426041590
423631401
357236749
46176168
8834412
2458364053
21251300
35754345
747876121
189129306
19224439
89593573
39245720
14517538
120233868
226453985
36510873
201906207
435299501
16469809
83374478
484273239
110213431
554205029
7055782
563924098
360080772
24845506
587842483
29607664
120185048
132589871
138479037
146167871
261289053
269448653
315142011
327577091
339332911
375662595
282545479
258885469
255347566
168674628
168295477
123327472
119491006
87271106
87584353
85850590
463765807
1483971788
1665580856
21768766
19086456
17890544
17822855
17436250
16172747
15908429
15586316
14480378
14021902
19079396
86129724
17004618
14270650
16369359
218952383
17910554
19107878
135931182
59331128
14552725
1428441589
168684891
452521774
15923226
59145948
1109139308
7091592
14708747
38960144
546231794
132366994
19160709
16686144
14529929
163598915
156016878
2173288309
16160352
17539497
7402662
9855382
15675138
18023647
1534376689
17142046
44513878
229139732
353344542
28652194
24789175
33919343
20268045
237477771
14246001
14870670
20079730
342863309
35777031
22540607
38469386
344360327
214563921
88750092
116550147
69324201
16298130
39408327
498326347
136550204
142721190
170034104
182516029
103084042
18206547
25491788
18791654
242418441
17655090
217550862
222622640
326255267
17340781
16930125
16170253
15727317
15840979
373604983
18678924
