2828644551
2231754806
3368518156
3092728504
2904087022
3319845261
2698280036
357590647
257015864
3215022278
153558139
142513141
2811952723
20238886
17831464
3105498824
35017909
96156332
606541181
3379300685
13832182
874175612
2308701139
3280725528
570270662
271100789
1671288846
2289946922
574681150
318585442
102716472
2885708123
2828785915
402157926
97464922
124237063
68987936
33659010
2371046899
230803706
1642728337
181750291
461242546
3187251123
3199325122
491801330
3187290291
2422479510
2735964572
26775504
3367758689
3341746085
3366350819
3171886276
3345559049
90666917
3202098172
2352982249
102076081
16931812
3355148459
172858784
1267940407
3130170303
757462310
21417180
1616132466
69709297
15498181
405227673
2408952379
33112612
54996365
66482863
1203030007
160034454
948421321
553700409
606543256
1286312826
82387816
1658286122
2610305186
2838678135
74149849
2241759979
2857024321
2800771286
273985196
14515799
288528153
1454121961
131394137
33805874
16561659
109663653
85386001
1688704651
1454285846
331803536
198567769
24010471
2450650044
1206588529
2353437295
2319516787
218224181
1589633707
2305866206
14190722
3106369407
22789766
703376635
347239724
856893973
989522936
109431937
385476820
15007149
2374707860
500704345
454433947
2998439141
170028278
507588818
413380795
595969802
2510661150
2775996411
257019746
351155455
2815794381
1925096599
133929049
17393196
82381373
135649762
40752095
156709456
1367875082
27665755
958020000
884066306
18190582
768824335
774034784
620079532
474252444
19674502
390519752
949201387
56927414
29050436
383967819
529796846
61843868
344805504
1712403200
15400156
164762580
900803971
437776298
476863043
634069219
104911813
2796217720
52521572
300425656
41540854
70475708
283666316
92557448
261031908
14220771
289499706
8861182
67328110
526745700
304646849
24919888
2354893956
191650646
2819127532
3331456414
115718513
262223982
249469549
1861751828
103896637
14552725
17066782
1071777608
2377561969
564106953
2207588833
2983206962
37605443
153213680
369245377
44615672
369507958
1563426390
390320946
413223602
110292100
2577476334
386631799
67378554
26278266
595515713
33998183
249677516
44873497
14921083
82980034
65098181
15945641
267283083
36043804
53255008
228757884
128308109
562233730
15068132
467688550
836936388
217066849
912971347
21003240
900882032
611972038
1247114533
145294977
128205125
63225662
53144577
18455021
497371611
34382125
50412863
1951881444
176919820
615288467
1604901355
2238014047
19367849
14325957
2272020709
1033266157
603069561
262735765
2292719172
1009650000
2321195160
2231660484
190388765
2302128451
2416023048
1908259430
2361707700
2218332144
2321159136
816041347
118828404
1884085596
205827567
17560195
575484591
29730243
1702504254
2493472118
175915792
44196397
1442209033
2546051106
747440275
2314599830
2674199509
291882952
2420920782
220061799
16299384
2838665470
2607617065
2699196049
69973093
23434446
39835516
2176807658
3290070855
43355844
2800442567
296003351
2742047984
2609862686
7401202
18817538
2794746065
234374430
6433472
78369108
515710389
19377913
2810291656
804661399
1908079370
2992658236
65010275
529474164
23361282
356711471
2349024734
84496858
3191795759
257156726
2902718319
172002218
61442211
63155859
2799462536
208469691
747162506
91361935
1979039203
17647477
228172476
3191874928
16228479
239964567
318531893
3344137187
285567416
3342895066
1193035051
17476331
24710293
3305773347
1101510510
2917851092
2967244337
2696351605
3314388843
2936438836
2977083957
34402366
3023189840
17025377
1180274570
382129509
47030284
2466389598
3237291205
563915146
733419920
474160591
3306976575
3016580472
2803600969
620072051
3305110005
516566823
14708747
2511408984
2356554854
54312575
21312077
3236472713
122494034
1536791610
98679122
1927544942
436216881
367142462
1250425616
65804986
43955137
1416440089
20601125
196217937
214235089
3110161923
193192769
554946277
1658197536
2396535116
269814937
3152321889
59216679
49785556
2472688514
15380919
1080666830
3149363291
3044618818
3144230433
1016657714
873775579
1004120364
16450873
576247251
278131744
744954361
3062798644
22458458
2326061460
50095442
2349007866
1729139232
20258816
819528452
3174168412
619648551
987075302
19036037
47408390
53191635
20274329
19719380
29857611
225597779
189542963
47400058
860101932
234995729
96074096
74476981
211493469
3151995730
3156995968
3157665969
2257001719
3162076439
2371356468
45604374
199400127
2865836026
485805200
1596600667
881344351
28796289
285213249
250932541
2962125695
3045018928
1360230061
3060198993
523866499
2309918829
2586171206
1647882102
20057696
3044067194
2925046973
2246519285
19498167
731034620
1737558654
3108783369
74159770
1379502882
493403104
510833827
166156882
2990221895
203117318
2967119237
67973892
2967986969
448256206
156388385
216356915
2896002846
168769727
3095493190
3095267411
58824630
3092839714
615509819
2182822646
16263124
1473247921
11379362
400124515
163995093
259861738
3025619051
1362298652
3063978820
86422791
52585436
574572778
50072134
3073188551
23774529
214607487
109049934
103018203
718523382
423746143
917165125
330369516
481439919
1416857629
138030093
29516218
243523555
58487610
148771088
632391702
15602091
454123949
2453488513
361342191
322603418
26033768
3011505049
915664176
2867786362
16261445
3056212698
1120828772
15923226
613902590
532808293
2353621614
2398131552
2158890499
289986946
364423298
148491506
736056834
344229551
2189604600
1232850504
2841292312
2927403355
1705411321
120924975
2842020503
2961321445
456737435
2981592346
3031462730
82108123
611902927
3044729212
2949452423
3036764877
372991483
2591576904
287650504
2534051419
549329477
263739915
2992715315
3015204455
887021094
63151699
2422682343
1548936757
2747093228
18917310
57740527
44988185
1696736372
625636678
164322849
361366446
215055148
2935384836
2760734810
1691106248
1307544762
3009656211
747876121
491609969
25430081
15257684
15941955
2360292853
2990046887
130788065
2530099938
2436242988
2973690675
783515288
2654695950
2972407522
2888841860
1329361256
2842609205
509237535
117516938
2936590963
1630730012
2866299297
126369849
47954642
2168880468
317980134
2937548148
34895713
557763857
44698485
67212947
1169950790
2392710792
2814264934
987154297
28348670
858654504
2312829909
104628179
2905184920
2693558174
91353230
110420252
1930808642
2789742840
765849866
2899897371
17300700
2875331592
461720085
2876542499
1129261458
2898969631
2873886310
2238055830
128645212
2776817201
2837661305
2678043187
169971670
412581504
57388864
1854668726
872267179
54885400
1465506056
84694815
164075542
2500954851
2840137997
2789840154
545405455
2717154584
2819811148
26826105
2854721917
20551190
575501005
2830369790
716891754
160975253
2815633840
2844288210
39753738
2571582085
534326362
22196902
716564185
2342417760
2260619350
2209542872
2260197309
912867764
2398276105
292756610
2161379082
2744000709
115086951
234554882
284649447
2600108370
2398819873
26233068
2803946972
266352128
2817548196
353599161
39785192
52426212
1691394259
115458798
28172651
1531147105
1225554055
201815605
119610949
842670792
20945693
15726199
108416848
1018311756
2737744648
50715793
539229153
1641627602
2712346315
1345223876
263718906
2562155644
298098634
1262866952
1693782354
373501266
2438593230
23070306
34755069
2729855904
1560311227
2535508339
2397606757
575658149
582393270
2471797856
82101056
1342216938
28979249
287842471
1873029986
19658614
222666657
2342159376
1852274412
2655117080
2272531993
58561694
2284092734
382181137
529724032
586721428
2712843274
2654569873
2646267948
2651243545
2389665895
966930084
557670851
30929600
15444361
277015539
2327677802
2303482920
228585195
369697377
485899798
515749733
260396714
271024433
1126974986
485166862
27988402
958612460
479610380
884450100
467803641
2268505141
494409208
247096313
116387085
1653166393
2293009039
17922990
39811240
2265690837
1852081291
2422866847
19917936
45985317
632391390
745936824
360070414
86367894
500145575
334681847
612642450
24816848
31443601
1674223194
1676681953
1736662039
1705534724
1733385330
1849285620
1849195512
1411311404
21918310
14062180
712627147
1604366701
34323943
18407246
2264941554
47412141
2250759204
2205787699
31122496
333542295
1586174905
455795533
106792226
2501080536
833710154
2332208684
2293510999
105148486
861945067
69076785
65734517
1430740658
1436467694
974159070
198964526
845863009
480753989
38180565
83685210
66661102
101806793
27935298
1702021562
607867793
861924636
1447181720
546971688
1401441091
18683406
253604734
57425073
819951446
1395282313
165868331
1314082928
601883336
82675316
789753962
204885368
102055258
402839111
14774189
16244789
16164520
211331528
23330343
15769734
455024343
132241469
1325096299
158396052
1603605517
18803581
7446242
459640800
36455168
90971376
45997513
95432087
18249897
259396022
16567705
104576097
533225155
36078825
284644078
2411159000
1944800034
274989259
1265862504
2207820906
2385969156
109689119
22195223
110451417
40960267
2244314071
330409007
179147359
1695394459
19360034
2241667004
16930125
44697596
30225291
20801967
935594107
2592023390
1243902714
21121491
71591341
89462345
14305039
102476908
1732639038
165043228
159163092
17824922
2568004292
2491638416
631238802
2183601624
2414937841
274581613
2548120435
1322569777
2353133839
35248639
267832578
2155397910
2202578844
1623294342
1852819452
1324552896
2452832984
112813472
2411264611
2490306397
2484311976
20187065
286219485
1640511355
2395066196
1876844384
2478824197
2479283353
2477355914
2474065800
1601561580
474232856
2240835714
914536830
41597383
2291685025
32429074
1219457874
242382891
85833488
2341203199
2394444996
118804039
1736554902
2387294796
2361706003
258871053
349195155
1001957270
347317552
2342626585
61213618
2416222136
57704696
285625849
1364965081
2466142365
1241494927
1278491143
11988052
1043487996
2415965959
2396551668
144266463
157077595
2393901200
2308792663
1689761540
112835546
225434703
238264015
196353523
385057777
261505853
331778586
2360002231
78714922
1464897806
2340862214
285867336
2320903952
2255472073
2319632756
1936037827
112019586
21870081
714705482
388998313
97282451
2149202940
35859956
2250757238
86633735
1399506870
881340260
1246367598
12859772
75367781
1332526886
263815367
2168919373
1920197258
94199405
19913575
1132161156
562927298
43348496
1134839412
84124452
49718615
16409781
81942079
2155383049
204905640
1227770917
582098995
31474020
2189053345
196035859
1172653274
52462162
20994650
805311372
2177260788
367174268
81148171
90658621
1641412537
17189491
1925017872
79231645
1262366473
1339979006
1947899414
1729790347
1623244873
763882507
25061902
221792092
1851857544
216890021
1707321486
365613631
17815277
1732959882
571264927
1045110018
147682198
154952367
435250359
80727431
1018845926
199624644
1723671666
1638720979
1686141505
14007532
41600110
486947786
551985074
115137502
21482142
1430725872
1265336629
18480494
1408381339
807135120
919671307
377578077
580059279
35829796
18777886
156489699
386278397
1183238684
1581163488
1583443856
1583472649
1586159600
1586173387
900776010
237827930
1634451608
1638030174
522567387
216741866
1633648754
479674626
500064349
254217041
1129669783
69029066
20105402
468517832
270903949
280098967
1094844108
1164333090
77137728
1317764120
22076537
20064655
87712431
1255847137
15909372
414131901
27935677
570391506
117514658
598761905
1011335930
246070269
249765863
16645321
114785533
1586854166
1588779409
1588737810
382764044
552786510
628480966
789649206
125701594
14751369
491280714
71048920
257466644
1410790926
280557152
163926608
458773313
119250381
1072467470
942156122
1064206014
1037321378
1051127714
1055730738
126171100
1060984272
217489910
1443997044
528577331
226380036
360608685
523378626
105084855
202670295
44977228
281336506
329831914
1120178125
1317934796
16006592
1077121945
116341480
326255267
130945778
18963809
21431618
21316253
242944499
133832049
14870670
7356562
16583468
19186003
222622640
88806753
21252618
9245812
742143
217550862
59225745
16299627
17134268
7309052
42958829
24362769
204906028
31053563
18767649
309099691
903624534
107102609
46176168
77870478
213705184
495269928
591314557
15345206
18277655
398288010
223961900
357251731
119393950
405568337
77758442
748324304
334157398
60145217
828184566
855583046
1058256326
1120160816
982762350
842039401
454313925
1482809672
80670945
26504361
15854702
53176629
69864426
739385342
24186602
11855772
14240875
16000856
18191927
62603555
340390925
305831124
564640325
14625398
159544207
36720212
319785911
14078889
27173451
328013324
1198481
24246978
70463234
46697825
67094740
173999134
14457527
43976217
46313711
43910983
170807421
70282300
20169231
16172991
67398928
323468251
369516133
237799164
419996384
14434011
34066069
11856932
22411875
455216345
385568091
472068006
392819596
36701134
260929607
257682611
292561827
499119623
15472806
113745340
245900695
41461624
18454676
396891213
15234546
340389762
120750710
69011458
540345075
51349433
6828802
14345778
54996588
296956393
446716175
461443505
21921531
123327472
116847429
923609137
919755206
287943704
448449532
475902797
898199173
15222806
16856780
345763158
1137892344
28302839
1166912137
352592763
991636614
20055535
8736882
1364930179
1395162788
1418202024
15939900
41896896
1422036199
8036392
83166919
461488781
29230834
257696123
1111940934
1281405877
252151648
1430469198
1058717720
1093090866
757303975
1330457336
70403209
1339835893
341079506
296398358
38036372
34340707
1392282998
519519528
50227506
1372857438
525860838
1393155566
235167419
1065995022
108619944
741256106
624808044
1429250868
209212432
402029058
1431300446
353913129
1131811622
84072624
1061378394
1061327082
91202207
15285771
995740669
1358118241
374725455
939247795
55319339
1048305740
211605083
1305144518
1281168566
701734608
103335794
14763834
1080509366
21332200
428178182
25678101
1242225343
972492216
82635576
1140648348
126023850
193791402
25302076
1061385474
1080844782
107514329
1202129364
1205830460
15076171
1172491616
130274805
742980338
389840566
1155335864
58166411
95506425
19027376
95339207
482116252
23629004
18486586
28676469
130578916
128932096
21753809
82382893
376990856
138479037
16441088
21768766
92607192
27013292
17296676
29249435
720677725
760341380
707059891
147658618
366120789
596797766
19258235
378643676
785417899
509048040
97503010
238259855
148529707
17004139
16250929
224262394
410383026
19611483
23535710
55584584
18090660
249844732
342683107
246912850
28061816
85152847
24869943
15505945
22692199
213826832
15405560
55313181
36975564
134898358
12848262
476967272
353692523
15682578
37810958
18097821
18812572
21669123
168502762
172821923
621267267
26441991
74829020
47402168
17291393
79743108
137466464
289766050
21612122
60627728
59145948
21027715
48043084
47991586
523258947
211228546
258885469
56391833
36383169
118120720
28137354
92079350
29501253
411170376
506238673
24913074
1947301
15441965
245795318
195853535
229222324
325531850
442042504
316632851
21905546
262924676
110426040
64004148
102836052
506034112
325302553
199384163
103087786
136550204
24703826
21901272
108617810
13067732
106135104
20472454
173925279
249798987
266830495
242418441
23232204
20295222
337742544
369505837
222953824
39384517
6017542
31110013
20480549
450941680
22650211
19740592
16815644
15523584
51929169
34713362
39632695
39824409
70765264
18990471
187993109
72631996
61583656
17904241
80834534
481519707
19556528
21234664
18091809
42703684
17022537
19426551
161109485
190268611
2085771
27880541
408010444
14800270
46209505
77105774
43172500
23078248
137454693
39697869
26617982
187478694
31921811
19048865
550214025
45490102
296852367
703781197
15368404
27901418
14529929
4207961
50352942
47352570
489992191
493231112
46747249
258608456
743763
68518744
19416225
6449282
159147860
111027920
362164378
35782223
47658036
459199157
213895193
22010336
48045825
300523766
17398854
20600214
465967748
519717958
467860742
407170505
432747283
17630762
36410440
14246001
22656672
36700839
15676492
1767741
14270650
20466215
14434063
65616535
53039176
26778595
44519274
71362225
15137073
18429132
43883357
383511120
404788027
403697636
86338799
23086278
167436876
233290100
340387865
340388391
16064402
17963783
21430231
398024469
206430696
109344103
144936418
31468031
388561237
44181437
34386721
396070914
460470940
9763482
23987889
44428037
382229886
173551074
15964196
138561859
16017475
12133382
14345062
89820928
14437914
7744592
52070270
140515765
2097571
54546430
18058609
114544046
76680063
110541296
11348282
20263701
156689065
9532402
444024610
96855851
614433220
540175542
61681958
183417957
15146402
610922415
393562221
512174178
104226970
607606842
199325935
82911163
269058872
75124560
85396297
18909919
108376246
78445977
227088228
153919023
310310133
442824717
407986586
76403083
18768627
568279118
334162338
518759503
98652254
346676115
28979264
312885918
58492703
127871048
218936411
117118928
114881944
407013776
388468632
193872188
48802204
532624068
86341162
84119348
15617668
48125246
171961963
16636428
37950255
25962325
111700487
23977670
78996734
17689928
15863393
40410965
470192426
216016310
20545793
47438401
21228708
59157393
21927612
54208274
15446531
325655146
385429543
358913183
21425953
109287731
425918336
288772724
320980727
234014087
342803375
409486555
240812994
16977023
38516217
183556884
90406163
41655821
1754641
43409523
292277197
349199740
15727317
30043495
34310801
16378486
69193833
205864193
8839632
70771229
342072272
182503471
158426909
75052666
254117355
115111016
57095964
183291587
155669457
59150787
224249599
31528187
23870810
58928690
397263665
266719387
349192432
382817306
381152398
164369297
96187549
18949452
40561629
185711353
62686586
4432431
46360189
331555701
334776169
283626015
317750991
135265904
26780409
21702539
14620003
48366585
195820315
33512469
227771440
101878779
21922449
26512202
18360939
16000632
292549803
17074440
52419540
21443773
14342564
15012352
26792275
14173315
17469289
20402945
14717197
4898091
14584903
21982720
5988062
155987003
44386713
17471979
43236077
370281589
191215225
1877831
16929520
40167082
16579249
120180668
39278381
101535546
16178385
334944709
163438738
372862603
256697108
131640883
39684959
114061362
67103652
353678401
349250519
16622150
382275399
245988118
316566665
15108702
49304503
1652541
40302336
384913290
309009722
20076000
6794502
8082302
9855382
82959058
151963505
15764644
288308178
80628196
384392601
142398319
18498684
68430693
53086898
62172691
90406615
161030329
120767513
103847789
277098258
19359576
5990782
26657119
14377605
22975967
25282791
20068130
14463605
158318230
22433923
2557521
9720292
30973
813286
72770853
306964052
73166576
339852137
186156090
105914645
222554961
124778527
243267748
38499911
254277011
19781646
48417488
68678599
34379954
14364174
221624655
152363435
140182366
42893608
254186356
26304455
27072201
73213381
22039850
296269927
16868054
66745581
144876039
80635281
22037264
97109076
35256716
27243585
5911122
222198237
382834436
108993692
15012486
15918708
11856892
47652227
15210284
86141342
19824430
2836421
11856032
15458694
14695985
6450322
16565260
19109172
18023140
21186125
23588499
17967675
39301597
65416742
45869233
78669790
136020626
146569971
28576135
10126672
135931182
49706919
61762853
15766828
45617800
15245706
70837868
17523757
32774989
19608297
17627525
213295930
15754281
16583821
368396457
18943859
18021496
18916728
45447327
113651520
50004938
16129920
69181624
41602160
95753389
10069612
55355654
20685982
63747722
148061894
135237962
263200215
25921732
43920155
165579093
34274380
41188736
24746329
18046973
15087302
14499829
24704470
24377101
16143516
31443702
44451651
47960383
43444558
39493085
41187586
17442457
33898911
28614902
27048645
22650398
18688579
17006157
15922214
24802712
55865664
66363756
17706632
34378611
39571573
20999272
71303208
18781641
15674867
14904704
96665704
299890427
6577642
112047591
21697015
22662550
76538542
58824165
24236494
54651517
153432766
20608910
34347729
27883283
36771809
62816265
7118532
63513997
127605667
198532943
325665008
43880913
14341287
47439283
76426955
85374222
20419776
94256351
25547332
46697585
143956923
71294756
199068758
235665553
40297384
14792075
122074493
3108351
241219230
64730888
335525011
19294991
82409562
106466475
85606078
21758029
13830252
14445850
46164502
22970590
135936263
127861493
44947829
71031262
14568665
19718422
19253781
22021517
55257898
22422040
60684461
15623153
31870446
97303007
102556875
28200589
15561669
21311282
75087229
46208591
17090667
33558720
71396869
100114691
133297653
16727535
1917731
14159148
15723971
9567972
41188696
233646256
60770333
16187637
288751432
58851209
2884771
14293310
14511951
22019881
16300786
18192818
27922157
14592723
22708797
10791192
11856422
1769551
13787352
15587500
44131104
232495479
20906410
26300906
2467791
371510946
41380057
213415052
17448662
133754456
26747051
26596727
18622869
312134473
164665456
29742087
83029139
50400124
237446906
28160998
17842046
278776049
226298398
36989811
38530021
18776942
15264675
140928543
31310158
289378054
161329769
30284662
44136155
17629860
132201224
242892689
164007407
18137749
16666204
36046410
17346287
174267937
258900199
92102359
15281676
227341953
252819323
29450962
111635980
325830217
15837750
106227501
22812754
20002401
115979444
70526457
153865861
115123965
137794015
125445568
242797971
317226055
102796180
161023696
58823351
132496568
22656792
289511573
71874966
95936276
256058713
273560890
15008539
8953122
50769954
16245822
73181712
36683668
19097261
270013816
27715685
274085387
275074926
241281869
39580052
202665910
116324294
12296312
257038465
128290790
36101240
25124001
132258503
179109692
146923602
254775647
166161505
15607812
204349970
7386932
51311437
36719281
21122578
202712264
115911638
15666059
234826866
17002395
50685696
31127446
247583076
157315577
17001435
131144091
158452328
26077026
211260538
14562968
16544861
16669075
153149305
244128288
170011008
40960105
82453460
208692908
229873610
166202359
175388964
17494010
66369181
17968875
22506222
76348185
221176170
18215973
185376376
233364902
232268199
46970523
63732937
50923891
114845389
26410690
48054946
19601271
14288301
30746334
28108452
27019786
30884253
50733898
26949320
28788891
18630733
17991024
97014526
21425125
188019606
58808086
58808618
120176950
16028241
15515213
14836438
76936279
61853389
87711945
87711816
60693203
151106990
54311364
15170346
21783950
166252256
37404623
86697288
21344507
56864092
91478624
16116316
49094491
25105151
63169388
72198806
19286559
23641539
36047275
25549003
90910105
17769496
9300262
28785486
807095
25547312
14506887
25321479
14263183
25094024
109602579
72646856
17912982
18528834
15108530
19026662
22973816
48115928
75161425
62584976
113106904
78695487
40256971
82174011
66749802
29993364
46386381
39240812
77336656
83921837
75028995
15641893
115407724
115156621
71282229
14129299
124200207
70298113
27003337
78984093
72373346
103824426
19948202
78072627
26600508
15063424
15295326
19348482
21723797
25570359
73768177
151047057
68482261
19358607
40717040
21766435
23617498
54588816
22580377
27625739
18756512
65669415
63246339
14412533
23369246
21687675
61206798
76091017
15134240
7402662
15647676
15649433
20436059
19658936
19553760
14199378
7152572
66369206
26810542
44777959
14074515
759251
34322946
26332143
21442629
6519522
34627923
35583342
29528434
28255148
33933259
51241574
18127713
18359932
18048610
20270080
22012091
90413473
13850422
23092890
44783853
97459838
15224867
17716823
21220931
78408666
110823581
113420831
15675138
31122582
15518965
88040819
58645976
47626879
62908533
17171111
13783772
14282672
35303255
20179628
71318533
18247322
52472674
15299760
24980938
38137837
9624742
26847276
17993906
28143682
42955560
40285962
14615871
16613128
17658786
9109712
17409240
24752484
8775672
59204932
18460285
5896952
34711511
44917665
54944254
52098165
14334727
64721924
9106882
16312333
54994502
20887902
16910448
47645266
17994784
14836167
20600913
28147738
20612109
44551011
19289541
17593803
15520253
20437286
17961886
22536395
25084916
23048137
14002702
15308015
23686162
23808281
5392522
30313925
19715694
21684013
43963249
19079396
5741722
41814169
31128529
17004618
5795572
48706233
16044589
428333
11857072
43805270
