130594732
4170491
601289723
26487169
9164672
8775672
20448216
41206009
339237353
711408230
1342216938
36939152
295712099
301549400
42719085
2863210809
79023814
24468861
16424044
19243615
17781837
16123423
362526548
2997326245
16353989
15918708
1917731
15922214
10168082
11134252
2253968388
85401970
22090181
14119916
14173315
759251
15012486
28785486
41634520
1074480192
266006481
23970102
218205069
2560169238
235312723
263313059
44996346
110445334
18646108
46376581
20713061
252819323
1209417007
2976598347
18805303
2964949642
15598639
27076307
7039122
15210284
84620376
1397501864
31122496
26524127
351092380
1278643002
76350004
43117044
233842454
963480595
35829796
3044993235
834069080
86129724
43409523
39155029
21252618
17061263
7713202
234022257
22528309
2976606250
50001430
2903784099
22527499
2861616083
19080617
16362900
2362911416
74482441
244268646
114607567
234906311
236916916
1089334250
550401754
161743731
24183358
248699486
26424123
15856366
34340464
18566912
237763317
74198348
24735461
23976316
15751083
19926675
19929362
18030431
137407124
234797704
190328374
6577802
1310821225
2750127259
2993073977
46738122
237862972
2970462034
16930125
2914571740
266133081
35616518
29077161
16435792
15754281
17469289
1367531
14662354
742143
807095
3108351
2467791
16438494
16370676
15827806
89460898
2382685057
2975091705
27676828
2847221717
2964287128
2914163523
1080844782
2853309155
114756202
31183882
1444015610
1231303752
240427862
17544524
2963445730
22508473
17800215
2862577383
15675138
432766911
26777550
2340967118
2953494478
1322558402
1908143071
489823939
2966205003
1137600571
234469322
239964567
78403308
15207668
