1951946858
2970279814
188019606
10929352
549460007
250221324
17746320
133141302
50452197
112740986
309070309
64248024
2186940505
1058917562
158520264
41225640
78445977
1410590874
46016028
153944899
790194992
20688358
111635527
69066533
342863309
156333623
22523087
252249233
15954997
558769636
13491312
582070020
432676344
33576489
319628378
227088228
2227351549
26283468
21312077
258900199
40302336
240812994
467823431
164369297
1051127714
22812754
270067927
20002401
19318314
111379452
74508260
1058717720
17907578
82453460
1262814457
236511574
18674498
232992031
310310133
1055907624
242426145
442824717
787373558
82649553
259364314
19918558
267854863
384913290
29293808
1080509366
85896319
322013313
305216911
26637348
22812434
29450962
24745957
11527072
234014087
1077121945
137794015
261852987
41017380
292935209
1060984272
31611298
20552026
15361570
292594517
1037321378
479872233
1089859058
1027156464
133832049
161411080
30216513
29501253
193732179
44251742
292990703
158398519
267938462
249348006
16583468
245451804
942156122
385429543
950783972
38254095
303861808
88806753
1071102246
20747881
612117635
381152398
248735463
420057347
384392601
14135426
2457223597
939091
472315803
84632688
1634177714
34371172
48802204
221825837
1056541110
221792092
252565323
9300262
299685055
64409106
630402530
47412499
15225605
499799108
60919240
1454431513
1339835893
30973513
22657351
19775920
1330457336
24898206
258552097
27646689
18486746
17547736
787579033
1137683791
858497892
917028853
1004331860
608216996
89210383
564785812
239949176
1092979962
25073877
24112747
281111463
376874694
787239445
28602948
457867432
467208985
776664410
7356562
153919023
111635980
1155335864
22669526
40931973
339852137
135931182
16967845
86156957
77021598
455006011
58545186
16542798
65653576
169165903
116821507
14287239
22547672
278057619
31227243
50075587
71000258
58231266
21057999
22180181
79915690
23160820
35801632
103927659
17071857
96853313
82176564
351905927
177985625
15180258
249737676
100002112
482426469
399667252
335075371
445910143
52402650
425100185
443111595
43377604
284888668
430978222
73176811
356866129
602055331
357682016
398981810
382901547
83505025
286735755
145719473
487661707
90639372
14426353
20861949
360620198
15808761
15581045
51241574
17539104
18528834
145641827
31492570
20529924
48477900
30948168
60925947
23483274
88515631
32711106
40067956
234872414
57950334
144856178
23430917
15431914
262425225
17022234
89175642
32453116
34113439
54885400
234899748
32431468
15587500
34923877
26903206
253615476
30279335
105251355
15647676
16105155
235296637
19730331
213157762
233610921
16753151
19268664
42699827
19324685
99973716
337871581
95486467
226963044
82887748
135259333
129356386
123668643
24156901
42117366
285759319
63771820
288967790
20456985
97004610
80735290
19472631
26293436
33943925
40589317
74168324
15261028
24840770
16121791
17201015
87732141
16429833
164432835
65539287
16423150
17146677
104242646
83604289
206721200
214284819
38216067
208678804
24800432
15201979
120626347
66022156
11545652
128373782
195550096
22095410
24752484
59589510
264306463
15858700
15584149
222574347
263929876
216133588
24209167
212975171
27103620
209391773
240437506
2767571
24637436
8775672
21757187
121234925
74085994
66369181
54920072
246088673
169504626
108606702
108673798
202801205
171598736
126366496
270642325
169543766
283157709
19658614
14606079
30041300
225111753
241141897
21820114
57976284
15685837
175117197
38718659
7432082
61253853
89260600
15062552
18147908
14569679
17901093
72064225
27886437
39260365
17165077
15172348
44984751
69286414
54547328
48230520
238275015
87501955
17447919
59393489
73260722
20813318
64410324
23967554
8487622
14074515
325830217
73181712
16226427
21720480
35733935
42670679
59249203
38735227
36193867
243772467
15059330
52142898
24795776
147613277
155573611
19079285
62012195
63148670
2438
15898362
26833440
57680343
14615871
166252256
16669075
78408666
22775882
55064939
19668513
28886157
46393249
7717612
24770446
269801841
25249250
61561912
10037332
14454533
20114753
17809006
84600772
86314079
22906226
13821592
14358172
25560065
15896072
73491087
14192609
8144652
65082521
24880547
255684917
285189086
75179838
37950927
31604829
32593762
74526883
39545742
113130836
75057851
16648790
80628196
16245822
180503626
7152572
7940892
20437286
21295757
34324410
14377605
36174634
45579175
8953122
5392522
16312126
15298043
85641893
160925676
240714839
159293374
18124171
217198961
54759681
222149242
342883020
200225370
100785609
160578788
25748958
228141947
137129421
102813739
97901964
196296745
19679271
104194584
150754657
22418965
23630235
23758012
52617933
27018666
188897793
34713219
218521608
25573058
168502860
245915359
77317921
23778890
255246964
33600792
19655321
69006004
10226102
14923457
5338342
15380196
26315068
21307076
22547819
11260392
21217743
121660699
16384024
20100147
144633514
14688144
10430722
17339151
202264413
20555456
10212582
22023562
8011072
28139678
24011702
25938737
15035706
14294167
14295662
12523182
15856129
14248963
23816119
17824099
22266201
16122216
309267226
31801993
237770636
248850174
44177383
23600262
19716781
5357812
19189064
20517132
18909919
108376246
115111016
20346614
33563161
9624742
105170454
19728030
28576135
23970171
20796447
27676828
14499425
62299611
84353161
158200702
21982720
14779526
19608297
12296312
202790178
17814986
39507240
28636739
21228716
684013
38434183
61602375
18785654
17480904
20606623
15161791
43920155
21880237
10615232
15808765
17093617
7004382
142894598
86697288
19655610
65243567
20776837
22223098
50348682
19995834
22792271
12902502
52293877
22527499
38712914
155724750
35826458
153810519
18003187
78936765
30033750
24894213
17004899
28599820
41187505
22675279
19840398
14689159
44990136
15907207
73238146
16329293
48474896
40935656
15625377
20004603
17044681
29813903
16229690
15342600
19605351
18339978
143812180
18391051
14680476
24913074
115979444
26055230
22164056
14221917
9237072
40277246
89028052
109025212
22677427
120165462
16358930
16201775
17799205
23450558
15675138
53178109
19069521
48535915
36445142
15007149
813286
807095
3108351
15922214
15224867
39249305
19598173
16789970
21684013
61206798
31122582
31128529
116505994
20179628
120176950
76091017
33530012
39311638
44783853
151963505
14676022
16563214
19618527
1917731
48706233
43963249
30313925
74294786
14787713
15764644
14689197
14495726
22012091
48086014
19358830
15755669
16083576
145283313
