2517988075
22685638
2516244938
20463418
2327341038
382968507
236240629
211317960
34040874
2373350311
30655743
987327547
11954232
45632608
258900199
31801993
33996276
467823431
348525638
23600262
1020813960
195601283
181452176
240812994
161791703
15808765
80612021
156333623
516723177
153486399
36686040
239949176
22119886
339852137
249348006
785414496
248735463
292935209
234014087
18703718
138770045
36948268
14135426
1023020557
167057988
1330457336
21228708
24195214
61496228
342782636
49628920
259372626
285271926
759251
247334603
72668126
24546865
16669075
15649433
17171111
21691275
325581008
187993109
66369206
211588974
87813456
43963249
31310158
222953824
15210284
27477243
90708110
15113565
19611483
10126672
54885400
8775672
131144285
16932547
306304686
50789382
78990282
267241670
55274102
13749282
14511951
15922214
7663702
14790524
15012486
14173315
17028405
41144996
21677316
188019606
15032862
18990627
15754281
14957318
80950685
44135303
66203697
160596522
236990688
64840686
21308157
44988185
232193350
36683668
153149305
14615871
78408666
166252256
19948202
20437286
44783853
20179628
76936279
73181712
66369181
17899109
75069067
9624742
325830217
18148466
1367531
9300262
28785486
199083514
44873497
61853389
53197137
16212685
47964412
14293310
2884771
12811952
7313362
44615672
260290749
259403099
110541296
85606078
15675138
428333
3108351
5392522
2467791
51241574
1917731
7402662
807095
22012091
30313925
233783568
43920155
243271477
197594920
234906311
30929600
288751432
15764644
7713202
