20437270
41275340
3016071993
113756364
212926104
193276954
29782950
359168467
820447196
703065540
383547757
1379613091
3317799825
331011083
15485844
1043038417
29331255
43731146
1004482051
817719415
815700224
1686304956
304747447
20707966
3327224411
299790272
15075999
68979902
3114536817
22139417
1068499286
1967216306
2984742158
2528149825
263260894
423665646
596853343
2497226083
2550904188
57110501
31137489
65433355
255467782
271038416
874175612
124550405
65739250
22934648
2860890327
2162783377
32541933
1932643770
820467967
65130850
3070812329
47969263
1222192896
139844150
2788217472
165601527
274701752
714588140
21351342
508872973
22679735
738574447
289823680
1880731651
1287159560
3011464398
2399118060
260769173
3004291361
55507952
3016520286
15113565
2969955557
2866103014
212655409
27246593
80386405
103952541
3247729666
380724909
987012548
166980390
2739013115
50767812
3147830237
3156886146
2228767986
333817700
31952569
2306666945
192422902
266283056
899153534
303995268
168586844
80739451
27032649
244712686
14921102
50471288
30585116
611424262
484282946
2258715694
2784925842
20447448
2432688404
3189301550
55097066
511887082
118448750
785997738
629754294
758373762
1391303388
166636874
85733580
379089380
3087046430
3012472098
3077443022
15794496
25979250
438562893
3087181395
1660968434
81946132
3140785382
44527998
605377640
1573002476
3198966653
3199389838
20861570
574299656
17788008
3156982363
714684451
3164900962
16153273
461418679
273648083
3241424351
261907492
2203903731
3164491152
98458485
29269218
3190555671
57531713
2756923939
3167479243
3195294239
3196211951
3168991225
3198248067
3171240368
3201333429
3172242410
24414346
3111744194
374333722
752599345
1252466755
2239901095
1356103508
2821210715
179621727
3214283554
1658399114
580446293
2732190489
3219807863
946901882
3222508684
3179900414
341794572
3181456650
181176072
2226329468
519248953
3183921956
459360785
3183363794
723954672
3184444783
2333199317
3184575924
2802964598
3185200974
3185617472
2761638855
3185661776
3185616648
3234741083
3184467320
3186244147
3186304135
3234590693
230889393
3048065113
3075419052
474053646
2512755054
329323446
357568536
1628848063
3234918861
3149341836
3188010084
2868333391
2929168909
2369462718
3188232680
490077640
330578316
2768489247
543939144
583862930
24227541
3189214878
1418366125
3189351385
3243656374
3190068552
3244150072
293082806
3190213100
3190285933
855793490
19011441
3244199919
3241444529
234831879
3243473255
3245557810
1351200246
3245924032
414491651
3245878965
3191762052
839835577
496412493
3246229017
178538277
833157746
3192324530
3192434450
3246523511
2908747271
1280526054
3246675663
232422293
83201707
54187570
240940335
30892875
2798583894
3246180537
2916086925
1305516469
2853601181
19417924
17182639
17240247
2973870195
243340493
20637742
58979976
241706996
3019316668
2976606250
3152111108
12670512
11680962
18967418
4119741
1379570394
51194700
376430356
27591111
97231063
316656706
490671404
474388304
476134543
190333911
121820510
60782377
340566968
33984781
19663478
68485780
27650900
17352975
80964763
32773129
424662147
76034850
3149286689
3129197333
2966758114
511023855
191061455
3032656647
3053960660
2883523139
412685942
1390302205
2991250144
153233657
710630689
408773779
203692135
15397175
17498768
172377189
17878714
492845002
583381966
822598514
53555042
2892832818
278231048
16998906
468770453
88373393
20764535
50286359
37762914
38103730
42491255
18058293
9899992
450697476
3051289720
2970520983
2610187436
28096105
3022164961
42462697
216954777
42783579
3066074638
226664052
3084733251
2991365229
54697601
1468273646
3093923742
2828286397
407592796
29526871
489959117
480030203
3057050306
119932378
72831557
19858276
429454010
3119513961
3119699943
1328319342
600505347
3121463891
74144130
1439585551
57801083
277811700
1597217022
220856774
3097214109
3113477407
60973332
133882958
3127493943
32361931
3127721445
3056600356
3129753171
3130718895
1581755600
532571696
1280058326
256008461
2969986796
3131472946
1323472405
79591311
621181623
3108334587
37025221
201905367
351326111
45361250
3129034040
1578234115
3020686732
2152344183
415249511
3134041411
20702372
61895515
2579160585
2202063133
73127655
22828728
3092571096
58069812
3112383196
14465607
26344615
393190233
347627434
106597684
372564692
3121335148
3121538422
1507589209
29885572
2648631878
2558988818
94644232
3063856806
2611871678
3082332094
3082363127
3018694697
17314534
2915010090
3051146990
2470096939
162260114
2901725414
859807434
37113192
3083011122
2893282554
3041246561
3094327860
3096879632
3097607253
3098497555
3013904126
149174204
82209482
2601625541
1540823856
3099763506
3100553386
3043915649
1645848068
3102377341
3103557837
243743597
3103665775
2441246403
3106455507
1674388352
3008849860
1944516037
3113848450
3107745650
2317263350
3115152797
3107930514
3117191105
2983516178
1071934880
3116367675
76827731
377069601
3115430543
3110161479
27114180
68839395
2707130960
218325695
335660433
18693720
174338995
250492272
32724108
346197350
15146659
92079350
17243582
19084896
17539497
12263542
16244449
47837269
19847765
19195094
19370031
149913262
24212955
16930489
41410702
233484761
197183834
16163639
17518344
16076032
38021361
16906137
59676104
15446531
18697888
81482674
125375423
76392970
61122731
2310023843
2800252939
1038719172
28341210
2714934974
267854863
294927132
300969036
34527800
2203467656
3078339940
726434424
65453528
3044993235
2975091705
2962681881
107514329
334903024
45876240
2802693316
55002982
106449368
1249982359
2314149704
50301503
551447062
1520456918
25453537
1225394714
128175795
39403848
358880317
2951574214
18958999
18163042
17061263
125115779
18939358
54900089
461292198
23060436
329285985
16261116
2972617151
191469176
942156122
23411972
24943456
21212299
52105412
266352128
2970462034
2963445730
110719210
2750127259
2209588813
97503010
107199576
2730150631
2482022082
20791372
233344897
49733381
2868794438
449850814
23395900
20874191
423799148
26533245
19803204
106947485
45403846
2409082740
345086611
1354671733
1357339033
545497761
1648199516
97305933
54315081
2852990878
2856787757
18039057
2964949642
56953365
2978291435
2502202936
129836379
18020081
506033683
2293131060
2869746172
1289319271
1467758983
1849261916
1051446626
851621377
551195347
282093902
242761889
239964567
236479311
234937222
22545491
19658173
18166778
2382685057
70476832
2884553931
765554804
23578274
250912539
37721714
234186830
18992437
360080772
126401831
166145409
2929491549
2965083477
2853309155
2953713339
2964526557
2930635215
2933760046
2847221717
2962994194
236960387
2964222544
2953494478
2914515430
2914571740
2696643955
2964877294
245408102
2964287128
2914163523
1177437224
2862577383
47798449
2864384387
2852998461
2932617195
2953974395
2962813893
2861616083
14505676
38675891
16629667
1681433814
1613667252
2312829909
381733033
874916178
1058229248
1684081699
23507143
2292899635
2161687305
249743596
303962916
94003110
16189635
1129716595
312402252
33645415
65044286
68791455
26091679
910192848
26023387
460318173
2449995774
105601410
324641419
1365601910
588579971
2726535439
2741387357
1411613882
2696412487
2364001320
315961166
249963364
38231304
2262278361
1647994712
448553367
2744010289
16128700
2531385372
96827669
30486549
61077950
226303143
588441395
2683798566
467024558
1307399796
294279194
1059048193
45853675
2376380052
20845267
628683182
2183198647
30043075
346397157
2156173086
2762015104
1468716270
898295293
66797466
2829812766
305352139
315269055
1691385194
737330616
2868102284
2775315187
312966719
2881175923
2306387398
109997539
2375947608
263212662
105677984
17975754
1692031124
2547997517
167253419
2812759519
440216089
2791523578
2803946425
472409578
126066408
518066358
36272970
172522920
180609665
1901261749
735656143
611454989
64229607
112575570
1852153531
167500004
2849108981
16067401
2850301193
704391121
341054462
36134080
565578984
2734385415
2841291683
2830107303
61665243
2873248337
635766278
345520443
2471104171
280138158
2876485372
2877583006
378379373
788427355
2884298665
219675533
297380760
1737156684
2882343464
1689217627
54302353
24779781
1494239630
2314156104
22321627
229633847
619321948
153916369
100093119
38388494
2766939514
337710464
2751042134
2779887719
2752475864
19026656
140709811
154180162
1051288340
28046330
99814233
26088588
38477318
76706792
342505921
19779979
210992605
261053615
2829250136
1454787109
78215539
545369441
92787310
358423531
2844917682
59547541
1249882382
314776507
2824400649
1029832291
2785811603
1064628943
799312254
174931092
2796852700
2792307188
372508908
570130742
80861390
2835106005
2249366725
2157402041
40463848
50486154
24733947
2743442444
92622886
2587658634
77855656
2802308323
2831113894
20065137
2752119794
2842829532
101865051
1239791214
34646850
555513348
35802776
2584420381
94690167
17609034
1030161570
2881327506
105066964
201578957
226587473
2761678347
17345080
2874188847
2153787263
89966491
84964647
70700679
2900487535
1635513163
2852869216
453289953
365499421
2804913898
56749157
2268707176
21699265
2458567464
18208227
2726917547
256667938
109007733
1510276754
275161595
1497155598
319696749
2721792936
2273985277
117476073
24484212
242418441
155005734
398081131
2723035477
1089270650
304424093
141229888
893953040
1447233240
74054398
8245262
1069066080
382876824
354509105
106514937
1287173874
2579184110
2853680559
18556617
54579233
17239876
22195441
2691028507
356413706
19336500
44912796
19658936
106229132
279250307
544461977
2571582085
1604831256
564111558
705706292
18482836
252296570
179933171
1129443330
151916583
335996055
292342774
368992130
46131997
374116636
2727311987
480147084
309374492
1531914000
533596821
1637014879
266830495
2731529351
134870834
154370922
19670226
1117210454
874874000
1195836055
78991725
414860088
78330791
2208178597
1483124023
338626568
222812461
54429682
224253810
129006678
30445529
273663336
2788799238
2760747483
2790126794
2790261594
2761732720
2762498692
1282204272
787954140
2495163068
2268094779
2671071166
2796887250
2321053791
2559399883
2447523683
2799079362
2765008462
43056978
407255765
2800996616
517214105
81231255
36681590
19563355
855023377
81166793
1205864612
543513320
501930725
314679485
1707484934
248885857
113216150
1395381822
218696168
204407689
15880302
27549304
47253430
14715811
176260082
1418462610
2230081298
441453209
129670294
40608297
50479958
212730117
811273250
948193572
50001234
176815636
615231623
45906479
17906632
63787812
158397501
1206227149
18589998
2259259550
1908143071
44110227
27652535
2612258593
40606959
1952316650
2332087951
14500743
22681566
2436295154
343481100
13265132
14427407
22882864
1544241427
296571223
1630972868
22222351
1688725046
134871277
16203323
48029066
36177748
129879105
1596452953
710269313
505058065
16666748
264217057
17323534
108189101
14763834
950531
14677751
173925279
11771512
16547587
1550945280
2457581465
2305355246
868582728
317859422
1441990164
274783641
50640979
28153654
50678208
34351993
50022375
1061292174
123577910
619236531
813400616
280604607
19668440
52714526
2411561366
368121482
30325425
41245067
388976940
102259381
759643610
496433752
90905751
2192811164
1581612608
2350723346
172796637
27738724
2382229592
587531208
228854315
30792517
26591562
374450230
1135207712
19165036
954006930
277690430
1621135063
115134695
858289116
28595033
39577802
54920208
41445536
361268671
18083499
39609414
1323578251
2192421816
47737518
234901613
1699592142
20291491
15670334
2600556348
823732418
629670901
619486333
35931016
34354722
27016136
222330771
388618026
2462514738
127005884
598429575
625050352
563923368
2444460500
1873880953
166220976
2612131224
253873811
534844083
76118473
16228479
49457533
18697188
32839493
190360266
22586564
18635982
36991255
118245138
87271106
45604374
76133715
463765807
257006422
301014412
54622050
317980134
17147223
15727317
105187267
16170253
27055034
757893380
259395895
15837659
14049145
140885965
107128626
34407890
216486922
29607831
18163893
40069994
24323515
46443110
21876913
355657609
28676469
1959289166
24778428
441471520
109782727
308821893
2313959792
467167892
246000360
15788953
2387342191
540178101
997906879
942873128
53818826
211412244
614394599
23613314
503839962
2342115125
2576191283
2546179838
521474511
1746968658
2541845120
259894560
43127893
224773684
31035170
81253316
339138354
254613117
252166052
1379828244
2175123657
102546916
14093404
325956641
1089900085
583453875
163872647
2407588638
24187606
16278794
594770139
568183192
570674438
14199448
2530857295
19846221
155565685
863727235
1340630526
560565155
144333952
214691219
1654123304
1872533486
19205787
445019370
2343720673
614616002
63018891
2460364404
1925521074
44744545
1359612613
627577279
108654382
1934274498
2317410540
16489988
546117168
1402809602
2511668338
400989290
749906785
203359657
69474815
87376263
1880597330
289134928
183845642
1230163639
1686595674
2550158077
37057813
216817603
30904628
109150446
2336925360
289092760
25321693
184034201
110541296
497457797
933112802
190727208
474689083
2296536129
1635392966
340718840
2272407499
22504668
2496696794
1149099422
325180814
95840154
20626983
969001579
44063842
15481070
186128281
425937319
263900438
23557585
282545479
22313347
21326030
43982482
25254443
34604682
413549939
15822354
109065818
213299895
543585998
247416314
135632526
14480378
109167962
11395432
87214248
34945674
224759719
303425120
2237925464
389759292
195271137
248467449
214888464
259388802
42692687
293048490
13067732
93505671
142490217
188857501
16113700
15812284
422827850
991821667
2434046340
17983365
2420900317
148491506
474232856
15725659
21348880
167623637
945088531
19250369
16094251
189129306
1712989190
34927577
20076659
158456433
45190383
28614262
884875472
21312077
248735463
305189255
27901418
873417109
457984599
36686040
1090139174
19186003
41017380
1131917492
16160352
222953824
1444666454
33537967
186514697
1436235343
16250929
7334402
156003685
15434632
456236575
86177206
43935816
613725908
22645375
332110169
33502398
29442313
468892773
46002396
15399512
115979444
23103488
44209472
85133173
301549400
72198806
1183208916
76348185
85864444
38477209
191477653
234370900
14466538
14676022
22012091
743589271
87103895
57428429
55329156
73238146
43963249
14377605
15764644
18983793
22242298
15450996
14434063
1923732020
20546536
62533902
71294756
18170310
377534571
242772524
38667673
1059240924
7270292
1069124515
19268706
455764741
35474809
15335534
156703580
224391627
130600206
928718161
69086398
2201616654
74760520
2222333124
379815077
388617893
61858272
19658614
342075669
18772897
26820275
614542142
19273332
412237620
18537910
1543986138
24464743
60706479
106135104
407013776
46250039
263426902
17881467
17466132
234837632
36804447
29235589
116836560
234057152
727406126
23484039
2243286462
166235477
1155212191
17070321
16311797
14730894
237418907
229966028
15075753
21344507
37764422
20809500
1092757885
242376736
281540744
18805644
107125748
16045956
8953122
374060598
5357812
54412900
1896718068
16032925
92392674
727242919
234573331
562608064
18916432
19028248
475988505
16789970
1188278046
117821354
768147408
127762419
576520016
39288218
12859772
19651848
218952383
126356966
24904164
222362772
29201047
84414250
18217624
15723290
18909919
115733549
23593446
242555999
20113797
255109294
19785811
171598736
486694111
93761782
242836537
234374703
76456274
626983614
3137331
244243985
61278816
242190379
44135138
18631380
242944499
16119000
20341454
22159365
614614079
44816765
15463671
97474887
205864193
184136149
249787913
138479037
221162525
15110357
91478624
2244699919
432746286
254117355
16297644
29612033
590074258
4207961
1917731
20402945
21619519
960962340
48802204
15220127
18622869
14268812
24183358
64703428
29733956
15923226
968650362
89820928
515573992
56413858
2282368782
500126565
23124635
339822881
23134068
18978553
61220477
118814552
50152441
15116570
10102032
198526130
12726012
5743162
9855382
538185166
78403308
16186601
17896154
19139963
52052011
28216835
28174264
29084843
20053279
145674896
1060370282
122174004
26827311
52770481
18277655
211901075
18915145
413466731
20114616
389840566
1071402577
262756641
208931294
41363507
402719755
1061029050
2285338411
222286905
728974854
382791093
241207373
14845376
37094727
42924141
1074412920
254082173
19417492
229197216
233737858
17546958
123327472
33422254
83953327
56440142
46557945
34022952
17340781
82167518
14517538
115564212
300497193
222554961
398088661
1029780900
28652194
773835564
51659154
292549803
375662595
394917454
264219447
26424123
555474658
291756142
1096059529
191465652
600463589
249288197
16102244
36471939
76132891
246341769
19024549
190806680
233761277
1928360803
191833856
19808819
14849562
26595223
258082407
203281911
81119536
1249295444
1736244944
259893073
54631133
1732805634
5741722
1156593548
1247568006
1737781596
588282074
240363117
1120362588
50446312
1158574700
1244684227
1170937369
159126438
282133449
15425377
14344823
266133081
78619534
1138082959
175181659
295858711
1700538650
128611423
493292742
17627579
15985455
293131808
8128442
966442267
236916916
18956073
60828944
15361570
26777550
25346098
137068326
224285242
74198348
109287731
20552026
18632666
584012853
247334603
59238969
240376522
27057143
18030431
49808195
1322558402
211588974
235217558
21157904
229592356
191460324
216503958
54969934
5558312
38767099
1128514404
212262370
19407835
114607567
550401754
19726613
22831059
1071900114
83901492
299883942
29484352
85634177
234906311
57770539
1074101017
18061669
58379000
15416505
19291441
295685416
34493102
107441863
55677432
52954222
43409523
37996098
35829796
37007274
18906561
37666984
213795411
461748030
3135241
18773159
16081831
240760644
17078632
17074440
16056306
84620376
65106660
16424044
10615232
17513304
18767699
15731751
2350534855
15458694
21269970
15210284
76350004
1060487274
244268646
48117116
18873711
13850422
61206798
19107878
19929362
23951197
240385577
252819642
7402662
313591169
9252212
75367781
250784170
59331128
22508473
11651202
237312687
278145569
14275291
237006383
242926427
247723476
27744185
136250134
1065995022
161743731
225921757
10168082
23022687
235251868
1305596696
108617810
15932695
20776497
237403203
1072008757
1058345042
16031927
15160884
24773493
110445334
143798379
65493023
963480595
41634520
51412918
935033864
18216752
85606078
1048784496
15212187
133043514
1408217280
78431501
221470391
15987296
1138688364
1621775360
21870081
555438880
252115520
2283726068
252868645
15113571
21205345
87943060
509171700
135931182
950328072
78369108
296245061
2290357820
14587949
235312723
1194148760
341261495
71070614
5561412
15428227
19739126
113420831
742143
14159148
1877831
21114659
237862972
6577802
26792275
20467163
51228911
20209807
18811140
23970171
190328374
17006157
15745368
32506723
137407124
26778110
25086658
211420609
18805303
86967841
190656369
15856366
15751083
16157855
235190657
248798598
235271965
32010840
17976923
15281676
18172905
113047940
46176168
23976316
16256269
19553409
46456233
242873057
217543151
35218566
22490684
79008638
23385230
239871673
85131054
38450042
234022257
9508922
237348797
22055226
76649729
1074480192
216881337
17800215
31127446
15600527
14503647
75364211
13218102
39155029
73303753
47739450
296361085
234053893
88784440
41598528
20713061
193794406
14345062
234128524
237299871
259096504
252819323
22509548
733751245
47975734
240427862
18566912
90484508
15922214
14669951
38495835
22703645
223970563
23970102
69773058
50325797
112047805
50769180
237781383
234797704
155642785
117777832
196168350
234822928
18646108
15976697
27311044
18791763
237944147
22527499
18967498
219429281
237814920
243337600
29234527
24364395
2314747946
54692429
16140124
40272497
249219716
14389923
15663301
40296265
1623308912
381152398
183699302
310359036
48799712
259938527
124234624
78964273
153332441
960696949
36147039
159467804
14007532
486900479
469005695
233949261
21111098
1511330689
357592022
233842454
15356407
993153006
184860130
26572815
45653696
418991627
2283869516
33563763
20192403
274596432
40553282
18380182
258885469
135692196
20274544
40018751
136550204
17907987
36890646
96505646
15689503
26133429
19782981
156975310
14354476
98543618
14515799
16930125
31185990
219350591
47498801
252888830
539665155
15741036
624843442
243725308
27676108
77032777
369089298
221137561
123738314
904572188
19256880
14551176
297690193
140286364
1048446804
21677385
45874204
83462293
1131637500
20002475
1084375028
27025642
27513648
15742985
31227551
121795745
160561302
628559456
14233605
35273913
9075852
61616297
14213413
167024520
19568591
163995093
18825339
18029328
15826822
71048726
15394528
142721190
104914594
14870670
33919343
16083346
15922521
21313053
33222598
151911629
169586280
30111381
21252618
13524182
74820061
11731322
14841020
112526560
23768237
20378448
49620730
93069110
168295477
15463486
23232204
21768766
128727401
21612122
135515077
136300373
217550862
236026761
14560097
997684836
21800063
18963809
130945778
116341480
97371315
21220931
12354832
28049266
6620762
18909534
93876666
6332292
18868201
20281013
338597175
87498687
290317816
19554219
16006592
90077282
154985728
20827669
16358097
18196597
1134722245
65502117
16297707
23361428
631550649
16334969
356445815
19406049
991496851
86129724
134686106
16125224
21914666
41759700
138895307
21431618
17168586
19786080
222622640
16698389
20690440
71627462
498308303
80136311
15901113
15159913
135575282
289117894
467640977
1050111
21428966
22451908
253661565
24439201
21301933
451743265
482300500
22830824
38459769
46469610
71358042
259025089
12926172
21316253
41019773
106197906
12889162
326255267
422023446
18560231
11134252
385586397
425268743
8512722
81107148
49855286
258021307
20776147
1759181
15462053
15129348
21600614
256398337
41868336
236982302
44960116
20733972
25091500
18226567
18678924
21878458
104299137
141990034
19302840
18097821
23849615
12272322
18146481
114484518
79743108
16017475
5693842
5496932
14412533
33391760
9532402
5336752
6999982
64115649
107145674
39308549
20477029
38715502
23477691
9893842
19082650
14204848
31402393
14111127
21845346
15818307
40788002
640893
16744446
14444306
21674448
38478303
31503708
14749672
52599048
28848238
14809833
48454046
22894543
19405365
17821439
15314458
17516275
25928457
18665868
15918708
16195167
14114564
7039122
34348390
2196060102
127340378
584378476
113531457
89507641
28176898
1453089560
19659031
21310826
18891923
1058807868
224294785
54683181
33977070
23712174
20015903
896512412
234812598
22875103
110545675
975200486
114756202
44515708
976969338
29766367
246769138
1444015610
19926675
236899846
52503751
14750858
18182408
912608010
67185046
37920978
1058460818
432766911
248699486
18317325
1058256326
15319700
402029058
41445718
234469322
26051676
20648909
237750442
815497411
34340464
79022250
326208966
209792690
221793778
1077446982
213634439
24735461
16564850
17544524
31620282
1382766546
17661736
18434664
219398814
65073618
1058051748
16187637
109766371
15141113
211530910
518644221
248850174
42930296
84119348
1160317652
1137600571
26596727
785932136
33655490
201079432
237763317
27676828
81049855
124224165
1045853744
151614701
68730426
240393970
1089334250
15675138
1080844782
15394954
211311543
18943135
1072382221
76452765
14528874
36406095
51835860
19359605
16425599
36654245
12788332
1209417007
22528309
20957491
19668491
39525554
22946048
38109656
15207668
249339682
233693291
2884771
20608910
15224867
34713362
14511951
807095
372575989
5988062
61853389
14615871
83795099
36683668
15134240
14529929
15931637
19394188
70837868
78408666
146569971
86697288
14246001
44783853
28576135
25159286
73181712
19611483
31310158
10126672
54885400
8775672
15647676
9300262
33998183
66369181
5392522
16016427
12133382
9624742
2836421
14437914
14606079
30313925
5695632
783214
16664681
11856932
3108351
97739866
2467791
15754281
26585095
8839632
18812572
7713202
19416225
42958829
86141342
1367531
28785486
14293310
15012486
6017542
1652541
51241574
2097571
14173315
759251
428333
