942156122
1080844782
148453195
1222257180
2968451607
23593446
21684013
216881337
1933042237
769959476
14511951
22139417
151519500
787373558
15675138
432676344
121542898
1140648348
23600262
239949176
140519774
1155335864
48398586
14407823
43170411
581141508
1485928500
188793260
385429543
1517109367
246088673
19716781
239950506
543424384
20015188
31122582
40743215
17906632
20545793
467823431
740529408
63169388
19397785
256231932
48086014
1307544762
50452197
88806753
24913074
23782707
18018355
46149106
534675241
7356562
17365337
288304848
168673083
45671898
51241574
49698134
16462068
364423298
42389136
26044411
23348578
56828100
24263009
54244175
371856937
32780218
33530012
1330457336
15808765
19948202
17539497
166252256
20179628
61853389
19674502
19394188
7713202
15647676
73181712
66369181
9624742
30313925
1074129612
1339931490
13557972
36743910
10886522
20068679
15224867
16116288
109025212
43638469
44988185
251671820
117630935
53757924
40674440
263815367
125445568
240812994
1614674737
31199304
44168607
272063347
475286355
1531521632
80612021
55334133
1286312880
73238146
1339835893
85217460
1093090866
29442313
325830217
378273940
846150961
970207298
24138795
14377605
23995748
119250381
44177383
41395061
22669526
161411080
13491312
43920155
78408666
24165761
1061385474
339852137
939091
14135426
25781141
15361570
248735463
133832049
455872282
18197668
352548417
24232525
257959346
16129920
301114652
175102610
22812754
31128529
16227050
16259172
67194113
14275291
125734125
221792092
113420831
409486555
233783568
19311802
168502762
258900199
381152398
29241556
78428872
14415932
24184877
14304462
140289561
15727562
15842935
16640865
66464576
51480241
75610267
59123957
15111202
1429761
102673774
63492513
43945628
16297945
15896464
14080020
18766727
168506048
18082466
90420685
24729040
82649553
21312077
161791703
156333623
16583468
249410485
163570705
82453460
138770045
305216911
42888846
215982162
97916248
25399852
177766848
15572679
126735130
16516167
74241914
18871587
86125497
70999303
221260532
227373977
35187768
23509204
22640927
19952461
116099364
14109677
32533893
121819727
117101550
20464085
14944234
87272043
165885518
16470128
14091197
18084583
17857102
17770086
60919240
19976677
278654482
24904020
132201224
188019606
54622050
65651571
14376464
52422986
22012091
153486399
55383975
20597460
15764644
16789970
43963249
208692908
24745957
29450962
199325935
36686040
115979444
75069067
813286
26878188
267854863
234014087
80366372
