240434931
65672980
271441733
20436059
18023140
44783853
78669790
20867568
84387689
8082302
14073029
221135570
73181712
36719281
146569971
44697004
15134240
233696188
72631996
153149305
19674502
67378554
66369206
15649433
14199378
222953824
485924782
18215973
33657625
120176950
17451742
414331122
1281405877
27860681
14342564
249722522
308573576
564106953
14499829
30231097
33933259
259403099
36771809
1342861723
2868990450
57625403
1854981890
2207588833
562385224
1613223313
61762853
2359926157
393562221
163995093
28632206
78626483
399559841
14173315
91478624
5988062
3108351
14293310
742143
807095
2467791
1134148494
211268657
190433694
104699352
1093090866
2957550031
2839254596
25447696
33057781
26637348
248495200
1507338108
232992031
525463399
18919594
3098741256
119375863
9410172
1482518424
329896814
55010620
20414247
1674294800
167611923
16459415
2201472504
29766367
23593446
94593143
2554870803
3033282290
102860977
1430543952
16268340
205312896
478174898
74508260
46004597
500704345
939091
970207298
54617733
54208274
146585071
67324232
2485683942
463132556
21404093
280604607
1259626538
210684204
29516310
1732881642
14695985
362400467
2831939384
161148986
588583713
28181835
9567972
126629610
158426909
1020058453
54622050
2969989411
1246438250
637204217
2695663285
104284482
33898911
300969036
222666657
597370430
24552923
15007149
84688462
2863006655
288308178
21728303
30306325
17907987
2312829909
19107878
516007100
19627475
355618405
2321311849
132236823
2968451607
900030264
479674626
53176629
129879105
305452850
534599939
1539675883
42692687
231510077
19397785
26324609
25593329
72198806
31855526
18018355
73238146
1260172386
310036274
14251225
564111558
261289053
256150699
17075602
56906265
16150136
15249011
2330712260
340613443
47427860
23608047
2411583258
2395614938
18276982
80628196
163929664
14936859
207689772
17493398
83039463
1056290964
65456062
385028782
26278266
26062620
40302336
1077730135
1135203182
34374892
8836512
56681659
16613128
122174004
153558139
41663292
1393155566
1550729527
66369181
4207961
584912320
7768402
14849562
16042794
97503010
34310801
71294756
573788425
14517538
31183389
69004966
807478544
48611760
362222177
373527991
20352277
135245790
523416002
346553234
240611441
14073645
94217655
15483390
265049741
2293072452
24066714
347585152
113420831
87044545
22077368
37865281
1154200344
24169451
155669457
1614054846
784917271
20744708
180088363
33583496
1064206014
22637850
158021067
478260148
14717197
295899118
1327571670
309267226
127314571
154326295
41657673
185011433
1060984272
2293131060
150078976
1071840474
245451804
1045110018
60303489
35006513
1061385474
488845538
42389136
28603812
1339835893
1357804717
2306979356
468840862
32478395
265993392
1087267946
14364006
2389785356
23271156
906616022
1093069484
18566912
1074776084
97474887
1307544762
398405642
126677368
414860556
78970809
1312411279
2350490634
334217161
1530850933
1861751828
234826866
267854863
18227519
80366372
43638469
16116288
21228708
16560657
56828100
26083271
59884592
131497030
26548315
112549655
813286
38228095
18587457
18829123
493429193
582070020
325830217
335104222
11856892
54244175
49698134
409456907
45671898
1339931490
205864193
48802204
254117355
91180720
1074129612
595515713
22839628
1710530342
57065141
133748968
73404789
134149607
369505837
593970687
423146699
32780218
19659126
2178638689
116820540
77267107
7166582
247133785
1615463502
701725963
75364211
1485928500
18137749
86697288
171171584
223970563
23911915
243337600
9852432
40356855
86960390
34308692
357675942
284112637
18906574
237944147
201736333
1623308912
466519303
15289200
75052666
1356875730
84077400
432676344
389840566
21308157
164412502
44988185
45831662
1591199270
384392601
784965392
1071102246
1068499286
17698956
245572815
249798987
15446531
1410590874
15008539
14282672
787373558
970574604
874916178
21876825
1286312880
193872188
258900199
292935209
82453460
239905257
16164327
1051446626
106816456
564839206
467823431
1531521632
15473639
19195094
1023020557
1037321378
24239045
65158737
182953882
1038087661
423630200
364423298
47991586
235008139
40260612
993389144
227841653
57113066
904098974
20281013
63541058
861897037
550231232
789244177
294084341
21927612
283063309
538406339
13812712
19405344
15954997
339852137
1148698590
15675138
29277366
1080844782
90694823
193747484
132887155
44903251
167596782
209119582
180152984
809301565
23014736
62529072
18457947
304043568
42924141
79201552
40711814
44733950
15689503
245799031
17044233
259395895
16072058
16187637
222622640
9252212
15837659
15463671
86129724
28902856
21316253
21768766
17881467
108985543
15931637
14940354
18909534
46176168
27055034
261918703
114887629
131144091
13067732
14007532
103087786
20474813
6519522
271407243
382222474
499919860
10069612
18680323
110541296
27015055
140090891
15103460
29205600
18703850
110538332
177759074
800640618
42708195
225106180
757292222
135931182
15938122
15210284
9300262
1917731
30313925
15922214
44657902
196181865
239470844
166943853
293482861
79240290
14870670
252819642
493769341
608182396
24800640
45932530
50703368
17046368
38213241
16475584
47969454
50078958
66472036
390176029
25812000
403699671
38659417
20809073
45586106
52816681
338057229
317226055
193794406
55059066
819869
44873497
60323026
17827531
22987380
60678524
21678709
166252256
23098595
71028773
18170238
118818314
277692406
39311638
96856027
192955168
17487795
19948202
16246272
25352433
17841740
32545418
32969825
7004382
74294786
31128529
21684013
61206798
21406834
31122582
151519500
116505994
22053641
48706233
33530012
246357149
246088673
208692908
30912937
229873610
247486443
19716781
9109712
8775672
21186125
18481050
19658936
20430077
18058609
17658786
78408666
20179628
44777959
43920155
49706919
17409240
14615871
17629860
48398586
76091017
33998183
18038892
16669075
76348185
9624742
44615672
22826294
24752484
76936279
20437286
14505838
11348282
7152572
61853389
14616022
40300027
54546430
14185228
23951336
67194113
260276311
15012352
19770715
44916396
21803333
18632666
25505788
32545745
24802374
58852499
14857460
58486520
21765964
26091641
82453308
24804148
6817432
19684235
21916557
15651634
15613664
14861004
14955722
14480451
233783568
151963505
43963249
83603750
16160352
21269970
21572351
237763317
33576489
13491312
20002401
25781141
28582749
19918558
16583468
39249305
36686040
20545793
14135426
22812434
47412499
34638973
15361570
7356562
22812754
14984637
21312077
19318314
18696134
63169388
22012091
75124560
125445568
85396297
18909919
24195214
109025212
34972633
84119348
92186819
108376246
111635527
82649553
107545479
29501253
29450962
138770045
36948268
15764644
115111016
137794015
88806753
28599820
50452197
161411080
44177383
188019606
24913074
30216513
133832049
40277246
20552026
31611298
56864092
38712914
132201224
46016028
19891734
22669526
58928690
159599140
80612021
148453195
137823987
150724371
70526457
112740986
158398519
23600262
162069635
168502762
140519774
153944899
48086014
156333623
242426145
193732179
242892689
235373000
239949176
28602948
227341953
210926192
236511574
234002627
240812994
237770636
199325935
216503958
24745957
249348006
249410485
168673083
221792092
111635980
29293808
248735463
22523087
245516606
234014087
38254095
260845829
263815367
153486399
161791703
