3353670647
96156332
2400189650
234822928
1072382221
211530910
219429281
993153006
935033864
232268199
22012091
809352228
3290505615
18967498
3044993235
1060984272
2966758114
109579534
24773493
467497380
1060370282
2932617195
234053893
2923104005
2750127259
21961370
2966765501
2962813893
246487026
21572351
93909422
234812598
63169388
252819323
20002401
18277655
460246990
170011008
45490102
1431300446
69076785
68482261
18020081
25084916
404183537
111111253
164007407
115441629
1120178125
66996106
2601599426
200172301
43805270
23808281
2341085270
1206227149
22536395
487624974
43385043
248699486
240760644
235271965
239871673
19407835
198526130
240363117
23970171
117777832
237750442
24183358
237299871
78431501
18317325
17896154
237763317
33977070
19929362
19926675
26424123
295685416
74198348
161743731
15600527
20467163
233761277
244268646
237312687
221793778
16187637
1367531
1155212191
5695632
15754281
759251
428333
3108351
51241574
807095
2467791
1917731
981029708
1058345042
1072467470
1045853744
15675138
976969338
1092979962
23976316
432766911
240376522
15281676
15356407
17494010
1048784496
15394954
234837632
15923226
17487795
446716175
39632695
234937222
1072008757
966442267
19808819
136550204
248850174
1089334250
26596727
377609596
1065995022
18811140
1077446982
1209417007
1071900114
402029058
236916916
17800215
15210284
183556884
36681590
19502995
1444015610
1055685948
20015903
237814920
1058460818
1305596696
233693291
26332143
33576489
21220931
16930125
190328374
950328072
14246001
217550862
57740527
16469116
266133081
234469322
34340464
1908143071
267283006
233949261
16453340
309267226
422827850
11651202
252819642
174803815
17492588
1058051748
60666278
15682578
69011458
472330552
20600214
54885400
10126672
21213276
19611483
8775672
1852274412
29230834
8539242
126628765
16666204
203982882
227714945
15212187
30253471
19417492
2253968388
84633430
44866624
61213618
344876092
42561132
15855284
1633658534
54667886
82409562
115496754
624808044
201523129
425015350
15808604
20686569
573916220
1717484671
1141195327
80493778
29783295
201079432
133444136
1337418865
25678101
123861176
47204888
23103488
622282356
128308109
14107459
18247322
23124635
278145569
6577802
18646108
236899846
224294785
5496932
84620376
19739126
1060487274
10168082
114756202
124224165
1117495225
242926427
137407124
960696949
7402662
242873057
1051446626
15751083
9300262
32010840
24735461
235251868
234022257
23951197
213634439
16256269
15428227
28176898
19658173
14275291
12788332
18216752
18891923
110545675
338553588
7713202
17976923
14587949
15207668
234573331
22528309
85606078
29766367
216016310
