2310754364
789244177
37469127
586671909
297643798
358388348
3350957423
3225622124
360268492
433494739
19539813
273063298
24278789
104885171
3261722655
1480396003
482448720
44943889
3183269735
36862127
179508021
307072265
479175033
307108060
349162133
19199244
607486297
20999687
927751946
447411979
460324227
315986304
3027702481
16479609
392889659
33549238
45922740
194633478
384121835
21459150
55308514
4179931
412757126
81695758
21788355
506446738
143452477
505980706
1641512394
1413600630
29592770
1633425883
3064626417
360051825
3044993235
1319481506
30660943
285821005
24195214
2970279814
1077121945
240778059
997684836
60183326
40819997
76165925
32620072
15925709
1203641
259376217
158943899
28971401
19478525
358302507
36334098
50390209
80163781
597827916
1528340816
21241449
262410979
182135668
415058611
899682516
107582328
486072339
18478184
2589771511
18082945
134103729
8922372
282857632
18992274
257031986
2974971371
39242835
1286930749
132650493
80680964
2933047648
327273966
22217839
103652294
3227886373
37673508
2597466691
273463868
928493192
380525806
59206961
11148942
21907754
737295205
3291470927
2914399539
17619731
3140683438
3291860097
16267552
17688990
110880147
277124763
138259429
1449857635
495187327
1688943932
39500848
65485182
2191275155
287398131
18640240
95099780
342126381
439594139
20273055
354961709
2278452877
44134773
1292484668
106401284
164794746
277849970
429355118
451676624
1173575371
458708148
25761279
22830443
2885987883
1141402933
18037361
15632583
176809739
375405215
13133312
490880502
445643814
1215651709
164753964
143214692
14569060
16206952
37923689
875443225
109020638
127042185
1585866043
22164434
231191249
74816508
256556801
2335102053
2223582045
2369037944
70851838
36184638
15663333
372595084
464190076
91634245
17136680
14980193
25318744
12143482
1575618122
433810678
800280463
34200196
544004799
78489173
121557838
80667335
22188921
66259640
465071631
351920142
39060809
21553715
19250984
55151542
565939191
24368470
24733117
1603825933
1273727660
302136293
259560373
80239178
26818986
1271101242
465241159
208676194
8162322
1364629194
126371021
37131103
1245977503
1377648481
281637800
30284449
335073457
124571385
450108691
1355239278
1375490834
1263944875
79736957
49388157
398037677
416691092
14109112
397382646
900350948
36740820
355269807
37115859
1379725736
1358596171
239479555
1397160914
14936302
56264664
130977700
1068312848
724881325
95489695
619399575
40095517
1398124760
427234885
154688160
86886432
511168321
379800483
1116775052
1252175834
21215254
16548855
839786233
93723445
997223684
606101503
1327150075
1187906438
549592178
1133585988
482142704
286295111
1419691429
16315197
536529108
733793870
54560396
231094495
52068414
1423724017
222274541
1301739368
632524775
390286951
931024693
25183388
110430181
75208181
98957204
29455548
1362806395
225326840
1343632100
101115189
31976144
979789086
631096264
337595668
373011304
1434099607
916035554
15812243
938300425
1444825729
1020565801
444007117
1445443855
1265743992
1084329858
1160613054
21631487
1231057428
1110626941
1453262052
100824964
243353526
230596523
24652822
1323320826
73446681
1108974366
1460991590
1463325120
133816614
1465186879
422976682
259862755
123408348
60922654
1469735982
186180475
254314830
481000411
356836874
350117195
1477308049
42875506
905841566
1283201084
441185909
1431668599
42291452
1482327366
25680406
99713173
329006787
217419469
297805555
564225302
100036590
1358345138
24650145
1483267387
67723570
22837186
1436919157
1499695447
804861259
32814666
324006680
271593651
135533571
619612557
17050482
405137225
1258825926
285712358
31235087
329963892
254226686
14050552
728652276
23705154
1400006928
546061302
218459742
1518019356
1432287410
127230429
40234550
24620662
370467757
1517363570
1210808983
1027003224
1310708510
392056542
1380402643
842718474
1125409915
1525086182
1490306108
1497383952
1395688490
924012494
990635636
115754120
1516830966
802603915
1529224459
44545472
308748838
1249959973
148161312
32540955
326763940
966505782
1109996269
844062990
229504346
149689797
54338361
32309026
55083559
1406285323
45066450
91032815
17111550
976827565
337409799
449884722
1568287262
14398250
1060710860
62825431
66008185
20481964
1539264157
20383685
1510065122
1580699928
117197307
37497720
85903882
1580779434
1584268465
1546755733
1584535970
72831557
1565466564
1571019781
1327152463
222722096
550695257
1543522333
905790336
1161500442
42900116
80464216
55123211
289724449
28347960
703183057
1436094596
123934875
20470461
1476130710
24042553
55958961
1046657701
1246678454
1598574949
28306443
1580308446
63544944
246415946
19510670
62888136
867017564
46688253
822565566
277492395
199332713
1267784124
26194384
1408979323
1282568923
127426312
625037102
526783358
28040798
1544624971
168369486
510809203
107293076
1252400802
1609169504
1357343934
1610657514
864937104
223642619
755662184
321380757
218648567
41674690
17697785
124164845
28433939
20770348
26372156
127685257
321683745
635484900
190728534
16056425
386652312
389170398
26886807
22195959
93929128
23105662
109295754
318807611
172541660
84484936
54201256
298699281
18969402
522465588
242607086
42172805
421660998
431981417
605452319
26475937
1368451
31190556
268893380
55113644
405209192
940132879
19260639
37431056
518082486
18125425
1030609177
21029102
436194594
21232619
108729988
422341633
735313
1056034123
1123480609
619079693
1126984784
385491665
636987847
404993531
395530017
985619654
61566158
45860943
441253531
121468473
744270822
1120792814
949017224
44234364
1105289052
1272681654
108624846
836932058
445735233
251678474
22720827
554840184
18507175
396919634
33039104
16374414
16684965
110448107
326380271
214575360
885911598
917462276
898930892
1384452008
543919081
1080698953
22729580
18658371
298049191
22426466
205987348
31156031
156030129
21098439
889565208
103993886
891683936
456055213
378636572
24438725
268305320
15136688
541381037
1478149974
1488734191
1496457780
45569786
15683416
1205562302
326385556
24467082
341943317
203518267
252550430
58109691
488177777
1278774433
105549963
1568350316
1572954198
293736391
15456930
1567007916
21003318
1446654726
65461880
18338323
35473534
1442977914
150773987
762973118
117619756
1479632786
276048483
410810692
44020631
1427810588
231116813
379453607
859762608
751221026
605451151
860216000
42025910
932491974
40107126
104279317
104519115
402739834
126688739
88273575
162063177
163681571
601931029
523376516
550300777
169293828
135037967
355645628
267376857
16798096
361410200
148163166
143478905
254607891
185382579
89028148
327164717
224389674
238440583
16545353
225534933
430100464
19713044
106288927
333713136
15010535
830092946
1141140698
34354147
229465135
18887491
331907054
1545412286
1553295786
1570687681
259909352
1216283964
297438508
22851759
374569458
593912482
539628189
502546702
225280449
1364649518
54624571
62574659
247450875
98753744
1433614292
1284770748
764310049
333601645
247443174
629801635
39808569
408651384
402388732
247764188
271456864
900124746
199492522
34196407
249853858
45601285
822506678
77604851
613653
389036152
977501641
177770915
562089260
102666064
254620365
30779503
1000783368
340499021
342759101
376459610
52072000
18794382
171559832
763962853
711393342
860549988
634680389
31451864
280330314
334703856
271535110
1029440768
217282988
260105619
497434655
490936567
601375494
186548406
142216696
438522712
339675023
221405955
554871699
190275077
907843423
21777451
32991024
94545667
546845318
31594935
623715362
62712223
21025979
1001704939
376179806
432625196
50707099
151713356
27006579
732894217
422866829
997566086
18032008
19093027
21211172
162064220
401841413
334768085
15414807
87833901
7685132
19481171
369695460
1172494622
997125996
80635705
974842165
601350638
908267263
522169279
937470332
991529641
16868021
52718686
1241577566
1242622784
215324895
410468541
39662581
820606555
409300559
26657898
15724647
515163628
19108203
68013951
1287356418
238031393
305884028
552910504
395480508
152734379
883594345
15865717
19999986
208273448
1015832635
37664244
1334407580
585009508
1060958862
204468726
862180076
116919659
1329747582
628433087
24254615
1354501261
242540658
1361452656
1329727278
235746872
1392436147
16894160
254718517
24335190
1383435157
1392622081
452687921
858435229
782410500
586687419
253511667
17292125
188747180
228761347
1061376810
425898381
1367975640
1458375032
38255802
123337265
21832367
23653075
228824243
395481523
789848623
95743087
21105418
634443114
26827380
1524847801
17429334
488146679
33079882
1286286968
1528656139
918386562
273751768
1145346194
71388556
1531739749
387151827
18780259
17551118
107190600
237770636
234014087
158398519
80612021
140519774
132201224
133832049
339852137
245451804
1092979962
467823431
1058717720
1071840474
776664410
103160982
482402022
365961765
298204912
1161325621
49335416
45886918
346582327
19936879
257005220
15693444
104566800
14311406
1338150482
156811077
948445662
261788437
14884486
29317747
1382279828
366354472
81872081
505333963
1430549340
71545169
839968308
38266866
305323068
991665289
1478386974
57357760
713371796
65517741
905243454
246081345
1180196023
22799464
133424498
80567906
113115350
318426413
22314072
469415650
881130030
613428904
4105761
19511262
1359585846
228893069
1496365567
1192133484
140568968
1357033801
1563672264
101013629
329571613
1169981785
18733329
155034777
275579706
415111105
145342255
404396253
569505553
104857413
712822418
101613447
19516529
14726241
28152929
475287482
17469255
569409032
17790024
846559890
633403087
399768223
25826472
615307117
335546422
469886850
18055918
613828859
401967546
13903712
116859659
827599440
68755941
1250543858
1064733193
990084446
308716443
1107679358
919052004
369702914
756924308
1447315962
470497722
149218804
8539242
18883155
36067408
1342768555
345322265
1489299620
144304449
106717953
498516095
771952153
378155624
545205392
356930466
252261477
54918323
56788628
87403396
1190248416
28165971
57040849
43409523
35239459
131041833
163691380
23107734
108471482
205886080
321157905
746587039
1561119510
155680896
267456977
1301498810
575470393
209787354
597541684
222344952
93108995
1548575664
235660311
631594179
344515692
19980950
330583779
32393576
273668457
5736162
45850147
272670838
617682499
63545850
979001737
181237515
19179514
61546198
366218609
362685181
16187637
112877737
1523823920
1546345802
175073422
19548761
1316960562
589245832
268554850
274523470
136337303
1466475283
1074129612
1027156464
34441549
1060984272
1072467470
1055730738
113743971
97504232
276578924
84667223
108454557
33265219
106215886
127858338
1299482556
718482313
418937370
821928889
426742265
28377052
63584375
14180038
262227757
154189810
217175524
28808058
412742306
85825111
331631471
522828759
83188673
20551495
26261464
54599545
18545243
138582512
246045826
65364598
47360209
15531920
21693678
17235582
24748899
27895649
18909919
19146257
16314750
16659418
142769670
54523265
17792890
18774151
20953701
33313160
121580249
468626797
34985797
718184090
603113604
565670205
1055907624
1115634236
15386611
233778569
229980782
74870032
104646100
22097288
182447964
17820135
386068312
267438525
327487824
17497270
582291599
20911494
110440333
50077404
818177510
258900199
582034478
90486871
23028980
152814142
211993386
242555999
229616601
30232973
385583676
253577148
17711429
21926749
19836685
501556589
506110800
351984175
25921076
24661901
154356802
64579616
137776229
344320127
323796044
398126997
35753110
163590711
16521206
313938367
15725469
14354091
232949586
188363737
14280299
29067055
