17375116
1454304487
3317799825
26834339
112562633
29501253
11348282
17214683
2177550252
14095706
432557320
2611052335
200138313
21213276
16686673
2930635215
2976606250
91882544
87228706
2964526557
1058807868
2966758114
2962681881
20685290
95506425
18163042
2800581040
20218675
1702841720
14410652
22650398
202658798
614542142
309155780
1963162166
21301913
2992490796
9130702
490907105
18967498
1732881642
8731312
2750127259
2976527217
519226857
234053893
506033683
1536697993
2241732890
2953494478
21542518
1868997518
15461608
21199835
16150440
2929491549
27676828
2953974395
2953713339
540122045
405004997
2862577383
23777126
279146237
56701775
1470283753
1134292500
275572403
377534571
17409240
54885400
19611483
22826294
1428659995
19980678
52794980
143083269
48747397
956780492
18144581
18090660
138805383
184110193
191193852
328578470
1114465094
98663446
36681590
533301706
397497069
1123191380
39279393
26572460
24904117
59229156
808840952
1195256905
68839395
78408666
186081675
88359986
7563792
54121550
17349597
831826818
27956178
6717192
46554393
131538331
127908604
1198995848
18253799
7152572
1405337395
44653060
20867568
85365067
1180379185
234906311
211530910
86370649
14704220
27048645
26948905
28652197
21870081
64764487
93241358
39653808
558839811
19489239
80614771
87870734
18738694
17880546
20889910
17852627
48788647
23535710
15513604
64819864
309032583
9567972
50446312
1058051748
264268489
1059240924
33490420
16815644
218349372
1178700896
16017996
382791093
13850422
25104363
1613935920
15840909
266133081
27535721
293128525
86364947
19417492
39155029
1418784774
422827850
15335534
22286602
48779464
21261661
176573604
21829541
17564591
245572815
1209417007
943814922
174103919
14159148
62398189
18487428
16081831
9624742
282735852
20109973
110545675
296245061
16906530
56401482
7744592
16636428
31310158
19394188
18776942
46823174
20243128
50055701
302148163
23976316
240393970
960962340
325830217
314585133
73451006
1305596696
17539497
15394954
233557728
932446728
1339654382
234066303
1417233338
844234922
1444015610
1472700128
735403568
260103908
1372581830
14913914
15725686
243820245
80568825
589311467
1561297867
1606151304
1621383055
1625661266
161344057
122155767
716344369
301549400
135244073
105274636
148878245
103896637
27882000
11651202
85796380
406255275
17061263
402170643
89297892
1092757885
238793423
16129106
5693842
16193222
90742098
8775672
7039122
234370900
34340464
22835841
10126672
229966028
32503133
24004213
245472463
242182597
228232070
28652194
99180092
573063541
234022257
254082173
447410369
1375289149
108376246
227386410
20718028
373166452
112924723
1469487666
807315834
45285656
21758568
86177206
16097702
18060563
17469289
17487795
85634177
337595668
19808819
18810387
19616879
151479311
163586067
221793778
15869080
75037263
16283432
16366471
478983981
15110357
23484039
114388293
28576135
156703580
20402945
213795411
44397881
16343974
339822881
968650362
19407835
106544248
87818409
11856032
45645232
8128442
21691973
262756641
246769138
1058345042
1080844782
48075643
1090002997
963480595
1072382221
10840862
18805644
209792690
14270650
143798379
16007460
1137600571
20776147
16989178
48029066
11856892
233737858
21768766
237763317
17787705
36771809
15764644
76348185
25236833
259395895
240760644
10774652
3135241
418991627
16827173
15075999
4119741
457984599
172594868
1877831
28811251
7228682
14275291
234473177
960696949
50152441
15661604
37094727
75367781
26596727
14511951
7313362
32359921
15160884
16664681
91478624
37920978
7684882
14293310
88033694
155642785
29216764
19553409
60984835
197496309
49140008
263758909
296361085
25086658
113758100
14669951
196168350
28614262
18277655
21313053
18170310
78431501
21982720
89820928
184136149
18317325
836052565
92079350
5402612
18061669
234797704
229592356
1074480192
809552311
18915145
16491569
17078632
234822928
17800215
16311797
21111896
22508473
131204770
19038768
30550346
265321890
78369108
7402662
12726012
22509548
16102244
14344823
216881337
15745368
5357812
224294785
18217624
295685416
9508922
237403203
15116570
191477653
38495835
237348797
124224165
19139963
250784170
16887628
9855382
198526130
14061583
219429281
18513241
1072008757
135931182
29466736
455278761
107560034
203226736
69073724
20467163
15537855
18811140
32007346
60444136
38453125
130600206
18963842
107580583
6577802
26777550
22432356
277040040
17448685
17824265
37778604
50777555
17412224
22055226
7126672
12788332
976969338
14730894
29766367
51228911
221162525
233842454
18805303
235251868
32506723
19739974
16313592
246341769
36654245
18791763
22831059
17544524
213634439
278145569
90405702
16256269
80638910
30043495
224320485
21269970
14662354
8839632
807095
79292033
86141342
15012486
108617810
46681100
27744185
15731751
98471035
21010214
242926427
347244007
190890578
430235090
115418121
237312687
456806128
18958999
250719718
1337803208
455764741
14173315
252115520
742143
31127446
15754281
14845376
58379000
144986277
247723476
229197216
18983793
5561412
326255267
13218102
71294756
24773493
16056306
23022687
256113470
25101996
61220477
15210410
10615232
166990746
28628850
65502117
242873057
21301933
36452050
15731368
114756202
104299137
263292498
158769098
223970563
14268812
32071013
44682276
8539242
966859044
35474809
39595013
21674448
37666984
93957809
86129724
20552026
343171266
2467791
51241574
20608910
5392522
3108351
17629860
28785486
1652541
34713362
428333
17546958
26487169
26820275
4923811
14335880
85131054
47694175
17074440
22703645
15931637
40116885
47739450
9252212
46002396
18166778
15224867
15976697
23970102
39308549
50769180
16031927
136250134
45190383
216455549
112047805
620298978
20252855
19722881
74198348
44401911
19739126
11134252
21619519
18646108
34927577
20733972
18812301
53192639
8953122
237784477
15245652
15798813
15428227
28176898
5496932
71627462
69773058
35218566
16119129
15356407
366852919
759251
217543151
16157855
19926675
18293999
16187637
15987296
15361570
28599820
224285242
50325797
233761277
599379835
14587949
14246001
209138950
15922214
117839957
244268646
27311044
20879626
8251132
18777618
64534908
20109359
733751245
18891923
56413858
14529929
18566912
538671723
176572070
234399349
29578061
263745339
18183082
18216752
110445334
86988897
402719755
235271965
235217558
97257018
16296575
640893
236645572
39522848
21426423
33911073
18951956
21233136
19452494
18916432
190328374
32740506
66369181
30864583
15675138
201079432
28935391
402029058
7713202
314335929
15210284
17976923
15207668
389028352
487604960
479920635
238670666
41634520
75939860
1367531
22047070
1917731
103952733
39822711
8216772
43607410
19945609
230611723
12837932
48249973
15029174
27732725
176589375
93774590
22528309
282093902
41445718
20192403
