1615705128
115130301
226237719
232597945
53853655
19950069
2291655589
3240808434
103445243
287893253
22006174
50645326
1132325707
243337600
39155029
228756628
222891677
33888031
398088661
18806615
16660725
310310133
283368301
2975350155
31140165
67940686
174668520
2245418471
101790355
19088288
3239346701
286428176
197042132
53257678
957531788
292990703
468061417
167906174
1375053288
1375492118
3063933998
37599351
451117300
31183389
601258268
498991565
1961010848
3027141429
394284564
18838634
31391915
21228708
242130387
2563529892
18164662
48029398
17907265
5768872
630310686
209708061
254657023
459640800
152700731
80366372
174741544
79365337
6206612
305216911
496535181
28348670
182815759
44372248
341811281
481270015
267564377
1196894713
437574596
199728303
2677974967
47993533
2434421515
12011422
331017504
371968805
209725175
217550103
23273353
50399834
1132179139
15952662
1080844782
168673083
342601720
893496121
1080509366
158398519
222294757
1473761198
2293131060
2185452841
138499929
2970462034
2998686597
351287640
22000141
201804770
252695467
13301902
19143876
2752701519
38449898
57374859
234363317
67194113
16116288
42641622
95713803
21661387
210684204
1223130229
1604366701
1736601720
384350981
2848282540
18768730
76348185
214211246
2970279814
2968451607
1222257180
972651
1522468057
18938912
30231097
44660449
234361966
14980820
15309804
1394917244
96354656
476209692
1137600571
383477193
297053549
19074557
706005672
2424255854
41621583
31406352
90714690
109297087
18197668
54244175
237944147
105242077
16244789
14282672
1074101017
9694042
114612989
46293522
253167239
144378004
2343734922
493318687
603225897
47049870
66562891
78408666
120342217
53176629
1209417007
1531521632
81246980
2592023390
1444015610
365187935
384913290
15824967
369245377
19394188
15007149
1615463502
249722522
462143773
325497645
426159377
274581613
67105753
1339931490
24710293
25781141
428333
1668217094
3108351
263815367
5402612
1652541
2097571
742143
1877831
16686144
59145948
59157393
249410485
88806753
57065141
17006157
24913074
1947301
7356562
705906104
18510860
15220768
75052666
205864193
17074440
20608910
18622869
48802204
18227519
14529929
244655353
21619519
48568150
369238541
976538112
21121491
26445145
32012825
1289319271
5695632
36771809
1020058453
114547989
2153637427
259396022
17787705
409367565
125453969
43920155
393562221
94262891
2437204423
19026662
34274380
159505287
474232856
28096105
46004597
119162694
246994074
1265423480
733006374
19036037
21431993
904687550
377434958
38256654
554788427
25249798
1068500113
54620808
221135570
1337654646
50088781
48366585
15212187
16998743
106580586
36585292
773789287
104980877
1140648348
873828578
515846981
21757965
13850422
17134268
71294756
34310801
15647676
66369181
14159148
59884592
9624742
110541296
308573576
95731690
166668164
33256849
250386727
27978179
2272531993
169183715
19068885
221040059
256113470
13393052
86697288
44988185
14344823
16789970
82649797
1135486501
109071031
535093218
14184037
63619227
89273569
102706465
28416309
83932732
1249418526
277124730
114756202
14615871
166252256
41815443
339529477
20109439
413223602
32913542
16560657
226299107
1037321378
787373558
78369108
18579216
22160119
70771229
1201658035
106135104
34713362
177431446
25110374
1083448909
581141508
942156122
960696949
613725908
1077121945
1071840474
1051127714
1072467470
20015188
15612015
14055301
211254250
1863746274
143157532
34677788
1380109009
432766911
24775894
114624280
37557615
47703620
169881693
395415035
993956222
127544605
87799109
47331384
119166791
31122496
15324851
35778956
19272796
23484039
245424983
5741722
42389136
2836421
5988062
15764019
325830217
312134473
15097615
339852137
599503354
17171111
40302336
258900199
193732179
63169388
636431083
119250381
24195214
309267226
1438602337
23534104
1668874014
254117355
27055034
22162854
939922981
113127789
63262233
15824288
14466538
55355654
55334133
20772763
13557972
4898091
87510313
57842498
38477209
9300262
389759292
278776049
153149305
21878458
19948202
62964501
18963990
20524105
44154696
46175145
24329097
98004277
271113713
269829422
34113439
409456907
1382182747
301757072
632284175
218559999
88287695
18320430
17971996
36450212
19591674
112549655
143900833
111635980
231510077
233979612
16000856
35759396
179172509
38211233
1244414473
913586352
1339835893
121207956
66754934
42562589
109025212
1060796995
633924423
20536157
37959591
26946495
148453195
140519774
240840748
29407288
776664410
1382011333
1375646822
92997757
241207373
19716781
292488448
584912320
216741866
845745685
14179819
592398002
21308157
1055730738
31128529
1055685948
432676344
67378554
221792092
164007407
133832049
785414496
14495726
43425975
20071361
145331696
9763482
22053641
18032149
23258618
147955659
14124614
43888471
1330457336
16955991
160946337
46678824
158041689
349228273
133872807
1055907624
15754281
12133382
17469289
309889410
1058520120
120176950
18916432
191477653
159124223
18740765
56730035
887326860
479843758
27989791
369505837
372904944
364477412
379995690
149155812
17064951
11856892
293131808
14695985
120188379
39520162
232268199
18136692
132278386
247334603
6519522
14677919
11856032
15939889
172858784
21684013
9855382
8839632
27901418
15248150
20179628
278124059
7152572
52077282
384392601
23593446
16187637
164412502
467823431
7429102
476256944
7334402
17220934
369697377
18639734
197567344
49613197
143694271
64421425
500704345
20258816
789244177
278582590
5561412
389840566
15918708
14293310
15012486
20437286
44783853
224320485
15922214
8953122
15008539
7402662
28785486
9252212
30929600
174756750
31169220
1068470480
1206227149
15463671
1917731
26596727
131144091
132201224
759251
7004382
381152398
13491312
73238146
44177383
807095
14511951
16129920
612681042
15247433
346711949
5392522
51241574
246357149
246088673
2467791
30912937
15675138
50325797
140188005
16456627
309253953
35049488
22103425
31077933
111141045
242836537
18137749
14246001
90484508
859793215
36169584
18917882
142475902
16299627
15864446
196370955
242939330
11877492
164369297
239964567
16581604
939091
7713202
113420831
19674502
115979444
15808765
733751245
26637348
1134292500
612117635
267854863
33576489
108376246
72198806
17494010
111379452
18696134
31122582
14676022
36948268
60919240
19739126
208692908
292935209
22812754
20002401
234014087
163570705
43963249
156333623
161791703
18829123
80612021
239949176
23600262
199325935
24745957
21312077
188019606
48086014
138770045
36686040
82649553
29450962
22669526
14135426
248735463
240812994
33530012
153486399
168502762
233783568
22012091
31801993
74508260
18695134
14377605
813286
15764644
30313925
