462143773
95217178
273581814
17652650
36426516
115502860
405787214
38516217
2975350155
2904853794
44988185
2272531993
1102924608
539697798
1375053288
403363766
113202279
57537356
1604366701
2511408984
15891809
2324930306
193872188
222666657
61349535
224697103
1061385474
1077121945
2970279814
175145606
298717440
52260677
427424201
1536791610
242426145
310310133
754759177
442824717
1959641286
17172311
18191927
108993692
15854702
16000856
26664495
28796289
53176629
14240875
8320432
21205756
14315537
49698134
16162682
14695985
581141508
80628196
27093057
384913290
155669457
43816587
239211082
1179463472
467592573
348525638
369684916
14062180
27151743
21335246
15954997
369505837
5741722
54244175
278776049
18622869
15012486
1330457336
26777550
25344734
1093090866
1074129612
28602948
13749282
224285242
8128442
292990703
16583468
463132556
158398519
15361570
493429193
146099195
21677316
23899578
9545002
308238066
24252468
17543416
10879522
7978262
552151606
53197137
342782636
7663702
197594920
18353561
41144996
18887735
17602348
304543512
306304686
47964412
24939832
14472002
18915579
73143907
13370462
16225445
14498484
16212685
18148466
12811952
12838532
16830572
16104602
5654712
291903997
149204192
7334402
29442313
61430988
1390640984
247486443
151963505
19677343
151519500
5680622
19716781
30929600
22053641
7004382
30912937
19824430
233733388
161781825
237750442
164369297
18217624
40302336
94103877
13557972
5561412
18915145
2293131060
23995748
5357812
18891923
43910797
246357149
38477209
119250381
112740986
13491312
25781141
258900199
14466538
20552026
28599820
15923226
14676022
14377605
14246001
132201224
73238146
1339931490
1140648348
164007407
16789970
6519522
16669075
113420831
193732179
50325797
15647676
38254095
385429543
467823431
14511951
66369181
1531521632
5392522
33933259
9624742
474232856
111635980
18213483
69231187
7356562
92186819
16153562
235373000
39313927
82453460
14700316
50452197
34274380
14159148
221792092
80612021
63169388
36686040
111635527
109025212
742143
759251
239905257
161791703
2467791
87818409
31122582
807095
1652541
278582590
161411080
18137749
51241574
140519774
325830217
15922214
133832049
312134473
9300262
1917731
41117538
339852137
15675138
22812754
30313925
14790524
15439882
38285038
1944370776
24113240
14688489
1405337395
389840566
1617805224
17912982
9855382
7402662
7152572
46511103
787373558
59884592
249410485
263815367
22669526
17465287
168502762
24745957
188019606
138770045
82649553
14135426
48086014
153486399
156333623
163570705
240812994
432676344
292935209
199325935
234014087
204864184
208692908
381152398
168673083
267854863
21312077
29450962
248735463
239949176
90416226
7313362
17028405
15032862
14957318
23600262
56681659
233783568
246088673
1155335864
43963249
939091
23951197
1092979962
219429281
15600527
237814920
993153006
22012091
31128529
1068470480
1080509366
1071840474
24195214
17539497
135931182
1058520120
20015903
56864092
211588974
247334603
36948268
1009269193
305216911
60919240
15808765
15764644
115979444
813286
15612015
16116288
73458781
26878188
