3095493190
54898680
19430999
39389232
235170353
1129443330
1470138920
2830129026
30912937
2864619761
21676506
41655821
21121491
874916178
1135486501
544572819
773983824
776664410
950783972
462143773
111635980
467823431
63798167
55058753
62853858
1074328106
82693907
70517715
761783018
479872233
277160419
1531521632
463132556
15361570
252249233
164369297
1051127714
249348006
369232105
293131808
258900199
28602948
18137749
21249203
21312077
1058520120
2293131060
16086928
17070252
21116401
1055907624
28585586
153149305
11348282
138770045
312134473
82649553
74294786
23103488
180505807
1243902714
188417388
1077214808
15110194
63169388
1225814342
188019606
1342861723
22012091
32774989
242892689
599568463
19611483
10126672
8775672
1306507460
817973234
61853389
22053641
1068499286
58928690
132201224
1096246460
619571733
11379362
25832917
21106227
442198956
16896092
16480721
404132211
20990445
995193054
361462571
30313925
158470209
29819203
178065733
14352556
14245881
630793355
113222894
49773837
51241574
1652541
3108351
759251
15675138
20604874
33678751
8983922
16954081
9300262
22079341
