2724095695
2966570782
44696044
2809288847
1045110018
7152572
1710530342
2916086925
1058520120
14337158
103140276
21346215
402957663
35773039
5392522
14345062
2836421
15922214
1917731
51241574
9300262
2659894350
2321401452
1375629084
20183845
526642819
20568127
15640533
19031057
211110602
78395928
15652540
70567792
3193637618
1477681322
80460610
121597316
36511031
38707559
40925091
19560636
16162149
30815935
3185855792
312876142
87299172
10042372
439717095
158806099
2962868158
1536791610
1330457336
76350030
260396714
91236886
38598713
2968451607
178151347
18127126
215895074
138906085
15954997
158831815
34402366
196239668
71677844
16657699
20097362
26857672
124066240
52195002
62697510
20635627
36698008
37254407
2386322779
21222879
109395560
112778012
86998884
152399034
102422959
128104556
82526723
145728310
37040329
950594204
384404409
21125181
249863804
90829221
3060779334
212265354
80374052
117448239
73438871
21709012
1289321
17524707
137519634
28641352
426030688
45951847
553629986
153322270
9489252
397555982
30912937
151963505
36771809
76348185
66054153
22989686
20002401
2792540601
370518790
32578531
2918203464
1550957952
3044993235
3018670151
210926192
915514734
148570475
479872233
30354991
1260172386
1243902714
267938462
106835194
2710467703
111710999
321651713
140519774
1037321378
161791703
7004382
43963249
73238146
81155372
168861658
30216513
108376246
88806753
133832049
20437286
120176950
166252256
20179628
2970279814
787373558
31122582
36686040
239949176
24913074
248735463
16583468
7356562
245451804
161411080
66369181
193732179
38254095
303861808
1071102246
339852137
249348006
1055730738
292990703
312134473
158398519
385429543
942156122
950783972
17629860
73181712
16789970
476256944
15442036
22012091
18137749
939091
15764644
5741722
9624742
113420831
14438678
15675138
325830217
30313925
14238142
2467791
428333
807095
14897840
15295015
813286
