389699417
2914163523
94620285
17881467
130594732
73270807
22271644
13832182
21312961
27114180
148878245
9130702
27027979
33600887
36681590
27048645
103964031
21887831
31464192
1410590874
188857501
18825339
44682276
377471762
218772452
2853309155
1541813136
1209417007
953885820
51072088
18839620
155751241
392735291
241242084
550264179
960300420
250912539
1002186547
529724032
23610943
368992130
7702542
74164455
234573331
2978291435
50775575
10168082
1577676458
12788332
2962813893
21044269
85733562
14073637
28216483
123014328
17751265
15163577
19098792
48716479
18908973
76714585
9252212
250788388
21252618
393799568
17346287
83922884
54885400
10126672
66369181
8775672
16129106
31310158
46469610
14529929
15731751
72897587
392810019
318609709
874916178
23970171
33925704
301549400
69773058
579388188
22528309
34097753
61853389
171733309
20957191
2965083477
550401754
26424123
239964567
227682918
43968671
26310967
2327275866
1550792520
293647157
19970528
2741992100
18880366
296882238
19116214
26425590
146506739
531809357
28785486
14173315
14661972
14412533
14246001
15754281
16348176
5741722
9624742
15210284
15675138
1917731
1692509149
2214483961
124976633
226699360
14812896
19466515
28417331
182817779
14883459
14664825
9484452
193441058
27029537
15755096
140531919
14160689
14345062
21550778
21156659
24362769
11855772
15238011
43894396
31122496
19739126
22265019
254117355
14811951
52533447
9245812
17077313
34376783
340144317
18738721
1596414373
226220514
21870081
1032734269
1289230225
1140363530
14342564
16715398
140980387
2149481989
214129867
301547241
55607413
2571424434
2277988314
236139370
31474138
43360773
40260612
213795411
20733972
2694513906
17164352
35977182
136337303
5693842
55329156
15745368
15207668
19394188
18916432
7713202
40287196
80111897
177564016
37944658
17782124
149913262
5416322
5496932
7730052
63219080
33222598
10322422
442076179
19226545
97064290
556984490
15922214
267447692
34342283
419598262
733751245
50055701
43966872
102759346
181242448
884890531
83701215
44413731
24760956
22877747
231087747
55300928
21829541
148376661
613695343
469484420
1467703370
601539976
1549130006
17911099
1004289404
111560327
51682281
27962863
475988505
19806037
303421365
98908665
2244170834
47365136
21677385
1115893356
26797614
294126378
189756390
1001667356
2618434850
18906561
46283822
455985798
5357812
113047940
19608417
18918084
9300262
298772033
109440495
283728394
19551435
53520048
22558988
115469748
14513239
2612342299
556623007
503324517
21884579
392121766
21428966
22628061
93710434
28120317
389260527
426877599
17644067
180869152
56759776
20164596
17809228
2858151526
86364947
18122925
109335055
42502005
2856787757
226584826
18252886
346184864
2431229300
44972460
322791694
2266309002
15233476
838853420
18646108
58842416
15109516
112047805
2239851938
15918708
2743662319
437853230
42662116
22818322
15743267
21701570
16834483
17235374
12297492
14351834
14276290
195988950
1464880244
249974811
236516446
57389552
100364785
608449590
75342712
49815878
312432013
181578025
90403225
20731927
476178374
586303064
17444876
91613043
18079850
18491946
387852943
15430418
19606871
23090525
112517505
65712412
361467059
25561092
92211965
182187160
58297649
335727561
126653627
53551982
44314770
100856967
39825961
2565711858
36999401
73240287
561453438
19273698
872682260
23970056
79052021
70567895
177219336
126082163
1137353035
196674285
373997442
1240111471
186852748
63214997
276345416
762885218
246102885
1164437490
63560706
581984808
559743322
2280908629
292578421
600525563
288925647
2782994419
388637609
289342314
40043388
34069223
252448364
9094012
815756839
246307409
37716083
60720101
19076012
56385503
26169641
10282842
17812809
22697422
9990362
87044545
181018656
58322812
22219322
117456521
18287860
57527518
18913730
21516862
18067335
18286821
57633570
33420211
52845734
33139378
63464107
23764160
21893585
55339337
6672532
171606534
19434943
1352133535
242821601
17871700
1225609926
75040757
790136510
484358771
38279027
1632772304
20545055
1074322939
224779849
297538330
242021791
2303669532
97473873
2170954045
2670688542
2649256520
65691824
29293808
17078632
16097429
1696700754
774986664
26186132
452935531
23228086
25367445
1854639792
262400987
16316380
15320854
500060520
14789627
20196909
15236181
234590226
54244184
3267891
204137620
21301933
37692162
118740781
2424440299
2400351590
65106660
461171857
237129009
320810188
18987762
1414165542
462292679
1383059977
14669951
55932405
114192592
2282765119
19076678
302209035
587549939
2468478588
1217028908
15664289
732063416
380610545
14110975
125740073
8433792
285317378
26263143
13673392
326581793
16796174
27763028
470292246
551954330
29090846
19084128
18807749
8512722
1074480192
56745107
76508902
109593737
841230037
360946333
28587919
540322705
114896223
58379000
18916217
281583169
36280515
261548933
70789035
1290824280
550478242
21778950
20264175
216881337
21878458
66177465
24772913
572249397
24173766
61871814
28115022
617370552
17340781
20713061
11134252
2286783277
2296251301
94665918
2738100254
23326115
335470872
211905703
94142346
70999269
80050601
15373359
227329300
27152207
2587886912
84667637
101827667
28395645
167086817
1491643430
618273412
19725012
349274140
331115565
291750600
19777999
85678718
211212713
2296444477
394250527
226294877
234903621
77011413
1428278132
912690602
2231780857
1117195518
385081448
234798764
467569691
286365359
21722951
229464903
113212294
185703645
25343499
12663042
64485121
1372889448
212809717
568336763
105182747
2227258165
19732828
138104496
16435731
193843350
975455654
68983650
135982582
21879509
24622470
1396290098
390435278
96211627
475051326
19785310
575481158
15430984
171995670
19993891
1849191787
317927211
29466375
98496610
52065008
348063877
39291859
84338816
69628492
24422240
51041912
67715265
509104363
135604360
17963989
1905372558
48069628
346764845
17883377
2242852663
183310771
29999174
81922582
57431808
26808676
14370739
31524154
17368488
34120769
20071314
242406471
36473880
38276009
16511942
119826239
18931904
98473006
272287870
52527012
32459909
21275241
38665478
390967705
146931880
322143316
177598167
743524958
430470429
19545937
87500947
554857222
10613072
21804472
48749266
14849086
36973175
83681054
30324579
275089901
2868115220
59234015
2254470276
42638627
137126546
15866205
64421810
40877023
25176693
26022905
14516024
1362524880
13674702
2352295722
10102032
15385348
97079294
19007440
293665387
42946380
151115182
15925848
115733549
157365147
1317675720
28018214
1554330380
21000370
55049078
18053349
247368044
17343065
284230055
29717247
20177010
386060495
54598682
25430758
295361142
15087361
18088051
16118857
128467197
28639935
37722843
22688989
18811814
20779686
22730865
26002034
21877818
789663326
24335056
15433452
17841765
14016182
39524364
27948604
974264862
282667699
274642417
52530334
15096751
2233470968
15747109
211258879
40041914
251950200
20692317
15680988
17782826
18347570
17862527
23598711
17069785
21925787
30249877
15832179
18915709
52531355
221875895
19674753
26571219
15724740
48117116
19911224
16874644
55590247
113379481
16788948
14534931
19083469
1458792192
5988062
426328401
2884771
5402612
2097571
759251
14293310
1652541
51241574
3108351
807095
14238142
428333
102688191
343545114
13657922
10615232
2467791
829735580
19681765
423524420
84406725
18131106
31591773
120965420
1926722586
625891051
136383882
29262271
49159163
133436122
1496265176
28110558
1563402026
15569234
123560579
18415581
262831738
1090132466
17413151
430043187
52954222
551981996
19073451
632273870
16563441
21631799
