174670640
529621728
16057477
33942406
62332455
52494838
114525365
369008426
74229930
24729040
18199741
59012899
27636136
22636462
18166634
17001533
47665766
2149559881
1651070005
411194625
224454645
104794934
35788396
195822259
1683529369
2176415954
46389803
43929903
1019965158
1704870318
1377965276
281548015
21685415
633235941
2615921547
776297540
221179498
372595614
74546499
341862404
885182676
33742167
3107888643
311218913
2455312092
73155950
536323710
284869805
52267771
96192124
354098521
18849977
40507757
2228789155
127110374
277661222
237795288
404491879
261872512
281778462
94219561
282685808
281778300
288304610
104915074
40509326
976617302
354095853
236664995
1323590594
322304031
1016441540
23486207
26626636
2497134380
1111766498
161038964
45183310
22301031
100034461
43525000
1281274039
966847082
2820462948
16913253
112500084
185222729
33558897
14083211
911738384
2873783488
334110966
2149606369
2556895080
1561757696
3166551179
240841532
46699647
404987522
32820923
708482580
35048177
31424146
2618180090
89480856
1129038920
2881087294
37266913
290773567
607955366
2776955307
44982218
874073270
349094704
1462135453
1581257292
19694835
123262942
111100630
231839201
607257061
133789439
2792752787
165765993
594325449
606549224
525728817
113669566
1616559932
134837880
199356776
101946979
1468057873
40869425
43877838
395308279
63229100
1640509020
543177628
3353598550
46664272
3254007674
1935832362
3244863229
405108345
351303896
1503484182
3275220102
2978719924
158397501
2788953284
560061935
61825515
24038241
191501593
38516217
18925538
1240034964
469637791
467088718
2515116383
1653423253
161486054
903156607
3201801525
229545458
2214883132
1909676586
1950227054
29774008
3342582693
161531256
3232982827
92079350
15113571
87019958
3063608116
109663580
35856123
56788628
32488919
3236881817
15510953
365720964
3307135840
204905640
61843895
287691384
38897458
68010454
20524416
31249003
404358908
65615910
382235939
302647517
61352185
2977033565
2616173480
106520446
2270744556
14080020
25753206
606630684
495044553
40391709
23755354
75444624
230238876
1436054102
1517314526
130929363
546023704
460234737
863204666
117059688
6655262
21724650
35571781
2291655589
269932970
19609219
48061972
19194353
5868202
235684777
185809250
249996517
21663950
22174229
21862217
614441689
279196134
16013460
2398033820
2669853043
308512532
105231565
31194905
25366078
260769990
69035356
18387265
29213260
16473463
1280972058
95273513
133448051
254823927
14428051
19794047
258818409
19545932
366559659
28927026
2438544872
1536791610
139909832
259918701
25564548
23112236
10929352
383647766
36000570
2718853359
11680962
70944668
39826971
55896443
2990145315
16667912
15763299
244817600
255719070
390973130
231108733
2482964936
62373285
45674198
2932617195
233842454
274581613
2962681881
2174716578
163995093
18468374
47402168
3044993235
41882703
435103138
2485930448
18774477
991357832
22441765
28605919
111200288
19036660
27151820
57974542
281593711
3027286779
3018670151
236279233
1116952862
15816711
18967498
33933259
18825339
28049266
2970462034
2970279814
165998897
15277415
2923631014
2966570782
19774073
2968451607
21922229
341136032
2711909377
272710377
16291449
21845498
18373162
208736091
64496398
34047021
229175453
84144632
78694788
976542720
2962868158
211218767
1342861723
1092818389
1384653704
20317002
76133715
121862197
432797602
50310311
16102244
381585338
56081005
15207668
1855328768
20316308
15692086
2174393299
14515799
394741838
13067732
2579131416
181808211
18456013
1134839412
22129280
94667985
25115308
131928753
15689319
18334648
17613261
202415747
333442555
50683217
193815092
2609775320
1104111013
711716678
344433093
414108230
2201560562
16958346
18906574
1347119180
306326228
1055982882
144222604
2416355268
176945720
468753712
2477802067
100074798
46046512
144199278
58966027
38449898
60504018
15952856
44499925
22373419
355058023
5920532
66368876
61263431
329888286
47714266
2776818638
166739404
2767669894
19358461
1920537168
140856288
69433717
508325846
596661270
69689222
17170750
1145449591
107136502
733412977
69160420
436873679
121540651
121817564
1665514478
21062652
20085060
444699073
16153562
18990471
17289717
177269687
180418331
33964620
490859408
114497182
309070309
24263009
253599280
48366585
87267905
78369108
16580226
49733381
2252516599
38507478
2320971664
15256841
46854930
399649186
84414842
34226762
385385772
16564324
78400205
387900968
28254715
6330762
16122373
989536441
52827091
33550291
1606602836
248642170
18426419
454313925
16116288
18276341
67194113
67215899
23496432
10228272
36711022
65551087
17160680
750566606
71048726
18697888
111141045
194698895
284991184
1020135954
95270375
1469088032
34945137
43379402
20517132
65483026
811377
14344823
16797303
32007346
441938188
17602585
69091913
442319975
398737968
158061083
18939358
16004175
141647098
23105781
197483570
17451742
606412878
398180341
364947550
21696279
17093617
61320986
284647429
87818409
2255243876
12133382
14361155
21414576
861408991
250386727
17376893
2330415198
15908429
14517538
2359926157
156703580
24197307
701290430
2592023390
113202279
286179383
388388260
257529281
20634134
217454583
363997734
17243582
197594920
2329092852
19418459
114547989
131497030
54997764
46222389
109071031
140863851
293131808
8128442
546820570
1548158070
282093902
18978610
950531
17471979
95281047
312243603
94218938
298099354
772430100
1543408094
463382740
335331533
143424488
17325090
30264927
41662642
121779623
33548996
71068631
33639982
61222317
419779216
250912539
973983732
2606160367
36100018
1101110382
420057347
1086485478
1155317912
589493061
27481883
266110610
1967015768
2176815348
75326459
20170206
1944072716
103432313
34031115
1947944354
14345759
15018428
36394583
21657051
23588075
15048808
97910289
59331128
111087415
11695472
11695602
16834046
131144091
122735017
257549999
21240602
31514679
87498687
28391594
16898332
438561525
614542142
485900153
62632267
21348368
15664289
346197350
54885400
14221917
17998609
62081232
15391102
18052661
69573718
183767243
21258337
900361542
17897253
174275644
35100946
31481365
1267803440
235595412
621299222
454880051
1134985088
404207687
49717316
1648032751
19216918
18199977
563885202
404213036
1653795146
19001298
34023304
212272215
23976325
34123280
99041149
21314814
16566133
18229081
48802204
21800246
213295930
103130238
16348549
21274455
9589252
90891529
1313424913
14276734
15368404
8487622
65029857
262185580
266185716
54301390
23102350
274023019
1322991648
47436923
408557870
2233048040
406061522
1283503489
108721273
21439271
2174077896
65647594
54424058
28242280
16366030
52863923
56761380
153099313
590060558
218351292
114840227
67622372
18171013
35780122
6450322
58824241
14073364
15357910
29726390
17546747
36706727
14385055
39583267
23086275
273477116
88769457
156678673
198521070
65381941
19070477
363811006
370149272
50003448
23632864
89547441
14633767
25747559
139730062
2475979513
23648179
182503471
158426909
590316679
1286312880
299883942
958435057
1337424146
23232204
111595219
30287438
222666657
26777550
159550475
19828037
7563792
18021496
22811188
83590349
972651
1446953138
50482949
20800328
36843988
16228479
813286
91478624
18014005
18219010
14700316
273581084
138479037
44763075
14848798
21268897
290268173
357606935
18552048
279164084
34341362
5990782
388456346
30764517
2151575330
17544442
15327774
319200513
17878960
786764
294084341
22053641
30261067
306989200
238297613
20150502
8565452
19412785
31465599
494583213
1071900114
74198348
1262814457
1260172386
259364314
305216911
1206227149
227088228
46016028
310310133
267938462
510516465
1577849532
432771620
789244177
22523087
75785294
22812434
20457375
42903494
92294003
348662319
1548827132
20064866
16935292
65416742
15394528
1880674038
16785615
15662928
1125510055
14385944
21765244
119491006
107329662
15667291
42692687
15755223
1551242316
588586596
59179684
31779156
27978179
312307292
1278040140
18369383
2282485225
28096105
2494264650
30603040
1250288886
2484496328
24916542
74508260
134975165
11527072
261852987
1128781184
190436356
14763834
91639546
49698503
20109973
25727202
36720313
91149180
57917441
16044589
16666204
716281094
16582381
25086658
2433737761
278145569
345328091
59238436
26278266
1537208240
568311929
430057420
128310422
17469492
272019676
44615672
151106990
62534885
564106953
19726613
19112923
413466731
14784550
308573576
381036656
42586998
2245220154
583771138
46724483
189321763
1536938744
152866991
462775371
77573377
48780060
204966625
17881467
232235048
211588974
247334603
540300023
14495726
12811862
1967216306
108360875
66409312
36771809
12626962
75398827
23369246
305624398
17536658
633924423
35861227
17409240
34274380
25145546
262754003
31037199
730684254
49204865
267939827
2409239300
1852819452
105281551
24221395
74741722
24881081
100601004
583029670
293765638
550401754
301549400
23124635
114050808
195838034
20250868
80380326
124291988
158396052
24431892
2374587222
166168355
14466538
14676022
39550144
856618064
234053893
55320328
234022257
52426212
49706919
65419678
75098474
21251668
70523764
199433130
24596498
115733549
1115348904
63966574
16031927
583377732
16967845
223970563
85982432
19240604
131179317
17137628
128246602
120176950
39511166
83932732
26538229
18277655
66369206
234826866
110541296
58869089
131434750
606230774
23022771
187993109
58488799
72631996
26044411
15524229
217523838
14617444
377676569
70144495
54624571
586671909
30673492
1548489476
23482952
2347049341
1314810937
25249798
161743731
273614983
49677474
2205611863
20562637
75052666
126401831
250188760
14587949
20064236
22509548
34627817
20543672
26775504
1221878174
287522481
134938824
36890646
575766234
47975734
356885109
596782151
14499829
146569971
208120290
40260612
297532865
14335380
22023556
18909534
20281013
1025521
8936082
56223278
12354832
243337600
22799750
1375289149
2354022534
23643957
23800611
410216127
87951215
16302354
42980426
314037743
804861259
2161486428
73754019
19785811
93963456
453319164
14238142
730816675
130305869
1531265618
250492272
69699437
997684836
258885469
151444950
26596727
52878788
74829020
14695985
10069612
16000856
108993692
26441991
289984428
588505991
453407834
61843868
736026282
37666708
17553400
41017380
26607712
172814396
18170046
103087786
15065333
27055034
1134292500
50393960
36412963
454099919
1339931490
31583882
48269483
104198706
21692297
21337440
491350825
9636632
340613443
21534951
108710418
161427200
76027332
249677516
1615463502
14159148
15603311
352557959
7848802
118747545
17171111
18814998
5561412
2735591
534494917
787373558
54208274
249787913
221162525
24965555
171598736
15324851
610922415
207660339
26083271
47095259
20259954
398088661
12859772
33537967
369505837
93876666
1281405877
1093090866
1280573660
1968918331
250784170
599329617
136337303
23911915
19407835
17060020
19734832
15507433
14438417
5988062
33884545
34641036
18949452
29442313
14856665
21918310
14062180
14856348
73206956
49620730
82689705
970207298
386507775
18510860
38970940
58550415
236026761
1604366701
1947301
21373560
17134268
121819727
235196204
2207588833
110775353
122473388
27295244
139574248
14186393
259300516
121795745
18916432
172491865
21674448
72198806
191440211
1861751828
16184358
242944499
943814922
433034412
113047940
382791093
234937222
216892260
7429102
15854702
7152572
1023020557
44988185
1330457336
468455186
253604734
1078473840
37094727
1897964868
14275291
78623653
88007912
15808765
15007149
33792634
15727317
11771512
44168607
19394188
131546062
38496530
19195094
1155335864
467823431
937801969
16081831
46557945
16072058
33235771
19139963
1410590874
15923226
15766082
119048111
1243902714
1222257180
87272043
14251225
18215973
463132556
7713202
18891923
305620929
23996721
22650211
86129724
1080509366
1071840474
245451804
1083448909
103447346
242508382
15138475
115979444
65163785
372854615
15220473
393562221
218982732
107807966
2293131060
71609512
2227259215
591845870
22789721
1072467470
1531521632
76348185
17061263
141084952
432766911
85796380
58562226
25129903
19247844
271441733
284701326
17813820
35566561
1372212427
481964451
4119741
9855382
19553409
14412533
7402662
15922214
1917731
60919240
15918708
15220768
4207961
112526560
14688489
11856032
130945778
15837659
75600769
21322255
24703826
56700964
21612122
79743108
98543618
28113052
19107878
33222598
48043084
15689503
21307076
108686283
15399512
160561302
15097615
224320485
45671898
191477653
21880237
125453969
19354391
11702412
87063281
39155029
121208305
18172905
16170253
49715850
97474887
16815644
16371887
14677919
21313053
63004503
73190286
36071818
14703188
18227519
7228682
17291393
16032925
19216998
110445334
164412502
17910554
7380872
222140591
15723290
52419540
106514937
15441965
21027715
91386979
45604374
97503010
93069110
218347440
59031230
205864193
53929374
59130623
109446583
106135104
21228708
23080711
106291885
28854281
409456907
153181367
26754354
169596992
318999759
21901272
15896703
21634627
305141546
19371141
55244226
16006592
102789488
18805644
37036297
35773039
57770539
21023681
243291022
61585965
16187637
77032777
34713362
85634177
15513604
28195764
2836421
14677751
117876714
12926172
7998482
135575282
25562002
20094138
254117355
19186003
295899118
380075338
47321029
51462013
41269920
73238146
20109439
14007532
56440142
21702539
37999041
173925279
188478027
52596376
242418441
163598915
59145948
147666113
240014188
27245742
120233868
23621827
21431618
112047805
90478926
531627880
241201385
123327472
282545479
18018355
116341480
108985543
14870670
352570175
135515077
33972882
334079075
266830495
47526275
594745693
11762572
21148783
35123052
244265058
22093595
134870834
41673775
9252212
633980404
74762619
106915076
255347566
222622640
463765807
324095750
18963809
50149303
142721190
45564482
69393590
82167518
14049145
15164565
217550862
18873711
581053112
731167584
16555985
26946495
17375281
136550204
36260866
59425403
113127789
16002085
474232856
16018516
991496851
21252618
26283468
257582789
70709534
49960226
620618811
149155812
17272735
213705184
22190185
34370797
1350033180
40057701
35616518
13565472
17270262
26562115
169612620
926601
64943431
1339835893
858646280
15212187
461720085
119829799
119166791
227682918
133081159
14780915
39000115
55369810
8036392
154909422
61200555
213713264
23427951
1009269193
462143773
31475315
39384517
135265376
278056519
153433900
71467589
14754055
1392282998
93761782
20117790
18587457
15856132
27714970
991821667
16157855
20021711
136050608
136300373
16930125
54320038
299790272
21121647
18222066
43411818
36426516
16244789
300969036
4400221
79281675
16684546
97058240
15433331
16691049
19307505
17212434
13491312
61206798
74294786
21684013
18909919
21690931
33576489
22812754
18696134
19318314
20552026
20002401
34638973
22192142
19891734
19918558
76091017
112740986
111635527
89028052
155724750
21312077
28819823
151963505
49639096
150688795
137794015
56864092
161411080
153865861
115111016
138770045
107545479
34972633
15022633
16583468
103922067
17006157
24232525
24745957
148453195
80612021
30216513
48086014
208692908
216503958
161791703
237770636
199325935
233783568
85396297
153944899
234002627
236511574
246357149
246088673
249410485
168673083
73181712
153149305
193732179
263815367
267854863
82453460
192955168
384913290
19674502
17539497
1055685948
1045110018
1055730738
1068499286
1058917562
1072453910
1074129612
69066533
1135486501
15764644
22012091
14615871
44783853
86697288
63169388
43963249
30929600
38254095
17011177
109025212
114756202
15442036
17006036
28599820
140519774
24195214
21406834
133832049
15361570
249348006
24913074
30912937
82649553
14270650
39249305
44177383
7004382
31128529
88806753
15954997
14984637
31122582
119250381
254186356
31801993
25781141
36686040
16789970
29293808
247486443
239949176
84119348
36681590
242426145
29205600
24926288
137823987
135931182
210926192
47412499
258900199
325830217
188019606
158398519
150724371
50452197
164007407
242892689
132201224
15446531
18137749
339852137
248735463
20179628
235373000
155669457
33530012
15675138
22162854
40302336
111635980
381152398
221792092
19716781
108376246
317226055
70526457
312134473
66369181
8775672
9624742
166252256
20437286
17004139
135713596
326929954
432676344
31611298
476256944
36719281
19739126
22669526
63262233
109287731
132278386
111379452
11347122
75124560
23600262
20545793
7356562
7334402
118730543
171171584
173999134
90077282
43409523
16160352
219429281
15769327
14135426
240812994
29450962
28582749
516880804
150078976
78408666
199325390
193872188
224285242
213634439
218349372
110545675
168502762
385429543
80944550
20113797
309937733
50073507
595515713
236899846
61853389
488755647
581141508
76456274
15174710
92186819
234014087
17494010
33563161
384392601
40277246
156333623
29501253
32774989
404132211
19608297
158414847
18695134
20776497
761783018
785414496
278124059
103018203
15210410
1106501
942156122
91180720
48075643
126171100
238259855
15724082
9862752
109257354
65707359
36948268
240427862
124224165
1027156464
450941680
455024343
9109712
389840566
1080844782
1089859058
242836537
231510077
995193054
1071102246
1092979962
303861808
937723303
1068470480
950783972
776664410
1060984272
1061385474
1058717720
1055907624
1090002997
1058520120
1037321378
1064206014
1051127714
558769636
612117635
479872233
442824717
164369297
153486399
373600871
252249233
153919023
44873497
92102359
239905257
23593446
78445977
232992031
163570705
28602948
151519500
162069635
122174004
58928690
70771229
306336521
364415553
292990703
54360609
36093006
188957628
47632905
21768766
14642816
790148630
18379118
71294756
14345062
1429761
5741722
17074440
11857072
14437914
216299334
17220934
8839632
227837742
322603418
13850422
20402945
7744592
46176168
69181624
108617810
447410369
80638910
209640562
46817943
47694175
20522862
15224867
9567972
18097821
7212562
34310801
22771961
15931637
113199229
25137535
16955991
113420831
15731368
26548315
326255267
16012783
16329199
104446737
16129920
31127446
82643763
11856892
21111896
57751453
27719762
19554219
117809503
18778634
67712288
14173315
17291529
1077121945
15745368
19786864
16001789
14246001
19727045
22640927
34022952
23348578
20467163
15896464
20679432
18871587
15458694
14110585
9532402
59123957
23634358
18678924
74241914
20597460
63493493
119026558
29994950
130274805
66809470
62575859
48809111
15210284
21619519
49698134
168506048
85131054
12272322
48144950
35474809
18686907
640893
222936429
43920155
24933645
14434063
16249259
22077368
92586415
15463486
26818542
37917164
36473948
18622869
135973679
80617430
70001261
13524182
18915795
115710058
268296724
350303600
16207516
331105296
339785538
329918729
29293801
192033899
59676104
49304503
243840731
47448886
308233424
17487795
453118815
55355654
30043495
27901418
352548417
23203926
26336913
214190858
259395895
35027698
61285110
19344401
25082216
5695632
20083388
522282462
29241556
17004618
119110363
126735130
43928865
250690720
125734125
244655353
292935209
115745371
184136149
16250929
14938312
195898152
16340501
16454206
19914257
64908349
44266782
48581849
89820928
22546609
222953824
24439201
41272328
15891430
5336752
14944234
339332911
30249306
546135718
21316253
8383592
20474813
27882000
466519303
52521572
612040322
18008053
44134773
23970171
61796611
430149473
1117020356
573896438
17770086
221260532
402797279
32472273
168290603
90420685
17797249
35187768
14304462
8953122
16516167
24190226
54622050
14539292
384438102
427150226
22138357
18767699
15829631
27885919
27872831
22408312
17486677
16121386
18619607
27885976
30135227
28353774
428333
15754281
11348282
29314926
29828364
17931773
14293310
15012486
27962969
18062030
51241574
23083404
27719861
27029537
42958829
18776942
66539033
297466603
35727191
2467791
9300262
66023967
331783175
16017475
1367531
14529929
18767649
7309052
28785486
5392522
15463671
130617778
21220931
20508720
86141342
50325797
22490265
41169223
22495620
24750433
15487499
30241898
40918963
18058609
344749616
299484753
73919542
327035221
319423682
231490540
20201303
16814713
169066756
16933101
199407240
72856978
24882273
27930254
30289879
292929561
50462822
207560742
478170864
227373977
205392468
24769192
61220477
15727981
199358351
36967051
16669075
337709433
67378554
184852821
21702666
554108359
14747387
792011246
455872282
16334281
2884771
807095
783214
19853312
15585350
53825559
15736836
57656488
20457696
34147342
125980087
20052710
337295378
19749188
17790274
20608910
3108351
61555810
34482558
11026952
253563556
64744352
25138591
59612459
16073183
299798272
14342564
89084561
131877198
16812787
21952592
61277489
38681698
17777489
18812301
110827653
267921808
16724361
19416225
277546050
52070270
35766545
166270127
25799963
61023571
56725219
50719126
63310462
21982720
47438401
599355245
22842014
249813426
23544061
47382142
160946337
166607010
78084813
632837478
625823479
249105428
182072265
268437332
21019865
175804798
48402792
487954113
32211078
254806595
263402927
80776381
823669734
23852881
491421325
269314519
282735852
61509061
313881267
103829701
20264590
66777708
18728203
16664681
112925989
23513653
16331756
16861311
12699932
157077177
25708791
14085040
65681043
30870308
30313925
205302299
180505807
759251
19397785
14511951
15846407
