128235400
20386209
62693727
19841666
201803389
3194515002
2970516379
1129287032
52855077
2494264650
138725262
2734713482
7212562
200153299
14692385
2805928220
292935209
15738974
16316056
16250929
1692028537
30038587
30137205
15309072
113202279
3364806227
626408085
2770006413
2923193180
17907578
255719070
59499900
16099922
397460594
23559923
6577802
2382685057
20015903
272028877
32194840
2975350155
3018670151
3044993235
25513372
741422941
402726947
25580902
439423096
1231441230
3238596565
317854991
3145901009
3145606277
3166711031
2799918536
133448051
15605855
25565646
22101819
31502497
2827623268
2242180784
2960001894
16826581
34397928
17890544
250357814
2875805683
2398066861
1536791610
69458211
3158030623
5031151
183672041
34741870
34648965
16424044
186626911
394337931
2461821548
413263528
11722042
57740527
55896443
2388069542
2966388665
62651549
190290939
74829020
361321755
2490794089
61843868
438561525
14091091
45212661
138774153
25118088
1671024336
39845278
281105883
18021496
2359926157
17629860
1222943462
21394764
453319164
2724095695
20015188
280670233
3145735852
1364881236
47837269
2871403873
27511061
294270520
142490217
25630016
41765556
249502585
395462962
138471877
9676212
70403330
292505409
16163937
17977219
284296658
41248405
14730207
20474813
169586280
19110632
16211434
36184220
11856482
14363353
1774391
29395463
817937245
17074440
19955268
2826766476
53670789
258422541
43372241
475286355
14434063
23593446
72631996
1880674038
1128781184
1089859058
15846407
2968451607
1270009052
2981592346
121238909
24196684
23394667
20565295
2991271702
163570705
240812994
210926192
239905257
3041634062
19083066
126401831
130274805
15808765
469757640
1898503692
1077081510
16081831
2927284486
2812768561
2953922782
52171525
1006725294
36449747
302069015
235669055
1075358773
309187484
3008565350
228616511
40923348
16545084
21159888
83487731
237320454
22057792
41817227
369602017
2968007206
525600088
307665470
2472939116
879126062
22182011
38090709
2710398264
201766091
2919932252
1007271247
122473388
14268812
71028773
455024343
40069846
762574718
13298072
49733381
1093338182
1544715486
135313892
15717390
728483881
63136498
486117104
123309839
119250381
111635980
64305581
18247062
2871387391
2911261041
2966570782
113439399
155669457
2845477805
20957491
158826094
158007643
78421007
214693975
31534918
329913473
119610949
17289717
14597239
2255210588
119521469
326929954
248776079
151106990
14945465
2279382018
2964222544
365880378
25121521
2933938236
168502762
85396297
234014087
1061385474
346389650
114547989
747876121
19216998
44688778
234186830
313545488
394689241
106514937
168780835
86129724
19107878
18678924
16441088
236026761
163598915
14552725
33919343
15811202
1145704838
1276485684
24016767
22508964
174377718
524400294
519758813
374756108
345985168
135352862
26585095
2097571
61569848
56766991
30902247
243770803
15225261
594376322
90500349
184100111
510516465
558769636
1058917562
1074129612
1092979962
995193054
757303975
108985543
377609596
1707321486
1222257180
14377605
970207298
1071777608
18829123
342863309
18963809
314165873
56440142
294084341
410216127
912924355
2181155557
2312829909
14662354
16311797
38213241
18810895
564111558
21200219
16668573
47893782
27928821
772379148
138609690
240427862
13850422
25127070
425160858
710865956
16072058
327584457
16316895
18695134
14477676
39832880
1375289149
2330415198
56415193
2461810448
242490748
267938462
479872233
121795745
2408190583
48037533
398088661
250912539
18482836
23848444
95266584
23238471
263791833
256825879
905330636
633405119
23460165
93774590
214225457
424759635
354460401
14052138
2551187796
109570285
2812263196
257687234
843123961
764186558
94130217
21520854
23621827
1645624879
276538571
787373558
2429189172
18519710
1063849394
14590775
436243289
31611298
15135675
306326228
185684821
7152572
22728467
14081659
270033955
164369297
239593744
118228048
25337798
16547587
190360266
24721204
12354832
114050808
1531637682
51271558
19312262
18953989
297197451
46644822
268461328
27027979
61605255
575495432
21817257
278286351
393525670
257183971
588872112
107536234
17789578
146167871
102424662
576520016
2239864963
59130623
21878635
1243902714
29442313
78002555
16891744
1408285038
302162946
17872692
16026940
303900416
102870504
20071863
8329582
384913290
22700145
126369849
61090009
89112033
26051676
1898360900
167042319
935594107
40373183
253604734
252249233
43396655
16636428
14606079
18978447
12618392
176093993
414331122
5988062
5695632
161768953
820275062
26535379
19139963
1068499286
291903997
293131808
5168531
1560444553
141084952
17061263
52660746
2546246081
305620929
219496700
48125246
35002876
15434139
2590659950
360285166
43383876
217156850
30929600
385702678
810202969
16228479
133872807
259403751
15492359
99016810
84185916
19318314
20002401
74294786
63169388
61206798
50452197
138770045
29450962
108376246
84119348
88806753
24913074
20552026
22669526
80612021
150724371
161411080
23600262
193732179
28602948
239949176
246357149
151963505
30912937
249348006
221792092
29293808
153486399
73238146
258900199
292990703
339852137
581141508
1058717720
1077121945
1060984272
950783972
1045110018
1037321378
432771620
1260172386
1206227149
2557507771
22499219
188019606
512174178
393562221
35829796
2580400495
2482874185
127605667
312732705
297648778
58947113
109025212
70333841
37694732
32546817
14240875
47402168
366979853
69147247
28599820
2592023390
109287731
14412533
7563792
16261445
2588124373
1432287392
2413372508
12926172
154985728
939922981
18382184
2244454436
263804554
132191101
2546759718
809296616
2542575998
78461452
20073434
266830495
9021022
64824452
1179907008
1392282998
24195214
182911401
41439466
993153006
1684640323
2399022182
297688084
364513567
34279130
448297014
2302265749
19035963
381791750
385989274
66386087
62888533
2884771
21307076
190778321
48479700
322603418
67065673
459564847
292303041
21071347
12654802
11731322
18772897
16170253
463765807
61734492
18766459
37723353
35474809
22790412
47473766
135575282
17033353
28049266
21787198
28113052
18805644
19541375
93876666
50208791
17602680
61230546
50453868
21418281
791033726
29501253
18909919
11621822
15891430
119491006
583914180
20517132
187426352
7768402
44988185
20508720
463132556
20281013
116341480
97625980
16312001
297505251
158398519
45891006
205864193
22677427
1080844782
78677709
15946841
393505114
40041432
63190404
545528259
20956686
50406326
316375309
150686538
72198806
24189067
14675685
15993122
208246140
251813213
35807646
15727697
35318910
126213486
2250339787
26441991
16888571
24010471
2270044172
96922874
65698096
31179862
628771630
275143916
100818837
14437914
15922214
5741722
26376385
17004618
17037285
274817346
6817362
217598364
389782388
2432763667
1652541
9567972
16929600
59145948
19734832
1877831
85131054
1767741
14677919
16686144
59157393
11058482
22016963
82155684
16451587
211934537
75116881
35796374
31122582
281236170
108993692
53176629
450941680
205392468
18776942
42958829
22650211
86141342
563483313
135931182
14511951
40991907
1055907624
66369181
404824179
117228043
16664681
15754281
85606078
7402662
14246001
34713362
66369206
15210284
52207311
1205853211
122504657
186540325
17295828
6519522
30316738
17331247
442948658
552950191
21925979
353832932
234066523
96060438
17668660
290139804
193131934
13393052
30969340
58955339
262295133
202728994
594845451
317462882
38467765
2339455734
37988104
1527806490
16930378
23696533
307912317
59592572
2394599778
159582860
22676022
86776195
222487879
305732399
21848018
18939358
1020058453
7764332
37291805
15649438
168295477
38515613
774180818
919979270
158397501
455547811
41242766
15327996
193401931
161838701
18587457
31128529
69193833
26946495
620405222
153998882
175509988
313091751
30249306
167518667
15446531
164412502
56700964
97474887
59031230
14251225
184136149
22771961
20608910
30043495
50073507
46817943
15667802
356885109
244655353
27901418
71294756
47694175
82643763
9252212
22149851
16705761
512354282
620618811
119784192
13783772
20150502
14625398
14055301
1615463502
171171584
24926288
1064206014
25085215
18191927
16000856
65551087
217618731
14780915
18686907
91180720
158426909
48802204
18170896
36679422
243337600
388468632
14179165
15954997
45671898
21862217
17787705
17134268
357946584
41655821
121207956
47765337
14849562
364423298
60919240
106520446
18124790
339278127
273656573
892233667
14690919
54320038
79743108
269314519
18227519
21220931
18028893
166545476
1135399020
16172747
21023209
92079350
53929374
21713274
17496290
160967561
224365306
16108700
18654217
103018203
165898279
49316833
27951009
174747786
19193016
18528834
334162338
33600887
1009054656
84318793
35134063
91125868
26278266
257616992
67393806
16324679
123351802
1482677521
199325390
36240331
1281405877
15164565
720833617
50310311
21684013
31801993
82649553
17006157
233783568
36719281
11348282
19658936
16669075
18137749
939091
1140648348
595515713
2347049341
57625403
26880366
43920155
52419540
1393155566
9624742
20437286
15647676
73181712
44873497
15007149
1604366701
36683668
14615871
120176950
166252256
19948202
15212187
16244449
327577091
16955870
2332357597
2249524723
394741838
346210787
340613443
18622869
89222289
14293310
15464697
7848802
18276341
454098126
41272328
21316253
59331128
15837659
11771512
20002475
158414847
33792634
20801445
19847765
15689503
16303106
130945778
280232282
4207961
15724082
54885400
16129106
8775672
31310158
1961404164
20600214
309267226
1149267444
948166476
16899221
86330984
19824430
18802261
428333
5402612
214112621
254106507
244128288
22830647
397507908
1965490092
52455542
419787242
15037852
242892689
2174220528
14529929
49698134
44134773
42389136
224320485
23817772
21880237
14702234
333746181
22831866
36786915
15220768
18174520
278093318
21251668
46339958
35773039
69181624
24439201
43409523
13524182
136300373
18586983
36890646
20522862
21252618
147649517
18697888
357017633
19073775
50040750
1176994477
182503471
108617810
409456907
222622640
17112878
21431618
218347440
136550204
123327472
2350490634
239616891
110213431
309680827
11680962
47095259
142849883
17078067
34022952
14345062
16006592
807404125
21173922
448210403
344340889
240282772
5336752
11856032
112526560
54208274
21768766
38276762
59900070
93069110
9532402
8839632
89820928
258885469
522282462
113104621
323396259
17291393
39155029
15901113
16017475
14173315
16815644
19719380
21337440
56680792
7040932
599454226
551406599
963076195
594089389
1327520587
227418209
19186003
46733238
68783970
27739382
246020967
20284860
1581330194
47350034
28348670
260062769
19636572
92839215
18170046
161319475
351065668
105242077
73413771
15919256
240334048
377949581
21688902
1232796176
863267701
34327923
54691976
55354357
250373093
122233255
101815751
109643179
807095
322937317
3108351
17171111
410373517
41682948
164528815
500532208
339447657
60667856
1917731
12133382
110541296
14062180
80681990
18172905
15463671
238259855
17539497
206487352
119784462
55355654
266133081
217550862
10126672
260396714
237477771
300497193
103087786
227837742
23484039
361342191
75052666
45577446
192955168
14463848
48269483
14177942
28145061
20520618
20818801
142721190
14870670
83922884
9130702
140519774
714973730
739859557
191583610
146569971
18510860
743585142
25581439
177287760
871014848
16014840
299779792
549560173
384915512
15399512
26596727
2355884125
65467398
510818419
472639602
121360968
84743467
114533763
500577001
215057688
256757744
21431199
142438021
264383525
21276841
433655904
100658187
119455571
207676034
281778985
19397785
82673351
39580052
115979444
36146709
247913397
102179067
140587436
48515321
15941822
398446281
478993121
80628196
231247547
237033815
305713673
14074515
19611483
17912982
870508872
2272531993
158129535
18812572
11856932
1548158070
1429039140
1330457336
1286312880
7744592
369505837
34310801
196457498
100231655
21870081
1614094429
155987003
337934398
24484939
485018010
22523091
17759897
131681821
15987296
825687307
48814741
29825057
199733147
14245002
2293419188
66512350
26775504
13056572
36771809
16163121
27055034
153919023
456806128
9234352
15649433
271441733
27279558
20929096
997684836
516699539
140286364
16187637
407013776
197488311
15727317
160946337
287907567
34875946
258875709
59612634
102773721
22650398
36965231
276130007
703548192
54976521
66503226
27048645
38693661
2178638689
40268530
19670226
38516217
34113439
45855168
557113407
331703548
44684547
108386870
818439685
20087888
21669123
52818466
116040999
44078025
19899685
248851637
245630545
213187510
343444884
160564879
18051034
395069899
471475880
50325797
590445392
206320896
305802112
11856892
17929529
29568490
20436443
2295109117
12272322
28519897
928657670
20179628
2216675940
1250452080
1225814342
218629177
1411176115
412810285
145075221
1485630540
24811973
32774989
227095732
31583882
19608297
706542739
366606110
20173458
21692297
19918986
33972882
2836421
49417668
114785533
39515894
16029780
317187060
18713552
15769327
14955908
2239910148
50401258
1702912364
57770362
22069212
9300262
15675138
759251
5392522
28785486
16129920
51241574
151519500
17011177
89843524
16930125
326255267
22891564
137606315
570270247
224449457
2157523997
92092938
705904579
15012486
10069612
14695985
17006036
262372527
25430081
37988004
16369343
124163000
38495355
33530012
18738694
1730124392
853411141
46737822
1403308459
389778493
1093090866
62932779
309978842
942156122
26553646
24801216
19073628
65163785
18906574
138548697
273682839
77852581
776049583
248735463
540053944
717133986
30000912
97540285
38734554
1051127714
18061792
32488919
15174710
76348185
75069067
29897188
1653246264
1275136292
111379452
21312077
153944899
426868907
58928690
1246599554
2201607889
428368496
14226882
215694545
2161474152
15224867
21982720
234075370
183767243
249720419
98165104
393135724
612254510
21029229
274841062
297778294
86970155
79545061
389840566
21142831
246088673
9690012
58562226
150695314
22162854
96044194
130560801
490968947
17346287
174016637
32476656
74050171
34146221
1671314940
193768821
103637045
84429454
17308891
21612122
139878063
17218406
21727876
2467791
167507135
36681590
321574462
65452360
372864877
1466394086
198637041
1566066888
136753971
729073970
16651352
1020602628
363990957
101965987
246907236
20352042
21924495
15210410
43166907
18918698
340986921
158774959
74548716
1329873750
177415049
855744829
346569284
314815792
80579719
937723303
620185037
40924038
87962641
51520631
22789766
150618408
242727646
15358759
15593696
21021326
16396368
17394793
597758912
274187837
820457064
633815721
632155244
63262233
40384403
53123208
38516159
823858806
402957663
1531521632
229688024
601701816
602082742
318036549
463053212
229248547
346759998
341929740
107820427
90047107
18645342
39286444
43963249
325830217
153149305
325709222
21268713
74189049
20071932
1058520120
14275291
342806058
921450422
36948268
127938785
516891397
1339835893
22679629
48366585
385521929
153558139
16967845
14984637
1436761800
110491053
1257657306
1169683927
1134292500
19918558
15764644
87779453
38513550
75091290
402719755
78408666
52126257
26303146
46939084
21416670
494268942
21332950
15458694
195768497
186134024
935096220
492802081
19698519
43907057
23387115
787641073
83914441
23974310
86338557
613003515
41949262
351945308
267918244
25867286
66381193
41017380
1080509366
1090002997
381152398
112740986
133832049
1140403938
312134473
201840319
278124059
22012091
208931294
219085059
19918047
30278586
17605914
39275181
18359909
282093902
29108260
106151520
97311212
46447090
168872447
17093617
15918708
103130238
98504605
86697288
44177383
128299373
7004382
113420831
16160352
19623550
17442220
106855330
28510338
40269471
17822941
123368004
34099535
20829514
61594015
17637692
56610754
56477694
90419752
27103112
56937821
28738151
31565487
50117326
26266511
20967206
70526457
63948127
24051318
38456605
56504775
21600671
21940835
44783853
14413466
65686302
50766277
58166411
26793099
113690287
14061347
14924875
116925543
14300586
38003653
25872523
6943872
89841144
17227223
7356562
14135426
44615672
21690931
14676022
14029492
43031531
76091017
12055942
8953122
30313925
33601080
95735307
77892726
70536959
72717049
49615301
16789970
813286
11347122
48234068
