223970563
16032925
37764422
50769180
272395158
29216764
582412606
15513604
18986695
1362715088
1155212191
2975091705
23103488
17918065
2914163523
1074518754
3317799825
12788332
32359921
22947474
221563863
14275291
848501378
15012486
104324860
28785486
132291920
423868716
14173315
50325797
42924141
14677998
1522468057
3108351
19784906
74518740
15754281
16664681
51241574
2696643955
2750127259
16228479
67060591
115485051
19923144
2467791
759251
19426551
30973
392810019
2976606250
285198536
106597684
81155662
28468549
16129106
66369181
275572403
15485441
2557521
16396588
428333
24112747
17409240
15587500
25159286
10126672
44957814
15134240
2963445730
14238142
24234881
54885400
26257166
16815644
31310158
39986021
538456752
6794502
208120290
426909329
527975443
455024343
2458563254
2458567464
21213276
935594107
21114659
272019676
38630618
26792275
5741722
5988062
21332200
476390447
485312964
113420831
82959058
14677919
21144314
26533227
288308178
73238146
116505994
978620492
2863006655
264443741
2970279814
596164164
19948202
2205219831
1069071726
1137590754
455252727
1117720224
1712989190
296361085
1077446982
22692199
172470598
136550204
628709039
117662694
1131917492
1262814457
11348282
14293310
14511951
2097571
17471979
233621510
352534407
386092483
30912937
185277740
2953922782
281610530
24926288
1322558402
1060487274
1045110018
301549400
742143
5392522
14062180
1604366701
44886859
1631159347
147649517
402944906
20071863
1774391
11856482
2312829909
435500714
18956073
2966758114
138479037
24016767
234826866
19979844
22050529
19716781
1536791610
38734554
2409239300
56879674
158397501
30862829
2420754637
234493276
184136149
20272531
28336022
59812317
500704345
16426346
14715573
23562007
137778065
14838173
16639736
26103389
73303753
119899270
216503958
247334603
212262370
211588974
20747881
219429281
1080844782
2953494478
240427862
2433737761
30929600
3081491011
2975350155
18646108
1283734244
3018670151
60216260
36771809
57112985
14435376
19674502
17918663
14499829
15723971
109611471
621543
41602160
28160998
343958195
26077026
119043314
108638625
62539653
1769551
14614615
27675227
27922157
15235829
13787352
17154954
214933219
19719380
245540325
23999515
70837868
17091571
113202279
12733642
22797378
42442665
18812572
15075999
11856892
19268706
1071402577
108416848
2962923040
205392468
2398137084
22956220
48478726
93069110
18776942
16930125
24671555
18592146
74294786
7039122
44945327
2974648323
85796380
52660746
468840862
60828944
141084952
1099199839
2863210809
2951574214
3044993235
17061263
1249982359
128956175
1339931490
1058917562
442824717
2964174789
995193054
2968451607
2964287128
15281676
2965083477
2382760340
404132211
712892347
236279233
2730150631
2560169238
2724095695
2966570782
348039692
2482022082
404287039
236899846
2968007206
234937222
558769636
912608010
581141508
235271965
2251223623
346760431
314205957
2964949642
1531521632
1324556797
20597124
47798449
19295402
2962681881
118175532
74508260
2970462034
430235090
2964877294
859919623
194581795
2861616083
1339835893
834069080
2973870195
1068481578
117501995
236511574
2964222544
2865560724
2962813893
2976598347
2929491549
31128529
43920155
246357149
20597460
2361224263
109280446
19929362
17487795
19926675
24183358
74198348
18791763
17896154
20957491
26424123
17513304
237312687
234573331
15745368
1138688364
44380442
76350004
242761889
295685416
381152398
15864671
84620376
51228911
14344823
281540744
221162525
46557945
33655490
156975310
13218102
15428227
1059240924
110545675
8128442
249219716
234797704
235312723
246341769
234128524
1382011333
36654245
28599820
235190657
25086658
252819323
20467163
33977070
237781383
1155335864
960696949
1289319271
88806753
17544524
935033864
201079432
52503751
613725908
237418907
26051676
234053893
976969338
299883942
1058256326
236916916
20436059
193794406
950328072
960962340
2964526557
403019655
19658936
2978291435
2914571740
2962868158
402029058
22708797
2382685057
146569971
22831059
92572677
35829796
237862972
44783853
41445718
2853309155
232992031
78445977
807253855
15160884
1180379185
48802204
182503471
190905427
22812434
2914515430
18805303
237750442
65919935
17001269
75367781
158426909
40281861
34340464
237403203
28652194
2966205003
112047805
234022257
19616327
2933760046
79022250
236220226
234361966
76348185
2862577383
38495835
164369297
16031927
2930635215
162069635
23970102
22047070
20713061
18217624
2962994194
39087545
22076537
224285242
23976316
18566912
110445334
41634520
17454769
14984637
486694111
250188760
158414847
20113797
479856992
93761782
224294785
2932617195
24735461
65493023
58928690
76456274
242555999
115979444
15220768
463132556
18906561
39249305
21406834
467823431
227088228
153486399
76649729
21269970
447790195
292990703
82649553
14845376
1849261916
37666984
171598736
18909919
21312077
17078632
7429102
172858784
733751245
213795411
234812598
92186819
221792092
155669457
7334402
47412499
33750798
242892689
109071031
229592356
40302336
461720085
43910797
132278386
18915145
1055907624
18020081
41017380
242426145
25781141
2612307559
14135426
1137600571
1071900114
242772524
1092757885
23124635
1060370282
242376736
2852998461
36686040
287413569
970207298
33563161
29442313
233842454
236960387
2953713339
18773159
963480595
263815367
18981785
549374169
388555493
131204770
90484508
248735463
325830217
15007149
19394188
163570705
239949176
208692908
113047940
242926427
82453460
24913074
133832049
26637348
17800215
114388293
23022687
1064206014
518644221
18916432
1074480192
148453195
111635980
50393960
161743731
22509548
235251868
9624742
14159148
19808819
15600527
137407124
30313925
1330457336
210926192
52052011
267854863
939091
29201047
16789970
249787913
1613575663
32010840
76132891
15954997
252249233
39308549
18695134
15764644
15324851
249410485
239905257
1206227149
76392970
15939889
17494010
20002401
22523087
20545793
31801993
237770636
15442036
21323268
132201224
156333623
109025212
476256944
23970171
26538229
14587949
20437286
120176950
153944899
20179628
137794015
6577802
1077121945
18811140
32506723
1128781184
19658173
252819642
233693291
233761277
244268646
2427700016
16160352
85396297
193872188
1072382221
612117635
85606078
20733972
1090002997
339852137
455764741
9855382
135931182
17539497
1071102246
245451804
1058460818
1048784496
432766911
1092979962
993153006
1068470480
1080509366
1071840474
18277655
1305596696
1135486501
432771620
124196924
1260172386
1128514404
1410590874
1074412920
22528309
239964567
551195347
1069124515
16256269
368992130
78408666
18805644
39566272
1209417007
18215973
57751453
813286
1367531
107125748
10168082
75364211
15394954
555474658
18632666
19726613
78403308
2469604452
234822928
211530910
18061669
5558312
20053279
234469322
211420609
248699486
264219447
217543151
240385577
240376522
50152441
190328374
240393970
248850174
237944147
309267226
117777832
240363117
266133081
18170310
20015903
2253968388
198526130
262756641
239871673
18216752
18967498
18317325
19139963
1045853744
16056306
22527499
15356407
22545491
240760644
229197216
246769138
24773493
37920978
19407835
234057152
241207373
234837632
221793778
584012853
242873057
235217558
233949261
24696405
437048841
14752312
106550184
41283847
21338421
234374703
1089334250
41387157
400297853
11651202
1908143071
1051446626
1393155566
17139736
1444015610
67411447
213634439
1009269193
39314145
339822881
550401754
31471188
135882137
301040105
330602430
66366669
14548823
316607753
100564240
23951279
21329888
316438383
24989413
15138137
59826862
26776972
17871144
22508473
20192403
16977023
20402945
14615871
32007346
7529502
8685652
20165195
106429546
29881601
95709370
216881337
21216878
44715161
19399778
14839975
102835363
60984835
19712671
22970986
20563513
16362924
16469077
9300262
15922214
90386169
17808688
21233325
17974987
78369108
114607567
15210284
17993906
209792690
7402662
82657929
224391627
292972175
93688013
15524670
54300028
54299083
21034105
24700690
34991530
69665759
61600080
21405148
16666214
32599187
48797197
30740205
7713202
154591966
21014961
26577188
5561412
15675138
15207668
19739126
126051146
16241824
16619224
50729900
43359022
5357812
14972052
29801109
21807755
16689868
19408293
42910967
18733970
38282024
37656339
11612722
45062163
37693835
50611261
1917731
19256832
18672742
18891923
114756202
239561508
17976923
124224165
66355647
122575134
78663446
26098428
24910893
63476586
76113772
23076143
41886847
39533358
