14081659
59045843
3115044943
2549443500
135532444
117237387
374726584
40522867
123334719
17330459
112597035
30030035
1528929283
121561250
22835289
15745368
173978210
178545928
112873659
27707080
22881143
28096105
24844372
18967498
37243636
19669207
3069918300
3027557970
155671397
2955928989
19553388
2964865881
960749886
67483908
37721930
1646320440
18149074
1051446626
1849261916
236960387
21128266
1074998582
168732659
39589819
110448476
15946752
2847221717
2953974395
126629610
95297779
66426251
92108123
61035896
69706170
90738580
757372008
16877279
62919029
34310801
257019844
2965083477
200785205
339852137
564768617
2990206340
58683409
963480595
1305596696
1128514404
1069124515
1074412920
287024128
18456014
2750127259
2963445730
2853309155
49700792
313898088
69460350
102117771
233704412
47767146
19815666
23019297
71294756
2869746172
406695902
15887713
950783972
2914571740
2932617195
720198876
19417492
39308549
455764741
14857739
21252618
11702412
997684836
39564433
20868705
114887629
9484732
134870834
52487389
26792275
82677928
436274507
17998521
973038229
272019676
932303468
2935344764
233366377
78637774
19970528
23365046
60763047
73303753
41764193
20658469
189129306
266133081
149005403
54412900
2282514050
56782682
26120621
165531974
19195094
1072382221
129879105
9660752
344241344
123886325
2355919591
405108345
47798449
518062360
2839835659
183808662
31611298
253245172
128658514
557516781
388540227
160946325
202568855
46243682
23825303
18695134
23822226
25534378
74057037
48855645
2207765989
49808703
1967216306
27676828
15007149
480869960
14857525
1695572048
164007407
80473367
2281629404
391131860
61206798
19154907
2590767306
21041169
115718513
159714480
1069333070
17907986
14529929
393596432
234022257
1080950516
18991439
42692687
1209417007
150793102
106291885
407013776
19186003
106135104
14659350
18881645
260841091
15518446
186881077
182471278
86129724
15570213
1137600571
121469977
301014412
749303
139738464
136550204
11771512
90480218
17077313
10252962
50011708
7039122
73708365
117886196
146463866
145290118
17527971
339102721
135575282
24553183
1049527770
2253968388
21301913
24928809
1615463502
19611483
1325256631
968650362
325782543
154688160
17820493
36726529
43208411
3335531
36739057
19312573
15832195
20522862
16329199
37014866
151682694
16664681
709130005
915089815
5513142
50188675
18637396
14412533
54114276
54438628
123325877
19082263
7152572
223970563
21023209
153969254
23387115
7808262
28448258
385288144
426929692
237750442
218027755
125732512
389170014
307038129
80628196
267858900
161329769
15513604
640893
47438401
115519552
48388417
14962779
21677283
16172747
807095
12685742
1198481
77032777
46131997
48043084
266212209
20021711
25140900
17469289
59880285
160561302
76163900
61842393
17910554
33222598
169586280
21768766
15399512
23232204
59157393
89820928
112526560
22771961
125480328
339332911
249307732
95270375
294270520
150110556
277165873
16746493
20474813
51241574
50152441
18566912
186830684
41634520
60984835
14275291
19739126
14587949
14344823
85606078
10126672
9624742
18528834
16613128
17629860
18038892
20179628
15460572
16669075
15647676
9109712
11348282
17409240
24752484
8775672
44615672
153149305
36683668
44873497
119897041
56413858
67718238
20536157
783214
10228272
14251225
19309926
34036358
91386979
309883487
14703188
255719070
22883726
386461356
22411875
14246001
36071818
5741722
19394188
113420831
30313925
43920155
15922214
224320485
11856892
50325797
18028893
16930125
17899109
48802204
29515247
21111896
119421205
20402945
6017542
14662354
14173315
29575412
378181419
289030017
195039023
21776552
1367531
218982732
15210284
9300262
15976697
5357812
15394954
24780105
37666984
86364947
18149465
12375042
10168082
254117355
20940623
29766367
95992680
1917731
14666643
124501609
57725666
20217019
14805418
32505840
238256593
381736092
15225105
58589119
357013583
22785919
27689145
58860184
84437638
58544863
191963723
15767195
15954361
16187637
63032566
16491569
211588974
33655490
22508473
221793778
33977070
132201224
233693291
124224165
234812598
26051676
76350004
15160884
15600527
15356407
23976316
278145569
234822928
217543151
233949261
295685416
211420609
34340464
137407124
193794406
20192403
234837632
110545675
77328477
211901075
252819642
90484508
27311044
40114174
15766082
32010840
15966258
24735461
15302965
42924141
73446692
15075999
248699486
16039421
19139963
40532762
21434362
3108351
15207668
22509548
22545491
18916432
22528309
75367781
15428227
7713202
17976923
