462143773
1532498652
18883397
22162854
52052011
326255267
21445580
144420698
28096105
81897374
516144721
1124375143
58562226
97680081
17814635
137733597
759344546
49640770
1093090866
1393155566
1536791610
1148363760
1447181720
473338668
76752057
18228898
114863307
11348282
14505838
18021496
55615697
15264675
2788429805
607130608
25129903
196779376
71120500
16669075
15647676
132496568
237446906
2433737761
383566622
423482051
962615527
37683414
251365956
18812301
1405337395
81187683
140928543
221153484
56552341
16088881
2463304310
12011422
290649913
71350083
141084952
1170583400
36385840
18277655
1058256326
252819323
234937222
108796474
207749306
205533589
82463247
342863309
193889978
193532068
295899118
33916177
182398325
20769514
441415749
14007532
242418441
9589252
1340093874
37074061
28502793
19834403
49733381
36745613
89220865
15808765
21921531
148826880
50446226
44491388
16376937
36957404
574688373
82296803
18514970
109655835
43763852
38250495
38167858
18198403
15738599
250884927
55338739
9229672
15864446
16715398
16299627
43425975
5770442
16760131
12788332
18781212
139790901
75367781
108617810
1177257324
119829799
58550415
17134268
11856892
205392468
50337129
450941680
18479513
46557945
15766082
115146080
2272531993
40927173
39367703
1342584847
39811240
70448977
227037531
66369206
31583882
19608297
7713202
115710058
20150502
14062180
57740527
760484965
34274380
80628196
20436059
45577446
135931182
14342564
19358607
61853389
166252256
17539497
36771809
17451742
34113439
14615871
30249306
54309568
408816873
761783018
33530012
282735852
1255430160
1373512866
1392282998
270067927
36124310
25562002
16815644
191477653
22799750
11855772
13850422
116505994
60919240
247486443
32774989
463132556
28902856
271441733
15987296
82689705
85634177
1339835893
142721190
261918703
26792275
36683668
16371887
33792634
184136149
20474813
21307076
103087786
12354832
18622869
14251225
19608273
147649517
168295477
308233424
19740592
33537967
17006157
13524182
112526560
16017475
15724082
59031230
46176168
14717197
15441965
21268897
16072058
16898332
15689503
47438401
92079350
63004503
16157855
254117355
54885400
409456907
18776942
26596727
259395895
136300373
238259855
33222598
26946495
20776497
14515799
19611483
86141342
104299137
222953824
15931637
17910554
97503010
1140648348
1025521
4119741
15731368
11856032
12272322
21612122
70771229
475286355
16184358
67358777
35002876
621523
20402945
15675138
22587869
12133382
17074440
20109973
14606079
15224867
21982720
69181624
1367531
14437914
79743108
1877831
93069110
1652541
15463671
21252618
85131054
2884771
16930125
14529929
21316253
18678924
97474887
164412502
21768766
16081831
31127446
15210284
14434063
1917731
14412533
14246001
5741722
15922214
9300262
14345062
15458694
5402612
14962779
20608910
26083271
28652194
158426909
16250929
50325797
69193833
54208274
89820928
18587457
15220768
50073507
21862217
16129920
205864193
75052666
232268199
48802204
182503471
52070270
15210410
742143
28785486
21619519
3108351
759251
14293310
15754281
5392522
51241574
8839632
18172905
9763482
17469289
807095
2836421
2467791
7744592
158470209
21228708
16012783
15837659
1947301
34713362
16664681
21111896
43409523
19107878
7152572
15012486
59676104
14173315
28796289
14695985
10069612
48103665
1330457336
970207298
151519500
1083448909
612117635
1074129612
1037321378
1071840474
1128781184
1080844782
1206227149
1135486501
1134292500
261852987
1051127714
1058717720
467823431
1068499286
1072453910
1077121945
1068470480
1058520120
231510077
1222257180
1243902714
1090002997
41017380
1155335864
558769636
1080509366
1055685948
384913290
499109830
364415553
1045110018
510516465
1009269193
245451804
516880804
404132211
432771620
442824717
787373558
267938462
479872233
581141508
44873497
1064206014
21684013
1061385474
995193054
310310133
1071102246
389840566
950783972
776664410
1027156464
942156122
937723303
1055730738
111379452
19674502
1092979962
126171100
1055907624
1072467470
1058917562
785414496
1060984272
246769138
23593446
16303106
14275291
11892102
7004382
384392601
339852137
432676344
385429543
476256944
233783568
15007149
14377605
19716781
247334603
278124059
86697288
236899846
260396714
17006036
325830217
153919023
122174004
164369297
155669457
376984031
381152398
117501995
71294756
21220931
44783853
22053641
40302336
229873610
18829123
31128529
74508260
198980151
31122582
246357149
193872188
252249233
305216911
29293808
162069635
21406834
151963505
369505837
252713631
292935209
14984637
29442313
288751432
46016028
73238146
246088673
156333623
235373000
115111016
112740986
43963249
153486399
61206798
7356562
50452197
82649553
216503958
208692908
16160352
109025212
18137749
312134473
29501253
227341953
30216513
24913074
92186819
111635527
47412499
28582749
31611298
34638973
25781141
39249305
29201047
58928690
15954997
18909919
20545793
132278386
234374703
109287731
249787913
250188760
16583468
31801993
40277246
13491312
19318314
19891734
18695134
22669526
140519774
188019606
15361570
24745957
137794015
234002627
36686040
158398519
199325935
242426145
239905257
161791703
161411080
234014087
210926192
44177383
16789970
63169388
227088228
84119348
21312077
119250381
22812754
150724371
20002401
75124560
111635980
240812994
17494010
72198806
248735463
24195214
16581604
193732179
236511574
34972633
33563161
132201224
23600262
48086014
168673083
36948268
108376246
73181712
9624742
30912937
153944899
28599820
88806753
125445568
28602948
292990703
232992031
56864092
242892689
33576489
267854863
18696134
70526457
237770636
133832049
30929600
38254095
85396297
14135426
30313925
115979444
239949176
22012091
107545479
80612021
168502762
29450962
163570705
138770045
249410485
245516606
258900199
260845829
813286
15764644
92102359
249348006
221792092
78445977
