231108733
1014391382
68449715
25635678
162744447
373645521
540206222
2966570782
2863006655
2968007206
2968451607
2724095695
2205611863
20944795
31586273
185391719
328553784
47755583
15180748
314830763
332167965
38285038
46677459
34047021
1339931490
90286571
2157295902
179782818
31519889
26681911
1941912036
351210158
413747058
278832300
23510304
1058520120
809887021
146569971
19326897
78883452
2832953750
35647222
1925566603
49439906
175640911
30314890
23765845
4572771
30683452
199482975
439597272
169519722
22857165
1626606498
146932468
23073627
15956004
60751832
2609775320
2709117298
594268983
19559642
479337660
2369807191
72067149
2311181335
19983665
277054484
23029582
24293389
152054606
735171158
748419444
50529859
242407857
38548998
117777832
265606501
207577620
30607746
428700388
1108232712
149148855
331359656
234108342
199958814
2565346303
15805327
260786608
36112849
342571525
2439101282
75884249
49460119
94228126
1483455698
33413277
32140254
33891673
226339515
262836128
198653633
262512104
338120982
42946665
16959064
2612409978
620579815
488924333
369819727
192749845
239510568
2424777439
2335895874
526754827
39583931
329890494
28587968
49039229
705409230
394227221
1557822684
1431216907
815752525
48609945
944054868
20412109
377729641
57567739
184978886
2645916258
1593424932
273180387
1141140084
491044483
379346995
270925068
73850482
17696181
1018359170
272473349
60784008
37472525
100577849
468930319
130582111
114246604
20013188
322833476
2495214925
2655868001
15169945
25434543
2169472422
1284097526
2635195404
2606205192
579971484
960354096
887705893
40601473
2564459919
2324521212
2208228668
832170510
1923774806
33095265
161873594
55931304
17760716
2715236020
1932593532
37458262
1150728968
14105608
31005407
2181453624
69174408
184529579
223767538
147933809
23918481
412284584
29943777
1285882200
607653836
78215673
583356955
2490190098
247604159
129507700
2577655255
449292596
2425880071
212645955
267853293
300436971
68587855
505404746
72169722
17553767
370424559
47659656
87250241
947646096
81980668
269989979
2515647803
465046121
172752266
175389171
580226900
55958334
1370434358
246563588
301720494
360397293
1713525289
412697856
1576033008
47869980
636914413
118458713
380422363
1693962398
11347122
790168640
248982785
25606854
2553034070
426213940
18196777
2537324750
249336132
78394920
410984706
239073618
249503243
1350459684
2523871058
237890128
375194028
568390414
972634525
268939972
375621233
155459487
539918091
146093130
1161938088
176188573
550601366
344431724
41129228
591025123
184225795
1240290302
1782183486
57391044
811781725
120027974
154807001
838374667
19597232
2444386658
1469648784
347255949
2375097487
2338652380
375824606
614443768
2713136890
16383523
2649361508
2163320689
528763317
2487533369
2590248598
50216725
151669238
2655098448
315011834
32672622
464856736
50651120
393108557
451981861
17043543
16711026
2330318304
2358526862
351774368
130794511
243324001
14356954
18988977
577049021
90581189
55728780
562503013
540386519
156335375
860013187
17199682
2288876389
553203880
410203298
21883454
409380506
512103942
848565175
166016817
278209390
359185312
39397802
75952907
421358521
233811618
109691922
245661809
17493629
359595205
1483547191
587634712
180258494
2317785091
1957372652
37117960
462683517
1468723266
355161283
606504405
473727710
868637460
133078285
379785331
2328162385
157709658
127870840
23348578
16470256
281296452
312964185
165804276
140067289
2152484857
1949587074
18777458
14193053
2460671587
2361724718
560087542
43569662
228515687
87212057
881212352
23042488
43830836
48834445
1449974688
813406722
1648117711
50493149
372009149
1864755553
180900267
578960329
41502226
124670179
1137972529
279204449
2521340804
360714671
43204786
18226607
1473468265
15215075
500349518
56726788
22660657
34053958
175564996
177322649
37599351
1072004022
16526677
1130015498
92316937
2533281108
478383192
2296326266
132391727
75881733
36136553
26622599
1348037784
2551180021
2533770662
1247140326
1726870230
1487833376
193746475
1873608967
318857732
864984890
114663456
33174947
2558871716
202868867
548888461
103798423
2535755166
29572680
1128901670
177840017
385046365
925499268
222164980
785663347
2165567234
401063200
34785312
31650503
2342871416
41210562
2252468382
766409515
376402312
28068059
596233992
247015569
826269378
1406024575
2302181414
25121138
968222028
1292503520
716739980
8409702
282633102
427946724
70856885
38894445
183958809
16545137
45363376
2320153800
38798912
899029854
19210897
457730156
137163634
25307897
2247413444
1321056295
155666962
61376894
2636430678
245873113
23259575
455488617
2488285518
1045110018
1694437759
1588983685
132028530
1408993111
2651361012
123350441
260055143
22777831
277844160
164179912
24849478
950548190
288011650
27866777
757363464
62116417
352768195
16789889
628018803
25218198
15394546
363166458
71845974
44826780
2301805669
623048580
590359347
2239339910
2372427504
39178740
340621825
242068000
274334002
787663470
1542182755
485953720
2629095382
589902346
2606778042
2432173837
2353514004
442171635
174891766
472694467
1112926788
1862787108
1064782674
359565577
59618351
126955119
187680618
39850220
529665598
449904338
300310084
179620770
41506469
287916021
487178562
294726152
770259535
26736464
274281604
25861412
1612891832
2584904334
2617647255
18417840
19275845
624882072
25128598
150544798
25161630
34428807
2584518433
24613245
2590672272
626950280
387423469
76197085
95543110
2608977708
3761241
2269534621
468603259
1794311
44718421
1069865743
2704121086
17964650
128368134
778650463
1831452619
2646601176
2607016764
19357046
47543853
17027157
19465209
37289193
19087863
18170523
17145468
69179051
36713344
19249328
87540245
19350519
17848093
95522093
24781761
102792727
102803873
34629964
46816248
161086132
126441075
27958984
84399727
21764377
23858012
47704149
31544886
71078070
35429835
22168896
43422204
253196460
488677707
15203851
86167939
34089556
33562328
371839645
238215171
19278046
430964831
460520318
20635248
109287731
21368072
111170075
302112284
19937967
16462209
16794616
202762476
15272807
225901990
326104297
19552358
21336343
314761018
15942301
723359174
301217023
629422512
15853787
18924064
174042902
532315351
627733122
808867093
819961344
31318047
581351617
25856708
18438514
904123658
963143461
1148310517
385043004
22282080
1226108528
545704566
32595559
1325782243
14954197
40800875
566806945
163329441
1117741328
326504889
334061051
58952638
151341947
372096906
269794292
263759043
16544412
82535181
104978346
236726946
71424420
382964013
32432774
154357215
2082111
794897581
65939032
629703083
83750584
9675532
48815181
45028171
1102474536
573987006
71934106
270929528
201386076
3981761
61567598
22183335
41445525
16494084
1564948999
874299518
60328273
22127591
282365865
590438601
402851939
44238517
29065805
343052920
629682866
21149402
163636318
15754851
20797842
234247492
42961724
491895360
160006141
256698648
1592257610
462578454
11856672
270113969
263481891
17667699
36718528
16799528
24560384
496670607
15977393
33136133
1542313446
51081783
1549571954
1591786118
810058862
1046657701
838928948
16226996
18377058
1173734173
34367846
583170003
86614463
155250766
38170512
376215438
385708353
226831253
103452566
23117100
1186316660
520535326
1067382908
263341094
28358921
104284153
758014153
28566102
491735334
1276668294
295203496
340504055
248062869
21903232
1531094887
18402870
759883658
365165420
252455078
108804747
987066302
360907194
33787309
1609315548
35139868
215780671
317895627
555707454
20462078
362580341
1360562185
492745615
963394952
541189945
225806603
17079443
447753026
42000107
810204380
45219687
138564966
336806266
20478457
77098233
118814743
507830894
810195896
8114362
2236964030
279890951
823417782
359484536
2286618824
2314314366
1914615517
2342712493
93499858
119422887
1529148469
2363045785
2324632075
33923443
86179741
2450722273
15249499
181033865
2500088122
34591628
16991101
625077860
2469936716
177631811
16125842
26290780
20371024
553220906
35567361
278128754
385412944
300071105
200532005
153064336
619079693
22997928
153533359
21595174
1594214269
68864406
39606755
255801025
213513687
715654260
91907542
1630602686
567800247
741183745
282751665
24758040
25758733
32256288
307540883
19576404
414319512
296842408
424475251
590336191
33385888
21830671
242070524
276010010
816287490
115105973
237435139
248450846
1972670774
284811862
360308870
1029215180
18514343
61778838
271731792
1143541136
2172644845
17756893
261371755
2204235686
2178483079
104625909
523299844
253792508
324091789
144229858
24586504
51796158
2192597978
282415954
121645376
38279136
22200446
2233871118
729351998
436110920
290687760
14479481
343100113
2228250650
223260305
1899102152
17575812
291526240
1363460653
366667784
247563790
979647242
19471651
554205029
308077597
2287370389
2316043088
174281775
25437299
403416066
185084375
44268841
1740076975
27527698
11742992
2425957368
2309222137
2462149748
323000021
546561155
627589400
2485882705
50845845
1644805254
2283083426
16653563
36587849
28290456
380815414
441557073
105049510
19234324
34393964
381799593
518116882
26349505
114388659
2430610615
35979250
1268735082
423881080
1927071846
780844940
20543457
2577149407
2467990573
77808205
319965558
396943312
1398802820
277710603
2621912933
630225969
247793940
56391546
60372093
280664117
180963055
26084635
18089625
1129104870
2280908990
719897832
16844715
16790636
972234174
56724832
1594697221
2189352756
23343012
18773361
1370480120
454489184
163251094
203455506
174727492
295516443
1567540056
378588225
151529139
2480078083
2398000074
1408910540
865393212
1184059014
291533433
397014675
90661900
60094114
1592503250
287474739
23660954
1590072979
23919748
23904500
1473308652
51104963
1419703392
276063847
280851847
245236250
1653080750
18880758
375836584
449424160
121860139
214340834
116957262
967136868
565659469
27588562
22235344
2158235533
2170631551
1902549012
103975465
1482234978
15697560
15345765
1038804506
2246623411
32379607
339046522
2214904201
59817501
32870649
607721548
37425667
67212161
534545125
2345769078
31786830
960967081
22270551
50516617
327575644
324794150
343199906
273090769
243042033
23096919
499320198
108849858
434397127
2512943689
224873172
15752721
60636919
27794286
2405304746
68602157
1380891769
26322133
43645357
398958140
2198476987
263801240
87114886
576884754
86057475
2571316857
29292932
2585978798
42957985
298640789
18252611
2307195140
18174031
35678644
261050492
36142277
539685558
15544727
891585716
1606631947
1025796037
5734992
21152181
208281325
19737404
40973854
27781205
126172312
15926601
434661232
1563696510
302805533
18738075
1711293102
23384806
44360980
17292064
503749186
265151716
247123815
199451056
14812124
15704760
71031569
259457278
23394667
238773134
125733151
19777062
702960808
1512764498
25854110
216669640
17134570
32281804
588006701
76471706
379524578
42716331
53827280
434212394
1974007712
2149435884
1947731306
1961432023
178510230
16174578
65349116
316789208
406560952
62696106
533717011
528880163
60101257
18662867
31060456
293358850
42598803
2193341664
161924410
14266848
1959723877
279542535
364603783
403503621
2276037150
329231644
236250661
118511958
301068525
2286148790
42917071
14790314
1340614963
2237774702
143974483
448073159
236175465
14577699
389789408
2287229588
2241247387
109460378
596576052
459114520
16058600
280095522
15973609
21909763
2326129790
2565879564
1586835074
20872907
15017893
251817695
1511453593
243358625
570913576
2472875940
43623734
52754791
6078122
23905084
388410623
2565963301
2169336894
2472589387
249779659
2348849119
55681870
1568731903
2577194868
2279506016
18065202
144559247
1190522708
24155973
240110130
1301067817
35013862
344297228
180505807
26074603
1068499286
16206750
26538229
36989808
1083674372
159642842
46424263
57113066
378178898
140003488
16683014
255689004
407013776
21842781
15542781
33933259
156969952
1531521632
38036372
153558139
15824288
331681951
297067961
1009269193
85634177
182815759
14282672
49697450
56681659
18891923
54244175
80403646
236908536
16799621
852071532
50559801
1090002997
242944499
44498699
126171100
14925155
1027156464
1077121945
1140648348
16187637
1055730738
394246259
776664410
787373558
15976574
1092979962
355906128
80361644
19409873
96846955
720471054
9783422
46388145
15074099
463132556
532182714
244627772
480120122
18396070
1222257180
278776049
56828100
21308157
23375172
23438894
1072453910
789244177
1055685948
222336970
17967675
1060984272
950783972
22528309
15207668
43963249
15134240
18018355
80366372
24138795
177941880
21095727
18080729
59157393
858646280
43467353
103018203
115462350
100330676
15856366
56296528
25463212
87768088
6332292
467823431
67168554
32007346
1155335864
389840566
45671898
292594517
1083448909
1134292500
231510077
20688358
305764827
1093090866
1074129612
42656344
496120396
49698134
479872233
317226055
612117635
245451804
558769636
223970563
164412502
17800215
19639808
32774989
442824717
242727646
16198573
16116288
1367531
18587457
18906561
607165880
20484971
16411779
85396297
174497732
15617631
105001809
55334133
18810464
58115655
22066415
563126681
634561043
146538068
36681590
242836537
32780218
16424044
314216196
1917731
76456274
625644546
42070045
559069644
207650884
19878288
206384715
36719281
65707359
13393052
44513878
18916432
9252212
14946200
16898332
292990703
312134473
92102359
385429543
432676344
384913290
21111896
18029139
151106990
150078976
155669457
16312165
26781439
21228708
142419647
26548315
41017380
305216911
408636835
284664892
200129282
595515713
292552239
23995748
43959481
270060679
551171648
585071909
624413
17171111
581141508
153149305
61220477
27716826
31331628
32937504
64031011
29511117
143519854
21520370
34648965
12831902
116324294
24327508
277489028
38267725
18821461
81412512
336355576
115911638
292935209
15268490
252409940
242892689
16713771
370992425
140136223
88750092
41184664
17664609
1947301
63479425
50724511
93939619
127775066
247334603
87510313
272550180
516024427
490866785
310330192
534788190
14811485
39008044
153919023
19353746
48177456
44873497
17093617
16245822
353305058
63506775
38864965
134648652
116517438
15939889
110541296
61033846
5561412
301215480
14962779
48847011
17629860
15220768
5357812
18678924
193872188
13493302
14857525
26307302
9109712
16664681
369505837
40302336
330592913
30043495
256113470
67194113
16648790
446568165
77767574
18517380
62580143
14615871
19918047
15442036
47415772
102789488
16097702
15923226
133439172
13218102
409486555
205415788
325830217
114564516
23092890
14695985
18778602
171598736
16259172
90026845
63262233
59884592
192955168
128290790
35829796
172858784
132278386
339852137
389028352
333640584
406768227
15735191
76348185
6519522
2884771
51781119
21170159
40931019
148002472
281713116
36683668
35127952
381152398
78445977
141327932
16261445
47650993
260396714
295810465
47402168
15827977
14070891
16710946
18967498
237770636
7744592
87222643
39537567
216830857
17850279
19891734
100879332
17740682
8071902
344757009
91942897
30793542
23080711
164007407
239905257
22523087
8775672
216503958
55355654
71294756
131144091
17494010
18721632
19824430
267854863
11348282
260845829
151519500
56388155
249348006
18696134
16351028
17060015
8368862
24881081
17196941
166252256
248245925
15646547
61867070
58928690
305620929
86697288
111141045
259395895
1652541
21619519
14412533
108617810
18137749
310545245
54624571
46854930
8953122
17393790
114563711
82073360
111098246
37346577
194956197
15612880
107119896
16337374
17626836
87980836
174265477
32429074
18453284
18913827
82377486
69663629
17840575
16348549
42969777
16045066
121777053
75322662
177786827
88961158
59807364
183202351
109602579
29782950
97521835
207712136
36679666
71294220
234412096
44381612
138473003
156692065
50348682
245635081
80901425
57742470
130231951
219315041
184786000
209409201
231652510
216830657
251896543
128895688
24433199
204333275
162190230
262182679
234573331
254130519
266003003
233952497
18741238
244219416
16709657
169639235
224809725
145167092
22432231
164759805
245347370
174358926
169485067
239930426
256074273
296550439
76140868
22562668
18216422
235373000
56864092
82453460
85896319
14984637
23593446
24195214
221792092
38712914
16925437
278582590
38254095
4207961
50452197
252249233
198980151
240813318
240921277
203296606
206721200
24196684
24843232
20708761
7868832
25770634
14757714
20441645
35824566
30864583
103922067
29201047
19401690
111635980
759251
51241574
244655353
138961698
21307500
18314321
19980655
18999443
63497206
71277844
268933034
270371400
15933690
29975548
28758060
21171175
22228476
47737282
18161602
37760606
16470537
14074515
17409240
16669075
13491312
16379018
21324258
19397785
21982720
80944550
91948725
70778666
93944893
258900199
23001277
260807192
16642547
289390440
270959348
34604451
281593711
82684605
158495061
110004599
23726836
245419752
29205600
16365305
24122117
26087378
28448216
174640435
224376879
18695206
167024520
139652312
128763579
19673972
168155775
257537624
250850171
270452957
15694286
142383345
76864521
266452374
16955809
21723929
29130873
62595184
76381104
288751432
226499572
291903997
161338306
256178459
109300351
14136278
7152572
22185437
149291303
20437286
270315908
227341953
34972633
137823987
30912937
19716781
247486443
89820928
14293310
136300373
156016878
17734537
42716477
27245742
33747810
106514937
59331128
9864112
59031230
21220931
5402612
20508720
233985354
180524012
20086360
17487795
132332780
224180296
742143
15679641
15012486
16635362
256138810
169785728
34349891
7381772
12880222
19351485
8940342
66369181
18990471
15649433
17658786
14125800
15647676
33998183
120176950
20867568
78977078
61853389
30514839
18946160
71028773
105242077
237112418
30929600
163570705
7713202
14676022
199325935
162069635
216054900
13058232
12925072
39311638
20179628
48706233
150724371
83901492
8128442
60828944
3108351
153865861
29442313
115979444
92186819
28599820
115111016
89028052
29450962
158398519
21789463
137794015
75124560
33563161
33576489
18909919
20545793
47412499
43920155
29501253
153944899
84388888
72198806
242426145
107545479
30216513
161411080
14384907
246357149
19430190
15954997
119250381
17993906
140519774
234014087
248735463
153486399
113494390
63169388
21873714
14191254
9532402
18188773
148565166
271538843
9624742
12501012
5990782
15896985
50138887
68219213
63812950
14466538
16935292
73238146
20818801
14377605
19421938
14694102
112549655
10228272
263815367
41186732
148453195
80612021
161791703
48086014
233783568
156333623
193732179
239949176
28602948
246088673
210926192
234002627
236511574
240812994
208692908
249410485
168673083
245516606
132201224
20608910
807095
80628196
15022633
61206798
74294786
138770045
125445568
111635527
88806753
188019606
19918558
39249305
20002401
34638973
21312077
22812434
18829123
24913074
14135426
20597460
108376246
8824902
29304837
14662354
15210284
15918708
20402945
2836421
15675138
59145948
75052666
46016028
28582749
19318314
82649553
36948268
24745957
22669526
28819823
22812754
35758363
21406834
7356562
21690931
44177383
25781141
109025212
16583468
84119348
36686040
40277246
19598173
7004382
80111837
43910797
16317406
7334402
15007149
16160352
18695134
16789970
7429102
133832049
15764644
22192142
23600262
31801993
15361570
22053641
21684013
31122582
31128529
70526457
116505994
112740986
76091017
33530012
44783853
151963505
153083172
12340562
22012091
16129920
17006157
48037533
17074440
6017542
14159148
7402662
17220934
50325797
60919240
27901418
15922214
130617778
2467791
9855382
26083271
813286
428333
14511951
73181712
15808765
113420831
9300262
5988062
15458694
14246001
5392522
5741722
30313925
15224867
