18906561
1383059977
968650362
2856787757
2955485182
242772524
1058256326
17912982
2847221717
2869746172
2976606250
733751245
213795411
33750798
2964526557
1712989190
2962813893
1209417007
120176950
1249982359
166990746
10292132
15515169
176336596
20764745
2812022449
24120294
569228641
17539497
2284652364
122212010
2265797602
1244067872
1228468728
216859281
80043645
239870743
104719254
42867610
910820737
1544366478
1487920783
45634323
44427261
2322798020
1375818055
402239233
415249936
525840978
2238810129
53675813
294909683
14933101
183699853
525394424
14763834
6096642
43386303
129019194
328379882
194615561
42822396
59345192
1525415011
838503782
14658654
2468561227
2361452546
504867242
33180256
177584156
2426997687
154236193
1382224148
300686726
981285295
1472322680
22643800
1109594492
16319262
34136386
35904361
313409554
740822378
104971300
29428194
347057474
2410866554
1209613802
2572097736
2247574488
124732953
1918161866
1337804538
551502935
42091611
112874216
109247682
898909927
24427864
34590705
108052596
1565678965
234715880
153876973
910444135
2252090803
564102488
442381957
54763365
1006503044
1589160426
224717981
26246387
800853696
1109251213
93288759
74529892
2553026786
23840242
72708642
1406293777
2298571741
1198527756
1377230420
35321936
42666106
355713754
90484508
1137600571
33114782
748531489
2175406471
19356980
12966412
106791920
53544165
197172697
1473110280
183891718
783508808
540122045
226286968
14630267
17906093
340894022
599044962
972268302
898620354
531497189
893949078
175102610
17918065
458930764
581260589
44400014
80586683
24873949
68487252
46438649
16256818
26028938
365155235
2295233574
77017567
1971635875
522526229
253661386
18124830
190699396
15724468
248791522
413260397
2194778744
422827850
1859181014
126452478
74823376
389452628
16028049
101395252
31127446
727472528
18981785
251415423
883367492
157317058
2059051
20748745
16989178
1009195424
1180379185
17906632
15212187
478805243
49518404
144207827
119472548
1588632980
66951419
108497407
946389500
1370016014
11319392
2237004884
632466068
312435184
335115633
2324178942
279166471
601189357
259489745
51967388
230859523
452789137
32365573
223126684
472313473
448960034
33916967
65375897
21043872
1669492729
23330730
1380390361
2269980767
64914137
969318211
549223039
65474370
1181521622
137942779
24929873
232932541
42126668
94736041
807741085
67293615
279767235
496495941
418867782
314243234
193879936
628440678
25169797
1099015518
607238071
2319224426
970514034
16617745
239990897
139827538
487955773
39093532
757551930
2322543937
1392889428
31161910
71136003
320939822
132644966
16046103
260527870
186895179
410793638
18291690
53818826
336487129
194386843
1903771166
380593812
198039916
21527658
2322201656
109192303
379297386
772678230
220835427
142592735
50139838
22354925
930490080
614111932
45915756
65450075
1268765724
54769732
430334611
576623689
49152138
405909513
526637732
182301577
16790360
1658157224
32988755
66054233
636515618
937103497
86330984
35200923
1673527268
29304685
1629033055
258527170
2315782964
39341240
98678638
24643079
257347425
2316902522
196195951
249254770
176552555
328747338
519509161
525884669
49129524
708006501
179756722
44498225
264268489
532705979
43344300
1065869268
206522478
74614688
23947688
23814011
1023187212
900919801
275651065
627967104
27757215
27013157
334370532
144570961
17093680
122645258
68207839
23272075
27891514
622166089
27506559
788483856
240301542
1554855750
27799202
2305459716
2249620214
2242850035
1602282223
519226857
27789999
851907139
64074425
40735846
1093199732
108490883
390317246
611408712
2253968388
327620554
21347908
1226406325
31871636
432103322
197127294
381305550
42631426
934789651
118806817
1080602371
486878466
247943456
1902263388
615687834
1520363550
454619446
619324857
17695179
2310287496
263787445
15255424
2314738896
176470542
167862232
882709188
140517388
1308980552
2307343705
78173927
2216295729
1680445676
25448459
849942128
2298838928
13850422
567328727
91662684
79593866
266380579
1005319442
403036069
561310591
261774298
198543452
60625265
706067882
833305375
531785147
534483901
580761076
328624502
1961300984
354100719
502332861
94260950
942826278
65759539
28584383
29190215
146904148
1180891094
2278542848
1571096438
433712039
829735580
44036125
85634177
1655488274
49855286
2147635317
20635633
856549532
217550862
846493376
527613971
15075753
373703200
25101996
55700611
930784507
1074480192
231295638
245265141
23039411
23022687
110445334
329323059
190905427
592912657
15731751
65493023
104538514
86177206
18253799
196168350
14730894
10774652
17454769
919804596
162126945
731208732
47826081
57476133
842001422
11618032
551484141
407480765
876224322
1566132984
2294530717
176614899
46479775
59856467
57135482
2233439437
1571660059
17960317
215453755
48354257
112447071
11102352
979713858
15575329
14098909
2194471782
24378135
32549858
21520307
158057137
17014151
496447782
24369727
1853188604
79618412
42081431
725148800
61271421
76268490
807562164
152133436
474464413
418334501
57382321
86674165
1548411846
860744108
40381370
498294115
1312186650
104032769
388616677
394976022
585912666
743425316
871913618
25476011
446272084
206906021
142680138
843643842
1066165238
95243843
565883475
127256432
23798694
117197740
621487379
1164916981
154386491
26504239
19795220
28614262
185240211
38213679
142715397
1527946483
482349533
564792506
21426423
609988319
161833443
14345062
1917731
15922214
20946159
279048768
733165098
545261303
1392477223
224286684
1421998471
344513233
279266102
573916220
121656624
370688903
1089303715
944756730
27531157
26748126
391720695
33079769
92302781
37421981
53309455
28708693
15100636
1565984659
152720466
1279783315
1544507923
1286733985
8150902
52000700
33050680
263208756
847817478
18225323
1553750906
448092566
1258300770
889982659
1304720396
830918346
41410702
51634559
21795901
16101182
15727317
24002724
102407765
128035542
19808819
278990476
777312246
1228149708
11862562
44438692
201738871
124196924
1322558402
1446634736
950293734
1576167774
1558893368
21572351
1202153354
55613547
365185870
91856333
1058460818
1305596696
61616297
1469697847
20273971
1530805111
313310575
14593803
180142423
803769560
82389912
38036372
317284206
377579325
58228306
525761544
372062665
361302023
1176615978
51284800
455583211
1013547847
128361295
20826129
17198100
171685797
157747517
429346893
414003816
1027591790
32497478
890674015
627335323
1205731794
94486375
1038761334
120947075
176115390
454159132
42912666
501709599
1005593198
136783193
194947075
481298678
73408582
1405337395
88494677
881155183
377390805
304959229
529585745
17734005
26451244
277181844
198629198
908532632
109945090
1444853400
1444446630
491719838
16914302
1092757885
35321157
15515130
248841143
72552866
455888883
589690387
223360975
7117962
52499247
29260421
36264632
16968876
214209081
16261445
106816456
259930822
1336169892
289999104
25726636
38507478
64748159
233954383
791536639
18943752
31503444
21331266
275073573
15976697
463977154
16267319
15570213
52499553
1564371
139738464
121469977
104914594
14659350
828139866
102569759
154759765
106127588
18163042
18958999
456295476
14870670
1135885423
937604695
234783426
23689559
960696949
14587949
66715600
133143463
63174700
24904117
286476901
271007828
75266034
390560213
17602971
40964259
46124208
19773627
63150856
16425672
16721061
44682276
155954102
63753027
14857739
14141323
20733972
85606078
90951820
20879626
18697188
17093617
47652137
369992069
343358379
21097256
364564017
99645483
223970563
212963819
7039122
21674527
54655169
262747745
18149763
26819436
130255560
249146956
355801793
40917037
15501611
19028248
7270292
21111098
20444463
18170310
19726613
24905240
47975734
20546536
117537998
75364211
202206694
18061669
18632666
233737858
18915145
238177562
221162525
240790556
243797058
229592356
264219447
262756641
275572403
234370900
292972175
82657929
266133081
296361085
339822881
386092483
234906311
377534571
76132891
156703580
77250424
22545491
23124635
37094727
41363507
22831059
155642785
23951197
37007274
246341769
54412900
236899846
249288197
281540744
237418907
314335929
235217558
282093902
16424044
309267226
381736092
402029058
402719755
17513304
12726012
15281676
41634520
20209807
233842454
240427862
237944147
5558312
211530910
109280446
236960387
10102032
26533227
14275291
235289157
21660348
237750442
241207373
242376736
14904437
211901075
21619519
23204326
93876666
45445747
15210284
18635301
30592108
34454038
14511951
40773574
293950381
36654245
252819642
37226225
134875651
15923226
257211750
302140715
34768966
235719973
20053279
223324569
36688152
21500056
189674631
54941938
43242030
337522967
230453077
110334094
340902803
31911389
230244096
640893
10615232
20713061
17544524
19929362
252819323
14246001
20097342
15918708
20796447
19139963
24183358
23121519
25086658
26324609
335400397
57018405
56504474
21434408
246769138
14669951
51241574
15012486
34713362
14293310
20608910
64411570
319459265
251489444
52847728
14529929
154591966
75367781
234937222
19553409
219429281
236479311
3135241
161743731
76966145
50152441
50325797
26778110
245408102
428333
40318829
326536878
76452765
55677432
32010840
18166778
234797704
248850174
233695891
22055226
240385577
131204770
198526130
27676828
15751083
16102244
117777832
74198348
234053893
239561508
22508473
242761889
237862972
78431501
240376522
250710495
249339682
234469322
237299871
51228911
287413569
298547070
17876489
83262506
224391627
221793778
18689874
8542882
18277655
16187637
76350004
41445718
10691752
18805303
37920978
16056306
20088666
55235265
24773493
18811140
9508922
24735461
33977070
17976923
9300262
233693291
18217624
22528309
114896223
207741139
319357138
15160884
18486881
240363117
188895707
143798379
229197216
137466464
70756980
18791763
193794406
38109656
254082173
33655490
237763317
216881337
26820275
133439172
14845376
15856366
17896154
237312687
26424123
23976316
124224165
239871673
235271965
248699486
28785486
19407835
22527499
61120062
15356407
21157904
27311044
234057152
221447516
19937880
21269970
18030431
17800215
240393970
114388293
237814920
235258843
46176168
242926427
16032925
15116570
20467163
18967498
23970171
3108351
15836256
28263797
59031415
233761277
234812598
218349372
32892677
22362704
112240147
35624566
290701890
27085341
85146136
26764697
175499780
260858417
32587983
2704951
19383279
222286905
244268646
18129062
18828493
18642678
278145569
248658530
227414499
249822329
129891935
249883064
23457041
287029027
56132711
256178459
240386496
41479951
300338853
300337054
58306239
137739790
300371254
60984835
248322550
291656207
300604034
117476254
301176738
31172624
88620317
131546062
19616327
25317243
135931182
15394954
299883942
15985455
224294785
22509548
19658173
235251868
303550786
10168082
294126378
234128524
238321369
759251
18916432
18216752
78403308
13218102
242873057
88784440
15745368
236487888
15600527
212262370
211588974
14344823
237403203
16256269
19394188
84620376
19029580
20015903
18566912
209792690
201079432
23712174
225921757
20192403
236541422
234837632
18317325
9971552
267262609
190328374
234822928
237348797
91179070
78369108
233949261
295685416
84239817
211420609
43549148
236916916
42924141
137407124
234022257
52503751
237781383
34340464
13058232
12925072
234573331
12788332
15675138
15207668
19739126
213634439
240760644
217543151
21329888
48117116
28176898
239964567
35829796
29766367
114756202
229966028
76649729
5693842
26103389
73303753
235190657
235312723
19926675
2467791
7713202
26051676
11134252
21878458
10840862
1367531
132239978
16639736
5357812
15428227
110545675
5496932
18821014
22523087
162069635
16036525
18891923
5561412
6577802
75124605
36144868
16906715
10102142
32506723
