1279260026
2970279814
3293221957
2485683942
2953922782
2510906472
3195400086
2787856200
2964949642
912608010
59233606
12889162
460287723
47798449
109923226
2846040954
20552026
22837186
293709920
1904329130
8790772
3354439246
116529568
1128514404
318531893
119495600
1428365168
236026761
107865996
20718719
233601559
3251690500
403881495
226595853
26279231
21877897
1092248911
2957184233
3173958988
1536791610
28262779
18191491
18501487
180914207
997285801
1592031998
26778595
2962375223
1686421297
191469176
2966758114
14293310
622020160
7309052
32438940
78782156
868818031
1410908654
14629513
12008602
3150189964
180150162
2359955480
1112294646
586671909
2504510244
30231082
22012091
14630267
36935647
27510332
2927758254
2427793939
1109895474
14999172
40321243
24926288
19195094
214289512
21121491
2310730160
885568466
1329442951
1672787574
2749209475
236454002
3004686155
20999272
300463737
117467779
231443477
47376165
3022056401
37945547
278086078
460246990
342127673
2964720531
2860881514
76944249
18772032
2196410636
18317022
37007274
100601004
557151599
26493911
1291231326
270457886
571202103
17340781
263739915
47678782
78694788
634739770
701821488
49457533
5741722
20467163
137734165
30243891
606430919
21157904
9509922
15129727
3000122855
1340093874
19785811
52282776
2966205003
14351178
118581630
2853309155
324675747
6206612
844000681
137789852
16228479
28599820
51337863
2903789091
2955596087
45265448
111627001
1462508754
2978291435
1194603756
2980812289
136371418
228768266
28345003
239967506
18580432
1278417566
17021844
109025212
2953974395
236511574
2970462034
27225542
114050808
252296570
29450878
1198226058
136337303
21316253
163589845
140286364
88260598
2962813893
2291726940
2965051799
2412841944
2361650234
2696643955
2914571740
2869746172
807253855
23535710
69073724
2842609205
18090660
2786564756
2657143946
1377194936
2800049704
1667931296
614730263
2312829909
55004670
54234520
861591595
2784283916
333448168
2804215309
23116280
2747093228
213767250
48000556
2610447451
2291625156
2565455605
26005689
305591010
121131407
43955137
2811351973
193425861
2262082457
22508206
52565265
17577931
380454326
91262753
277959406
784387046
89253100
95753389
538456752
455024343
17442457
158396052
61903300
259396022
23126875
47983577
16244789
52426212
15769734
26233068
2678043187
73410119
33659010
119486479
32649852
402157926
67324224
2696185916
15075846
28626403
426909329
20186316
1089803173
2491638416
21416670
415667689
377497721
28714056
11856422
41602160
13787352
480847973
877755140
2214594770
889186290
280728478
627400309
66369181
17189774
14186393
2276238446
582931822
16373878
243805548
2401890636
988854679
1025521
26051412
250912539
15741263
1143288662
2458567464
24009801
24436714
2447290136
180032621
33794415
155951455
16311797
100363105
292526028
413918667
2579585534
132932932
45593365
2161080270
319086506
842196547
1259694912
123961650
22814117
49686679
2612307559
19929998
304757202
224752783
419851013
398269985
184910143
20813112
1325443795
1564057105
83932732
21134140
14857382
35014834
257549999
807105732
316654916
88040819
1061324761
384914539
533478608
2244408290
1920502543
38808598
17451742
262754003
2377709654
487620060
15244192
967236469
495277738
586815615
18723114
15695369
308573576
234861640
123336648
289404494
14107459
628454726
418185795
1666503247
916057717
596387687
59557831
1845685848
1345082029
16261445
144986277
1503706284
404370559
94339455
21312469
18028893
348014105
290317816
13070342
292984054
40510796
94366606
2324585713
14475345
43108099
205847300
66367559
22771961
140427956
593813785
158397501
58488504
16874247
87452000
227737462
60691293
515754901
1451045077
96134998
770558802
1033394562
14837383
31257972
127644260
1054236516
1080804752
1055982882
48030576
16515137
38734554
175027320
863375856
2284341752
1566383408
46417885
1045662912
568143071
233364912
244683567
279081176
15458694
534249758
809352228
203158279
41362471
454213077
259918701
7401202
107491845
382818604
109394607
325581008
1169961914
1055515873
57002648
1969454683
303793259
459277523
2304017702
194343133
2482293049
38021361
598626139
23607447
17892445
31136855
31773185
32492934
170767454
102503323
402839111
19024373
270020761
68987936
41380057
38530021
124237063
355619030
36920083
2185544402
18963842
48382954
184860130
26596727
19884634
100488170
34120099
42703163
2463567925
15766754
33653195
365741756
119516865
2469604452
904954322
1675670611
39155029
57036865
266133081
485773196
252782302
95817097
2271684379
223637055
1324488962
319000546
1358225269
360324022
479617529
14678809
1397586810
2409696319
2260619350
98734027
175610542
119610949
17289717
1148363760
498991565
158826094
16245995
15457383
31534918
18990471
128678588
249348169
2255182597
615471114
437018330
31447311
15769327
227036687
2345933348
37464438
130274805
9636632
772141338
14628959
1311981792
2409239300
17277651
171076401
18244332
2232255944
465706259
48188688
20447793
165784753
159482906
16430263
143860340
17130839
82969145
74520028
15948995
28628988
815759221
747398082
20247181
29456021
201293591
7558582
2377362332
443884171
26810542
487638935
62348549
2182085109
110778145
28894320
123160560
244349975
51883413
317980134
22592329
22840995
17238395
2253972644
312435184
868847792
23206465
2389116506
18970572
305196934
1879740960
1902472658
2391831308
1858479888
1080602371
91342621
38412432
1470390146
14465607
356356738
2380903080
2294714364
373080354
95985279
16985818
17874426
731819796
2308689042
48395300
27934842
191589342
1118241194
1219824320
632466068
482301201
17875378
943814922
286349282
1119948278
14500190
70837868
107514329
49706919
316455342
1613575663
1728968790
40949746
32506923
253720109
17906632
139782438
2191238299
938133409
86129983
19982434
1731454231
14870670
222622640
375771353
1332940308
398165004
1336651290
38515532
15212187
246352827
891718993
1852348416
1618554451
1485296970
182438581
14738561
135143357
735648888
711121784
1464379278
112519741
555754680
65453528
22156926
329913473
90480218
142721190
415654080
1188475094
21093964
1332216079
85736555
2270697818
8859482
2327189369
914952734
26122639
116748080
576376634
22656792
101802390
36771809
145682886
52779839
1428441589
906782533
46557945
2155109252
398088661
384910109
24484212
15723037
1400294809
39559795
18738694
454947269
21252385
42900861
22029476
31524003
21901272
555438880
35317679
1675919204
614542142
279084367
16358097
60763047
115745371
26520417
104914594
275136185
208590653
23232204
196290799
407867630
49237648
57844814
514749390
454159132
247487885
522184999
32752585
18163042
271056428
237460752
1927656313
32739600
237872656
430130014
249430497
469809558
499943179
152133436
14335435
37760670
51374505
309274068
455306401
86674165
233484761
326255267
379287730
15646547
102407765
356390382
382118919
455764741
33252498
499970018
1947644899
287875777
32407912
831525295
121580581
1374594770
821795360
121511671
352211941
240112167
464682020
257753496
72992814
305381599
1531265618
38787045
757893380
14677751
17270262
12618392
52920970
2260197309
65098181
356470489
191055490
41269799
74484430
111344013
209607522
41605985
47470008
174760954
624424692
320179969
373428585
2259395628
106866331
773678778
411776999
61824637
57437761
14812035
1682718991
1651709274
20936524
2286882348
173925279
17824322
18886072
257582789
236480864
577692228
815696832
22782543
16203323
20341962
71315781
296903483
1698467756
402735304
233724961
410113411
16565260
24236494
374731886
21333396
509680404
15368404
14592723
49992096
14499829
6794502
2282875824
75008871
2253968388
633924423
75432256
112036346
83922884
64808610
90413907
261099234
164322849
309838339
1861307960
135179880
20600214
31661056
2269289095
277055268
21054720
46404438
1319448157
176541271
396955120
16073416
422840787
224382700
94195834
293120622
475988505
104570036
208120290
418991627
72831557
25754369
15518446
389759292
19636130
21783950
17967675
14625398
61583656
80834534
34274380
36683668
152866991
14511951
18695891
8082302
17816420
1969286802
575658149
716564185
2209542872
937272126
433054178
16796658
148446614
446129770
60403024
23998119
186164496
91041874
18313747
16081831
158014835
15724082
85975340
191613738
45471673
17061263
20109973
17084136
18235902
16328195
270356805
153181367
488624890
19539082
112047805
432766911
16317514
16431311
460395925
2165691520
148491506
601895573
240199983
85495423
701391620
1599284149
129634941
48193951
48192925
18754284
225067947
46656829
27644391
552834522
258571408
16982413
129360573
21301913
23678636
252888830
475294870
1712989190
1206386233
186881077
359760829
260074426
186115469
23365014
568261186
25246772
12117252
398031004
1311085898
32400912
1612896566
1020640254
19777534
14814511
116544702
67393806
18640821
14354476
1871742294
555473643
298677563
52052011
1905556350
247416314
506167591
374116636
18635715
448237360
22650398
473692619
27048645
112763422
1405337395
27313635
2170136576
1176994477
142490217
524529774
595594446
741164720
144071362
19035963
16567705
160378159
182121114
243337600
167024520
52793900
2166724765
228499063
39564141
479674626
27435867
36483962
235196204
262800581
331133779
1058826398
16042057
56749157
129879105
1634451854
151647842
25422900
26825427
21675438
9714982
14122608
58984876
142361607
1020837650
236974040
1887422342
1506181267
1174799599
239973791
1120201512
78385884
244568527
29283906
451095672
119785020
14319153
14326222
82411260
1024507849
191219016
32702463
355510378
35817644
353680112
305992676
18146484
155438017
21241606
436917121
884798826
887782364
316827350
805846968
40156330
114571915
33778988
20052625
887211000
896584452
540239805
833900785
211228900
22824318
109593737
18124830
787331437
312800783
198727691
87048122
239882340
248841143
455869849
20067009
906273632
883096526
780597020
59157393
633980404
887150094
177296016
61656492
8839632
42958829
412467320
16343441
55613547
65749253
23423394
14842061
19718279
213940359
71537934
481577921
1549295744
59676104
34402366
18499245
18589031
491289586
15198507
153660368
101822770
1222431973
1961713802
17881467
1499993378
28423263
22642626
353036655
252676693
34859168
61471766
46637873
425346448
1410897542
257178985
20489270
789707995
1359556818
1465462458
1112741820
1249335080
304461562
1225930357
1225779600
1592346978
21845498
16886257
1226013889
1225986997
1225946970
1225862012
1226005321
14345062
23001423
1225760790
14336163
593424117
128310422
32315810
407098018
266830495
284829419
28163473
20182465
46479775
105925025
30691113
121312996
17545624
17723910
23898139
169203819
617122298
22772264
506296099
19698320
217550862
26653478
529806936
1942727862
576673451
1219854264
22507972
15047663
1837720453
1921081399
814181377
16015228
88203250
193902705
18873711
108645028
1002888414
845673812
31501201
1056440384
441004324
47839226
52598897
1563398220
18803958
61357124
45654379
138031578
20990661
1428882338
19318850
23945952
135217264
52010437
531214521
23051336
301703863
1119778291
18023140
254777469
397497979
851621377
551195347
1053740976
847526791
12216752
1908143071
1131917492
242772524
1059322471
37680544
621050115
19401385
22797378
326207843
224323655
1366778569
243810598
305620929
46294118
30079246
207660339
23970879
27862451
74744322
48115928
46005894
60618233
1595983092
17629860
1392378728
16514540
91258643
43023423
349442767
133801267
63174700
15936717
455564630
62955605
24904117
313071709
255117189
84380238
23492750
33600887
15909372
27086783
14774158
31395001
256113470
44425860
41346792
21431618
23578274
281639002
40372504
370489880
569559846
802818229
204599219
256532365
330073039
24703136
580080174
36753911
106889063
1530850933
282760109
287799489
834274194
282765807
475244324
19402069
21979896
432822806
59307126
887519858
8539242
17158123
93950784
31453604
132692847
96211098
57338289
18021210
1119931291
1119708776
246568002
21404308
703468207
172343542
95477910
1007132468
77017567
34367271
525463399
179375870
523565885
127572682
1418784774
184820280
21096041
20957191
26820795
55045856
37672828
327105404
206380254
596779137
390797995
1119941078
232177822
1230294104
538185166
22076537
1305596696
65106660
18990627
179546580
14726357
19808819
27688281
573149116
343375615
457164360
47968639
15894074
445747028
306552045
20544118
46431659
308186465
236220226
245870520
17997990
21400091
1682443261
610171999
130649891
402931352
1056088754
197423425
20076659
109982760
1221633980
200254683
426052394
113198433
216551738
44692317
14358491
431736858
35785264
106597684
96442308
584012853
269055137
91360940
9545002
721111914
7663702
56440142
12811952
27177933
144946784
15032862
14790524
17028405
14957318
466538826
1357176644
13524182
23484039
7313362
20243128
40553282
14529929
109619681
236622220
168780835
1393155566
26120980
602185050
15664289
24234881
15749725
9130702
135931182
935368364
39986021
21213276
17409240
25506919
16232940
1246763515
1250020597
135515077
14282169
138977055
92285885
496983843
960962340
218523764
253856009
569950687
37764422
48605417
7597712
18247062
17539497
1623308912
1148165628
90614279
334714024
89017031
65652389
457137115
44940697
289530036
27256651
506492489
1491005960
10791192
26045648
360641755
87845049
18493147
459610425
356345457
523077918
838757880
329844103
383203469
1119920748
108605625
1260481075
236481275
76539654
26042743
237418907
337806681
24699390
88720683
117644039
425865255
620298978
165871371
16780392
1205200364
619138055
621252976
44380611
15923226
15631272
992869536
565809256
239964750
156732462
74515918
524752732
975200486
236515698
317959316
1322558402
606681513
1398166711
122192186
702060205
347984636
132191265
102173013
59244174
218628025
6798482
14177062
34675293
21812162
1275750552
386092483
39572791
34022952
23258618
16461796
25372825
23794763
21927612
21372738
274596432
347466521
19393208
32359921
104836697
1160806242
23545095
30927826
65664531
35833584
18959163
267035183
78455599
26861254
540233480
34467196
207707006
25329441
459691119
637214355
34335935
250755020
17007608
20303706
29975315
255289631
1183531796
78985821
71244739
16084100
56730035
158129535
1137600571
30223449
1444015610
21251668
18958999
960696949
1058051748
17217728
109257354
733751245
20162942
102488708
292972175
1288967479
1430692574
119166791
1374780043
108619944
1095399266
17069060
41150869
18000662
14717197
468805231
221153484
619117570
34622541
18182408
107928664
381268088
16012783
105242077
1092158958
246053026
263426902
17622723
164709826
198034504
19409527
1209417007
1195343436
567442601
1221616850
845460426
16338432
129230807
15999704
17107692
57633127
731482765
245362249
407902256
68798732
116870140
836052565
87103895
1072008757
1059240924
1077446982
1058345042
1155212191
18773159
1060370282
1092757885
518644221
1048784496
1058460818
963480595
950328072
935033864
1058256326
11651202
1051446626
1089334250
1045853744
1074101017
993153006
1060487274
1058807868
1071900114
1074412920
1069124515
1072382221
1138688364
1065995022
976969338
32463503
30312328
174275876
45176680
123311386
386010800
383333642
272432534
16405291
19541375
22948692
21036370
305979285
140936513
731167584
772139132
245999832
257017206
626983614
15537855
14828860
14268812
175245394
96797196
847517948
66716956
38425860
301459201
256181562
376949684
51241574
67358777
23973149
108617810
93288759
56009331
422827850
262756641
20710218
309267226
30736021
15103535
180090338
288308178
327677682
550401754
506432931
102474031
235217558
356349993
279774512
16187637
29766367
156975310
24625298
284613571
237886660
613725908
494348125
376879734
61853389
6450322
21336753
31310158
248836813
15113565
54885400
8775672
422036807
46275302
594857411
191863250
28676469
79032381
250784170
42229538
550177021
41659956
75392728
38095305
271916396
90613781
114484518
63735119
355289490
425056183
66124799
400171041
88836132
189189465
75965406
14147395
17110579
145256137
19223973
199119163
498912239
497971093
498040167
94331372
21674448
222953824
79011908
26185819
49304503
137373564
429872322
44682276
19786080
211876790
188305796
17120599
16380122
185725309
26812918
321115910
244779608
390507110
157759017
221768985
326889413
21190891
445798483
139466524
136480849
36232215
366678968
16032925
206889065
19624861
18497595
228747444
190890578
244128288
261918703
92557448
125984383
16072676
84893115
83636590
91478624
78408666
14983095
413223602
18653221
155973490
10126672
57111966
115733549
190905427
252115520
136550204
30027177
15742734
339822881
272542662
23453200
18067335
89277194
361309782
166235477
19658614
13804112
18036861
108424611
31194003
46746151
402719755
243004333
193287690
23209392
6608702
366086631
251644808
56532503
300424009
37942566
86177206
20073874
347957505
19312262
9624042
33949656
17963323
17378599
277124730
16113700
357710219
31005772
42647852
156703580
115502896
115709668
20536157
122212010
45604374
18176907
80317299
334824599
20251654
17494094
305189255
23562007
13850422
76163900
28143682
39217565
31048487
371524750
20925438
76478097
77032777
14192541
81152009
15932085
12814822
759251
15947806
48029066
16704731
18983793
19930211
154609716
236544241
60228081
246481000
18641417
16686673
62895577
18834100
21426423
120176950
17133826
161679603
320787415
19597291
374683747
296361085
37720258
16425672
23097748
16334857
41634245
19611483
15738163
16703058
289003349
31122496
1435461
15110431
12133382
807095
19658936
20436059
18192818
28160998
1769551
18058609
15587500
27922157
16616061
621543
28587919
73181712
62442994
19553409
33933259
14322455
60628575
7152572
16630098
43958971
18479513
16669075
13067732
26291588
19426551
19186003
69181624
56488059
8953122
75367781
82657929
234370900
15365532
94197072
314666898
90658621
272023951
281610530
30450996
284800266
62566988
47992252
17395751
18299237
291214122
5796702
239706187
16365611
45003565
17492110
16206960
21676697
44303996
72908601
296890117
146099226
167884639
15987296
15365985
14413999
18678924
32007346
11856892
28128296
16826656
18007614
107433523
42442665
303916976
36092111
333565809
179525048
250157776
200153573
326301436
180389279
334376470
328457935
15118253
28197549
156351151
21220931
314335929
17487795
249254871
90405702
294728278
36681590
35829796
234573331
301549400
15988710
192063617
313283969
65425013
21328656
18949452
1652541
15134240
34713362
15164565
7768692
28842244
78921217
168792314
111406119
15692987
14132503
40929442
41815717
238101247
141578089
231117156
17842411
109046318
89500467
121218495
92437485
63464152
8795772
33605963
218660402
14637718
6577642
73972973
317817201
235675169
240393970
14839147
36959258
18227519
44686459
237840144
26283307
92572677
175403732
48389713
21795874
154656207
59238436
9855382
36962101
52829564
46681100
16019697
234015854
29209404
14693647
240280439
89287254
17878161
16666748
47340142
28424453
54598826
217303153
15780280
218092151
29487956
122189343
155466579
26487169
259536679
14384452
26656498
16869688
17513576
79022250
131546062
20192403
23103488
42924141
90454766
15689503
15617668
24895130
18724079
9762482
26518175
285039441
18084100
111076336
78055444
21010214
169207084
122207745
20053279
22508473
86358005
17291393
20608910
16739200
29765773
17609971
97469700
16514544
35383323
19193600
31861043
233576055
10285432
72568326
299883942
20442002
27550683
19918875
235059407
41822025
22033805
21925787
9335232
14233243
10228272
783214
2425151
19679854
21800616
256090853
17549424
295685416
132536026
50375477
18190841
18963809
20776147
31402393
20468251
238484434
41019773
80940214
18915709
23849615
17080603
19850687
252819323
20926802
104897288
56810507
15741231
14215865
21044127
39832991
30950136
70405131
201257967
92356276
23744843
286144974
50648594
160230993
38681688
273438323
18621020
274029431
291565510
28108599
11735652
21777967
16980310
49491281
18056743
175176606
23985239
167456926
48497345
18660460
17100518
14778173
23162064
120853830
17659498
26298400
16317824
17943891
7741062
38432796
14315425
17924956
15923224
134862032
16311561
10183332
17288348
19950002
68453204
18775763
16424884
119159695
132277973
15691217
55076952
151093003
9976662
13517522
41586570
11067062
24889389
13160892
133503415
170039015
27046969
108348305
17144959
18336143
182541767
52118721
289374103
169223829
16557667
21564446
32071013
234071659
117197307
36042670
249219716
256178459
239964567
113758100
248837329
25742720
113047940
16457416
14229390
17963725
11783502
48880720
17072231
40711530
19019298
174307994
92661447
14380634
124240652
15660657
112789392
19084950
66767374
125379912
26261784
38649579
91676134
251715978
250135212
239867252
14763076
42955087
185684821
20452721
24895975
18049891
121146056
15922521
20777057
28621056
14887893
88007912
91179070
41821578
15853888
30079124
38480280
25146793
29337356
14095706
86103975
73453532
235292235
25644870
14531956
16887628
21301933
21270032
14412533
15812612
15935628
119784192
39510422
130929441
11650762
17993906
192315964
201791908
27902825
13984092
14688489
16051808
15496979
18646108
104615577
14437914
19826165
21252618
28576135
254117355
238177562
52596376
72547151
36735027
54664781
85634177
16018516
16827210
16926232
191472445
17379096
282093902
281540744
156741216
42940605
237348797
14199378
7905122
33898911
233695891
17521689
36804447
16424044
63963846
7126672
15941955
278145569
6519522
16514525
128691550
6753242
15676492
10850192
19974627
61831704
95926917
14282672
70476832
79292033
85606078
46267283
55323675
37294631
16528872
44404390
135663862
28940776
30785007
14776260
40292909
26402416
14765858
17402949
21083589
47399702
21189762
19692096
117171357
95683743
17138954
39538293
234906311
34521105
16273700
221162525
229592356
125746882
264219447
243797058
40653668
62932775
75364211
78403308
18061669
14616022
21875768
18020081
17878650
36396752
19396002
236975376
84406725
234406945
66891808
30005269
147749425
59206574
120178570
182151648
20267772
14730894
21312326
182953350
73195502
15481233
50338901
14764120
108745256
143529440
26777550
249288197
44359974
27899417
271438569
103911394
159619843
15931963
250710495
69988000
115691217
17873329
20687912
16136097
149636417
246769138
248850174
24714545
40315069
130270370
48882262
17849234
15148923
64443308
126005440
7402662
18956073
248001234
14277701
98687810
61285110
52172917
44467408
18946519
46202277
46813718
118352647
41865494
18981785
165533941
11484312
19732436
161385079
216881337
235271965
153844317
240323802
10691752
49852463
234937222
252819642
76101865
68139753
28475920
91162729
58534481
41144996
32429629
118447237
28818629
45841943
196668041
88677609
40868787
190670276
178037145
141737953
16224226
237820660
20202233
48355759
108692325
16543775
126434710
48821549
141730072
16330198
16396271
60983046
47971410
50358721
163376256
206495378
242761889
31464192
140283097
92183278
142896252
56413858
168677627
63796828
41445718
119899270
240760644
237299871
239561508
76348185
233737858
109280446
147683413
26901023
24158256
29284444
177927463
20852423
245936382
30534986
76649729
21572351
248699486
249339682
240363117
237750442
229966028
224391627
236479311
29111704
16451932
20402945
32688153
54956263
43409523
224320485
243727456
233557728
146569971
53039176
44783853
66369206
14615871
110541296
166252256
115507491
244268646
246341769
211901075
18802290
15367660
195978997
217849268
27059356
28652194
14597239
179245596
216855513
86129724
20733972
30045475
219429281
234057152
213634439
221447516
211420609
234022257
237312687
233693291
234837632
233949261
233842454
234128524
224294785
237781383
234469322
236899846
236916916
225921757
233761277
236541422
239871673
237862972
240385577
240427862
238321369
237814920
236487888
240376522
237403203
137407124
242376736
235251868
221793778
242926427
235312723
21679484
37656339
20692197
40923070
26103389
116604329
211530910
242873057
16125224
19079628
234053893
234822928
201079432
229197216
119884464
234812598
237763317
217543151
63534462
25680900
76456274
46070059
24340923
15463486
20957491
50325797
29216764
16194111
16898332
74456371
16742053
22170482
26749459
20546536
18697188
165204211
17215594
15481585
35218566
110445334
42878291
16031927
61842393
18058317
19926983
5693842
33222598
141990034
47688440
19782981
47632905
191477653
44129837
19302840
17235959
18906561
44960116
15993122
16930125
17553512
39279393
14415941
5507542
198526130
21527449
119424153
78369108
75262846
36101979
50644219
16479176
15210284
46176168
69641276
17168586
17850268
18122925
54642235
133439172
15485527
16007460
16068266
27622288
17527466
17970222
15951941
68437232
15325418
31499636
15966258
53511290
15986096
17778930
83671602
18588866
175638897
86364947
108416848
30289355
83671393
166764102
18144612
19039844
25391694
21620377
18140989
18592146
23970102
56401482
16274832
17844954
28178127
78421007
90725320
21842781
110004599
12733642
188829085
48109396
19268706
640893
17391442
3137331
89486296
15917758
15661507
122090337
217508992
16036700
42430726
21878458
16312070
111978871
10323112
17907987
15660067
218604563
23014702
8069392
14872382
15808250
15743525
15904153
20650389
17767438
18211095
37516417
40349527
57565224
36906754
18622748
24654006
26420738
36318027
28428796
21349488
39207632
159362503
59486472
61521653
6996632
23394127
39839889
18854849
20863959
15469092
15862974
19112266
16392327
19772059
26869069
47130248
85591282
15996388
155709992
17328346
17492327
19286059
20930993
26527251
18792031
22084305
12788332
13218102
19028248
14845376
18030431
19407835
19926675
23970171
74198348
34340464
112907328
17896154
55329156
7039122
41363507
18967498
27676828
22528309
19269183
18915145
7931302
14209640
19300475
23118723
127847412
121217627
55687166
15356407
116616867
157561625
41617440
2017381
190818794
178485815
23327166
218267731
58492046
18954353
59290582
19056144
16801719
44146762
26051676
22831059
15535849
18906931
15693337
71634211
79010265
17433632
34776119
19684047
16026596
7228682
25330246
22509548
14587949
45190383
24773493
48075643
55677432
16467567
176664914
17820755
115694556
18805303
161743731
22958182
26346874
36654245
37094727
52503751
155642785
84620376
76350004
26778110
15140344
101051458
17684783
33402254
28359387
107123483
76244630
67689419
58379000
71726876
20545835
28614262
21600922
116050553
20390684
21619489
15478375
187276383
109601556
20007261
14399160
33329857
27311044
26533227
14705027
195746953
71627462
50653949
23468944
15785918
65919935
19219506
97856658
122376928
15136906
16823809
20786801
16102100
15740256
33977070
18245078
40058308
23066927
19675180
87732473
18960279
123910334
17951850
113698583
75289720
26089178
41634520
23976316
4393001
190328374
10840862
16265235
26946495
71281860
20245031
14410652
30864583
51228911
131204770
21619519
21313053
184832308
110835999
27744185
14687493
33498863
17379989
70739402
71355311
14344823
147264514
17968258
121215534
14856101
19852160
5543082
14208575
35474809
40116885
20058110
20002978
113036476
17976923
15745368
170618342
15513604
46002396
19417492
47739450
9532402
18170310
15731751
15210410
14662354
14246001
17546958
15450996
23712174
22527499
77250424
23124635
10615232
26820275
15160884
18811140
19658173
18216752
22304683
15856366
24735461
17544524
63073834
17235172
19394188
14275291
6577802
37920978
19924057
31419831
15075753
34591573
18791763
117777832
19616327
16045956
90484508
19912734
21269970
32010840
17800215
20713061
10168082
19922189
1367531
27044466
109552764
104237353
18004222
113763245
34082620
15751083
16256269
18566912
110545675
103744112
44209472
72370276
42620459
5496932
15394954
18166778
17513304
21660348
18916432
23951197
15600527
2467791
62564654
21530025
9300262
5392522
428333
20528760
15922214
1917731
15918708
3108351
39308549
65146567
17900633
48359937
24193939
19170156
19170092
20542307
23071943
32391290
155652983
19324578
17722044
12952842
22522824
15352893
38648153
37934478
64272477
32331856
22637943
138152026
98665528
104931421
88668160
71318385
5357812
20015903
15207668
15675138
11134252
13524532
124486095
21805276
29521877
72565586
91130436
13482642
17034195
21660839
142321780
22781043
19929362
15446424
15483453
15074935
15631338
17029338
14712659
22167180
41123435
114756202
43339319
19739126
28176898
15281676
15428227
7713202
