569633910
366183214
246378883
2364627817
319689712
60610799
262800581
234004763
84962571
19309639
15637375
14277364
153486399
1077121945
40302336
193028483
17787705
22991163
102158616
19778216
128645212
3156960121
32773235
39362918
48757374
385549251
21688902
2319582637
906782533
97503010
28599820
398258837
1352244774
1544353105
510397276
16258543
253341432
1451773004
1483475444
460534166
2904707621
1876018166
2370865836
1061385474
224685124
16912739
1710530342
288751432
78445977
36029864
43347283
24765758
3030402067
186948888
36240331
69084023
1112103518
29762617
103918549
54885400
19611483
10126672
8775672
259403099
25430081
21311853
2864436501
1589586985
120231434
15730075
84103506
403636604
917598757
2885947528
199325935
156333623
153944899
193872188
18216422
937801969
1340093874
732256088
13218102
1222257180
25103967
137794015
312134473
78408666
787373558
252230516
309070309
1206227149
20493970
2609775320
49733381
1089859058
1071102246
2468009162
213634439
1137600571
2836421
1058051748
1135486501
249348006
1068499286
37680340
2508224064
58561993
58560480
73238146
2272531993
309267226
34274380
18920073
467823431
48479798
50871512
844353944
1157744299
35785401
404557328
149239179
16078203
380724909
348776472
1157897366
630858862
1342997396
183351882
57682854
1055730738
233949261
272028877
28602948
63169388
231510077
296550439
80612021
1090002997
1080844782
1128781184
214133792
44513878
7356562
55713117
186161621
1134292500
1392322945
76348185
68219213
20437286
16669075
202354107
59506008
129919917
17141539
17091975
46733238
76139986
20127411
16222832
506436492
1548356785
16226848
34743251
44196397
1917731
174400942
23076697
14377605
15764644
1093090866
325830217
31128529
86697288
1320450499
19113795
17237540
9675872
23976165
17878859
158414847
16303106
15361570
15647676
239964567
61853389
158398519
234573331
759251
1072453910
22812434
152142811
22952132
94265146
377949581
22012091
813286
42141036
19919055
18004786
9624742
342863309
17288391
22742382
11348282
1051446626
202350625
389840566
168502762
133832049
138770045
208692908
15675138
43963249
148453195
33530012
7152572
24752484
9855382
113420831
30313925
222953824
7402662
19318314
239905257
111635527
210926192
