18956212
2932401927
46470553
47975734
56735159
2962891515
587100576
2543008999
1725751315
175490565
56440721
240868800
138160012
38733041
188335086
485090905
2351029693
2449974270
1655582672
7302362
1180379185
1908143071
960962340
2500211137
50877325
117856309
61803195
44612148
15212187
239974061
1277769625
18583823
52754791
1548158070
10168082
32931199
20445524
1074480192
60624220
1092757885
333050550
211530910
229197216
39579465
555580114
57727727
240393970
616526689
58231838
27500043
191554292
103583969
1065995022
62907247
398988109
22714473
29523826
99127272
24302969
733896073
10840862
968650362
233761277
594791839
498968683
19028248
1209417007
22871716
46127300
40288957
20562924
277176734
3983511
14810786
160577985
48477881
17870317
25564908
26629946
16548385
19216998
444873794
975200486
1089334250
211901075
250789889
76138084
1071900114
226351602
137798974
15985455
540257303
18958999
18163042
389028352
14662354
29766367
171606534
402029058
70677953
28626403
16468012
85606078
54900089
15428227
19739126
14839147
9508922
287413569
24735461
15856366
21329888
20088666
51228911
137407124
237299871
233693291
234022257
235190657
237763317
211420609
234469322
249219716
78431501
249339682
16256269
34340464
15207668
23712174
20467163
218349372
244268646
250710495
240376522
236487888
237862972
17800215
242761889
22508473
236541422
222286905
299883942
114756202
239561508
234053893
234822928
225921757
26051676
74198348
234812598
125139645
52503751
117777832
148440851
24773493
20405322
19539739
17896154
20252855
18216752
16102244
209792690
14669951
5558312
154591966
22703645
233842454
240760644
262438478
224294785
18646108
110545675
124224165
18566912
238321369
1367531
60984835
15751083
18217624
16056306
18811140
18916432
221162525
16187637
28587919
237814920
114388293
17976923
237312687
15356407
27676828
198526130
211588974
131204770
88784440
216881337
221447516
223970563
240385577
236916916
217543151
235312723
233695891
22055226
213634439
15116570
20733972
248850174
18020081
224391627
110445334
41634520
90484508
237348797
18891923
242926427
7713202
94197072
183318041
171942092
234797704
21269970
15745368
15825140
235258843
22509548
19257539
18166778
29216764
56413858
32506723
119899270
38495835
18967498
237781383
32010840
237403203
55677432
15600527
235251868
6577802
22528309
41445718
5357812
5561412
20192403
