47798449
524812054
3137331
2683921501
91456359
3018670151
2970279814
2970462034
2863006655
366194504
1702841720
400880006
3236326592
14775752
314205957
408746274
2412738884
2966765501
381678556
15570213
2975091705
237770636
2250948913
21512279
376316657
108416848
344289058
143838454
5031151
68470058
2978291435
2976606250
2966758114
19119436
15145073
2962891515
596548597
20867568
621254841
2964877294
2847221717
2964222544
96285529
108860236
1623308912
3070146696
25372136
22703339
2861616083
2933760046
357909601
10691752
61225743
17061263
18896440
2976598347
2844085599
1324945508
43777876
2351872770
624987855
2308540002
15510999
48471287
194233791
394234511
2657419939
1583552442
43752307
15407874
219748068
166338669
1177437224
52779839
72305474
2914571740
389028352
284874004
234573331
239964567
454947269
2194886502
66369181
10126672
19611483
8775672
108117069
15836048
282093902
896512412
2953494478
21301913
67966660
242772524
2966205003
2953713339
2963445730
15987296
2730150631
2482022082
135931182
23765589
15428227
17068400
201079432
266133081
10168082
63150856
100114214
263758909
7402662
36669114
9855382
12788332
55677432
30864583
67121235
14344823
55329156
19028248
97239626
155954102
14857739
97298155
35781013
279210639
234044087
14587949
85606078
21323268
182876615
15072071
44682276
222158776
34713362
63753027
1740229652
158631655
1268220421
379206297
2957908985
2696126490
1855822404
366947762
196576780
2227277161
82033951
1428251287
18145820
1918526246
68454527
500184805
27514511
1754277979
2945422146
385659402
58304071
50019863
2929491549
71600459
2707348178
297004445
14293310
19808819
1444015610
234826866
2097571
5402612
1652541
15922214
742143
104324860
22508473
42924141
51241574
15675138
1367531
381776724
759251
2467791
17884446
807095
29063765
428333
266618888
15012486
1917731
53196604
168748104
2332384178
67101073
20776505
269992801
570544509
224034288
5988062
20093858
15704971
101966401
108980711
1631925176
15922892
42249432
14308004
76428496
20713061
34955760
25354366
50055701
453664934
733751245
23022687
15745368
388555493
450296773
1074480192
216881337
88784440
11134252
237348797
18906561
9300262
22509548
17800215
5357812
217543151
22055226
37666984
19394188
76649729
118756393
16032925
18791763
131546062
17078632
18020081
110445334
27744185
73303753
9508922
426802833
39155029
112047805
27311044
109579534
43409523
1908143071
1305596696
1289319271
1849261916
1154894353
1467758983
1155212191
1128514404
1077446982
1089334250
1092757885
1137600571
1074412920
1074101017
1072382221
1069124515
1071900114
1072008757
1065995022
1060487274
1060370282
1058460818
1058807868
1059240924
1058345042
1058256326
1058051748
1045853744
1048784496
1051446626
993153006
976969338
975200486
963480595
966442267
960962340
960696949
950328072
584012853
851621377
935033864
518644221
550401754
613725908
402719755
402029058
281540744
299883942
278145569
252819642
252819323
249219716
249288197
249339682
248850174
248699486
246769138
242926427
244268646
246341769
242873057
242761889
242376736
240427862
240760644
241207373
240393970
240385577
240376522
237944147
239871673
240363117
237862972
237814920
237781383
237750442
237763317
237312687
237299871
236916916
235312723
236479311
236899846
235251868
235271965
235217558
235190657
234937222
234812598
234837632
234822928
234057152
234128524
234797704
234053893
234022257
233949261
233842454
233761277
229197216
224294785
224391627
225921757
222286905
221793778
219429281
211530910
211901075
213634439
211420609
198526130
161743731
190328374
193794406
155642785
137407124
124224165
110545675
114756202
117777832
84620376
76452765
74198348
76350004
75367781
50152441
51228911
52503751
41445718
37920978
48117116
37094727
37007274
36654245
32506723
33977070
34340464
28176898
29766367
32010840
27676828
26778110
26424123
24773493
25086658
26051676
24735461
24183358
23976316
23712174
23951197
23970171
23124635
22831059
22545491
20796447
22527499
22528309
20467163
20209807
20053279
19926675
19929362
19739126
19658173
19407835
18891923
18967498
19139963
18811140
18805303
18773159
18166778
18277655
18566912
18030431
17976923
17896154
16256269
17544524
17513304
15856366
15751083
16102244
15394954
15600527
15356407
15160884
15281676
10102032
14275291
11651202
6577802
2395130779
81211010
153489863
30929637
67206836
39551130
5693842
5496932
7039122
20733972
18592146
17288548
15416505
22654469
240282772
2852998461
233693291
968650362
234469322
2253968388
2953922782
1209417007
1138688364
15207668
20015903
7713202
18916432
2932617195
46385538
36979694
128575164
5558312
