208648011
14589511
28583197
149180925
13784532
13783772
14677919
21918310
5392522
3015604913
16955991
343424515
2342162090
21522338
357606935
19925191
309070309
18217961
19186003
604949797
40302336
312134473
2970279814
1077121945
16153562
14700316
25098482
27860681
21114659
27830610
14361155
26792275
20596281
151106990
14499829
20646711
69231187
14055301
14159148
33933259
3290070855
11695472
161801527
17899109
119049214
22642788
14275261
15738935
50393960
1630896181
2695663285
813286
19410144
15893354
1536791610
16042794
278776049
2293315159
161044052
2572935673
21547139
363041761
167024520
63161583
551597877
939091
110541296
44873497
120176950
15007149
308573576
30060039
28331064
1147670982
125534451
15763818
323039563
21542518
19195094
33458163
250386727
140286364
31183389
28722356
18810140
15012486
28785486
14173315
17569323
210684204
154145174
23648179
1269100550
16566133
142083733
122198864
16028233
1687364215
139568810
19670226
724978854
2572995327
2347049341
210236090
48483271
18291042
85892107
128671938
77852581
15463671
15837659
22089567
40826726
121305860
2801953387
18622869
1390186333
14062180
54208274
471718973
18587457
164412502
1243902714
213634439
38254095
627710672
1321400696
20521204
15845694
2609775320
2699271249
1140684337
122174004
2592023390
15447123
2546759718
2305281787
1068499286
271023025
22813666
34753498
334393738
57712793
67756590
28096105
64448571
222666657
35869256
785414496
239905257
1328150677
2510906472
17513304
126099313
89255239
97298155
1702841720
314149528
14226882
22646279
23585395
376955768
16116288
108617810
305023595
309267226
23080711
252819323
137794015
78693274
21693175
1944370776
2330712260
409456907
2350490634
97239626
62343633
41342620
65163785
30664353
346563703
30538239
3888351
20252482
16261445
192955168
1485928500
26538229
906782533
15650573
20508720
17881816
11134252
15182074
15446551
69193833
36726020
266133081
23534104
1286312880
540973577
4207961
407843497
21243668
15928094
728540779
545258198
1092803100
224320485
570209011
977598242
18677951
234053893
41909306
787373558
105154667
28635395
222957275
18891923
19981371
33750798
17169239
308584631
132577546
104904945
73181712
540570933
338551685
15667291
15345563
77032777
483945013
17443274
22242298
103335794
1392282998
16012783
558053841
530938979
67194113
267358705
87203875
115564212
26267040
95941018
3108351
1531521632
463132556
15210284
776664410
103087786
19371141
182815759
252249233
291903997
564111558
394986254
950783972
126171100
32774989
19719380
20078382
33637700
109025212
129400937
1055685948
233949261
221793778
29501253
829713356
402029058
15312292
55286630
1080509366
1065995022
16366715
1074518754
17387359
1055730738
14695985
236511574
1244523836
12788332
294084341
789244177
23995748
42924141
17789578
1051127714
1022863572
15174710
1092979962
92333567
587805681
232992031
104877124
1140648348
148453195
164007407
1090002997
292990703
16041234
1045110018
1027156464
1060984272
31801993
266099038
14763834
1206227149
153919023
86983643
17025469
937723303
23267203
479872233
58928690
258618079
63169388
33256849
1074129612
23231964
34400375
11856032
1093090866
112740986
44988185
7860902
50411587
20545793
1071102246
1061385474
23593446
13491312
942156122
1155335864
28602948
436202925
151963505
404132211
234826866
339852137
294212748
161411080
467823431
588369879
389840566
305216911
432676344
105176483
64420220
171154131
18188773
61226587
103018203
32007346
18646108
18720099
10117892
56681659
408544866
185270420
610320045
19670455
15689319
278582590
54635428
80612021
16967845
133832049
140480873
16312165
963480595
21228708
98691258
19674502
246478393
454919764
354399766
38470841
16068717
110331786
222487393
21879831
44238517
190328374
23605505
19824430
158398519
60972923
55355654
793723628
220086346
39008044
134832243
18125335
494583213
15808765
133434857
15675138
14345062
89820928
70771229
29598035
246357149
199478667
22509548
95493980
245516606
71642690
16877032
1947301
24913074
384913290
293131808
19608297
193732179
535254940
221792092
575766234
58503762
88806753
325830217
20015188
14625398
26878188
74853246
403494577
140519774
153558139
70526457
135931182
45413198
581141508
475286355
205864193
17011177
15923226
7152572
41655821
43920155
16021468
234022257
19948202
38507478
322887099
41188203
549308461
35013862
63262233
90423929
193872188
26657119
48177456
44783853
104576097
22685638
32623377
36946426
34681981
501041307
84119348
242426145
115111016
19396560
17006036
16050807
14139584
53929374
28652194
17993906
162069635
15554922
18137749
2467791
132201224
15954997
177974542
7356562
15150841
15151876
22265452
20179628
25249798
38228095
227036687
15769327
14511951
446568165
330592913
270013816
16000856
28348670
16102244
256881576
204912628
284664892
60777394
402957663
42389136
319100065
441998843
15101714
87013627
15224867
9300262
49698134
60919240
22162854
313323231
25781141
36948268
197567344
16583468
15752446
24195214
49988522
111635980
19716781
50452197
252800596
31855526
238259855
326929954
333150431
56828100
87510313
54244175
21308157
71294756
30043495
759251
222140591
16129920
11857072
2836421
8370082
346711949
115979444
246088673
418037725
336188151
296501987
15900167
35865630
131500972
208692908
82453460
28599820
267854863
33530012
258900199
288751432
75052666
30912937
31122582
14676022
5990782
16789970
31128529
73238146
27078238
43963249
14377605
30313925
1917731
22012091
113420831
15764644
188019606
163570705
240812994
263815367
199325935
292935209
249410485
156333623
153486399
48086014
14135426
53941120
138770045
82649553
239949176
36686040
125445568
381152398
161791703
168673083
142419647
234014087
233783568
21312077
198980151
23600262
22812754
29450962
248735463
168502762
59884592
24745957
364423298
15162954
15137097
16544024
15922214
14875771
15680246
18478307
16743256
14825442
19740592
807095
428333
90732628
