138809881
1461239528
627939200
1371268219
3221250672
2336928152
49139635
2203781856
34322335
3389415154
3390336371
86590910
83942527
102714152
91379999
138770045
109025212
143798379
3018910586
809352228
211588974
103087786
398088661
16441088
850036892
2975350155
23471880
16989178
2885705555
2293954746
17919972
342887079
207660339
168531961
3249083250
11395432
620731249
479856992
18266688
7563792
133448051
488838893
171253113
104938186
184562575
190377885
3224970997
16698389
64496398
3280266987
356820475
117092236
912608010
2966570782
7152572
1536791610
2964222544
1330457336
1339835893
409486555
2557451605
2151191179
321655495
455764741
474464413
2962813893
2963445730
2964949642
462196656
634598384
11856892
16694459
562275873
16458212
2560169238
712878650
68035568
29271900
2730222072
2835029524
21220931
16193222
18978553
224320485
16157855
25087954
32095189
355720535
556388515
557350188
40086659
6742412
114388293
171282488
1095703939
772437438
24289998
19084896
69773058
16787084
15731751
18029328
2927758254
115455361
56413858
237562311
73242463
2321122291
2546765701
222481411
2471390887
15762819
2482022082
1573748910
63796828
1068499286
14246001
57625403
18963809
272542662
103022243
51228911
15210284
1499993378
20635633
432766911
150932564
236541422
20091703
30050899
22727828
215021528
218349372
34274380
54005002
189265657
20545835
28096105
86177206
2861616083
16399871
153399423
1082197856
148491506
121574367
11072912
45970002
33273756
75690416
70708097
235217558
16371006
107441863
1594281518
2231815460
18102933
18805644
122207745
129879105
93241358
17995040
3033574175
1933042237
484491863
1064206014
1262099252
15429096
369534928
184594756
63684493
484151406
2973870195
2966765501
2978291435
2976598347
16045956
19039844
120295432
56401482
167099278
37384112
19291441
90651198
37599351
234493276
20207828
1680465068
754337478
216506034
42782322
112597035
33514869
976969338
534494917
33310366
1375289149
22799750
322603418
361342191
108617810
16036843
15731368
960696949
935368364
960962340
1155212191
993153006
18773159
1072008757
1060487274
1069124515
1061760025
194449101
15901113
12354832
20433493
49632250
36460096
152145921
2970462034
1138688364
31122582
787373558
2865560724
2953922782
2933760046
242822343
2853309155
2932617195
2962994194
11651202
2953494478
2852998461
2964287128
2953974395
57770539
217550862
12272322
21252618
346197350
39155029
19195094
14466538
14377605
14676022
73238146
16789970
14345062
18004009
354933574
115733549
76649729
10615232
73303753
296361085
14845376
7270292
19028248
600463589
1096059529
76132891
1289319271
1128514404
584012853
402719755
1305596696
2856787757
44401911
2304017702
334715818
4923811
233484761
14335880
71627462
17546958
326255267
418991627
18172905
18956073
15212187
961378736
15324851
248735463
242836537
1051446626
135931182
55125614
22704255
55058576
2897965208
176468814
16606678
994017068
16657500
21435703
1190612851
309943074
466543363
22852915
34740834
32660861
31534060
17187236
24968202
22195441
1383059977
19418459
15939889
15442036
109071031
132278386
18137749
22012091
82649553
168502762
263815367
28599820
24195214
1058520120
1080509366
1092979962
1077121945
137794015
234014087
249348006
24913074
38254095
88806753
158398519
292990703
193732179
235373000
168673083
210926192
111635527
193872188
199325935
80612021
1074129612
1077446982
1154894353
14465607
17291452
249288197
73340995
89090775
273742146
2901209921
4898091
28140646
621523
85396297
140519774
63169388
84119348
227088228
19929362
20209807
1058256326
26424123
242376736
16930125
161743731
615541871
1058051748
2730150631
1132189957
2953713339
2929491549
2965083477
32195045
130600206
17078632
131204770
37666984
550401754
388555493
1180379185
343171266
1089334250
15463671
179245596
43277789
21368060
16467567
18950712
158769098
95713333
287413569
58379000
18217624
90484508
18791763
49140008
32506723
15513604
31540671
16032925
37764422
23970102
334053327
228747444
25101996
186646579
18983793
166990746
488679352
60680268
172414996
640893
3135241
45190383
469194846
7702542
7841652
182824991
808840952
20609518
20545055
500704345
1092757885
2612307559
233761277
2646662287
152800866
21010214
121881405
46681100
22055109
43919633
56749157
18020081
1658154254
65570219
1280546761
19268706
196168350
733751245
35218566
148006729
17521363
55329156
574405888
49457533
399617039
234372174
252440698
11134252
18061669
19726613
555474658
382791093
266133081
218325695
24963457
325830217
33750798
14344823
213795411
339822881
113420831
115979444
20733972
15764644
939091
11348282
813286
229592356
18622869
71294756
169203819
2347049341
14412533
158414847
21982720
16129920
15224867
91478624
5402612
1652541
5988062
385429543
155669457
150078976
278124059
109287731
126171100
18915145
233737858
78403308
75364211
1055730738
1058917562
21111098
314335929
47975734
1071102246
78431501
935033864
1058460818
950328072
1058345042
240385577
76452765
1090002997
525035048
1677866648
87048122
22545491
281540744
25086658
246769138
237944147
117777832
249339682
221793778
234053893
234057152
1074101017
1065995022
1045853744
235312723
211901075
14379934
36654245
377016559
37920978
28052539
36452050
18141482
17004139
38466482
281610530
153876973
2750449487
1890326400
494038426
1181029626
365500240
390967092
55466683
74913249
358063864
72717549
380113184
2526014333
17563812
69062653
2676225486
382220302
240112167
19578190
193991545
64865648
254800163
501864692
40716483
387823566
44188246
83529680
46833716
2666284045
15867569
118275234
39350361
16814727
2209827234
85610044
1912442180
64663577
2427681409
25572186
55933237
47056585
77789240
520687736
416580946
1684762375
411598532
71029693
585287965
40050955
2328151262
619159037
167492539
351203222
2337490159
861533228
2680271490
2675581850
611692733
15920054
207299911
2180744388
48162444
113113737
44432632
1375974948
20789997
613913759
998607102
174862609
126754726
441208038
2302229533
86956151
79888917
2685050778
21055777
264034385
2690397145
17223700
85978549
149253305
258514549
2680002062
45928398
2534103291
2497454767
1736128130
1886863674
18291464
17512836
247632906
18203300
1833167173
93743289
2294891492
19191538
164632899
24304064
500310252
1912653354
1358290958
226315904
1123644907
251927195
267009778
2628804757
169986399
31325218
391055368
43037903
323285553
352341825
35636804
34216888
334425325
2696284296
325943840
28010993
345503301
2201873430
2697299401
35527917
954504786
627037707
1657591596
224688983
30305144
2696866928
48395713
637300016
891234637
2565743004
63835956
1891246075
2491717236
726444301
20961189
343428738
1333561610
2305981268
2182365169
160599051
19624482
2384585269
42719058
599714952
1375231844
2699192018
15453859
327346047
2697197959
270017791
531881500
461363118
20188865
2303687707
16155710
237248191
231267111
152129273
799031060
126704226
384042768
2696981766
554335063
1387632667
262348056
1945373629
784865526
452589755
2176356763
308698499
2493363384
131051635
421213182
2688596659
17950922
26170143
1467369361
309049825
365399336
1542469710
202774271
47520098
174566754
325344178
2371063542
1104402716
19658614
990021973
34314791
15029085
1614203108
2714726734
70143141
15024408
2678582720
2684345636
2683463834
2636310312
1909187822
2715187839
2587405345
2616307591
51617522
14869994
1240483274
17085827
2680529767
2249736392
957818034
16196492
478149613
318650195
2217265574
474653218
25767670
2684938729
913556858
1308380816
2573734813
213828016
2691507660
2691763922
2691249997
2369823384
2557357946
160030620
43274920
716044325
93887052
23480020
424289349
7238612
2720183529
2255205902
2218164684
2167187022
2680920715
2694470582
2331116232
2590884252
25925695
17877640
2691171296
2666500278
45251527
17239871
484086552
2636732029
168729956
2305261880
565025663
231961893
1240800390
28699488
385889474
2729739921
2729760094
1608300331
2612883128
2722479136
993450612
853748383
177856278
50225955
235102113
1562810287
2695438158
1629631650
1067047885
2695429374
17532319
2151925500
2692350913
984017082
461281052
2729461096
2695037371
761122740
2504539058
369854982
2694249115
2695685017
1189205892
2695651681
425966927
200080710
2729825165
2695417358
2685517244
157754801
2695567225
1445355206
2725124345
1459807658
589528137
2695807352
865230554
17897744
2695752776
414435091
703456267
2726721957
2404282417
2602187360
2729875569
776248886
2694776600
399062819
529604269
2729882561
2720575432
1537377810
2695644444
2695907221
2192902670
1097784260
2695911985
8947912
730550150
250683624
381026831
2695863108
2729952250
85907402
54668344
2695845962
2695673863
416307817
2560190786
2414213101
60769466
2687171162
2689573802
2687521856
2688620090
309158370
2689350984
24288555
94716886
1372828351
599813808
197464628
633167811
222767531
158632953
404631127
1906596744
2690425958
21651982
2598335616
17851385
755802794
155971820
194184771
1006971367
2689685994
112016316
70488058
23851754
61081682
57190934
1056777618
2670536802
137056098
2660799810
38733089
20709117
2616664464
19326434
1928409378
2267953698
2635995488
2387124546
558863501
15273001
2312834425
1349911075
2253954343
552139975
2600339244
764220103
18184729
1369808191
425235183
2667601393
2468688930
1064454854
526700334
1602637296
19806962
2517189157
850501974
304726652
148264065
2719757817
91721335
1439680670
1251967591
2318581948
2148104773
141878683
42531027
505867056
138262154
194410347
778724917
950311723
2676861354
2320127936
36211238
2553603326
1333313275
2566523664
1288986829
1607780965
2389778160
709122944
1206980798
330437562
2670830089
2427298850
562291163
809505366
2675512950
77764581
2602226946
2723420339
2536290638
2528761676
1419378602
2161621524
249007010
16634544
2723134469
1556628758
20929393
2308191169
2383279267
1629463094
2678189485
438058701
2677750766
43426166
1851606391
363955840
2374577107
876997796
2344442300
112879959
2310325118
41807570
58498083
316570471
52057711
2682976993
1265883386
1528164230
2682641587
1137829885
2374321046
24394452
45282125
476349648
64892059
2396566723
2686461044
1333309760
2686133634
488736183
2147901996
385077613
921785796
215695913
1337287165
335004218
2556002427
32585687
23475981
580997146
293158668
551515241
226404815
2687420766
2687754222
1180703101
2608410434
2679855644
2293110246
1936184312
96131636
2723392000
2588567574
598969689
60133230
15537855
898620354
161251586
751613480
532774069
1508073110
1022851320
158031215
91882544
2681097414
1274700498
203746108
1700681670
134244660
2495331008
1362874082
191234270
418925845
363761955
112327595
297207245
2259386612
2549154337
61565659
22031377
23658256
2411359560
391301176
2364450343
509010346
21776938
2608084198
2533413326
21304174
2588961175
38098454
388743840
267862430
2531643876
259653817
2508543032
2631880433
22088047
111948628
2468271320
1264979108
2594343895
2572001058
233192456
2593199521
2572995843
235674374
110238041
552074490
18471025
860459137
177850632
22590280
486099452
43142977
503896952
2300835530
2597062758
36551458
2315843304
1666261482
177336591
2282056117
1460974369
25173349
1099850894
1959206041
40079388
2595372098
2369035206
1585670208
2255516156
2579795714
2657065715
2615644376
2202103980
126527748
2550205196
186903285
256791734
164322849
2613835675
885665713
128326130
980711052
2351014699
606047293
2414224454
22790839
20487357
428880240
490726710
27469257
1311531764
1114812871
2598218925
360251859
1561959956
53970607
2168759556
225081610
2533027512
204003411
2655890246
220187841
461576749
2650797529
35169039
38509175
365067717
35655582
739877556
896342461
33727537
2163320689
2649375804
2697915785
2720690188
23880601
44422871
2666273101
2389552508
2660599464
2506980334
85253556
2544067268
39633644
23216878
2658458984
2579798984
66951419
2411605836
17936052
2655177410
287546722
1872680468
2584709047
1880382084
22216351
53566956
1262104922
44818513
2412011851
14173045
455758575
1552501225
2724599501
262970655
123657945
48029066
799534152
242772524
1071900114
1058807868
1700727974
131259293
301046321
422586131
467035128
32808121
383427537
2314527338
707316896
866753624
1697042540
460681141
427879571
126531976
834508742
478705487
2155108689
19670226
778327856
75913988
396398025
17238019
371958360
2308618898
599727568
1482824365
949960748
15502432
619031228
242035402
23031727
1938505303
1284896953
2441091258
2401958576
2502325471
2313894998
2496638966
2539972834
346246528
2480648262
429313500
610186716
718437894
29871967
2546408312
20826129
2189271266
2456495611
103335915
1018861165
164054177
1905624511
2192968740
16363068
889356049
2444630581
18951837
2531268860
386122542
118572179
2597051460
2563646832
2531427502
127942490
22225649
327913057
1722382122
2572021104
1067457060
860203567
1556062189
2608163446
1575858080
2194794516
24372398
510245805
29051099
119531228
2520241266
236187544
28848523
2343942078
1700847936
302223108
2361224263
20639494
15871160
379962842
337895639
576887255
315878798
1955132936
2615979925
2189114126
920500903
76453835
98416337
235337115
2408043847
22802466
1483084201
703561088
75106447
2515856330
462221052
44594328
2528237528
51740855
1575031117
2469918408
133382879
2580515172
2579555964
2544331459
2560232089
2559985008
2573272248
2567410484
2571667578
112186749
25466584
2597077309
2595818923
2595064788
1049421649
2551678946
2398472324
2582906551
48834856
2560588812
858646280
614044843
488642023
756101640
2593915939
1344052178
2544112256
2393170549
321922533
1482777456
818059567
22914905
28628850
14839147
110445334
18646108
27744185
963480595
1060370282
269946558
15029174
237403203
2170377140
1336169892
33420775
148077815
1405337395
1444446630
1444853400
73408582
13067732
402029058
294184615
354358089
2347201443
130274805
632466068
22876498
258573644
529691774
227037531
289687473
23542381
2239864518
580221961
864165156
379478868
2369004674
355907006
82780667
898937384
237433709
1672087218
14660096
1062949627
1564406431
2372283676
922281697
218392866
1646629820
26508475
488115675
1640744892
238582139
387244490
63483573
2316645626
207922923
1096507650
2329044390
250652357
1504607612
1881353832
1176750799
1540360435
2334794258
1322558402
197969289
33684648
117580046
15092752
2295663450
196888750
7358142
548654241
1249620307
1519397688
106520446
1325969370
321087142
281224524
54786485
16637236
1301133571
323239103
355205256
160960125
193776682
1869410772
341305767
2260871431
108098006
26040780
2265167642
30437038
1367175889
21421178
1396283881
177028305
90942877
40592601
1601370486
1137600571
334389274
1134911730
15312401
475294870
459559739
244268646
112874216
17718887
57751453
15745368
1074480192
29636998
733648280
42068459
1494615295
93288759
1120246284
1485827456
1134148494
378791881
18208120
457984599
10774652
24295482
86129724
40553282
745641198
46002396
19417492
555357209
21846360
216560847
719359008
20957491
1225831536
337837911
43546819
159615116
947418432
831178813
127279702
947502896
365094148
1544482963
1571212422
54642315
395976670
21696843
407098018
1630880413
1113548072
53655765
43435042
334537201
23022687
29216764
260824465
975200486
216881337
88784440
28347960
1604626778
389759292
1586598618
1470479270
519899474
62899824
744432950
198297475
601348344
107070337
19259832
36164868
1578151394
515774075
361537184
16228272
185781582
505276314
17066022
1262867731
240831502
867527701
632708538
18064854
18070234
41167362
22697683
65493023
1444569792
77028877
125862659
242764239
369845090
1559546000
118850680
795193195
769613526
267404296
50968105
194159438
342416779
14716390
945319807
39288259
59593456
19523126
116319448
266830495
16453510
255829884
567610106
1377929095
63580177
342497339
1525979618
15416505
116539435
1511896958
52616719
1254607069
52268382
19471870
44992399
630600424
481151940
701274655
545840944
224027124
613885517
17268481
198884265
19492240
26118881
18574949
27189797
1003281182
1323854059
22335360
365530059
851726574
41634520
16366471
22722263
87472496
33626384
17904365
47954642
318531893
15151000
14803522
64183867
557405580
15700997
19565141
224834462
113758100
248820306
351258641
25294831
394392730
266894776
30909846
822400398
376531194
473709363
484445257
316110284
1361191921
748477502
54338361
56533469
1400595546
1075108921
1304810694
1400322427
509060015
22528819
38054768
25796213
25718382
499329344
17903113
270535444
618634928
1380327038
14663347
254732255
550474128
16312719
617206052
393375338
553038135
1368536575
377155510
383599993
156412817
799068428
46141778
480056408
69103930
15649923
1145485878
893729094
513087375
63489388
17953041
428415988
240400042
433401420
69296222
51199923
962397368
373938820
255649344
362468992
568016521
514919679
512764130
743980196
15656004
879831264
82425179
803769560
278918598
61079217
30989224
1209417007
613913059
35304442
577164786
14222589
900733878
184592351
353170712
54987763
726949794
390885962
17971565
48478498
32175518
247912208
1137374520
594297187
153140376
109636042
42769016
8179822
15587355
906336078
1183697052
16715651
1154848134
84742827
73242553
16590035
1314612402
28517839
1116035840
360224851
267451765
113130513
128023967
17922021
319610772
41253224
42239439
24595880
19947554
29798302
204838277
27697903
5695632
25843648
34715823
39308549
57428429
434278760
502399386
479973026
514696091
461495913
44192982
507925755
59194968
545475084
66173442
342743384
555491446
558328057
18064025
450284776
377566709
58732600
274037697
41218915
19862640
179075187
562113601
57453800
594946551
547059467
65685971
153151632
443935697
569363375
61251610
186262668
609733409
65765314
581313615
279836062
624375751
561786567
22839002
21530099
466123853
24586378
587152115
172097885
398910531
708232604
17393551
24327048
719408294
41067053
146846529
86391974
547814940
10025982
563898079
294299672
25515544
285724224
857095303
260796910
875906156
863400931
18037344
928903704
349256818
858401786
153214951
607875210
27005151
155709712
204991039
21967662
340055904
608464182
26813456
1074239436
41238548
1145976992
301749167
213383277
301416337
17723456
1134746515
68831926
21822676
313956434
502096255
80935902
767827230
233623290
14777243
54887383
15853191
299936761
18794862
130281913
19568212
25635800
50714503
38805559
15945457
197843161
17628206
381603125
389689244
30580964
262870559
34210203
29036508
450266224
463034806
477257374
491369119
43960627
505170872
391957173
21906774
489713773
479910933
54457365
26839141
59851124
535711311
594365151
106480454
375220026
306018469
354474600
608866252
29706898
590436391
52135594
31170686
18520318
565559945
359403242
768924932
66224302
118877418
116387311
22075861
608826805
928680901
945266455
451962540
21163227
9553102
18032392
16206633
471678721
1111881066
1007645378
49700314
71293306
961392217
82413799
16850822
32888918
15984496
27362241
1097268498
107633302
628142061
287284850
1080844782
612117635
1340234162
263275295
65183859
360259866
18744018
226815025
272201657
1305543613
64869457
562443487
125271028
21410791
278660771
375475983
1226281657
152876618
444764522
27438773
55645242
109649727
344377992
422241692
525754786
27789999
1148660444
117509392
1289468144
425061632
1276768070
19877680
100683705
96033630
71505214
18323740
892111028
573190121
109840630
118190428
30467603
552764078
1278175010
620416386
275988237
133448248
89496720
328608272
346924655
527787040
21975832
167862232
30372129
371088688
374331041
611919697
386544899
1247733866
248282833
13304112
378098157
19750596
102121246
375989904
516007330
139088436
323456436
208969306
539537434
1124165096
251722186
565405613
20200651
956426796
582927693
177702195
548743598
23268382
840163897
381618515
88222637
948777644
24737098
63963846
212369811
116981777
15017412
325077168
477261721
385799609
26580347
355652141
601140813
932860760
568614476
828031543
571423330
18018468
19009079
176853382
46813718
294309325
48179180
171207133
25109002
796764606
814215433
401098850
522752527
39104612
130608234
23840242
630802892
950498635
19205985
137506347
323362666
30738569
896308506
1152741896
535681746
878439888
356199275
532457531
865342177
487636923
25364074
377525744
21728906
920462779
904031936
503549417
40070512
539742990
251864562
105011437
388628354
20958510
505345922
115207717
1072382221
518644221
137166018
1101965940
171733309
549330890
1098730902
319302313
14127092
155642785
72614152
339326574
237299871
47947898
329141413
919187910
76646207
65647228
234655781
14894643
25002819
68928118
20180321
27765534
194848501
147855564
36563018
930234066
26075560
558196932
407515984
930665636
23124635
15925421
22696550
433115617
450963453
430065374
263229073
21805660
86230416
53827195
31212216
316723819
128707668
44477534
38435322
797342113
35534330
24637140
16464121
525944819
229689921
613930133
580970055
475476626
481596794
40078686
772932716
19992596
21722846
65482014
316981486
17728978
15918353
69207683
27798388
468110721
407955785
44928814
416696463
28384772
564991195
603190041
223492886
345432485
529638758
460492319
584422694
41738497
314946988
32190652
56164159
291282549
537602851
807710760
240303906
294290731
223681390
31062244
273782714
54352672
14661912
529720264
34082620
378193593
14802203
84975081
151607028
40625430
166346035
508006878
437993388
756231595
63202045
33898299
233601728
121795745
26459660
48566603
494128669
481586133
180106610
26530281
772141338
60499283
33278311
133103276
288369615
80920719
740343
85850590
184623123
466093921
155098076
763498831
105697254
273551156
339185520
703826832
284149843
40968194
182543298
28675114
320897292
264007475
272479073
759316808
589203557
744285024
67378554
20074963
196871565
50731463
333663029
15646731
18523777
81192849
212025177
59267119
32010840
79142762
15790186
235251868
550008048
552224272
87826964
559753388
534821780
135198713
16228479
122446833
125196011
67738041
18036907
40725770
243248247
482450423
21790258
381185283
247486443
18163893
310477917
21896961
75367781
310993056
26930792
108496256
384014609
16051808
158060289
87599123
311760735
235209819
539359499
518504819
249781559
516988220
276561058
41362471
23126669
20957191
552744336
57963724
389028352
43166907
23449774
71323944
236169650
76773857
46554393
18060563
33602366
20192403
23103488
239964567
19318314
106473881
91493488
299739959
345003423
64778029
30330016
66740017
291497502
16744820
386711901
240014188
480466408
374590834
24931236
15709649
40293141
48374844
18254465
32158110
23018325
16437035
16372002
30336855
22779694
138068529
65834988
197205355
43560491
57341281
242941608
297532546
21704750
174411850
240424723
240316085
102503750
356640000
377145368
92093533
24160069
18471898
34853349
468542296
486940458
20112522
333696860
17971455
17161921
352618976
260338864
204980320
15711730
34116023
15536715
48602051
472263579
38734554
35334007
129123706
25965173
47553531
36573744
22276141
132651734
71807953
36492536
19810517
28436963
17150476
292815181
16002494
122561327
463066081
23325591
68611923
16061946
23664429
16744869
472311048
17491153
473293264
148821892
161900098
456845561
38515203
475949113
28147238
237504609
133419394
18624182
185721797
30279995
350421974
267418730
16291786
304700734
280106166
61999555
125413292
55321917
16697527
422937990
122067061
445585415
68045593
19035850
36979267
108271680
462443565
29073615
17090066
245601473
305381963
81461257
264477193
133037397
301752317
305684934
143890032
57074383
37810958
98974156
393504595
426146086
56452260
65090226
155631694
61257166
82117540
79279082
87812529
37079842
16109501
367234609
156781457
113670167
18813972
23619793
106749506
199061186
16669075
38100447
111412707
263742008
16613128
246944265
19004364
308572444
16550112
398355205
21425125
117118928
16187637
16459325
437176630
23911915
247033019
344148618
18485106
185792048
27868137
97396579
167559167
206794690
425174493
23365717
270614245
21426423
253604734
186894262
244167280
340980967
22741691
38680217
85356824
49105595
431307579
28584257
28652194
400623663
314396329
38213241
34393890
17595958
195764274
221049044
113107332
31017730
218591202
402387755
409722503
366801706
107629125
427782606
429470178
37787471
57074597
17481401
21130667
16724633
19186003
23833837
277622468
134982928
382142737
44916396
16129217
18783501
195284262
65919935
31037273
185267394
14828860
16713468
117252101
16150440
36750726
17880432
236265963
20195338
21604766
243403984
34145573
36459535
172833512
17832208
389570470
399461614
414302705
75339427
353918125
417299599
33963885
95984558
280604607
18206234
22286602
385024579
18216752
333504114
403863528
16504112
277126369
15864671
57111966
16380122
158495061
18209334
183631390
21774229
33131991
211205079
17241719
386058768
336145241
63222933
24801554
301514693
26487169
18909534
154615845
270608421
14314081
34402475
213405403
26659619
167833818
15075753
17750784
19818364
21920151
24896276
393814609
394272456
380025383
29865139
24946880
23378533
16935023
36006900
50634125
115442677
403098444
119648434
294748722
246380932
326208966
153186934
180090338
19077055
15764599
161116029
74166474
144189766
97931967
35670796
90040202
77017567
168038917
223970563
54900089
15075999
197496309
30622316
370513023
18825339
18822612
43958971
63749707
26777550
81107148
20686232
28587919
27311044
113047940
115488968
389276966
261091510
91429969
357013583
151993561
377473494
318797349
103057647
16607357
54662153
164160570
169382962
281796440
31081124
26316100
244711688
115434965
19626401
15233451
40380990
2232041
32121888
107746779
18087450
385268789
97120418
23492750
116198288
217469201
130921057
165998897
18125737
16031927
49848460
335868637
15633417
202881094
261983736
124057916
107540831
171588821
16382843
15946445
14308014
300507338
49045755
312800783
67938753
19193301
16480751
109280446
339157973
16041830
385081441
242761889
237862972
337473850
17387589
96502351
38488564
18348932
52336122
45479651
382459930
133912292
53194355
331827626
7597712
29194372
122504657
353276653
17236836
339852137
38516217
188417388
90507526
26811774
125993347
46190093
132999206
82455793
27055095
14924233
91400791
27186085
20747881
171486264
25726478
18470113
62922951
24331426
19636147
195728395
67916369
134382751
16869964
374510446
23792752
17525510
20744553
19091173
14529929
24905240
24938348
305946514
196824385
35448592
72547151
12144232
71019945
35829796
10840862
53461892
34199058
32528767
121880680
21857709
155255362
320293368
176445129
73454456
18559343
278240853
206406593
14235272
26608065
19418893
364564017
21701354
347423124
61263431
17346287
39799109
29765468
21278127
46622980
68512909
68001927
173678416
10908922
124522140
29371108
182435992
252749694
84378621
340504850
33534381
53473765
100784607
106864754
7039122
26872575
126419382
18791200
46220009
38064010
54648866
161888981
60357657
114063038
31065393
19549980
38060487
142102420
158494010
308434034
365112577
23042259
69666312
112519735
67126903
55081617
55385884
14678829
17790134
76125983
186274331
78709964
292506445
242822727
67469565
17323609
16189237
45613880
9532402
267288787
16099657
11783712
62930624
17090094
15936205
15702799
30336219
260975684
58328920
277872195
30159822
21892421
75061188
137357124
188874078
93780323
185752562
263805261
196063640
68755616
309880676
30292928
112497039
222286905
17544524
17983365
11925682
209792690
41462621
53185242
24980670
31526636
67369729
71050323
39135016
182039232
126408278
108403404
143723496
14813265
38495835
346084742
28614262
65146567
139459170
15702490
17492506
14463151
30329599
224007468
136080945
77018054
39619673
178083489
230981077
18533363
19476475
242114285
16188892
130266456
249425745
47190990
151117498
127412957
109631779
43433252
134854178
48382954
263854465
37935588
250760308
28144179
17500378
127985215
18458934
267310147
141965435
173880129
264009206
292725609
18309196
14730894
34630195
18956212
286316429
16123114
71424670
46503530
263826126
174407227
30868324
331235749
205370467
331986205
91038197
79263740
16129615
336168743
48459553
40495759
16039421
43482905
19369984
18323220
43708436
16232959
61684448
203226736
20708260
15976697
16583986
294909683
246341769
92572677
27882000
14769239
26776230
45399148
14662354
44653060
28450388
327636745
24632657
70813085
34202203
14313449
24983393
136550204
108739145
159470036
240809267
95737136
199386375
227753113
130354634
18487065
54723619
139225490
15533023
22283723
50714310
32465364
97266339
71869486
30008126
320440760
37764133
17604225
317360572
39646060
26820795
21730445
224808631
71107667
44951059
16192936
62431234
55045856
130990889
48177630
234573331
17240268
76348185
22154680
177338948
85606078
42350902
353267924
31481276
19677828
33681636
25562060
15918708
18999261
20211914
102795582
61056160
66726492
188969454
17564591
325897784
28255104
164522708
90924083
18594789
274573946
156762402
15450996
63506487
233559267
33563810
31287267
20030617
175210164
15947329
16007035
20943355
16555794
33972729
17870903
112525109
143875429
37668511
251913817
16248277
9721292
19320313
240065426
275149069
41363507
41272646
109682907
46695032
70233532
100346733
21509894
88010389
184614854
15446773
61670497
50509076
40041652
21065725
119128583
14410652
1917731
36123078
18952278
31285973
17490662
50099768
46831195
14787747
24196431
19663876
18588822
41485528
317279246
30476431
49558961
19662388
55360147
196706361
188883827
276178002
18563796
16221481
7113852
22818119
14298113
17093015
16228634
15934541
17597401
23713318
36201747
15669476
24806287
19562368
21806381
19215993
39838537
21225243
17641427
16384665
23007263
38546176
16210273
24232047
16582621
44726014
15503327
20603049
27949016
91179372
87084804
20867568
85477286
84466525
76711409
19880412
133454698
15681916
133822818
63246792
86860355
112821996
153797524
22055887
46808480
222539938
212304085
289427318
36185296
249894383
65683938
63563043
15998509
170076171
322083217
240855337
14587949
28272865
84927367
224391627
330569403
330773490
43250873
20700641
159310689
162004789
18743204
40030622
40331047
52855989
304018373
21829541
101918522
14244172
28657533
336160087
338065204
25630016
286431103
132234491
297764259
203760318
15251796
110346479
198970281
20784326
239232710
18251654
23508823
15927803
106581990
51799302
248905513
180389279
17956668
11442052
17623512
37125853
125566648
127683276
18742525
14813657
341021237
240135871
30024290
185767478
130565485
352462668
286373400
331438019
15669509
15937190
131877198
84620376
22508473
73562215
47195545
198526130
20776497
19407835
52118721
25138890
234906311
16142297
16682379
213634439
293447748
161533318
27151689
15935028
163589845
274669239
275668847
286848522
129206178
287861586
243505508
44403079
222338898
44945918
36764306
45641358
22831059
193794406
248850174
257091348
104904750
65161647
23072931
16359784
142293661
147797364
38031121
24183358
26778110
23951197
16256269
17513304
16102244
30043495
19658173
234937222
18277655
15116570
19553409
119250381
22523087
233842454
104727439
160561302
284994524
40923070
254082173
33563161
20545793
236899846
242926427
252819323
237763317
241207373
240363117
234837632
225921757
15281676
18811140
18566912
17800215
132201224
234128524
217543151
240427862
220208804
126110435
237750442
18317325
103984356
67406327
15941955
42924141
108726910
19616327
237814920
91153898
26100391
20467163
17837341
133864713
15923226
43460864
13524182
238297399
84088640
19576571
95358981
13115682
185818718
15987296
185684821
234797704
23148516
41480464
45701373
14850098
22205619
297498647
298970325
240393970
235190657
299883942
26122639
114756202
121543274
37727606
236487888
236916916
18967498
22055226
211530910
22527499
142896252
253186785
80628196
262173943
44209472
260479308
20809407
22262553
282131133
34795583
22278303
72552866
236006443
34628397
174307994
48117116
33977070
12726012
27676828
18030431
15856366
2467791
20015903
10168082
14669951
28602948
56864092
50325797
18166778
19739126
9300262
20713061
16981494
9508922
15394954
221162525
15031183
15400464
54598826
237048219
242873057
76984842
17976923
228982184
109065818
252819642
15650722
12654802
15207668
124224165
15256077
248699486
18638427
249285789
104615577
17487795
49990915
29860163
19686924
110545675
37788615
21093964
80012224
21351432
16554534
18294521
144986277
114854440
29738565
34586182
237770636
34340464
234812598
8542882
26051676
20217019
116981397
25112933
129891254
166545476
36588739
46557945
76350004
15160884
8953122
31503322
271141192
20812643
21694091
237348797
20841089
237312687
12040652
274355062
37007274
15600527
118483149
15356407
196335093
253677482
26776072
24063730
233949261
22528309
10691752
36804447
34121523
18416839
16353113
48425512
32733098
21969829
14095216
15675138
253233152
176646411
235271965
16154568
234822928
26596727
98906083
148771088
237781383
30864583
175131510
58492046
230761725
20172250
15126830
290283448
291514993
292083906
54763872
22230536
52458470
19097332
25398286
71403780
256178459
218267731
16137716
48756135
188458203
28818629
196344346
16804088
78369108
18522713
189427379
230720547
40904126
297783385
14389132
17004586
16015621
295685416
211420609
14146656
14808164
60984835
47155755
23712174
29766367
17896154
249219716
18697188
234022257
234469322
224294785
240376522
235258843
201079432
233693291
239871673
137407124
190328374
5357812
69086398
33655490
5561412
15922214
50055701
3952661
202206694
6577802
219429281
278145569
15735034
18772911
14803701
18026634
18834100
15367570
19629840
15228276
40510796
16424044
19926675
15751083
74198348
807095
3108351
22650211
15012486
51241574
28785486
15985455
28176898
22509548
15428227
18916432
7713202
24735461
133439172
19394188
44177383
229197216
24773493
16056306
11856032
2836421
13850422
759251
428333
1367531
18805303
52503751
23970171
41445718
5496932
235719973
23976316
18891923
13058232
