2933760046
889962541
28172701
69127317
22714473
1098576222
20603556
634752652
466979336
15537227
2932617195
937189616
24913074
125212260
3035545488
3209871010
14463848
103910941
20534901
119549040
1018119854
28355356
180429932
16601593
15513604
36369398
68901522
2561494141
752028564
85078346
2474431064
171582044
2988855154
57625403
14779204
367945799
546758630
54998393
58521163
1967462947
21212296
20736415
2436005928
1197865470
47455155
48604135
13787352
41445718
49757093
25179345
312912516
585246526
109579534
27500043
764110272
2243215728
2557216808
39312371
1603966410
2572907299
1478610272
277176734
252889788
2340829290
355132574
27270382
898320810
225068461
17378355
506858125
64402399
2965849437
22092306
1112514396
233842454
1141355522
17788449
3046499592
634077388
557464813
1026722041
24113919
20017624
509045764
267973543
104859451
1526047082
28731986
426741428
60102515
404435461
197270332
585048959
38269999
790051766
142419647
336079748
1658827555
21129234
2174169247
21798383
81513624
2323150143
5741722
11856892
9300262
568155616
76138084
97755247
16638552
24214113
19363775
558298299
55262628
50384573
387997404
19257539
457185527
165125162
329940678
29277366
2437199040
23802012
19539739
32931199
13590162
14269771
836301199
257219526
91186310
356242849
2440645501
1559241829
21138089
56440721
83950313
101534630
271966631
47647817
15828760
267323498
46127300
87312693
16951434
17141268
716670282
29487501
44426926
19357429
119154208
97694140
22527056
240299179
41351252
334156412
17582182
23475372
109552764
23476239
15248649
1692555433
201113686
96640336
32990275
551053644
39313776
2190588906
46293685
18163893
1608278472
498968683
39254779
961201808
884821908
1277769625
39579465
310040286
14662354
370272487
1180379185
2351029693
2326360933
41658304
100019428
423659284
2805646831
2543008999
964896504
2279696407
65649288
2802051853
14192680
179628817
276992998
89509937
235258843
249339682
84620376
55677432
19028248
156767309
61612058
14592409
7713202
40288957
2978291435
5357812
3983511
21485136
2962891515
1120174400
355695243
1089334250
110745260
44156044
2420831718
1209417007
30313925
35829796
314287177
7402662
78369108
19739126
47975734
2253968388
1137600571
15207668
