2970279814
17781165
462143773
23593446
19608297
1531521632
19576571
24431892
937599889
142896252
50152441
3308373087
2707822578
2293131060
35549780
146123790
23596644
4119741
1285266390
2975350155
33662892
261918703
59514202
2401849892
281530541
16878156
107203737
14342564
219068733
150800182
19294991
15399422
17967675
916735110
13491312
14984637
18909919
19318314
19918558
20002401
21684013
22523087
22812434
22812754
23600262
24745957
25781141
28599820
28602948
31122582
31128529
31611298
33563161
34972633
36686040
39249305
36948268
46016028
56864092
48086014
58928690
61206798
74294786
80612021
82453460
82649553
109025212
112740986
111635527
122174004
126171100
132201224
137823987
150724371
148453195
140519774
153919023
153944899
155669457
156333623
161791703
163570705
164007407
164369297
168502762
168673083
193872188
199325935
210926192
221792092
227088228
231510077
232992031
234014087
236511574
237770636
239905257
240812994
249410485
258900199
263815367
267854863
292935209
305216911
381152398
384913290
389840566
404132211
409522947
432676344
432771620
467823431
442824717
612117635
581141508
558769636
516880804
1055685948
1051127714
1045110018
1058717720
1058520120
1061385474
1064206014
1068470480
1068499286
1072453910
1071840474
1074129612
1077121945
1080509366
1080844782
1083448909
1090002997
1339931490
237112418
1099199839
15954997
111379452
17220934
2592023390
12844642
19620420
84208506
103130238
73206956
1129029661
461720085
310310133
1055907624
54309568
36116203
384392601
202778762
16555985
9252212
995193054
263290939
35829796
1058917562
84119348
132278386
305620929
364415553
137794015
111635980
188019606
365314206
19034656
16637461
15334380
13
309267226
17144591
244655353
41764193
567612789
1071777608
158480926
1135388684
153486399
24424732
144756663
2382117350
148900525
55019447
27048645
161329769
118747545
188760481
275293468
17499394
436274507
36902756
33691779
16162149
37515236
31532083
106291885
15756288
18268819
14775998
439717095
1326031800
14634993
33591713
21434362
20928192
242555999
2347049341
87479975
257091348
66739303
165791468
16187637
295899118
4215051
817652
234053893
245451804
1243902714
595515713
115979444
337742544
278776049
13784532
308573576
15007149
20095035
1330457336
325830217
2295040861
1281405877
37710752
234937222
18168177
779023418
208692908
115710058
13783772
20150502
172858784
7429102
47412499
78445977
14062180
13786802
193732179
1244800393
23016052
242926427
479872233
17773720
312134473
402029058
1206227149
352534407
937801969
133872807
24196684
14511951
15458694
6332292
56495963
177857092
370804650
48462491
15923226
221434531
196269135
373075613
18137749
165204211
67461504
1237204850
160971709
105953381
161023696
289561465
1223037984
63262233
14337158
494516627
117874971
588221921
22162854
17006036
50310311
1634597232
71156746
362894555
29845916
1712989040
200153299
460617733
15808765
16301829
109071031
1128781184
242836537
33576489
38359897
1099533667
301262402
575712418
38516217
31583882
626983614
379175322
10081112
24276049
16224670
115733549
247334603
278124059
224285242
61220477
8128442
18276341
28049266
65453528
15361570
1684352156
47402168
19725644
158806099
77920769
18174520
15446531
50446226
14246001
16105705
252249233
15464697
958081542
1055730738
441219202
21312077
23232204
915514734
776664410
16789970
131144091
16081831
1615463502
1707321486
1410590874
1601957437
121597316
731517500
41171271
15220768
44008059
58581480
18795726
91180720
578650970
18622869
1339835893
255671573
15065156
162069635
72198806
138510294
1393155566
1530850933
1635677071
148529707
217284148
19932647
182503471
15224867
14606079
43187177
29450962
17074440
36711022
293792211
50684629
17194562
234489024
16303106
14370540
19824059
1260172386
1027156464
1037321378
173321172
14135426
16657699
85396297
28657802
599503354
1072467470
307912317
14075928
43403778
21112683
30741714
18057936
20060293
18194898
15473958
15519544
14922541
48514926
46729604
17981160
19802879
63169388
110899711
15282830
138770045
14091091
1585964245
18817081
32854561
13216392
16437867
97298204
17298532
30068744
103911092
16017753
24757310
274646653
50452197
150078976
19716781
9867582
1060984272
288751432
35769315
30912937
950783972
1092979962
38475888
235373000
46015860
385429543
31801993
1281532219
242892689
249348006
41445718
140497019
107496184
233842454
12994322
394741838
108376246
37724197
22086402
40302336
18491147
88806753
239949176
45998531
30216513
10076782
18029055
29501253
248234853
16583468
248735463
24195214
38254095
34716719
158398519
292990703
174441864
161411080
339852137
246357149
15675138
275688696
98475955
31035182
409581549
15822969
130592349
14343189
584012853
1134292500
463132556
15554922
44992488
54319670
18726942
81188654
39589819
64537766
53517196
109098539
31576460
19685455
151092364
1392282998
93982307
305185216
30929600
170023205
1143905359
372575989
18215973
811377
402957663
17814938
46176168
8953122
558040899
20998647
17004618
2467791
584139171
543733563
44442099
153784150
14615871
59910734
885866791
1917731
15292416
23319431
15922214
5392522
9300262
22029553
313626071
16550480
14634720
19176429
45577446
29792675
19940791
14786217
208784226
53465329
16324679
38046521
18191927
28644321
749982156
28796289
45573874
10915142
14240875
192977800
148825701
334271073
59042052
53176629
55355654
18510860
14325188
38361268
57264785
10069612
14695985
20015188
82148605
18908479
510991021
16958346
408215708
28644340
93516123
21786618
84661546
7215512
22737278
3554721
19539716
16721621
225130252
17596622
5031151
13201312
19711765
20068053
15309072
21844990
16029780
30038587
15769327
18713552
15738935
43928023
227036687
24719390
18907371
8283082
17793878
110798209
9855132
14955908
27881800
14750983
39580954
334889455
20517132
43194755
21035542
34113439
39279393
322906010
31464192
75325407
18127126
140568922
97540839
54955422
164838810
31262198
16318114
36430561
312415773
52257764
234489403
34700777
18993395
27241813
36511031
17597829
10433782
76558778
8962112
264954387
14093707
20097362
196743857
20568127
14885540
111394227
15640533
229243046
9677372
35143051
71019945
19031057
20873135
23117543
29506821
148570475
29221344
284694021
413223602
18691248
226616314
30083050
66466546
21268897
166252256
78408666
17539497
44783853
20437286
66369181
7402662
73181712
9624742
16473288
133832049
467520901
43024351
242965757
15652540
186603420
942156122
64605000
60960937
158146583
67038852
28594289
59297792
142462729
142462871
166053335
281412912
17487795
88051424
482493976
44698019
309776536
22399210
124593629
97910289
1537283550
32774989
783214
15282303
242426145
222953824
14988682
586671909
14239496
38295621
24913074
7004382
113420831
85892107
16245822
17787705
1140648348
1135486501
11348282
36771809
15442036
136337303
476256944
20545793
369505837
61853389
20179628
1342861723
1093090866
30313925
43963249
1222257180
246088673
291903997
633330243
16458383
785414496
7356562
21406834
29205600
937723303
151963505
247486443
15764644
22012091
303861808
