2205191006
299867789
2590082058
1243932498
529041164
41663292
1074480192
1071975152
23951197
236487888
237403203
240376522
2975091705
314205957
2861616083
2976598347
2914163523
1060487274
2730150631
81139286
2964877294
2665980425
277770252
16685232
17132286
1957369346
37716855
3225043733
14058833
474280324
18646108
472037042
3018910586
19980678
2953494478
885149478
21619519
11856892
423630200
116784750
2964949642
275725571
45575287
44436205
2966758114
18585003
15987296
90905473
2411400990
42692687
243337600
398088661
22203223
21316042
1289161921
1479970087
1246438250
7684882
14344823
14246001
241207373
18967498
15281676
2382685057
1077446982
518644221
47798449
2966205003
1072008757
296245061
1499993378
1072382221
834069080
23970171
33655490
1058345042
2847221717
2932617195
235271965
17513304
2930635215
2964526557
2696643955
1061292174
1045853744
240363117
1069124515
48117116
2482022082
935033864
2953974395
960962340
23712174
2964222544
2976606250
2914515430
993153006
1048784496
2973870195
2914571740
2929491549
2964287128
237862972
78369108
19219492
129879105
16187637
22978395
237431368
242772524
1060370282
2962813893
37841185
29235589
15510768
147711469
864844830
23912630
39155029
217550862
136550204
21252618
19435965
234927299
46497761
15742985
455764741
92083647
47688440
1483804087
19185879
26487169
115684356
17890544
912608010
591580909
1058256326
403540613
28096105
88020840
2359926157
2600350308
23620660
16228479
12859772
211636625
475988505
184860130
36991255
57065141
17968901
150056555
114250132
426369626
1479821083
25531732
50769180
472298132
1055391313
1908143071
38003359
20713061
26051676
12726012
74198348
24183358
280604607
726182834
745193748
34274380
2352629311
14882554
588524132
301549400
317980134
353885857
19268706
83662443
15396452
166820362
498904781
418991627
22451908
2358322416
2163164540
14600977
18000662
187272177
291756142
313647232
14370968
78898839
2260702452
59625134
713834677
22545491
2247765384
409698701
15923226
552044121
15839947
28248030
21220931
1077730135
16285830
2364631970
201753602
543582293
568370999
23354464
21207603
86129724
1410590874
279203227
61122731
143798379
600991865
39653808
236541735
18583823
17918065
242761889
430130014
197496309
295863836
2279430992
108702981
41980930
85365067
81183328
21026508
1198527756
2253968388
1473110280
113721768
17913388
15029174
31310158
33058740
47947898
21705478
39424870
16807883
24775648
633924423
177028305
377591325
1134148494
234469322
1074412920
21878732
19912734
1610612904
266133081
66807863
115564212
17060020
29277366
15211288
1362878124
16953473
51529533
479872233
1964821772
20957491
281884336
289033542
46176168
125166839
34402366
19216998
640893
1058051748
40926744
1923833132
17107316
83146330
62734246
16547587
18125710
1632772304
23535710
55584584
18090660
249844732
278176278
64088396
109280446
116505994
343452680
17629860
26944154
15837659
372385167
233484761
36681590
1849261916
991496851
102964739
20951886
1548158070
598594405
318999759
150047524
1209417007
70511174
1128372518
46131997
14282169
19195094
500944744
18171520
252228068
19977358
952883108
622236621
29198561
39949488
47498801
16223548
61285110
309267226
42666106
1059240924
613725908
120239588
29299269
1592481150
19822143
18773159
16098007
1623308912
21692054
569540227
82959058
288308178
1359737186
462109976
241929972
205886080
450751410
54589218
1092757885
292549803
16650570
1225396446
329706765
349131657
58379000
16261445
1021157298
37666984
211588974
807676802
17454769
239964567
317967764
91279573
36042554
36529101
24195214
547969112
80568825
26033768
1140254520
46557945
237610812
48459553
22076537
1531994442
432624315
733384358
124196924
146573431
1553514170
1131917492
341724149
109182774
22797378
123134034
1537126712
611027000
47991586
103018203
1494092684
522526229
1305596696
1058460818
14845376
1500011209
547751348
290317816
18442640
733069202
18958999
1263248412
1089303715
861281180
234014087
1488573894
26653478
1322558402
420676150
15666749
69425663
137407124
15210284
1444015610
1009269193
18247062
35829796
182953882
1071900114
31571557
14529929
1377559010
1405337395
549374169
22170482
15211602
16556093
248850174
37886216
14886641
1364717462
562989744
44209472
1315615106
79254642
633936141
7702542
70889618
22940475
55639295
11783502
932446728
22709380
1005014845
54773365
14149563
214173651
27908051
19598173
1090020504
15323106
574772067
56401482
6519522
1137600571
1155212191
991659607
20461521
22536055
1160567863
567756286
222953824
18163042
227418209
1138688364
1128514404
1074101017
1065995022
389028352
135931182
30971588
27878771
21434408
950328072
968650362
1089334250
432766911
18978553
18501487
1051446626
1058807868
809301565
976969338
11651202
110445334
15356407
254082173
281540744
242873057
377534571
21329888
211420609
20088666
15856366
15600527
217543151
246769138
17544524
33977070
52503751
235719973
221793778
238321369
25086658
244268646
198526130
299883942
20053279
236479311
240385577
155642785
26424123
50152441
22831059
15394954
235258843
584012853
246341769
76350004
935368364
18166778
249288197
233761277
18566912
236541422
236899846
114607567
236960387
190328374
29766367
161743731
240760644
234937222
960696949
235217558
84620376
235190657
16056306
249219716
17896154
213634439
240393970
235312723
248699486
233693291
295685416
23124635
19407835
314335929
17800215
237750442
18030431
28176898
15751083
20467163
237299871
19926675
148006729
19929362
78431501
20796447
233842454
76452765
252819642
235251868
2232041
272019676
963480595
26353466
720926414
31413531
70708097
1917731
19616327
110545675
16371006
114756202
41445718
618586017
167480070
17467874
17539497
24848046
471891309
15533253
481368341
36452050
19394188
51228911
222286905
66369181
18221549
234022257
82649797
39782396
108052596
234837632
225921757
21279472
14345062
22935257
18805303
70756980
34340464
18561348
233949261
221447516
250710495
252819323
234797704
234812598
278145569
237348797
234053893
24773493
76163900
239871673
339852137
303538848
106816456
15160884
27676828
20015903
21765964
15937952
93524518
66425686
14333957
186635139
167155752
242926427
211530910
24735461
310001578
249493828
27053284
142562490
96043761
23886627
28233542
309356021
104342107
65120302
57101306
19993316
267277775
27098871
31274417
210628675
37080738
237300597
24559669
18388923
24922326
30023680
66489532
25308197
17993908
242360090
209359987
26820795
61031630
43650234
22359919
72398635
21792495
229197216
22894543
211594576
104570561
9468372
18012982
8836512
19658173
22384880
15428227
26528359
18217624
22839628
19739126
22528309
6577802
21797251
17980762
22875081
38109656
15314458
61831433
78040792
17215594
15154248
21346670
21981003
18020081
59147095
14643170
89483696
58623027
61975639
125547569
120943265
90975710
145871345
29849245
67513530
123389809
15232374
124224165
18665868
22949852
42168223
17963888
114484518
21754151
116628927
15985455
5357812
20957191
38423124
28471924
234822928
37920978
3108351
90484508
234573331
20192403
70799725
11134252
37424314
29898014
20825340
20323539
58852499
24804148
14955722
30098812
14364006
23126986
23545095
22509548
17075602
15922214
26533227
83603750
20241874
18791763
19612749
14901312
219010139
19553409
18916432
65493023
47739450
7713202
18251257
9508922
14156039
10168082
15207668
30875418
21572351
9300262
16150136
55076952
15901113
55677432
236916916
237312687
240427862
20879626
234128524
224294785
211901075
17976923
52789108
66589598
18614130
7074742
22817739
26774751
46221673
29255214
46761734
13524182
233590633
20608910
16256269
201079432
23976316
18891923
241221043
19197093
14728168
23696410
99589232
55758985
17827531
15675138
22055226
16815644
91199629
88829806
18999433
220409583
237814920
16030518
240611441
21269970
