125195865
1952251453
3299643447
199842790
813286
1339835893
1093090866
15309064
196186298
2401818068
1536791610
19734262
3195032471
15458694
46181435
92681638
112921656
3189274558
369089298
2927758254
15855041
470505158
2904184751
3011630924
9335362
2467791
23821649
41183695
394747028
556868512
69085853
394950492
25694110
840127759
83500579
162069635
385228940
34067422
17541595
487620060
2962681881
366161148
46557945
33095287
66381605
15297452
17444027
250532982
17027454
1774391
1289702611
140651746
82240070
731164687
191123200
271007828
1018921
731212014
731207574
80043645
21912364
600470774
19483887
23600262
18639205
17789578
22012091
18216108
531651099
432766911
1410590874
749375898
19396560
43204154
71028773
20520618
245162068
15922214
130566446
17389905
89724329
1458481711
1172807389
115777218
16178769
248900032
2347049341
437198530
11348282
22329988
115689951
330999734
76881118
29450962
242288991
17598014
1249667083
18456033
54317387
1604336462
16482177
501943587
542928292
17224160
64523032
17471979
2244260844
244345581
17220934
14293310
32774989
426802833
44437571
2329104494
51241574
16439471
743744390
1949530411
1596807932
344864408
20747881
1080844782
34666433
390973130
957818034
14789440
596841936
16112037
62636961
188060534
58495631
95687597
151140821
5741722
27054785
20554910
343652725
52494566
355906128
61592785
590120299
760292653
19564105
16303106
81172937
248747209
576370638
14353381
2884771
20193270
15303638
87271106
19047578
110918669
17787705
223972381
15864596
52422878
21870081
140844060
35773039
133052366
15429020
5660532
631493942
593234552
620298978
108376246
324095750
342468878
262844031
426883526
16228479
14790966
14105595
97503010
59143047
21220931
120140544
282652084
14547309
188478027
142383345
75109004
42535683
97916302
538424958
17093617
26775179
111424053
335922191
27970340
14824849
14946614
76522807
539619227
510611090
523631965
132208593
47474748
481397294
17916767
286726412
561568231
14293371
668563
779451
55010774
93313857
75266034
67343214
217284148
16977384
14775752
62567020
273197054
853061
286674780
16501509
8268862
78408666
14434063
16581604
21148783
17044233
16340501
50446226
14940354
130600206
247033019
21768766
407323365
35014834
67124669
15754281
22642788
24752484
272022357
22587722
31122582
74294786
11388132
224685124
279840785
18929066
16028049
300686590
77017567
146733
381152398
224285242
73303753
361478043
155941292
71028123
3108351
185684821
76649729
83932732
42330928
336212895
85606078
807095
14677919
17447988
231917071
58501636
18765848
128088410
14246001
233364902
97881470
21274629
20477733
271017827
249674727
249504740
45667247
56029726
208705711
21634627
18622869
136337303
168295477
17538341
40957314
23607150
21674527
55620479
16725156
156477654
59946291
16437419
12332002
62363146
156363528
28223354
56454922
117792647
18730507
154186136
244985138
180094762
18948923
9300262
32489333
14351053
40506540
188611970
245243970
17521252
24768635
146595788
38496126
22642871
18723369
21339512
17744593
6953742
53730854
13351052
63152890
48444278
16271680
16426346
16968683
132239978
15268352
40154873
18560397
14762497
15790930
97360988
12521462
104615577
125130552
1366741
47355533
19263524
47640244
16117930
26764697
16904612
15335079
19898563
15203460
17682010
15176949
21496271
18922806
44760456
196934762
13288912
23657675
23259780
142539770
108490883
113250745
84427007
16193455
14777796
18807633
87233775
14868717
20008214
14446422
6585902
16597668
834021
16263040
5403442
133001586
23083361
17325229
19916171
15118749
16639736
110555274
19090876
24388988
14590775
