50543134
3281853858
926601
730651705
2515448870
180504021
2826923522
44891895
602127176
18229081
23659580
1058520120
2788143121
158995718
1679095532
35790963
69682603
431376138
14345062
1354633418
18959163
2183970987
22171996
2984430242
165889527
189231374
53786125
55655935
260081503
14602051
107441863
115810920
55790584
16692135
361388619
517568346
2482553460
373437924
878221542
228747444
1209417007
350069274
85131054
2488403179
22507908
270681484
18661130
150135224
385702678
18751963
97133219
1160294598
14802173
93764696
224701749
2484632473
330826792
268400610
208659115
1022694126
3116441063
148385567
2546549624
2900116312
198584321
1967675299
53130511
69440018
297042983
388354820
65698096
370303619
232235048
78716886
71629038
243822289
75797367
1100877248
1128552709
14526877
189896485
496351012
35869256
1265726480
47848003
139186916
15637568
120147232
1134292500
148780843
43830412
436026559
598644602
2324374586
25598396
747876121
6604372
83770714
234008312
87016517
17622191
47451496
24134103
771831548
3304686441
39592148
1686797810
15950086
11204932
14471411
13783772
16042794
2415053456
34310801
104851609
1499993378
19502995
14560097
22497698
89887215
259395895
27225271
254506857
157306826
430977669
71612907
70509102
79899301
1117836660
1157365944
122706935
102766938
170370151
16455297
382398994
34311057
413272852
1524682644
2317566276
2320840896
2317699410
2319273938
121208305
2435347830
1344951
415741675
24164338
6819732
378299325
240800234
16445207
15173859
16123336
72079441
228922926
389416911
15207668
14855994
1055704164
1459232030
217083195
366730697
96917608
24031438
59900070
14426645
10067962
557919131
281703471
344792663
27031487
250829657
16913895
358244184
932507965
270033955
1109238565
380329852
263879706
85892107
68733864
44177383
475286355
1342373456
242836537
17494010
115203598
1339835893
17233573
73413771
126343067
15290163
56828100
21688902
23461838
191891492
180889671
1615463502
587828596
2178638689
128291664
50757974
17322445
15743267
18021496
234844987
849857923
313170587
57002648
353172123
280552762
109302025
362691750
15170263
14407823
14575511
82896629
15845753
309679834
49633143
636534384
129905901
480134362
140844060
64916983
25630016
195807399
64484397
531761676
180457188
49686679
1483120441
7713202
18251414
104991713
68261372
16439882
15634728
1873154100
26293011
20800328
127605667
318518392
159562452
65655453
164389929
62343633
1433584531
2530478948
17296996
231510077
2903882167
3240498437
30354991
16370091
42389136
15473639
33256849
64733210
6323872
334166331
16910252
313550838
143083448
1444113037
402155812
78693274
16459415
16967845
153039586
317393966
64696263
351832182
80361644
2279205960
131144091
476193064
16031927
1111940934
244655353
337808606
19268706
1135388684
1093090866
474295593
197945861
21346365
2646517596
1447826125
75052666
2977336769
2249323712
164412502
1174218522
2497402308
90309830
2327617195
14335586
3348183424
73238146
9902312
533671564
63247244
715926429
340466229
20109973
49518077
27975374
48364045
132992832
9637672
18924291
130636009
27242124
14177942
2910022539
377949581
2447351882
222213918
7764652
1178700896
137326569
23588075
26601490
50073219
1056234158
309656371
44026107
541806764
3037243165
36816812
20282776
31127446
20647568
19429837
73190286
76354105
15730467
170699708
100818837
1286545908
1561608704
2586080678
114629415
20071903
522282462
148945945
11865882
391154424
371800458
15741036
265178794
15519766
346197350
2798508336
2254236379
45421005
56052405
14515799
113186710
50446226
17135615
3067215570
3073396690
57743032
207603972
1411902361
27491049
498790978
73708365
14063016
201131595
3366268720
19844391
3071787806
104872956
20473084
76682760
20100312
310455468
5695632
17467699
81234906
52089472
197466753
47724438
6450322
164691705
79011908
21318607
221068485
112471133
42101913
221135570
38507478
282280747
15896350
86129724
2458567464
2239790779
1246567549
455024343
939091
164759805
40752323
294084341
163995093
234906311
16116288
67194113
1857584844
473188163
21293091
57614131
125318008
20582430
20527466
44363615
27033505
111641335
23583300
20997016
20158268
42644368
3704391
95204203
940820732
34581425
14595574
24449870
150371609
226668044
95263046
60632018
16786960
105262846
46388145
57113066
277160419
347398815
32958114
207705162
596893898
333248165
69314352
95931102
180568685
1214810773
1896282686
22656792
21113023
631478663
127613663
26585095
16537989
48504743
23560015
18018384
20727819
62971680
101802390
3291841
15891115
27943891
7152572
19678610
18033062
258805021
13992132
487620060
122425486
244173104
130956351
34676063
313472488
23990483
57755131
18086960
31219593
14840869
34173162
14497313
16000318
20255162
19979590
15635604
15291335
7514802
17602896
21904217
28223477
203162990
12369372
20798630
19981142
50435228
24254832
17388955
289072583
1327667162
31532083
6487292
35702257
283895895
46174000
47790669
2579202860
1243167092
74353596
3006672239
210926192
137794015
24745957
2965083477
765936199
47943706
34126592
21837967
37010605
319029017
35563552
59676104
46176168
15931637
14268812
21307076
93069110
12272322
15159913
58683409
78623653
329068335
15174079
88441571
16027225
105231326
123670791
38751529
15532569
2994951136
57056537
31957766
160950277
74506358
128246602
21612122
140286364
16081831
250912539
19195094
42692687
59490293
64473644
35127952
296690561
88776580
360046324
3032357001
3224556473
1345274336
47682765
1440261787
284620759
459416189
40723249
204711280
33235771
54208274
388916023
121467013
854067554
1667994464
571202103
230738774
46187772
1405337395
1268332398
2293345836
14173315
18169025
15110357
44439198
204874513
46964174
298806712
214620546
87827548
125775026
40147449
22086402
153140346
481430084
54664781
48817182
419769978
96206175
121291606
394223948
121316608
179215278
296431399
701822322
562381032
104692306
20259954
15837659
174145542
278216430
2317351705
2350490634
77517639
883050505
45383269
46731542
172979014
2169098419
409456907
182503471
14193053
114547989
52774637
49986034
21696279
123655512
28472888
255747911
17565514
23378758
89898430
21862217
14995002
534840893
778798705
71048726
118245138
15368065
74820061
471139183
18825339
3239854262
357674108
2590191937
3254864460
3321214024
215145732
2775904696
46213956
755113
110326494
52844632
140964213
20517132
3128429954
34113439
289087346
185684821
44946548
1131681894
2548638937
61320986
48149896
14793686
116625196
116850607
78709708
1017637447
78817006
18813482
14903013
94645295
583771138
27737053
246634949
90330648
1485342474
107903692
240573344
147649517
44134773
205864193
1286312880
1246951472
1312605446
210619467
128922607
27073265
120153772
213526475
1410590874
67670137
48123578
126430767
40129986
2315998309
15816595
85469815
342911449
20750144
2216041938
11731322
274121823
883619466
393144192
45943164
1847200435
1947301
16935292
1137232296
360745274
26256690
1056202634
46424263
132285333
19099160
596661417
403494577
2786484258
3346098778
2977402636
3167833676
75375556
18506744
115551858
355204428
18978610
15727317
113439399
140880992
2217880334
21252618
42518430
1330457336
23911915
28181835
1729062162
1712961397
1603419038
18227519
16648790
1288411699
2494264650
369238541
720504404
386126204
167623637
119784462
302182986
2776818638
16378486
2826489901
1433440226
486912985
2944228466
2739961699
2833875775
16793684
56733392
1881109951
403838500
2833635145
45905382
3222274455
25535595
1107794060
37005435
212252163
2332461674
2216944376
3078505711
2426752819
557980292
20783
168374159
17197344
103896637
17066782
1517784612
278180691
85606078
168728442
39589819
12559472
50939381
59078599
62660931
2896444176
101629378
913054760
1534760550
2321478247
574991670
109682938
18820634
17685447
2654256072
40526097
17800215
3222325454
224809725
153575592
1075036795
177746956
372966134
297247574
305862018
428952434
26251434
885381829
1268875458
2457481993
181050283
29025035
22798974
2445791070
19782237
24780053
346820244
474351727
774497418
16135536
303434390
1198793262
9648652
290212487
589292452
190924666
320588844
210332252
2918380517
22171144
364970364
1465844287
40619273
87694123
119023613
55634122
18461401
46185434
2977869463
2976254831
19402345
2827102428
370315705
2955545323
3121268935
229380911
16087692
222693727
47416539
59033004
1483561322
124252078
66481340
2204455490
1428253914
199404424
328806375
31864419
17358750
385695776
2518457186
1231989330
637320642
4432431
592252798
1639544160
2514073236
18882499
1419140383
67108229
78156003
377838648
55035320
78736148
159487744
159222309
96047357
14245544
15368404
23482952
13787352
2474649870
79038857
148477475
111120497
352372793
409442354
154245491
2616203114
743585142
2693933533
1210185422
1283671273
6753582
2981227586
816936870
292777424
802722186
29547412
17918663
309978842
339347330
31418514
2416326787
313323231
177634278
188772120
1362636025
16536844
436881625
86776195
305732399
14056708
366606110
38515613
191225092
56788628
102592901
15935383
37666708
18094552
28145061
397509311
950158873
24274948
27648752
17494918
606412878
14226882
3064274981
92079978
278166569
1426645165
279122308
3343356453
2792030456
600224294
17897395
56768257
225941523
21228708
21693060
369232105
18817351
2163320689
19894711
15482156
3290070855
3047717838
15384023
1390186333
12354832
136300373
59331128
3148500409
38474409
1965934032
3090840008
3268283994
3260126946
20002401
109025212
234826866
36719281
65707359
153149305
237780351
15012352
1141510609
7868832
281593711
17539497
757303975
1707321486
8953122
2295040861
970207298
2382117350
19725644
116341480
14499829
1652541
18963809
491350825
3363488087
184136149
18678924
3044676483
550237820
14362404
16191760
19107878
1101626341
870690606
39155029
190360266
407013776
117967849
66451163
130549887
19914257
2271266689
1686712196
125453969
22843167
189253902
1451773004
3020269709
216386985
3154272000
2437480916
2997752845
16671372
48827616
1339922203
222622640
202227797
38902920
369143034
23040137
339206441
19253388
21220931
15446531
137589397
20508720
285286838
42980426
14412533
13524182
41418040
528949429
2153476724
534675241
27055034
20723391
83616201
20852178
23555025
15463671
19847765
330338306
142721190
1074412920
1631159347
65551087
21456548
326255267
16006592
1694502194
26441991
153278774
250492272
27793335
526784196
102467108
23995748
21314814
16538210
121944269
496179182
20728540
16019108
74829020
18191927
74177826
394741838
108993692
37920978
95765514
15854702
51228973
17471979
14055301
24765433
15564173
10069612
935594107
175065805
613725908
17294950
2312829909
15604914
294479075
14361155
24733117
862430010
241207373
33933259
183898020
287893095
18213483
14159148
404267304
69231187
2290454264
2970279814
16153562
2170554026
564837619
14700316
475178200
562385224
325828055
1329685219
2998941715
76400967
3347769454
1126627004
55444188
118476204
253705787
2342536063
2781267282
2307467280
524533301
3265559538
37019113
29524628
112519735
2968451607
50432286
99997205
609244462
252531143
339307665
1684234034
1604366701
230908319
735575947
255347566
2517988075
26559241
7768402
162114001
23908154
3164957289
130945778
2369054418
318160946
37011248
289178032
494447560
2209538784
940787587
45573874
1375790016
80365325
86373964
2149548254
318386140
2448094051
2517918525
37988104
2462312220
490016965
2349494486
172767677
2376270886
1335041372
16348549
1969360328
2583983234
2445974665
2646270601
225212445
2358873649
376180772
4099171
2691025345
15950681
115146080
2614658743
412403356
15474846
76578133
18229623
61536959
2873212902
2919185243
22844619
2467890967
2499228290
198596758
2801953387
80729495
77302589
75639698
2321934043
213824885
3246880237
22756947
1499084576
34674264
1653246264
2312511794
3111522737
3254620288
546253285
3228467425
2753044382
556865087
109679601
2548268827
17065503
2863993149
16118516
3247287902
3115452373
3241770271
3337688913
307912317
1275136292
3293341618
1410031494
3058157069
2963748729
539280938
1675936765
2434718739
909078528
454763400
3350800259
49052022
3251083836
505112330
256146783
2693170555
2842733809
2804098255
3246218509
826348741
2644213783
946670052
22871598
865658244
64828011
60667856
1131810175
926522737
294379663
28074515
166168355
15738599
454241542
2813500122
115477344
2814283717
229175453
276320976
23024099
234014087
168502762
245451804
80612021
292935209
158398519
292990703
156333623
30216513
3033230369
2447580530
3122170071
1006892354
898360512
3314882055
561115297
3069122400
3033257761
2915887979
2918754106
318676651
494552401
2966570782
34340464
2916086925
153558139
78969768
59378077
17612289
58503762
875911231
142849883
1222242656
2430254640
1544256312
151171356
1122110059
20996358
418770023
297199631
19570515
300980027
44315487
25236535
198412007
84155798
65694282
56748177
19884634
30407330
21451063
219081096
19417197
1203124412
2546690178
801508063
362507667
255256504
2337009576
833989064
188449441
2147575032
105326014
15546192
59547153
124163000
15639774
38693661
2525192749
3246838764
2308949280
80395491
18812301
2314055840
1622933460
1580898434
2596694492
1286446231
15937203
100003141
21337440
425510058
2679891896
142905425
234467536
16302354
18142371
31109219
334153057
18554720
16072058
16930125
1613223313
16326882
151106990
22891564
28708146
4119741
16273831
131497030
18587457
29450962
25562002
222666657
360969246
715541250
954565388
59526518
122419056
14452301
110857124
19775920
73811236
64197283
21542518
14849562
31450658
20562800
161064536
123231225
398088661
236026761
23648179
104299137
46557945
14529929
25349056
23069947
18149465
2374466929
23496432
1699016910
69004966
262758061
154688160
1327401170
16369269
2377732207
240420946
2535377622
1584841910
16930378
51547100
68783970
18802261
369602017
14827461
3251366354
481441656
1536791610
441353690
23717572
20010087
5564252
402941449
1262736474
97503010
49733381
41488991
17664673
373656656
14941699
271527898
78323317
59592572
74815175
718551618
122533830
14007532
26106309
44728467
15989554
84591916
64295115
1491965726
29839532
35201390
14540264
2753175774
448307254
49442241
392323354
15741092
170090195
19658506
1357903590
48177456
16000856
208442526
10220942
45499651
14926475
18795726
426802833
10433782
15360184
318218261
2568286531
785414496
9589252
1074129612
267938462
202424267
1037321378
378848483
385429543
950783972
19186003
637388035
1051127714
2609775320
23593446
40302336
239905257
1055730738
467823431
2592023390
340613443
1541518434
2330712260
937801969
50310311
14392252
243337600
19035963
2337252697
40228140
586671909
1184354442
1140648348
29205600
134875861
17790274
339852137
128698420
263348246
82998838
134320632
325830217
90740393
62297046
468067060
26115117
314327047
16458072
107321676
128708744
339434241
30356695
134971995
116218365
131055748
14300586
15728663
44988185
20707070
14870670
97910289
25355722
703706994
610183411
385716198
479872233
44618036
65792483
243799204
30030404
38340071
90719438
18063190
17004618
1106501
61853389
185814562
495317187
19508555
87535465
159119880
551027525
450894375
36196298
4207961
15220768
419007892
61766400
600533780
462536825
618793942
438758171
376402312
380112883
49758441
15289575
310361280
21173502
232681242
350429629
366154323
623373953
302706584
17086475
16473079
435020869
622004501
624374345
295491912
369945693
631625374
568370745
367544016
394227394
28261043
252888386
88866737
703527750
631260563
292712329
636408309
297860173
14339587
365490048
23933806
577590343
620428919
619745808
298199386
30453159
27233671
34827466
14360923
241608523
41585129
410278196
21810659
16101039
45298992
48746863
63189694
34438597
40814916
75136652
159222543
38291678
196381330
303945429
46232477
331325013
406765981
140098802
81955338
50436515
301536843
414307086
488122377
17379685
29845916
102484713
587815814
155971947
16234568
614429399
160923662
599632006
629702501
324123950
34000168
20552066
21784241
282705767
21318061
15310883
53250355
145540858
416921313
74238082
20289274
416089957
86988848
17035051
52306833
319326373
706929228
50917031
533309879
74614298
86277174
15941955
633020160
405093752
22685200
89820928
38902191
21765244
11348282
26283566
713160266
40965742
14480618
17314616
55396488
37515236
94787201
33726864
240033669
95073890
210553850
51323773
162789635
117612526
93553785
21931396
193771633
82560120
30725017
51916936
132254256
41416662
107543919
47720546
17036898
16387054
332987887
350414440
23979328
12962962
19417134
51837078
26090882
432311420
15473958
16868667
246714981
100485205
23696533
30128506
14199378
38690008
19735630
44130381
333678823
29101474
17899109
159227175
111086658
472348840
17355480
179615493
18920073
22642788
80145965
234418685
19417849
19416422
19625391
20327091
20327350
16795684
16160352
31157580
17213822
29003624
19684496
25184732
14780915
19658936
28144220
823860
17918891
19942100
23999194
25162215
37142921
18958185
18418727
17792335
20346956
25427294
16265550
29467516
9667812
36726529
26112336
10252962
42658234
46508629
18433115
16002973
54266775
15741794
18726942
48904145
12804312
17718497
20538721
42999204
15967775
19669549
19631946
30995451
45955067
24973934
21255863
37257679
16159035
46470122
19079988
18230738
14631598
8775672
21091954
14074515
7402662
38349184
52971460
25375098
17886692
10926382
38287098
50107750
24424732
15730283
58908214
15681098
18918483
39795522
21249970
23503181
15165502
54211164
18652755
61084902
15065156
9345162
34651377
44846280
89891000
34740478
82709057
29570430
57699944
22308159
54063076
13352162
85898797
102842182
34176154
304582167
326448106
122504871
404332969
413455772
414207315
460391883
436268692
9252212
22309653
17481750
27737538
75600769
37759047
309937733
37917164
100534628
14412844
205392468
18812572
308230587
48802204
26936326
342803375
16613128
41814169
331816614
217284148
426041590
13784492
450941680
277165873
26754354
92407522
52126257
275186860
18949452
207660339
23043294
86141342
76348185
110541296
369505837
20873135
259551128
20954470
254117355
281282774
21702539
15841877
19674502
58550415
10222862
75116146
15667291
15939889
16192333
105281551
50667179
14588748
21054920
610922415
16316895
475954351
67143433
46733238
326333795
372695587
356482345
55790702
61027495
389576735
14949191
390631258
400359506
17506047
407909253
415121230
103355422
60837056
417317962
429989410
423177563
188883857
452755984
282774541
226338599
448984155
83234555
142996819
144645866
18047518
48048853
48155110
474118068
479798203
307404590
51853612
89792919
494203440
546391163
55253314
17295317
282730483
592147609
571038691
606625312
19245504
581043056
17626551
600832007
322941632
424512691
229714667
149005403
19270216
7565542
18270363
703533085
431382106
80410299
24928809
15778911
19415444
14948868
19414861
72451788
158148048
25375420
72198806
263815367
19824430
31583882
17825891
18062553
148504862
32455807
78231411
16005250
59204932
38516217
247263170
24246026
277139431
61782928
15174710
159582860
21308157
33573444
23092890
18767699
45869761
620405222
86697288
73181712
16933383
36837433
5513142
389759292
389028352
237845487
126062842
39298589
275119236
36948268
507529506
461697741
17600223
11762572
76966136
515685828
488935397
399121512
603127833
16228479
24024778
16701215
22986148
257959346
271128404
61226587
42771547
316671079
23501907
18029139
21952872
15919256
163486896
43638469
47734221
26862045
588826718
26596727
515818683
48126102
113420831
23019297
20642650
22012091
43920155
42755353
44873497
78368586
21684013
76554519
15361570
240812994
334549491
59594745
36137348
76091017
17813135
52431629
14615871
476256944
16374678
258900199
247486443
18764776
266251223
24913074
80196269
51241574
111635980
27901418
188822022
249044724
28112362
192771370
204933439
26323932
19255793
21895434
402729784
402957663
17474897
159597452
46406695
36946426
46739108
602351816
17011177
624902361
415068421
149593937
16492548
3652891
589874302
302152200
25362365
61863728
18997453
438586366
464444623
241244597
352681114
284664892
490911271
40241160
71070614
155585373
551195347
63169388
527854819
48115928
135931182
494470192
134941045
118511128
19716781
364423298
83692879
408816873
369078143
225639806
44134962
108376246
598855139
506196418
539865276
267961693
316538228
15808765
1117
2836421
20552026
12296312
27048645
22650398
364582029
18416451
384522306
167284968
121629590
49117919
29423836
455411739
164076162
65044189
169198625
69926022
41409505
32774989
23125238
13393052
24362769
11347122
19418459
13493302
16224459
106516018
91180720
75069067
260809924
158414847
158426909
295506158
16012783
48847011
17137628
18510860
15012486
17070113
48269483
148529707
61626870
108617810
322188749
30378423
17789578
67088044
159222896
404248741
14825313
19312573
334463022
18462603
84606191
18137749
104293205
195283452
41521318
249348006
31801993
19802879
158155542
78717907
29501253
75124560
38254095
233783568
36226144
115111016
187657428
7819802
84119348
312134473
267854863
161791703
242426145
153486399
199325935
58514430
21277898
59010637
161411080
326929954
15309072
18713552
115979444
163570705
168673083
16017475
24195214
137466464
138770045
14984637
14135426
16862681
15440286
23244125
36726043
15743485
40957485
14695985
16789970
50325797
60919240
151963505
249410485
9532402
188019606
12331222
30686025
7356562
33530012
15954997
18622869
14246001
31122582
88806753
248735463
235373000
15987296
85634177
17171111
16441940
192955168
140519774
242094064
207331730
236738777
18480494
133832049
119250381
35013862
246088673
92186819
30912937
169164236
254709274
239949176
40270250
63262233
20281013
193885599
161721745
47459584
22162854
19608297
27978179
17006036
28602948
246357149
59238436
95486467
22563843
20179628
17919269
7004382
16405372
20437286
28785486
15147042
16583468
43963249
15764644
159169355
14377605
17513304
36686040
117561682
16664681
3108351
807095
14293310
2884771
2467791
12133382
759251
1367531
15164565
14437914
21619519
15675138
16955991
5392522
1917731
20818801
15918708
30313925
16129920
813286
130617778
428333
15922214
14511951
15224867
21982720
5741722
17006157
15731368
15458694
20608910
