32576041
128653544
7768402
12284932
16476783
599503354
3290070855
3333055535
453319164
1071900114
19028248
48075643
14761891
49381961
1615575416
46191340
10778572
216003160
549516077
270035780
50393960
20609518
3229610748
346785085
581141508
37599351
1119764838
2260197309
3043537491
21877897
114476181
571202103
198526130
61320986
1530850933
222953824
394741838
15949696
199400127
388250702
126629610
330361451
348010835
1536791610
633089439
42692687
13952832
25110374
2296617739
24165761
3018910586
2290321202
20772763
148529707
1330457336
1339835893
976542720
15309804
78778106
16187637
2228878592
236279233
23967554
58049566
2962868158
15750214
160720376
86129724
2966570782
17119688
404298678
13218102
96211098
2970279814
212081619
2970462034
334217161
14855994
2030711
15987296
14717197
148086041
19186003
14962779
15220768
15727317
15463671
377609596
48132847
142721190
60743126
20508720
463132556
15210284
19224439
16244449
31127446
167518667
378800745
16399949
327577091
14529929
14412533
34175917
30077231
67358777
34713362
227894751
2347049341
13524182
15446531
5988062
18949452
3108351
742143
227682918
87818409
2863006655
15174710
9300262
74170411
16930125
54300515
2272531993
249722522
1923648157
474232856
454099919
1967216306
1537249753
1487718806
114870265
860339880
316165422
92188907
214683742
25956294
125453969
2358563918
2592023390
20783
25837289
16302354
16634190
42101913
10886522
989277506
234809379
36172381
14055301
1089859058
479872233
15159913
11695602
7402662
15571421
58821552
178384775
946462628
49698134
475286355
2532755858
9695312
17243213
11219992
185311397
17629860
115749048
66369181
16613128
15647676
18193160
1058460818
145292853
1160560482
32513830
594156339
232193350
286871259
621542385
565249852
87443435
19347833
40087938
309267226
71505726
325779774
61270808
241747585
40293637
1093090866
369505837
18622869
278776049
113420831
46733238
108605625
58503762
456806128
15212187
265993392
21870081
48463575
48462373
1543830679
1531265618
1131917492
40766251
14747825
111044423
381725263
174337667
945109693
1615463502
14159148
37110015
1071777608
21583653
226680441
912867764
432771620
1260172386
80366372
15762708
193872188
292935209
94215795
66369206
27136225
116850607
22266202
21005767
80639985
55334133
18251414
583377732
847618400
155669457
18763909
38507478
975200486
4207961
1614054846
48103098
14335586
33452217
314335929
14139811
38689315
39249305
294084341
1564057105
26637348
789244177
240385577
78369108
18059647
342863309
18042754
242555999
78693274
1092979962
1009269193
149982376
1410590874
1339931490
41405412
252683011
432676344
1206227149
35803565
20467163
787373558
37920978
20999272
1278123914
435331179
124234862
34776119
25704351
164369297
995193054
19891734
1090002997
1071102246
278124059
245451804
612117635
785414496
1080844782
66715032
305216911
516880804
1064206014
24893198
1155335864
798967789
45673736
1180274570
628707524
42337950
1134292500
231510077
16076032
404132211
242836537
1055730738
1045110018
389840566
1058520120
1037321378
942156122
1055685948
1051127714
1027156464
1068470480
937723303
776664410
950783972
126171100
1072453910
1077121945
1060984272
1061385474
1058717720
1058917562
1068499286
303861808
1080509366
1074129612
1083448909
1071840474
1072467470
467823431
1055907624
288405482
760245774
85892107
288751432
44873497
59771400
26778595
134500854
29205600
29586241
41150869
16403723
62892061
88040819
14615871
16196492
414895875
26825427
277320115
240840748
197524784
17800215
144286635
29825250
17879336
39564141
70430551
18802290
17217728
10878332
19163930
20652615
419735656
460164882
87732473
267938462
19674502
23761008
116763916
317226055
381152398
18510860
312134473
252249233
334889455
26283307
16304004
344754237
114881944
303958525
16057477
192955168
131497030
17375057
272550180
27918796
16780392
22816728
47430397
21027368
20542307
17659498
31389553
87522535
14323188
18358846
64626466
77243902
143500919
14226882
383240664
22948692
23090707
20926802
19778050
31746745
8795772
12219162
16543775
38435380
64747736
87541724
68905155
19725859
21563734
126082864
112789392
10850192
15676492
6753242
53176629
15854702
14695985
88836132
70837868
44783853
29209404
79888493
18045966
116510864
285799928
76456274
46127185
28621056
325830217
115414306
15086936
21530025
88643594
346711949
78408666
27701094
39258348
278582590
18123639
111416652
54244175
34113439
45573874
91386983
25571849
54766919
65056581
58228306
94125439
12952842
300003109
133872807
24237482
177272221
113036476
62663609
14531815
298008281
376895269
1917731
185684821
17086475
292990703
20707070
26505942
75449182
23228918
15281574
20113797
93761782
15324851
385429543
339852137
165791468
28796289
40302336
110541296
83650932
807095
50152441
26778110
40260612
73416019
297067961
19608273
26682862
7713202
18916432
20545793
29293808
78445977
267854863
18137749
164007407
30929600
232992031
111635527
224285242
247334603
239905257
245516606
111635980
135297032
80612021
15442036
263815367
248735463
153251103
17494010
237770636
17220934
213438839
16197321
142419647
6765002
163570705
18909919
234014087
237862972
258900199
15356407
198980151
150078976
92102359
233842454
44988185
115979444
227341953
221792092
216503958
208692908
234002627
210926192
119250381
236511574
153944899
156333623
72198806
249410485
168673083
19716781
239949176
249348006
242892689
38254095
122258041
82453460
85322445
60828944
240812994
199325935
48086014
21312077
193732179
23593446
17171111
30912937
88806753
26657119
247486443
235373000
26946495
41017380
10069612
84388888
13393052
33986037
16893491
60919240
50452197
73238146
132201224
14910871
161791703
246357149
242426145
246088673
234826866
233783568
48177456
14185317
75052666
73181712
111799309
48081662
153083172
162069635
155724750
75124560
23092890
109071031
21982720
161411080
120176950
166252256
20437286
89028052
153865861
140519774
48706233
125445568
43910797
188019606
29201047
107545479
49639096
150688795
63169388
115111016
58928690
9624742
122174004
34638973
20552026
22192142
33530012
112740986
29442313
43638469
19918558
153486399
16742806
148453195
28599820
158398519
16013368
15041273
1947301
76091017
82649553
31122582
20179628
18696134
151963505
18695134
29501253
16317406
23600262
133832049
74294786
7429102
33576489
22053641
20002401
61206798
16789970
16160352
86697288
14135426
18829123
20597460
28582749
28819823
8128442
40277246
15007149
47412499
56864092
31801993
36686040
103922067
108376246
13491312
70526457
30216513
151519500
29450962
21684013
7334402
21690931
25781141
22812754
22669526
24745957
19318314
33563161
36948268
168502762
44177383
24913074
137794015
7004382
30313925
15954997
15361570
85396297
92186819
20479813
150724371
34972633
24232525
84119348
46764631
43920155
7356562
14984637
31128529
109025212
21406834
16583468
28602948
16129920
15022633
38712914
43963249
24195214
15764644
16935292
5392522
17001490
813286
22012091
8994242
17006157
