556955287
368918608
27376163
18028981
22146671
18873741
555493863
101852818
24004390
122567777
234844666
2554870803
5496932
15458694
2467791
33750798
343171266
224294785
44945327
2584455224
36661114
15366415
2962813893
15600527
12788332
1058460818
235251868
248850174
167511780
291810798
17464397
213392298
92061319
2352629311
2595642319
45332516
1283916602
1325060899
84109673
15832910
66374038
21344549
28932274
21207603
762154052
2178370976
44241704
179245596
15323106
32024714
17966154
249973391
587020654
2693983838
18351423
151531611
40147590
100820607
60600381
31136855
60620444
120169549
270316625
21705478
10135072
50778606
2340967118
1116911294
954508039
19668440
1947867097
26556373
1849261916
280604607
182051832
36451324
2372122729
23220960
286024908
19076377
14940442
40456570
246478393
29545104
29043165
534467151
39566996
275817046
72831557
123287065
762717979
2253968388
24022257
57063085
43170383
1605720170
217213251
52521715
210614046
618378712
38803980
215448819
67085613
15406238
165825987
28027217
106846313
53619605
196626010
1129850552
1137940220
130528819
2272031215
17150900
2149474722
22384880
18162363
16556093
25794229
22842742
42838707
19612749
4521191
36101273
19289780
40255120
16173676
29844640
28511933
18888940
20272829
18389499
17827531
54674137
102555461
22067034
106823233
60680619
159204940
326748813
190703829
37061980
125753184
29797819
74795995
151070666
42081431
193737474
20955875
35052782
35825601
34831444
18906323
21702995
239575662
239572597
21792495
94929565
74520651
29642575
248881693
172482310
262811595
701443
255293170
87141470
286300894
20410669
153824878
215131547
231511987
321503470
328739872
331202504
14930128
361635401
129354604
104713664
174300517
198237529
217490688
346656209
112898702
56433592
306582984
28720089
424473803
326383066
335975705
39303810
185940293
62818858
450784576
136481411
425382747
22817385
26311231
64431696
24892515
44151013
22935257
494158101
18754645
461595552
61678375
26087785
197639344
455252325
268313339
232963836
394527049
368114370
30976189
17107252
250190651
606307828
334953308
63178732
378031031
329286552
39627208
60506768
53777661
607243430
39798632
190288205
306471562
304743256
33898667
806173334
50671433
828115014
19956726
19632867
37886216
247086156
426707206
360995351
61928545
354474753
234126951
512812272
70961415
418891903
206850200
14676327
245161018
29299269
14966381
452611966
22860908
497091287
1109611771
32596760
156365822
1090020504
395564612
43650234
303944322
808210826
170386082
584017824
41659181
27820192
1112028080
266392177
49088448
1242334206
827346259
240425726
419760505
707943271
37359563
1378361808
42807292
842741977
188102022
16225921
1396241845
1431208820
27130108
365844321
153106287
1409243654
116653543
1250942186
1586322115
501148382
23685281
1166820710
94479983
496339227
1656648428
858391362
61549055
1491925519
23115481
22565696
174750142
1879341841
1713283004
16597531
1382189450
1908036170
359339787
1708240063
921681684
134578352
928846998
2151255492
365711460
2177370487
1975138004
2192766368
2220068785
279657446
714462301
430203140
524661050
535114284
1934380117
881365976
194265674
1904224873
885480031
1180885664
50279920
181059393
127210018
374035508
321000743
25771155
571730162
609107204
554783099
611401893
31571557
281387863
34707255
283112196
469352767
162232734
370161592
339220504
40523440
432195271
23086098
1313165581
101016959
450208523
206506295
41439081
560775628
29382913
17898056
1529064115
525631358
143075735
24922764
1928994031
1099235293
1947983246
280700167
19359721
2148087032
1608622200
1020634496
2176056769
1708852044
55276026
194214652
255478633
22709380
34152206
769433432
574217293
14560463
348181503
104194395
16196491
27781693
250652357
24420556
138582717
23155511
340880465
488147408
470829503
603998379
21481897
911099732
1406130420
39258879
860607366
23891339
21656717
1177320331
1445554201
1018275264
19367447
1506032382
52758741
15380050
2153321162
330542478
389226906
335476450
42405431
344352714
320799685
111915610
35293645
1284231355
114316002
1644734071
25362687
26780982
135273884
793240472
317145377
1665973104
1671014581
82091669
819681554
823711700
1226281657
364251908
243820245
414476029
770926704
136302470
59589963
40830033
1876966056
1380952640
18388923
534551203
1429636322
326570183
1954751917
1961219515
1245281300
22072575
125322506
1967939816
189133550
88734801
10742132
272734509
1586579461
820466138
379517880
590890602
531725847
795870090
37769330
1359973026
1520756586
526700334
267889663
533861025
70156027
89496720
374331041
28918971
754927418
325770743
32445424
863889445
460271344
941138474
519974177
530901161
271584817
629577022
256533756
23160259
19902876
95968926
24388970
50458089
171685797
238397530
285965705
232932541
20823571
124308387
63483573
526637732
602246484
801657973
17147083
341724149
35782352
71803077
81716555
96486821
1237156340
375961475
111743108
1449601814
19679854
226295331
36563018
20850483
1206386233
1040645966
252115520
1413658513
386832237
17867694
39510422
25755336
20855082
85634177
122212010
34796565
28478345
775046912
358274906
112061409
379932802
190905427
799068428
357528420
342738787
37925109
137466686
18010191
30135072
1118076504
549718905
216745895
93524518
496403045
483377371
67513530
450876806
840163897
1043330215
213464765
196893826
217563731
50076995
39505426
489540420
93096478
62416642
516242791
25073938
186989120
280243537
21526341
30996426
14749923
947843994
366906834
583053924
317837140
251315123
93056265
428309263
386895308
65878241
298068259
242360090
36677751
55758985
14643170
66589598
22407423
62535715
106934483
14969353
27098871
1195236104
1480898761
543824487
36409039
975200486
67021923
1225396446
478953068
1431873422
73833569
493307851
29234480
51803033
437883375
359055819
93288759
51012869
1553240592
22415585
588379781
408830142
111103036
21527343
145871345
23011045
1862295260
1280537533
182980123
19525588
163570705
35639918
535438191
21556145
1068955867
36674105
545378331
107521439
19616327
403456127
87044545
1444015610
39050914
34470098
25986324
1330367484
22987380
233724961
58379000
250949937
357779960
556027680
88806753
820054339
22655210
1077121945
1055730738
766770432
234685222
15378626
147711469
263426902
16187637
1322558402
1131917492
133801267
26324609
1307437909
145365257
78369108
82702025
22027252
30875418
247517295
22894543
139974630
974990132
39308549
41445718
35829796
235244145
1137600571
114756202
19808819
14246001
123408755
35227424
46438940
15046037
622360799
280082858
573997627
9486482
101016555
1428948032
1077730135
81107148
1604949372
29752603
1449707174
283766188
18315127
34402475
394309147
20241874
454939537
124580310
125166839
22109355
552065851
554041099
15938148
102197482
17029151
19822143
14933838
423630200
19313106
16268340
1340225041
320503845
1187780665
1378352682
430387335
344438116
175527475
260430476
275725571
22548166
1048787815
305042704
64925350
378826272
86948027
1095575040
106003079
212800280
113122426
528816173
126441644
1195734343
553910027
435467995
1169424636
1164782162
80135471
237449040
9468372
20558899
26774751
28656296
88028631
208402525
228565815
17388080
46261430
250418123
33709769
19189700
17993908
29060747
121105597
42530118
177225161
116963247
85671989
39424870
1068436465
225511372
975268237
26653478
411612968
17166210
22990962
15207668
402029058
18891923
34340464
235312723
240393970
237944147
912608010
15394954
27676828
960696949
309267226
18805303
237763317
1051446626
299883942
23712174
124224165
233842454
960962340
1209417007
237781383
248699486
234469322
1072382221
21572351
