2970279814
16018516
204599219
556206038
19195094
21059255
418968142
80213342
17093876
20579803
21817105
17135615
557994355
733751245
500704345
130496027
13557972
19847765
169586280
22545453
21272440
35002876
227682918
95506425
116850607
17060020
17469492
26792275
17243582
24167314
477097589
62343633
15174710
16012783
53903663
38448220
35984753
17813503
22650398
27048645
484237843
1367531
16032925
10126672
2291474432
16129106
45353321
106597684
54885400
27114180
14692385
27027979
9130702
17346287
83922884
36681590
52466789
33600887
106507775
23998556
148474439
21012031
19035963
68498034
16798006
1947419910
1934188033
2281176661
1845232446
1712774978
21810329
19239281
2170377140
31395001
206877972
303863717
104914594
158565222
370982639
20617635
7998482
432766911
2386031906
14281658
15571441
541042184
41526174
1222257180
2746905420
17905618
17900666
14124059
183333634
2377781185
110445334
158769098
57917441
16189392
14855994
73413771
321658338
228613694
39383409
40376202
2402841
27698202
1382581100
512613427
15113565
16005250
2805885469
17490974
246478393
136337303
553002520
122174004
437561031
20420156
15667291
40953082
31121154
27649741
17033908
469545897
37214034
62655937
75407765
17119052
393815471
269448653
36816812
56681659
471741741
18839785
1855560534
17108702
17301707
21414576
1520863651
20109439
46817943
73226803
22771961
115754870
111369832
64643056
38271276
270013816
268300227
380648579
76067316
114887629
17112878
16589206
16935292
220115997
142513141
92430200
382381663
132997488
239958700
1932313298
104615577
41225640
120518554
526843552
64248024
614441689
20554999
39583089
336892784
771624816
2737367525
364092362
245618494
389759292
262261502
462143773
783214
24136198
18678924
615443591
35027698
7383992
168247706
1360067966
16698389
167024520
1225814342
34083520
28585586
21114659
369068622
22074024
39538640
55334133
28479007
18199523
36719281
40260612
38281461
145036955
26810542
49686679
125453969
109287731
18174520
109047474
2576226805
84459364
26637348
40058325
1080509366
1072453910
1074129612
198642148
42651647
22708797
15723971
27922157
14592723
17918663
17393790
15587500
21898041
10791192
7380872
44295213
11856422
41602160
621543
28160998
214933219
1769551
70837868
13787352
111070991
25082025
120752799
22942739
86697288
82430090
44783853
27055034
1111940934
1410590874
1023020557
494583213
712691544
97739866
242926427
26585095
402029058
18235256
292929561
8839632
19079396
42958829
18812572
119829799
58550415
15534771
17134268
16371887
37795851
15337154
491671116
22284908
104634497
41657723
108196972
378287209
21578875
718827319
18344597
381285694
131500972
19621110
15947602
80681990
415809523
7563792
36426516
41405412
1178700896
11347122
30354991
19418459
1667994464
460364759
571072597
171314974
14858000
205392468
18776942
29511916
370489880
15936246
137734165
27710985
46003622
33537967
13393052
1467874982
369238541
148517828
19674502
874916178
1615463502
111674155
29546945
19397785
110213431
249844732
109944769
70732225
28579125
241244955
176158382
1114592737
19045025
92079350
33960482
21232507
52419540
22799750
15436633
1375289149
18227519
17291393
89787662
52070270
49204865
16051471
26548315
322603418
227837742
361342191
34310801
259074538
259395895
15978412
15766082
94646197
108968664
32774989
76456274
12133382
370808273
413466731
244243985
171598736
2460061236
24737373
146250468
23013076
30763163
262691862
37504289
238235303
21926374
20522684
131497030
277165873
16379018
607289206
23996721
7744592
130649891
372575989
222953824
22650211
15846407
26553086
25092574
86141342
267921808
277546050
282735852
151113913
329951960
172072327
130304151
98912331
18812301
111141045
40057701
35356736
15758330
157102090
36452050
25101996
27311044
135931182
1961303940
2293131060
210684204
18646108
19824430
29774968
14342564
15731368
352548417
14251225
20600214
239760107
10228272
205437050
2173418911
197567344
308233424
115733549
105542379
14165865
114878028
281593711
19948202
16348549
1058520120
93761782
789244177
1286312880
254186356
17463923
1206227149
89820928
29519977
26105256
47438401
149324629
18247062
136550204
18587457
1243902714
44134773
18215973
21862217
4207961
45671898
19608273
97474887
236026761
151519500
21228708
172858784
12354832
117501995
48144950
18874870
132598775
164412502
23080711
80628196
289072583
18320874
250188760
356885109
19682187
231510077
114547989
20508720
25085215
7383122
15689503
15821039
14755492
18213483
19673700
297067961
11695472
14055301
33933259
1096246460
36683668
278124059
150078976
15194255
156651229
27178795
43928058
21163181
1877831
1155335864
2097571
164369297
466519303
2884771
39155029
17093617
847547154
14275291
15324851
74508260
267938462
305216911
312134473
463132556
479872233
1089859058
15368404
33222598
34248609
34889448
17137628
19177501
87818409
17171111
24960841
14700316
69231187
14159148
20596281
39511166
14499829
1045110018
17899109
224285242
8128442
787373558
595515713
122473311
581141508
169963553
388990656
25098482
26538229
224382700
120176950
242836537
5336752
309267226
1055907624
15939889
476256944
15837659
27901418
15931637
521900487
389840566
369505837
14677919
939091
17553400
13067732
970207298
21533967
243337600
14763834
1077214808
20747881
474232856
785414496
17216519
612117635
1080844782
34274380
243236419
267399199
192942213
15923226
22952101
24431892
254217041
9109712
59204932
11379362
17968875
17967675
17961886
15575384
337910035
93069110
19107878
10916562
110700188
14439302
453319164
596893898
4432431
8775672
1917731
17629860
76348185
15647676
1071102246
1128514404
1135486501
385429543
245451804
126171100
1128781184
1077121945
15824288
467823431
109071031
132278386
1051127714
14955908
950783972
78002555
15769327
1072585873
15677264
29205600
35415477
185397767
576520016
1092979962
44873497
384572333
17243213
1093090866
15007149
15441965
1058917562
404132211
1068499286
995193054
15235809
626552846
213339081
20476556
78408666
596911149
54208274
409456907
14710266
238259855
19262500
49698134
46745463
245412130
69193833
20479813
1618798549
39779166
21542518
19697415
12296312
38746461
394741838
14240875
340613443
2330712260
10069612
14695985
15741618
14962779
14615871
21844854
242555999
1064206014
23593446
1140648348
23785621
180167709
126683348
31683177
14357369
254117355
2176679616
461612184
94103877
232268199
21619519
17494010
182503471
1037321378
586671909
72198806
1330457336
158426909
48802204
1339835893
75052666
205864193
42389136
364423298
59031230
942156122
44499204
234399791
28652197
21870081
15997022
19258017
19975757
119250381
258900199
40302336
1283671273
322401882
24165761
21130922
71294756
115979444
325817678
35567751
151106990
207660339
7868832
987075302
342072272
14173315
27103822
16153562
16326882
58636516
599503354
18881645
288751432
59771400
252713631
7259302
234560104
11680962
19716781
97503010
18451200
16834046
151963505
153865861
229873610
19543987
15754281
325830217
347471374
43409523
80638910
191477653
164007407
54318184
35832912
23519114
27681163
16469537
110576952
26775840
31534918
140143190
43910797
18829123
15442036
95932089
16459325
14246001
21696279
21220931
21111896
184136149
21268897
114050808
19394188
216503958
199325935
237770636
240812994
234002627
236511574
227341953
193732179
161791703
156333623
48086014
153944899
140519774
168502762
162069635
148453195
150724371
70526457
159599140
80612021
22669526
19891734
46016028
56864092
20552026
40277246
24913074
161411080
28599820
115111016
36948268
29450962
29501253
108376246
84119348
34972633
18909919
85396297
125445568
18696134
19318314
22812754
15361570
22812434
20545793
39249305
20002401
28582749
25781141
33576489
19918558
7356562
21312077
75124560
109025212
50452197
249348006
168673083
221792092
22523087
29293808
245516606
234014087
260845829
263815367
153486399
163570705
78445977
267854863
239905257
232992031
292990703
291903997
292935209
252249233
317226055
82453460
227088228
153919023
339852137
9589252
33530012
159582860
14602589
117561682
65736337
192955168
233783568
58503762
65698096
42632951
44988185
293131808
67358777
34713362
48177456
27242124
11771512
16250929
72631996
61328496
107545479
242892689
249410485
111635527
137794015
14984637
18137749
26083271
224320485
235373000
82649553
33563161
133947893
208692908
239949176
35773039
16187637
15896829
99655992
14412533
15742946
128922607
103087786
22325059
88806753
19784906
91180720
11731322
32636643
19421806
15724082
284520037
19186003
22796241
236044880
11856892
9567972
11856032
13850422
18691048
242015951
76147989
17964900
26138276
85131054
131144091
14345062
28195764
19608297
14939849
38508305
20058011
78902429
15727317
1344951
141335663
140844060
73190286
113436175
7152572
16672534
137823987
15134782
50367908
14606079
80944550
24752484
14957147
17220934
60777394
47694175
20437286
14293310
252531143
285390946
16955991
247334603
15224867
16581604
59238436
22789766
29342313
14057422
66446988
15134240
23092890
15808765
24195214
15012486
129367367
224252031
33039483
18405412
63193818
12615912
16170253
6519522
14743618
110541296
30332995
28426328
22872574
7429102
1652541
242872360
85322445
74286565
20713061
16742806
23369246
428333
759251
158414847
18041530
16930125
19416225
15946752
10221272
16664681
14075928
18464266
100531396
11348282
76936279
31801993
813286
30929600
14770470
111379452
31611298
15463671
55355654
111635980
1947301
14377605
14437914
25043753
17070252
24207116
24244581
26258792
27050469
59676104
11857072
9252212
4119741
16303106
18622869
685763
254613731
1106501
13493302
22162854
17006036
48115928
32995184
248735463
244655353
18916432
51241574
30043495
112740986
34638973
14384907
3108351
272087231
5988062
15728161
14717197
22509548
30216513
18510860
46744791
59159771
95471361
18082624
18217624
19739126
18891923
11856592
28785486
69181624
20608910
21982720
73238146
28576135
16439811
15210410
23839835
5357812
14062180
39389232
788524
15458181
11388132
22063600
11621822
14511951
36686040
38712914
10475492
37995402
6708952
21267555
161383633
33983758
9624742
242095377
2836421
82151660
22231278
17487795
21675256
117218907
41728910
22082983
20286125
21946258
237014314
155642785
246769138
15570735
16925437
18424289
15220768
13524182
16149614
30005269
38254095
210926192
43017664
92186819
236487888
16102244
9103722
5108161
246088673
15207668
16789970
24745957
63169388
116505994
16500308
87031118
87498687
15159913
77032777
45604374
21360690
21252618
64916983
14620003
148529707
66369181
22240612
15088772
76091017
128594349
113420831
21122578
14401607
257529281
58928690
25953715
778057
133872807
20818801
14066024
20776147
193785644
137466464
7713202
31122582
146531804
15210284
26596727
22012091
14709326
17006157
20517132
15922214
95493980
15753624
9532402
44177383
15675138
9639502
16129920
16017475
8953122
5392522
15184616
89123936
33986037
16027122
17011177
13215382
188019606
215060963
17004618
26946495
12137172
15954997
30313925
4970411
742143
16172991
222637332
13491312
7334402
108617810
61206798
246357149
84388888
17074440
5402612
237112418
14434011
30647780
15735191
88007912
58683409
12272322
50325797
14529929
18909534
16072058
31127446
18172905
16157855
27882000
20182089
30912937
21406834
60828944
29442313
23600262
138770045
20471478
19782176
31937109
78726069
47412499
43963249
16583468
28602948
133832049
158520264
21789463
242426145
14135426
15458694
138787319
9245812
9300262
807095
2467791
15764644
15382998
17224076
158398519
19683238
18243846
19424182
69684767
31198756
185390011
162112933
50718079
50393960
21224486
58941740
95997861
18997592
111112547
21106227
22083949
22999611
16745147
18487229
25126565
30973
30025095
14746298
31560075
25832917
18167574
10648962
25101704
24795283
14610645
41674798
80375074
135304832
36882633
19430999
21116401
14352556
16230239
22878150
23642374
32259076
112822152
20990445
12762342
58544943
141002960
16086928
16820073
38533218
44339519
31941306
49773837
12925072
31128529
16159245
14440235
17875633
15848442
14970544
53945384
69428313
77498169
19618357
20123484
18818754
30012536
49785781
46970693
18999061
19994116
23178979
95252418
18999188
27129359
112799271
39402054
21361624
48591645
14894841
18193396
19254781
39348261
16115979
5255121
23967554
