23735975
2970279814
2975350155
983633204
109775248
17560096
96829836
1536791610
79743108
7768402
131497030
3027286779
297745485
6089512
49733381
28796289
26441991
2337252697
54238458
70415274
152347965
27698202
115099953
24749214
18193160
108200472
409486555
18552281
1124375143
61592630
163598915
46004597
9864852
1886508500
1201714944
599514399
34274380
583902190
930184405
18995454
633924423
1410671952
61970623
20562637
816653
1344951
384572333
325830217
813286
112740986
1068499286
1058917562
404132211
78445977
47412499
46016028
1083448909
1072453910
39249305
148453195
137823987
13491312
581141508
19318314
1055685948
516880804
1262814457
236511574
384392601
442824717
937723303
19918558
384913290
510516465
193872188
1092979962
1068470480
1080509366
1071840474
322013313
1009269193
1339931490
22812434
1077121945
1128781184
41017380
1060984272
31611298
432771620
1135486501
1260172386
1027156464
1222257180
29501253
1243902714
158398519
249348006
245451804
942156122
24913074
7356562
385429543
35847728
17912982
192904801
937801969
399625123
785451194
17896154
24529035
38259234
59884592
611134766
530938979
863330474
2264799067
2305428572
2242638794
46733238
135173872
20538124
75118157
212915108
39317107
18483886
1531521632
24745957
168673083
17470695
47402168
431233028
755256391
815325156
278582590
22956207
357563992
23833641
115564212
293615586
32780218
54244175
378167577
40057701
18695891
67194113
15174710
278776049
1064206014
1071102246
53484257
1055730738
85396297
1410590874
165906729
16247494
141286022
36957404
186207562
463132556
115111016
1194363398
17243582
36764306
995193054
462143773
776664410
950783972
310310133
303861808
558769636
389759292
18290951
1317062689
137794015
498476752
114889732
1061385474
19658614
336124906
17539497
787373558
8862532
63363893
975398646
16935292
128750686
217550862
30203220
126511890
1206227149
1023020557
16930125
44134773
161734884
16228479
247033019
1339835893
133464702
78620078
16548119
10886522
112549655
76133715
26637348
193813055
86364947
14928734
19787735
43430441
80366372
29141019
49734054
14226882
106135104
1134292500
282735852
32007346
33972882
246088673
82943769
16244978
1330457336
19610051
30031547
818040343
54981205
6576492
26804204
337453078
250884927
120342217
30434892
24165761
80686496
18444468
15378238
549473161
23592155
288352064
1090002997
63001307
1155335864
15923226
245498430
137733597
10069612
11856592
870261620
140928543
237446906
33537967
1089859058
15738599
297532865
927814729
18967418
1140648348
339266274
357092583
785414496
1286312880
17011177
260396714
71120500
441415749
8406052
44491388
19824430
1074129612
1045110018
166286545
6355882
20113797
970207298
1058520120
231510077
462985556
26548315
30256559
127861493
342803375
28502793
41814169
236968815
43638469
19608297
17469289
11384102
475286355
43425975
113467748
225092673
142721190
15275864
1058717720
26596727
15463671
1055907624
14511951
14159148
13524182
44211758
41037832
15399512
236026761
59157393
27511061
76812873
17389023
409456907
12133382
17006036
612117635
18776942
135931182
364423298
21921531
13393052
191477653
130945778
1037321378
1080844782
205864193
83932732
9763482
19476016
153149305
14677919
23593446
69193833
15837659
66464745
31855526
14270650
21768766
85131054
59159771
15220768
15727317
136300373
114497182
11856032
54208274
20109973
21252618
19948202
238259855
21457205
111141045
19608273
14342564
80628196
55355654
15754281
1947301
49698134
44615672
14695985
19834403
69181624
15554922
39155029
337742544
330592913
91180720
389840566
15164565
21862217
2884771
476256944
453319164
8839632
18510860
24752484
232268199
16955991
17291393
34713362
23617498
14437914
1158446023
23995748
21228708
18172905
295899118
142849883
75052666
76091017
122174004
55338739
4207961
110541296
5988062
76348185
278124059
6519522
20818801
27901418
14962779
432676344
26946495
19358607
48802204
59771400
18587457
42389136
111379452
15647676
44873497
87584353
76456274
11856892
14246001
30043495
78408666
81187683
44783853
14615871
16581604
259403099
15264675
38421062
166252256
17006157
73181712
16376937
45671898
97474887
258113996
236899846
51241574
71294756
15731165
15458694
21982720
155669457
1652541
16017475
43910797
479872233
308721230
28785486
21220931
9532402
5741722
89820928
7402662
14676022
30929600
108617810
61206798
20437286
83901492
73238146
74294786
15012486
7152572
2836421
15918708
14717197
3108351
1917731
132201224
2467791
18622869
227088228
5392522
15922214
242426145
267854863
237770636
33576489
20545793
111635527
19891734
56864092
20552026
9624742
807095
20608910
210926192
16669075
428333
40277246
14377605
16129920
17074440
30313925
208692908
92102359
43920155
70526457
125445568
233783568
288751432
50325797
15210284
31801993
162069635
317226055
245516606
759251
33530012
9300262
12011422
1051127714
20443787
1075374246
16187637
126171100
18696134
17494010
135297032
72198806
29442313
18695134
16789970
188019606
150724371
108376246
15764644
22012091
18916432
7713202
5561412
14984637
20002401
36686040
25781141
14135426
16583468
22669526
58928690
22812754
21312077
115979444
242836537
247334603
82649553
29450962
138770045
140519774
153944899
199325935
239949176
240812994
168502762
84119348
242892689
63169388
239905257
163570705
18909919
23600262
80612021
263815367
234014087
48086014
221792092
22523087
161791703
235373000
248735463
82453460
153486399
161411080
232992031
28602948
34972633
241207373
111635980
18137749
156333623
164007407
246357149
119250381
193732179
50452197
24195214
28599820
109025212
36948268
88806753
38254095
150078976
33563161
30216513
93761782
171598736
249787913
292990703
312134473
258900199
339852137
153919023
252249233
292935209
151963505
267938462
305216911
74508260
40302336
381152398
164369297
357606935
87510313
20688358
562232053
316165422
377609596
334894942
272004287
20747881
960962340
249410485
165907318
1072467470
43963249
133832049
15987296
