82657929
40934685
2747093228
86177206
47503255
1129443330
22528309
1249982359
2963445730
3137331
63216241
31404932
26777550
7713202
851931590
613725908
33676743
57077870
14091360
602997805
20015903
37920978
19739126
18166778
246341769
17896154
15393700
475988505
74848074
2469604452
81503713
65662803
15600527
46161766
19926675
20207514
233761277
10168082
586671909
1473110280
1487846678
36953109
15207668
1322558402
24735461
70118472
1238220018
22919519
278145569
239871673
233693291
211530910
1138688364
114756202
15985455
237303924
570362468
17908147
18903487
23045066
3745781
27710378
92093248
109001556
104256723
16317570
16807883
148936255
136250134
17563655
459629718
234915840
87607122
16300355
34340464
18646842
17926920
21104773
20006488
20720537
20597015
20633826
20635294
19624861
16314276
20631823
19991117
20325354
20476148
20437713
20451320
20053279
19040262
15462053
18825840
17516995
18030431
17930574
16479702
19913907
12726012
17850012
18791763
18906561
15876673
5357812
14904437
16051570
15751083
17463211
