26775504
10485162
14764240
16097702
11771512
20800328
13067732
429528371
236617847
20249103
44235446
30815935
3236697267
72770853
179517830
1390186333
32488919
370130432
14615871
20179628
103018203
419784857
121598314
407396556
13850422
615443591
197536380
16715398
64791926
9229672
43425975
16299627
11915822
25522083
26497475
19502995
17544803
23592155
47454443
126511890
134846593
42692687
163995093
189129306
234186830
59031230
20776497
12811862
58908090
42930296
70709534
259395895
20769514
20465881
5392522
9300262
88019884
2815794381
65073830
148808814
163501000
214949058
17997467
104267638
113468433
115670062
121188009
137340182
155905528
171622913
179973018
214976391
226631680
240744445
252687024
306328018
327003627
390396137
356834376
394757968
1101292818
224320485
47321029
89820928
295899118
54208274
15224867
393562221
454361580
13296612
38452560
41628166
18906097
18250219
26061905
22676022
22669526
23201727
163570705
30216513
38254095
39249305
155669457
156333623
161411080
231108733
231510077
236279233
239905257
237770636
245451804
267854863
303861808
384392601
581141508
612117635
950783972
995193054
1068470480
1068499286
1083448909
1128781184
1135486501
1339931490
586671909
1536791610
807095
104265378
599514399
55338739
30031547
442824717
937723303
1060984272
2970462034
56838529
37687633
250884927
22049097
2981592346
1074518754
486694111
224285242
216503958
29201047
20597460
150078976
117501995
109287731
92186819
76456274
60828944
43910797
47747074
33537967
15808765
15442036
7429102
109071031
132278386
172858784
242555999
247334603
249787913
278124059
250188760
293131808
352534407
435500714
476256944
22053641
432771620
1071840474
1090002997
2966570782
2970279814
2975350155
3018670151
3044993235
3091316093
247486443
7004382
74294786
116505994
151519500
1339835893
2996740484
17289717
6371492
242892689
785414496
942156122
1074129612
364415553
20552026
1260172386
516880804
1243902714
267938462
18909919
1058717720
1058917562
1045110018
232992031
31611298
1071102246
2433737761
235373000
1061385474
1064206014
1080509366
249348006
137794015
78445977
1880674038
1222257180
29293808
148453195
29501253
937801969
1072467470
19918558
234014087
36686040
1037321378
1206227149
14984637
1055685948
242426145
132201224
1055907624
389840566
48086014
252249233
787373558
2293131060
558769636
193732179
1058520120
27749616
15949253
382407645
18154271
2284150586
463132556
521677143
377773483
21612122
71141734
257168815
25781141
85131054
92079350
19608273
279164084
109025212
1077121945
126171100
1055730738
1410590874
1392282998
858646280
432557320
270067927
97680081
570085943
115666916
199798906
18851248
19605981
433034412
626983614
15769327
353048844
14296273
1092979962
239949176
28254715
193872188
199325935
14938312
249410485
292990703
381152398
263815367
479872233
158398519
339852137
153486399
312134473
20517132
18713552
34113439
413468104
925999250
82112692
17811838
384572333
18193160
21762865
31136855
35013862
161338306
20284860
91149180
16703461
15174710
19246075
17026041
8912232
171598736
15534344
19948202
16545084
89222068
30284449
342345319
118530377
30478476
526787104
254117355
409456907
2836421
11856592
205864193
475286355
48802204
18587457
364423298
466519303
915537378
38237330
415660037
313070057
326399268
515655160
29476085
20507027
27187343
618701013
108619944
30513693
79276714
14133964
227682918
87257701
206237672
1255408861
198567769
57740527
20076000
140519774
28599820
432766911
355923032
15864446
1096062824
311658842
15845753
492921574
166304936
292552239
186894262
35829796
23839835
151963505
970207298
403142669
239963871
141084952
19371141
18510860
16683301
236026761
19563712
161335306
14434011
44177383
54276326
120750710
61734492
271441733
266207117
113467748
101961371
23648179
17989166
29734444
17470695
45564482
15828665
16550986
110536434
60973030
64733210
16686144
338608917
96675300
125453969
541331965
158426909
182503471
193813055
774180818
366606110
24196684
46733238
114887629
240813318
7860902
16162149
28976901
8487622
15586316
54264178
61285110
14770470
38512770
1286312880
408816873
47455112
15617578
15716004
183767243
29607664
21252618
94013297
19489239
24506246
168502762
218276360
203288316
16244978
27055034
44211758
299877078
731167584
17086475
94000180
21215254
103087786
556890374
15290909
70279712
138790459
10371822
1140648348
776664410
53429839
87271106
192904801
76525772
533559626
144949149
14276734
28181835
22109355
47448886
21274338
38466830
15985111
19168381
426709046
10929352
31128529
11394562
25704351
41017380
1209878390
258113996
1080844782
18562122
15939889
34371118
28729277
594745693
16490790
75600769
7868832
313344689
305307067
430834036
15908429
172767677
18028893
14235041
242836537
136550204
15142281
19545932
114870265
212915108
37999041
185648739
97071323
255827932
19027427
14811485
322628886
7402662
28902856
118228048
43704353
18495473
14588748
15826822
369602017
16302354
19541375
326379776
22872768
20015188
138906158
378167577
117944986
1051127714
467823431
91180720
148529707
50400124
329147510
46463010
15730336
128631032
599454226
21782597
140286364
16842063
246108164
79295663
218982732
18174520
305732399
16244449
115564212
50149303
20598720
331816614
18678924
16399949
14096763
16906137
18327279
18982396
16170253
755256391
97474887
47436923
19219570
245498630
314261554
19847765
16002085
14606079
138479037
870261620
26804204
108617810
21268897
59159771
14695985
93069110
139477955
14118608
138261295
70807410
48797538
525425046
55821983
28708146
24773177
128750686
82167518
15731165
42969777
21439570
182398325
16006592
82113610
21441621
22266202
29712935
418205622
14173084
20100446
436925910
50325797
15164565
108921747
20818801
15750214
14251225
22320759
21982720
571214272
92370760
113420831
19107878
18622869
14641516
522282462
16228479
65431946
216495966
81644488
168780835
28652194
19013044
18483886
63525003
18229623
18995454
5741722
112526560
16081831
9252212
14870670
351832182
24295932
14270650
17910554
282545479
8953122
19670226
217489910
15731368
131144091
142721190
40315296
237446906
258885469
232268199
201528537
36248370
233783568
15571421
322441742
810424
222622640
18164272
79366215
45671898
272550180
255719070
456806128
249469549
127861493
164369297
72313842
397669339
344710517
927209300
16455593
102802196
16326882
47652227
17042066
16935292
234087531
22201002
141286022
18696408
33235204
4816
80917722
14976721
42389136
66754934
130160106
309151539
335972576
108200472
1947301
14700316
21308157
319100065
551520612
58503762
126062842
226219881
7794142
65388644
441415749
86776195
21925979
19354391
56440142
11856892
16698389
13524182
122169458
15918708
14434063
14377605
17006157
17004618
9532402
21768766
6576492
16129920
16012783
246487026
339266274
14135426
63262233
16789970
11988052
17171111
15446531
44988185
284266512
7140202
80617430
243291022
15891430
95270375
64916983
309883487
35449630
39151040
18276341
121208305
326255267
15892011
59557446
321416352
26657119
186579768
140843849
16310349
35869256
148752535
104589290
166545476
191624943
69193833
153558139
189365156
212777836
38548612
14928734
44491388
14893169
582118328
403699671
21316253
12272322
20525702
308233424
37281592
15275864
115146080
378125006
22891564
74508260
520893612
531238716
520035115
407013776
541329760
40891913
12925072
52992670
476193064
269930267
15335662
435094186
486080925
16041234
213295930
18172905
48177456
14717197
39153780
820585
15473574
14370819
1917731
16017475
29538495
14412533
3421641
14426645
30313925
2065391
15426911
20705324
15463671
135897307
14146966
55355654
33986037
366223867
155622924
413456876
17487795
17845781
256845781
470703779
19787735
16250929
43409523
18124790
49734054
245424983
167411876
20508720
16076032
373551099
52074305
111700487
16129534
26392952
13034922
20087888
43920155
1083791
30970039
90746345
15497533
23028987
14757714
133464702
15837659
7864222
76133715
7793902
21312077
14529929
20707070
16742806
19121955
186207562
233979612
30434892
15663169
16376937
22093595
15764644
357092583
18978377
15807408
19670455
16028233
25349056
49640770
15663808
119421760
69573718
80578830
56923139
25129903
22049155
36581878
32774989
73015707
40320565
9542972
41640047
46751590
77933310
14226882
31143839
133850987
126118634
36094167
82943769
82296803
33530012
120342217
63001307
85338860
18444468
20660342
19695252
19343674
182217410
8406052
21669123
85339677
19719380
47091038
12011422
19570075
192955168
7619982
20801967
294212748
52660746
7782542
166882438
98482432
18590012
28502793
236968815
142790559
81897374
55085147
66247691
100818214
14240875
18191927
53176629
57002648
28796289
26441991
16000856
361321755
16174972
15731856
27582945
28113052
40893150
15097615
17523757
36367491
25267161
173979063
198720628
46470600
137733597
20064655
309178614
314797639
21684013
61206798
31122582
19716781
30929600
84119348
50452197
24913074
161791703
208692908
258900199
292935209
373600871
115979444
281593711
83668232
19216998
15458694
137466464
188019606
15359578
15727317
18137749
21842781
106135104
90077282
30912937
151444950
9862752
16187637
21443773
105187267
196824385
11384102
12670512
77032777
1106501
11702412
126401831
26596727
249726335
237477771
21702539
242418441
163589845
13804112
266150023
73238146
19186003
20259954
14725649
55896443
14213413
91671740
16371887
221563863
285252127
96405362
167024520
29205600
21840425
88806753
21138172
15987296
8862532
18967418
16364071
9763482
28265605
30256559
337453078
81187683
21209333
40912473
33919343
23946892
21416856
40129986
16793684
19170880
2020351
41209938
20173458
34401125
111414505
31583882
97062761
16566133
18943859
18229081
59502660
21314814
50690628
75052666
33222598
21220931
22012091
45565185
39155029
133872807
108686283
14962779
14246001
17627525
50310311
17789578
22162854
16967845
15441965
15554922
10069612
13493302
33576489
16370091
272549524
133832049
28602948
80612021
31801993
82649553
85896319
23600262
16583468
24745957
15361570
36948268
162069635
47412499
138770045
15954997
82453460
21406834
7356562
23593446
248735463
29450962
43963249
245498430
23775292
19001834
96207125
241158245
19359576
136260002
25358498
66683913
32477347
16630098
19258235
26783343
153919023
22812754
240812994
33563161
227088228
24195214
63169388
288751432
246357149
246088673
65672919
17006036
222487879
272986795
16637144
17494010
23833641
13393052
18916728
19608297
7848802
4207961
17389023
161044052
31053563
20095865
71120500
21457205
76812873
18772897
140928543
15222806
19834403
14861368
177641164
268476335
247033019
15469101
44134773
16340501
212657985
24134103
16674443
61127668
22447078
16172747
74519287
20658388
168295477
111141045
136300373
301012485
135515077
19358607
21921531
56265051
74820061
112047591
288352064
15264675
23617498
21692297
17965115
244722043
15852644
19458757
34013800
164007407
14056817
87584353
38421062
19918986
225092673
132496568
14056708
20002401
221792092
72198806
111635980
36978467
119250381
379870030
239853743
