105925025
189129306
59603406
317980134
12011422
15987296
218276360
21551945
3091316093
1603419038
268476335
275595575
246353920
3022372144
18523575
17436250
14615871
1933042237
2999712931
1536791610
129388877
28652194
13067732
168606911
16458072
473358068
24134103
115564212
2703702428
529724032
2766942421
20062187
64916983
47696107
532589062
28309991
25587936
19608297
227700499
912608010
246088673
2730150631
33530012
2482022082
1339835893
233783568
15808765
2966758114
3018670151
2724095695
22485748
108425319
49640770
32478637
57002648
66369181
23593446
148878245
9130702
16547587
501257814
55338739
309282144
1701689731
18781212
16760131
196003183
19894091
151519500
16261445
75052666
91180720
158426909
205864193
48802204
89820928
50325797
16017475
14412533
9532402
248495200
114881944
20769514
15220768
208692908
16532983
300233337
394046454
3044993235
17941960
3027286779
22859855
19915329
234906311
1155966248
1276933274
63539017
23118040
56438267
247334603
24195214
185684821
761783018
18695134
278124059
1623308912
1140648348
1444015610
1243902714
2560169238
134329964
214296704
54320038
87504881
2963445730
2964351843
2964877294
2976606250
2975091705
2962681881
2973870195
2966570782
2863006655
2433737761
314205957
2750127259
2966765501
2916086925
2976598347
2968451607
2968007206
2975350155
2361650234
2970279814
232268199
487738026
19024627
1482651422
2962868158
9300262
227340878
1137600571
2523229567
15675138
15989022
34438002
45828171
18825339
167024520
126401831
42692687
14251225
15463671
20508720
19107878
14870670
130274805
407013776
43409523
217550862
21252618
137789852
1410322550
12859772
474974313
46557945
243337600
398088661
250912539
28049266
19195094
12354832
104299137
21612122
93876666
234879892
272710377
89237846
77032777
154985728
139738464
15570213
108985543
317253682
11125672
16125224
57770539
23911915
346197350
39155029
19354391
19186003
136550204
120233868
85131054
14552725
93069110
147649517
123327472
87584353
21768766
132611973
33919343
16930125
86129724
136300373
997684836
12272322
169586280
27064383
103961877
18678924
160561302
15689503
33222598
370489880
53222666
82509878
23578274
19358607
46747249
17965273
21921531
63262233
65672919
23617498
14343044
132267415
246487026
26804204
14194973
258885469
1864691
485963620
237446906
217489910
301012485
177641164
105677153
15738599
30256559
15908429
27002777
8861182
16226273
22930244
18816349
20010519
389582305
22662550
50400124
53929374
76812873
304646849
142134564
46627530
201528537
24129316
337453078
50502137
116017186
475183032
115941650
21782597
209776267
244722043
18967418
274582592
208133682
166286545
102802196
26676275
39153780
524669791
8406052
276504090
339266274
29729155
348670750
369642122
31305382
390919983
8464512
350301334
1411902361
27777926
70764269
256622782
46754107
16995109
1110621967
101599264
46152294
415581517
622066615
47327366
547142960
278144816
352734615
1488913117
188901105
38936142
15551946
804967878
274581613
485805200
67845619
208700254
16256297
340344751
950592782
14469461
110451417
149220151
178052933
323233400
369308498
160951141
16797358
48117044
15803250
207285967
22400304
1702709203
78380247
1510967216
300304779
113499410
46877654
15347731
16395525
1710382297
72770853
612809644
952086582
2155397910
2196232098
64791926
462985556
32676231
16297568
369828299
17470695
2272531993
113795716
127873153
397793960
2329629320
138536211
2424300254
2511408984
208736091
2677944625
18713552
88675499
119980727
16543760
265270727
170184880
41406594
161038210
606443380
216812400
132953997
804514651
20465881
82423741
15264675
168932979
1032290077
1017637447
27978179
250386727
85648405
6577802
7713202
10102032
10840862
12788332
14275291
15160884
15281676
15356407
15394954
15600527
15751083
15856366
16102244
16256269
16424044
17513304
17544524
17800215
17896154
17976923
18030431
18166778
18277655
18317325
18566912
18773159
18805303
18916432
18967498
19139963
19407835
19658173
19739126
19926675
19929362
20015903
20053279
20192403
20209807
20467163
22055226
22508473
22509548
22527499
22528309
22545491
22831059
23103488
23124635
23712174
23951197
23970171
23976316
24183358
24735461
24773493
25086658
26051676
26424123
26778110
27676828
28176898
29766367
32010840
32506723
33977070
34340464
35829796
36654245
37007274
37094727
37920978
41445718
42924141
47798449
48117116
50152441
51228911
52503751
74198348
75367781
76350004
76452765
78369108
84620376
110545675
114756202
117777832
124224165
137407124
161743731
190328374
193794406
198526130
201079432
211420609
211530910
211901075
213634439
219429281
221793778
222286905
224294785
224391627
229197216
233693291
233761277
233842454
233949261
234057152
234022257
234053893
234128524
234469322
234573331
234797704
234812598
234822928
234837632
234937222
235190657
235251868
235271965
235312723
236479311
236899846
236916916
236960387
237299871
237312687
237348797
237750442
237763317
237814920
237862972
237944147
239871673
240363117
240376522
240385577
240427862
240760644
241207373
242376736
242761889
242873057
242926427
244268646
246341769
246769138
248699486
248850174
249219716
249288197
249339682
252819323
252819642
278145569
281540744
282093902
299883942
301549400
402719755
436192442
518644221
550401754
551195347
584012853
613725908
834069080
851621377
935033864
950328072
960696949
960962340
963480595
966442267
975200486
976969338
993153006
1045853744
1048784496
1051446626
1058051748
1058256326
1058345042
1058460818
1058807868
1059240924
1060370282
1060487274
1065995022
1069124515
1071900114
1072008757
1072382221
1074101017
1074412920
1077446982
1089334250
1092757885
1128514404
1131917492
1155212191
1289319271
1209417007
1324891934
1467758983
1849261916
2253968388
2696643955
2847221717
2852998461
2853309155
2861616083
2862577383
2864384387
2869746172
2914163523
2914515430
2914571740
2929491549
2930635215
2932617195
2933760046
2951574214
2953494478
2953713339
2953922782
2953974395
2962813893
2962891515
2962994194
2964222544
2964287128
2964526557
2964949642
2965083477
2966205003
239964567
14344823
15207668
17494010
72198806
73238146
14377605
1917731
43963249
7356562
13491312
14135426
14984637
15764644
15954997
16583468
18137749
18696134
18909919
19318314
19918558
20002401
20545793
20552026
21312077
21684013
22012091
22523087
22669526
22812434
22812754
24745957
24913074
25781141
28599820
28602948
29293808
29450962
29501253
30216513
31611298
31801993
33563161
33576489
36686040
36948268
38254095
39249305
40302336
41017380
44251742
46016028
47412499
48086014
50452197
56864092
58928690
63169388
74508260
75785294
78445977
80612021
82453460
82649553
84119348
85396297
85896319
88806753
108376246
108839478
109025212
111379452
111635527
111635980
112740986
115979444
122174004
126171100
132201224
133832049
137794015
138770045
140519774
148453195
150724371
153486399
153919023
155669457
156333623
158398519
161411080
161791703
162069635
163570705
164007407
164369297
168502762
168673083
170111219
188019606
193732179
193872188
199325935
210926192
221792092
227088228
231510077
232992031
234014087
235373000
236511574
237770636
239905257
239949176
240812994
242426145
242892689
245451804
248735463
249348006
249410485
252249233
258900199
267854863
267938462
292935209
292990703
303861808
305216911
305620929
310310133
312134473
339852137
364415553
381152398
384913290
385429543
389840566
404132211
432676344
432771620
442824717
462143773
463132556
467823431
479872233
510516465
516880804
558769636
581141508
584912320
612117635
776664410
785414496
787373558
789244177
937723303
937801969
942156122
950783972
995193054
1009269193
1027156464
1037321378
1045110018
1051127714
1055730738
1055907624
1058520120
1058717720
1058917562
1060984272
1061385474
1064206014
1068470480
1068499286
1071102246
1071840474
1072453910
1072467470
1074129612
1077121945
1080509366
1080844782
1083448909
1089859058
1090002997
1092979962
1128781184
1134292500
1135486501
1155335864
1206227149
1222257180
1260172386
1262814457
1339931490
1410590874
1531521632
1880674038
2293131060
32359921
34713362
1652541
18949452
91478624
14529929
5988062
14293310
759251
3108351
14897840
17906632
18938912
807095
2467791
428333
15295015
30313925
250243081
14980820
813286
