334053327
37764422
122207745
18805644
228747444
44653060
47968639
18029328
17824265
237312687
16007460
65445913
55045856
90252949
15798813
128645212
22286602
37986651
12788332
28785486
42924141
15856366
229197216
240385577
246341769
1712989190
281610530
2962923040
86177206
20552026
110545675
390973130
2953922782
569833692
403036069
724599002
234812598
234053893
2560169238
22831059
13218102
1080844782
15361570
237862972
250861910
189129306
240363117
234469322
234906311
19219242
25341828
1322558402
2312829909
122212010
18963809
2973870195
2966758114
2975091705
2963445730
2933760046
834069080
17544524
432766911
2953713339
2953494478
15987296
2978291435
2966205003
24735461
18166778
16366471
1726207638
234128524
138609858
39510422
137472360
14790432
20064348
50695931
17349381
65744750
50434933
22170482
1917731
9300262
27676828
7402662
15675138
52503751
16256269
26778110
18632666
19658173
233761277
244268646
960962340
252819642
15918708
15922214
74912769
18001922
22915667
18583823
14084847
458809668
1354975021
17918065
50836715
56413858
1048784496
2964526557
252398355
2316003960
1868997518
17264313
15918353
361313270
2965083477
28176898
237763317
233949261
114756202
124224165
7713202
19739126
233842454
111627001
192435640
2285052632
1059240924
112508171
17800215
22508473
29766367
14587949
338553588
3135241
14730894
14335880
19553409
71627462
17546958
69773058
38495835
50769180
196168350
15976697
36452050
25101996
27311044
27744185
16031927
21426423
112047805
20957491
47739450
15075753
108416848
389001032
493199977
171733309
83856032
19952863
86129724
104299137
33222598
46557945
17454769
18646108
2097571
14173315
1367531
23970102
41634520
110445334
18983793
209138950
103952733
16184358
32359921
20562637
28140646
15110357
67358777
34713362
5402612
51241574
18949452
1652541
14293310
759251
91478624
87818409
3108351
2467791
2361224263
7302362
44209472
130600206
18247062
10774652
39308549
457984599
455764741
15450996
30864583
46002396
10168082
19417492
75939860
47798449
2914571740
2869746172
2847221717
161337016
35302628
627890810
75367781
82657929
9508922
10126672
19611483
54885400
8775672
234022257
14344823
6577802
48117116
16827173
18916432
15745368
17896154
22509548
237348797
216881337
1074480192
88784440
2962813893
20470513
2929491549
16187637
2253968388
17914526
21051844
1137600571
248699486
1444015610
16030518
17763693
2563875050
1138688364
764149585
975200486
1069124515
1072382221
1131917492
1155212191
1092757885
17539497
1209417007
1058807868
2861616083
63796828
242873057
119438028
238670666
224285242
235217558
463132556
28599820
19407835
584012853
15207668
