13850422
71294756
18996618
16434028
86969120
22771961
4119741
331475149
22056669
339299474
389461345
187618084
1039653806
16261445
14529929
1176994477
82186493
17881345
74508260
845753126
22129280
49733381
1578051320
188406252
179971182
254117355
97503010
110445334
147725246
312800783
27744185
34310801
617382180
15159913
483036800
114887629
1648165614
1597042867
158769098
46681100
21010214
22055109
43919633
15513604
17112878
22677427
1286654618
34037796
47577353
1665514478
15357578
45128645
384438102
1264489261
434854376
136337303
15754585
16104258
14185317
22523741
240014471
28416309
1630896181
372786339
26668729
234469322
176202134
609583253
37036297
252629056
223341509
1064206014
2450348999
172732018
873130658
18253799
1603358671
37825732
39663874
2178435955
28390663
7313362
50664589
16782140
20252750
19988490
1561271544
2253968388
288363743
1074848298
63237318
18093695
461311247
599417435
14026372
799389432
465037785
17429521
450941680
40116885
275451635
1089752562
333140196
400313082
876696266
593234552
90252949
24594836
15212187
21518962
35321790
1609508648
610164261
142929012
17046245
1470415783
257526012
369633928
1705410434
815916102
339304146
1553504036
1071820844
1658391229
34269424
350551844
720539450
988920390
15654452
1433595072
1612824098
23896899
1112436504
1655913314
382647377
1702250964
20458489
73127403
1638188833
1311427196
36477157
1212698294
542962683
750165090
37141250
37824708
1472752285
334565788
1008819140
243195845
637144182
95742514
39502327
1851764917
1861574306
206895303
558259184
48208940
1392211772
26536325
40265917
394889340
209675100
731607446
1892841324
1836797378
1898126971
993153006
18253125
17166937
13974182
68472404
28206092
567295169
60984835
38036372
32919527
1418935861
1246763515
1176888042
121312996
16031927
27311044
8775672
7429102
129879105
18646108
122207745
21829541
223970563
7684882
234446900
169610198
41634520
166556095
351726959
305216911
15368065
85606078
41238485
18005415
210926192
238259855
17028405
218347440
153279949
242387485
58187747
58217912
255734349
217543151
72646689
240376522
201079432
252819642
211901075
245408102
20879626
225921757
240760644
24167813
7663702
18990627
17289455
270028484
148900552
56087980
126423562
16202895
149267535
23607000
19787029
13820672
77238078
224068026
149259391
122212010
242926427
65362138
12654802
129897975
69104263
18874087
14287627
59986919
41873654
29289768
123584688
14352112
127539363
15745368
77242491
77245044
26946495
17292351
56708256
238321369
56413858
22779934
20400381
38776196
41357592
33902769
126416046
142843687
62184108
56265569
29247094
24018069
58857890
20249384
20635633
20119216
44960116
198394562
16617094
45424010
34336199
71907938
18592146
139940465
184606502
9125722
54808256
16047728
58856961
28688920
74446990
46706821
78627347
25902173
80574446
80340696
47832892
67704092
42910227
88068253
90114782
102818464
71167062
94612298
77008867
123805069
59312276
53348199
23507403
46018242
85002017
22955251
14068894
33544318
98294616
105397351
181322057
106413494
140319853
44368716
186659981
138950351
13743312
15884232
47830652
30220101
41003351
45945643
31160998
43319801
56842928
38586197
30484410
43596289
65027337
54383757
54323704
74329772
75889797
18080728
104153989
30775000
96193077
115245118
23814000
45161518
155060450
53485937
59111930
27628047
146569154
29312013
178768112
174277346
185475030
25635328
201972237
128868614
229491109
234940600
183656558
24450300
18884126
28663347
26089178
24029867
24826936
33903885
34006347
20412174
36372950
18393629
31432282
34450255
23508299
18885539
36188083
28433999
39565003
16360607
32584380
43999463
31145973
23140848
40928758
47675076
49395856
51168373
50654738
19068747
38613109
19736937
58172019
21215165
45682868
43539585
36939242
9726572
17090912
21022846
45766531
20550353
64176492
50848248
62997869
20718028
18702408
65585835
32334627
70462373
47778729
72172184
64287584
71632211
81916048
21789755
20184047
18497595
36584559
48389713
95121539
120494494
14344823
15207668
194263182
50729420
237403753
14562259
17266434
16100902
172986365
29775460
15993122
185770255
34113690
28611120
15263169
166235477
234812598
18480494
26051676
203419690
205711679
18190205
61180877
26509757
14934964
7487922
93876666
22643800
175525908
36588739
114050808
30027177
22303656
233601235
36429737
18610919
103594788
22026825
222206854
19808638
8612452
51783770
244985138
88078856
37995323
223867356
16164636
47808357
124224165
40481342
38039087
56491860
16873057
44722140
235190657
41683723
55616713
245548127
15532035
38600665
105651468
195412366
15017412
16849540
36777778
131044322
5496932
220165430
17903885
84061021
54338361
86133731
41209211
63188134
51294103
34927577
83234491
15572998
243500970
151447270
242617133
27787430
16703058
42964281
17583430
120797863
19877600
21040094
28162811
229739067
17850012
14282169
15450996
18693598
17327882
19609871
15976697
25946686
10168082
5840532
21631487
14865439
110701909
245556900
21758521
221957191
26155798
22341950
240222081
15905092
17842212
15745139
20732140
242315622
15786922
95245998
20938843
128261014
14720411
15445240
54598826
199286398
17724673
88057649
5511332
200998421
13253992
172553954
239964750
14086866
188848758
15675138
28897188
36717618
125497063
44325832
54237828
15912508
24645354
18199229
240663096
18663321
201760176
19139963
221793778
85450901
245078001
242809467
237862972
36412413
199290351
38527309
18170310
246642400
145257224
131546062
111687522
121231141
10615232
158770609
240722267
246946451
22720454
242970218
60823143
96202265
35887534
21337440
86589109
61446721
23272358
117827106
50012685
113382970
36069736
105723543
123754268
131274095
98713654
37561082
93002733
59869409
46486797
110436185
17807843
146388832
16380361
38733200
144208223
112761288
49997792
38441030
144909618
204187215
64297758
154247111
25511945
105223236
84677868
216446925
236880759
221464681
199856267
198684046
78364345
176741349
213985625
187618650
237090322
22051757
15520732
15983664
206539577
177579408
210689158
210499707
13119862
202341269
217340898
14957318
14839147
50649210
26596727
17093617
184807018
18219197
222946456
71904736
30342902
49304811
24196141
23633644
21875537
14873724
14098332
23556449
25165433
18086975
25633092
31583502
36172618
38780215
42886301
41860136
41855148
18796055
12743252
50604105
35641135
19467126
13311732
61798424
48807891
54664781
55239563
17545946
25137070
69078724
82955879
14476832
38728585
65080967
93437561
92900187
17485720
17467699
39657792
17299437
92546880
16744720
16781411
7938832
59925401
52838398
14671398
17877697
124016907
123976821
44228722
125422458
130655564
138090146
156045485
20695250
147665799
34192968
76631871
15749725
18491800
63329447
14262105
34426183
184856653
187971351
121826361
16888304
46375196
79292033
16106516
172443795
61496228
97052838
154281186
30526942
88802663
197920257
140268865
20767233
140921380
63728431
137421692
204841571
26874324
17009131
54292268
37355535
96845135
15863699
17097237
81175870
20101369
121241852
196679435
61771635
212653767
91525907
143831790
14687806
21537089
156731156
40511523
15706633
221076486
70562492
93717528
104526651
6435542
15851325
15404841
27753484
113169507
180431889
38079186
171683695
122391462
82817762
78137863
55651814
89467084
19546620
142390540
45741118
211498440
223153824
17513118
213528195
15822191
132993825
35773431
218952697
60217283
19469061
18217828
18158899
224388423
142424940
39806783
224289365
168830539
98963022
79384620
217419804
19722122
224818289
38758538
226644843
101831311
97704070
16811912
102770993
12170892
47685057
228908266
220747260
227831301
84633560
107861276
38295221
51615979
178972967
36335915
37128955
225169776
83272500
229476465
207513751
221793178
23089477
94592178
232031460
231934264
231891960
32973163
98912350
170898026
212731478
17407305
22971925
186290195
17036420
16180772
36198563
16926637
147751153
34618434
28321329
39254942
232066707
233676586
234248643
50396003
222320693
220885677
17352423
37756932
235283301
235427289
227371986
21577025
208254088
236198067
25553027
235909054
125432413
236473753
233331427
235561838
18065169
229460050
113727183
123594538
18568252
191768801
44175850
46302315
203262561
230347179
153438773
179599026
80082225
224087889
227930732
234070341
32645267
239323212
17386922
15944799
1367531
234022257
22528309
18916432
17976923
19739126
233695891
237814920
18166778
16039421
222579429
114229595
148532476
53405178
231679408
46661008
28889556
15673854
189637555
43955137
15160676
108991936
73410119
116564961
16474026
14433444
17285207
18299707
52395644
140959145
28992645
27513984
134812702
19650147
42967026
181261809
135444016
219244281
47398164
23719936
185293128
121215534
233557728
139761568
41847726
75600769
236487888
93950784
237554218
16479733
119899270
237760325
123738314
21873714
124464781
211563949
19616327
7126672
237040543
125087836
17629903
159302049
114756202
25907345
14618493
166604877
71598998
158496234
5561412
161717025
104598990
59143682
29723477
234457411
54621739
49863585
119145064
20852423
15837791
22509548
27443484
6576292
191588500
18148466
8542882
90934547
15715842
14936771
15689503
18650159
15428227
44177383
50798417
7713202
18891923
69160674
78387677
15600527
23951197
211588974
21660348
20015903
