108911116
1065068432
2161852847
111898796
2776818638
1563931662
2924418853
3334741647
2161446728
69389033
1446740810
612932090
296377533
1635936097
343667268
335989040
116770116
15648418
35001343
55601168
165081649
58786513
302004392
1908769993
147566289
261054606
22833425
41521318
29524681
247380033
3138925389
96247134
2902773399
2239425044
846651847
48105135
2614473492
588740117
18888847
3248097133
363926247
1660709821
2971188222
2962800861
18221144
391658754
2933698950
223313394
1161929450
213118015
196447125
1654423190
18229623
47714266
39845278
18950681
376876772
461788638
37847610
46424263
27087435
2859291235
465844238
14294363
33189932
3260499620
146190897
1201756496
2375562804
24303168
15783997
47991384
137209063
57426532
822647
16569663
7234682
1566085358
34294546
83871133
1287763597
316698745
221240603
66271782
2233356206
37145400
2773310947
86089805
25946616
29726074
27818124
58503762
1707871064
34467489
612245480
268500979
2658123772
322302097
467793957
2215842863
198541527
69099998
458974811
837715776
201431768
16650365
17258834
20217677
341248671
606304256
35051060
3152922081
16051263
16585644
21994218
3290795814
37288357
297781563
977364895
612374941
1671024336
983508625
119789350
2718656238
21901737
456947643
20172480
420176985
196458749
23192201
19954443
36840692
74950126
425580734
394188905
613003515
2493054141
388479343
124653833
530822717
131175226
2355313093
18645342
262423361
1305704594
2180874848
414407673
77347405
55664641
29640487
22069212
14917903
92688117
130014089
243882040
55097585
19219230
1145921160
36540378
28963234
2823330104
20565970
357320560
18196974
19642191
1008780668
114436807
359719297
193956700
252866356
16018868
1697923279
26160313
2356092441
963725846
2390381622
78779989
8619542
2897233640
28482770
255807625
23751066
558152045
293538857
197725046
19267585
1896034550
151688952
621457365
820767086
288625190
1524987062
16817269
554060122
515346749
98591774
2302126392
55807361
1085688696
20010048
100413913
46260190
3153084524
54147542
9769332
15374537
2373570728
2911520575
594454673
1038235795
23366118
129673790
291282549
599284289
102615033
2915702927
23039801
296501987
2899707171
2313341894
137730250
3252851988
332972912
211035819
247294227
85728309
17447159
49567050
2828181162
146062064
759644269
226160733
237432734
14200743
2502236792
2715648537
517741252
2949674171
582926783
3335906339
2194962344
2572952461
551965930
19565936
3181550367
2450201281
3190715091
163960835
3228100761
2316494594
342194849
462692754
2971098646
369108702
2204178164
18539918
107787714
2595467366
2615333156
2596209283
66354115
1363401193
345275528
443392010
1627000404
174422432
16205293
1145998106
24289048
2397973244
317577978
80895456
62761019
2307632106
21984058
839625955
16391507
46086725
459833106
117179079
54766919
1007756580
69259701
22033362
20299148
111179671
1353011888
2560118371
2492410802
452809113
24005213
20858530
22514438
43896050
482652804
2962648600
564792506
241590589
833182464
283703195
30080158
132243158
276641862
317706534
745157610
39656536
345416963
14630443
37259931
179586643
629047526
2469353204
3065334949
363604504
177057166
2179038453
2987611813
28693265
3020138827
2291329848
13922882
2450528581
3231068674
397837265
24975973
102785642
105707426
213463537
15616294
37337452
20968053
341468259
930743156
95488919
15843988
63564245
790070264
32516821
110611549
378588599
983481974
195793161
14817583
54786199
544713449
215992841
618584227
589763530
59279751
32849266
1304914104
1427880985
37092107
2570560126
124896632
50457705
1135669754
108020041
514991885
2931388642
29875586
317968880
128359036
23217897
56443257
26478351
1924161822
2490091400
480986215
2326524896
539282138
44325733
2999612550
176910587
2664197382
2720293826
739954418
24257173
2249403978
622550010
375685781
1045893199
630777329
120935503
371864433
14159905
1100019506
99000621
244284784
211316124
133048127
1549209474
2466759866
371841319
52319005
207072407
59712645
593984209
435292648
364953218
2593938859
124018174
62611609
2872337112
1705629152
19598535
1365828522
2442887570
19842201
75793726
3256870734
373464987
65520623
69519762
142542130
577319663
795974738
125935401
2272300260
2346222656
370222416
377738485
88320837
614600975
28690832
37432471
15896037
1462594189
240697075
1272897434
2763527634
48554269
168717945
447575879
390591673
237845487
44548967
535017769
247163518
3230513232
3116068201
2405235703
222301145
183044343
355292809
1328108724
18956847
15212936
1358763997
27765135
26962077
2567207936
813930631
118826051
386723983
1433767470
1197667537
381847366
11650472
3234018132
2739493636
3172005550
210808941
22288331
375111211
474559330
3304228391
1498963314
20993947
592123102
23448753
726160320
3118391793
1284262058
1477779715
57945188
2863892975
2178934916
112856276
2503976210
456097674
615868759
123041474
468543037
28435461
16877149
379910065
98926033
238772601
1695189336
214936178
92645190
417834393
164077964
969367094
15045263
110900637
3232077878
352795216
19464567
287888332
43388092
371552020
162467961
129571317
2297038861
1043560028
2550698034
453526948
1045481040
555320032
24189128
5839642
2834669441
22386478
143115107
338736367
623574608
502599081
106379987
278357656
2912604611
609231048
474426412
353210838
27298551
2458807652
77403942
107178257
623032769
1514749189
27733887
955306476
2236291832
832321352
439549510
81038221
2336973236
3063072844
349417983
275758716
1497060253
2549458440
52237982
542846403
21959916
30087376
704146411
39588710
27693425
404334121
1336112724
1290162984
23380200
3290864453
1915798844
2805809552
386888382
1539437678
119246002
1123998427
246391653
32295250
2962627607
32939702
17497270
2586190536
3349669911
2941813715
2245715553
1184362802
880342542
276801936
1895593380
193657562
2724191017
490578374
366644497
27490542
163393985
145763443
141292363
117502723
113523341
2244110239
163567629
34245699
42258990
226283744
60845592
459136932
2413179103
310893721
1302236251
913141928
593167647
141393104
1963390194
122196913
261467279
963554857
283168424
4296301
253607126
205938062
62851270
45832699
1074518754
207871751
1640393216
16686144
37061182
389653434
2614691866
963939163
838788368
3154134330
972493496
1445459683
42569082
2456537013
176956930
31303147
23025324
66914769
53578961
15302447
70298833
58784259
36979644
241384833
583122991
2484674838
219924714
109854452
2589771511
225126038
41902875
1114735326
59398768
831208736
132752314
359509742
1230072817
23484042
2927105337
1457921646
390381898
262940385
178043968
730102746
552917089
31501300
3295799189
113831315
17181884
906940116
74770764
69975541
887431598
722433854
322353675
300401317
2264399443
53574893
52765234
58675142
1733025145
79573503
283677704
41482051
334751665
122856431
23320242
13365392
6655182
22076359
225166727
31289431
18199486
101708210
2969467429
15397067
726014882
248666088
39985050
9497822
130680831
85504593
122216052
14640193
24016651
23706604
1587184382
154760948
1001734520
529660084
2463263084
111732948
177212603
769693405
2471121096
515743743
2559476538
273488776
2418454699
43555468
263396714
3320030471
3195712086
60332782
2962638087
80877837
310688255
98444466
3118887295
2174771983
16132719
21237679
61768027
19178210
28674574
399665589
33995295
39410093
951225554
33936754
2930371323
23279731
22563843
1626266468
428730590
329159493
55956276
2861899293
628806217
239949176
279561308
3122099613
41186732
234014087
381152398
84119348
14135426
233783568
2795517045
15764644
2897136909
741280818
28246428
3164451176
1339750392
2472798924
2755504519
821372790
1040447646
2288213054
204584481
767036004
179719307
2563544311
342806058
21312077
485805200
34003756
707789815
1913032860
365772797
67408245
1068487458
1623231721
464988233
2460075278
616275764
24845003
957676274
2787409430
93799690
90684850
2970349279
20315917
2732361746
75621334
163348510
2693519792
2919410463
153116157
78776348
111629735
198317044
881201912
35710125
33029226
3001389029
20618180
351850150
557322775
2270660737
378809160
16616652
38850100
3097693377
2996576548
2222083302
382318059
406863164
15707569
28100576
124898913
277685809
971572536
239755019
214933889
551844227
426562100
34944835
2611653410
2341053500
27570467
214226761
3314291877
1702374733
1038818336
21353026
290616931
2281130636
2530436221
1228651723
499967303
2962663072
17449833
283824663
1223260604
2458220654
2281002948
66091248
35125635
1067257849
486502155
47782054
327684727
2895978157
526371319
523177554
1252801326
152963060
20173061
1129909520
852785274
14641156
55524810
2989110363
1342016466
23748576
166230199
2234310580
1387389379
90181687
3223837927
467979185
2950141691
56510547
94297289
595317563
2517255082
388238164
66782749
19395255
1401663176
2951614234
17971287
491348774
480645077
361321755
3969351
952585128
611532667
1006706222
22480368
281175400
2414367299
49876550
844631388
21727012
1604640828
731680370
790398000
1735969045
1887559158
2608043178
18244311
376744269
290499900
266326338
104369735
65700868
401710943
2183959042
89367286
1318389272
2781870020
919189724
35390409
253353588
19536313
34466572
28007982
26930792
789845232
15609696
16562075
562534688
268633533
2327729960
3082139087
851138240
420777530
208826224
330738380
278693469
329198554
538634307
23782029
1369614062
264764937
2692886202
2828551852
2161194577
2878707230
71779868
3295122515
17002151
306362002
189073441
67360258
57445204
71779032
346727782
30059711
14531265
2695996184
20913928
50378967
15516077
109272922
401286522
2648099923
1563482935
188339552
551954330
299983531
24459725
2563205372
153889031
61415761
15441546
15639786
56184403
1266625543
637189066
467709390
1961237101
450383427
44157878
248841973
194437674
2840658311
70036903
17669628
18858385
135331543
222987791
55304240
17502089
140534327
30316687
500344021
333449489
18845008
564969554
472092275
860330784
2987818676
180473434
2151261441
1497420558
888471289
93884251
150544798
242150428
2248222465
38652279
24023190
1389982464
2813332863
2983579322
237975305
35851840
44315911
36778533
3071966694
2877913901
37953824
2310091460
336218991
122533830
190672282
2590058264
3076085301
161279293
49633388
22195146
282189177
769702230
437673995
760436942
48520727
2739680245
289118612
211462838
415304375
1046422117
17448963
396641948
2811799186
2302040934
17316061
3071275561
17069442
259430180
220607465
99608085
248490471
10386152
7381232
381398911
50711543
1928403162
38719918
455453181
3115146327
3247883302
943181244
3142785149
3152359204
579519897
23128357
2473228512
2535636654
2318608872
828156570
85672768
3092207883
102287984
3165535997
2647801885
456192689
3165527607
3220670696
16687237
1194653046
22651885
543286954
3050508578
3165496457
22583220
171855958
28621943
288082938
2303146760
633892762
3236512093
340121865
33497105
18281205
1933829408
3246083704
353586795
2149168791
2533130065
3278055725
144987211
3297538799
2808355879
2447368724
129133915
2858378863
3345220683
891409399
715992944
1310709019
19867477
15103941
16663
2828392779
624667521
164366739
2375299303
1255319149
2421007620
1035950011
18735206
2174525579
2874415893
614767244
976428870
624827127
20772763
617734710
16529856
314172872
192444336
2587618207
792026826
18057450
271631542
831943902
535564008
121559144
2597125730
3096805608
17201687
18597764
142641168
2698332337
2754327252
14688873
57871450
2425647666
72267533
2575003526
2326606418
33424431
201148166
901097250
30674107
3092198973
1620534235
19559392
601736765
35287378
16478421
3003905158
128274540
437406409
45656559
944020021
2307467280
19461584
14091546
20839036
2271963565
289379676
14616304
1436772295
1539021318
2271795677
385571238
905134842
336188151
186062746
3153211937
565764200
312805513
3092193257
137404397
302371552
240299017
2909607024
3165444389
550684012
3149017709
1264237344
473131226
27538881
372373925
27667945
246070421
36707956
2540752350
1145881922
3135844660
887880050
3273565860
192724847
2233635295
351378494
37020028
14076519
298667480
2841756584
2432221788
61294000
100343270
279425578
129616737
37489059
560248366
30317237
3244785049
249160382
269458063
1655415427
242438723
18557485
277810122
529354995
19948174
312381336
17232357
2356606172
1516545547
1006752678
15612015
91091113
172341311
390937624
19894123
204598799
37096107
2854305011
28151798
1356541074
551792324
44741078
591162674
3252650000
250194948
2466899838
399734384
23367154
2991085502
1608550609
2174677730
2701881606
2828383376
2284293187
1908397542
26809771
157126367
297816434
808945040
24016332
452429735
2852376769
2563354381
30586278
278022883
245099751
2725383752
27294925
88996126
3152803294
1375541101
33862906
2617538590
168935465
2194892502
422002379
326454163
2981735573
487182466
274572873
2489325295
38231370
2944265486
19324633
1471929936
3228974067
18458063
1969148101
357563992
226944476
362523276
1371641161
1067095135
543865657
2828560784
1000196282
2610191548
66731246
30597262
1898297400
275692283
14292954
2468568054
499126257
509155412
62396298
2798555951
3167678732
2472860672
261802499
498178843
1102342687
28643323
179083387
169290883
323766985
2345721967
1465205046
12300432
421362420
3030419023
261481743
2833831617
289879424
3243556919
78931218
245064992
108502179
1630672770
713555911
2646740852
1003931479
3247401166
85306232
27540466
49821852
449670302
3331416267
48110818
2793661263
3160766266
3302636194
412349700
2236392565
2216028116
1510841462
2364439620
1465907419
1909533823
50340794
251869642
108333819
546837961
362626833
327361666
1875333788
3251557324
531861899
3336901564
53030208
340216399
753555589
195180528
370260313
3133615297
110129833
393683887
42738354
3119089336
231447444
1368460398
2993486251
3241661833
23500352
861458845
974519978
2272322859
3091791658
3237436982
18741793
3245084157
14887656
2999462383
78572573
2298387004
2939898035
1712064150
2485540064
3310062287
3060199503
139810781
223565574
792483630
1558772946
76731647
29536062
1258367311
479802339
97270767
18985847
2542273609
310919891
3062435210
408941875
3253162406
2935432655
1944707294
110924032
533866283
851156964
3140999567
245889031
3229705417
94466621
849478171
1365612205
408498456
147247440
273525492
1957695516
3259893360
18092877
620886474
533949534
3062252894
2518389584
49468928
2207870821
90756002
1154971159
3194090556
179567595
993917310
2182778610
3213266039
821190636
943962181
51389168
253023802
1564499329
3158026867
22784904
107598141
898556900
1145994444
1347994603
164099001
23156165
1219645076
17857911
241806617
423058121
541283052
117567043
26050957
3337990593
260506590
133430077
3131396181
12414552
14305168
2497614536
3300590572
34030291
291660054
26802273
595770497
2367417518
385713089
748490654
106747111
121282355
102483878
20115296
18561526
23008511
456501170
1479525074
106004930
835608973
267086632
2420721170
2889021997
2578743631
846044178
1668348319
3237378001
329761108
2354519162
3051621439
1016071206
38263397
240011532
32145889
2883101494
3064087672
2774148005
336064103
2175089784
452790945
263777793
1355636546
14353083
36284942
38080114
335587459
2995176716
54185235
2374216105
2661091663
154395962
542422377
85912024
3041920993
282073421
59063060
2908769809
1382606473
75777771
3025350335
1536585656
1246854194
2157013849
2991654674
1596980354
758049516
888019993
55548061
393612759
2917246231
2591149735
96463111
2800357595
3065298601
465771801
2196238517
115791940
185782734
3096969328
1935924600
2186619299
3126309389
1346494778
2996003081
271414570
2288877090
3238977345
2345541007
211221856
551830689
123777921
2795304043
942612726
57337570
1646108922
548995179
16502450
26265383
1431544189
40561111
3291451399
764645214
24178302
2995045669
3163011836
2812391944
3091957816
48455076
2742283411
2763303600
236170649
2987896426
2745581952
1429395650
1546014098
3246401201
615458922
335622214
3048189527
2336265153
60098410
332102637
395530325
1702228710
2901334367
1040481030
14872450
15146463
513204666
3099383637
18150416
40489589
28270087
39266564
2260752643
968102443
12175162
608064928
3347963469
547040354
1452376531
76510965
118181989
2356923464
2427788140
2345878364
261918943
1247772547
2823048059
3214601910
1877263358
2256026508
900235790
116768584
3044742525
126206905
2337193364
19042466
108070481
29883456
928717039
712953102
149665425
96850096
210715187
496560833
17493373
2496962902
876954804
505348722
2241678152
2749397745
3055923273
1328125591
586164386
542852024
138526255
248782419
1725047028
1531922934
2766453313
2416664256
19293408
760817382
295017808
41411565
250265152
626859413
576349499
3121227692
2359974187
17470539
398220863
3246315814
206854949
25127355
360967325
503502672
2372754552
2419495681
134506419
452263554
759679099
3293215216
8746882
2827665448
1223362082
114403364
237812932
317214155
23136377
1470705733
2798659231
39331547
1522032235
1585807094
429410746
2790965574
142424816
1515125024
451676168
1905331646
990788370
36607082
475393715
38076933
3239520504
3030592920
3110952765
152005323
169947707
76235882
2372038201
197491022
3081393904
375349167
44626747
2433047627
7824172
3023003588
108386961
2178986059
60918224
16043396
2817664602
162696681
1702978728
3027674227
137894605
193886756
23030874
2924467434
2320381411
580903808
167755800
2774303985
20598058
30326970
2507601566
1368609007
453689122
1160416669
2478284215
17580647
2596735399
447695542
613972984
547222007
15631500
194334739
509964816
2176483669
100396728
89052747
271229421
2663152856
2159068583
326781702
568662145
95729557
19728247
1508831130
3300718641
622300974
34089556
388605285
230332446
143161497
160380751
468928405
1937626861
330122132
66666029
15293625
322025203
894266773
543635388
2306893050
2293723555
301725736
122875152
785616445
2298134437
397724785
2493226369
632415914
316603840
32698070
67288221
15792865
2695732264
243776687
153881641
51942524
11680962
273987936
204862745
145532375
3198766203
115794602
1386039434
165073959
1367969154
2785095528
163636683
344314454
344894137
30030404
3052884712
55121922
1165934089
3006853582
168834605
65947064
22082265
2734762370
121873926
3264638891
48772945
17568513
1050787094
802363802
1317133404
1634552636
3214054423
149751818
318176817
2218585033
315624725
258841926
57141572
2925784304
1026764281
921357572
3269467963
261350289
215895297
2254063459
146449043
2811707723
1507035384
157800635
2263737588
90080069
1921630856
1696700695
423106023
14446557
1460928980
2464087719
3321410956
43251792
135938330
3064265573
526014122
2941263338
65208984
2981584944
1634110867
131301097
378815664
294938552
403838500
35427495
941386500
393124191
2352316969
251925336
3166120541
780493902
1389788480
1321641828
108983209
705904975
2994810736
1087019064
3052538318
3304228005
322960714
3051009657
2428087608
3017806608
1438532737
2268709267
2753688933
2275811228
852002082
2889235929
108401622
166183813
927216470
19262912
2189207978
2725848599
40499390
38976017
110014280
16211002
32673296
1381088924
516007100
3255548288
1674213378
2760759027
704543
15750598
49663325
385628927
415897490
921267164
315673024
16195674
127510958
3092487511
192748813
2816497919
1144191595
478157338
961401804
112874216
99127691
747871274
31190651
2978292729
21986965
1461069295
1633463683
73650792
3100138760
2929465251
241181715
337539113
237782659
299936807
19116607
47965413
27686229
541144797
50647831
47842352
592244584
71849044
17799853
2750355621
1444774410
57866417
710219986
2826743402
155707064
860792832
385226216
29133079
126497496
103000520
1107406302
173677598
634785875
387951727
21779437
1493986860
15092780
6956702
14237969
86790590
2503317468
25096219
279371476
29108260
122484616
26588369
13832182
30647780
117983479
355470606
53019309
123789941
2577726673
138249331
3257941644
449882975
3104601972
2330340402
2152848168
473637671
436795156
1361437363
314111909
2277922300
2225235524
1259583768
824867864
74352812
2842353575
279668945
1364325079
3029336655
2377733124
361460084
177944746
1324480466
3092789722
19268939
264652564
974813768
262714309
3253285213
2474539153
809710136
232087043
498903705
38691332
3235205713
2808525690
209771034
2612832359
2745804818
39643733
421556288
220526324
1370912096
14231597
46980135
3188995035
266370372
3280852908
3259200008
239051623
3253027544
718556490
3231138109
2571117021
22241525
104708507
21710454
3368439381
3382266503
20005654
14669290
704727061
1216086978
465145766
1337053033
2786185395
18004650
471590513
1018085190
2396676152
3141866225
1225749145
362149323
17477253
3374366861
17656465
2484632011
207141071
154256457
194449239
22850232
854546720
2195925000
231529253
408965999
820322534
1343632100
2224644214
2170922366
1832050212
2968182964
238408688
39166602
129106500
45673524
348963601
2783810095
364563280
42933544
488565069
108312938
556962628
3241410976
254141618
731033971
1484961512
439645689
3131070327
2479330086
2220686736
282894960
82814344
2488986846
69659859
630750125
32337880
47106908
481399652
978841134
2540573335
214886970
482599267
242999809
1284956808
54597913
51317263
254663576
495199444
134547307
3154058407
18907301
3354083511
2959327919
997931370
2402201132
1329516092
50367013
109484669
232698161
16672662
290824795
789182054
845367787
18318256
2982626337
2215185970
1934741881
3102496296
610919328
819262818
1058477785
188163864
181309290
567422544
2573928162
2462339132
41865730
2763080418
603784190
109704112
266021090
23804138
23303135
17495334
1601802565
60445627
393932458
73244123
3022453629
1353564092
2746637598
209608973
732025080
90804267
20269254
806095993
2216451449
41409173
20886550
798810870
306197870
860566662
2470204352
104727439
2726862579
110889275
2513881490
2834460093
18723666
113356753
55679493
2329498706
3152096884
787991706
751372572
148771088
3077615801
383930088
1554740496
387760840
381893804
247910811
424755378
2578254934
16082911
112207389
3228880990
88121538
3237109164
21035682
194150366
673413
488383984
3090920659
290607480
194426702
346225460
480942036
2715931541
2734638825
701576782
1000567046
1487918514
1408622646
16191824
283914577
16444840
2311086683
1278587388
245625187
591744952
276277980
2712086412
268334152
2498670763
2465147731
525818314
573978383
2929796663
3226495345
73225768
50645867
2329607676
355622545
76553631
2244691130
110961163
1719695058
2893216836
176534793
724878049
22627686
2172659323
25491624
29100193
158554453
48719291
2955555394
2225349350
14200253
64485555
292402296
1322877044
11445662
20168368
1935354654
89119209
2765155218
237082086
22264801
16703101
24720598
202366356
19039894
29223072
2769857832
33654430
25320303
42072260
29839622
2564303984
3085185771
182182978
38877250
2469806792
631658169
2567319721
218086325
137436023
1119760256
1352623212
194751831
272267456
19805321
2355567925
301713190
2732214242
1957947373
322874617
2819362954
2830408994
716905889
1604464490
1883276078
352491748
2953058192
63330144
14079852
1954905350
387321930
945863539
26781439
1401240612
2812106552
374978819
1323628663
2489277914
91864452
239420734
73137701
3241876331
2972142446
2681586392
8707772
198227892
294735612
16812342
216919158
341793513
316427888
15522731
78492094
138982573
1927942212
373127318
36594272
343464115
1597791648
1886186202
40874240
585420009
2164876369
27668428
1192835660
40553358
33638321
924662773
1877233567
439109522
173630169
350657895
1909391822
403942389
17310523
81446528
87519314
1934668646
253358611
2439944157
1402707229
2491694166
1300809446
375454793
2325900216
2462590224
411774126
119156588
575760533
254965922
1879296312
1534596866
38181780
37704022
70156027
2705230248
18548136
322634047
1935359538
711736449
2455595246
2758192636
471332414
59959549
806217258
31488398
445788594
2725364611
14955908
143661601
81433780
373250902
3325755351
18544731
1975204567
538551014
125218969
26688109
36823
2827299613
77867935
1476210835
594404484
48948133
47659656
373084386
985813604
2469717942
68360592
134140952
1031617765
15360041
1931717304
184512610
3090418345
2807852893
2202681956
33412076
120561638
3026921073
2892806795
137757160
2546483125
554655694
803368998
14720594
237553163
1069276362
410972730
30491002
48278272
1249988161
2368485354
2720616408
12738402
272649652
297767738
1373259402
1702746354
2782348940
14163789
64749501
1495975435
420203536
2288856122
265489252
51245152
807357738
41919821
1383170816
86373985
15275963
2409595531
19848425
2540442901
21810329
136402916
74721676
1710210972
3255121405
373336995
3282574470
3247044241
3322330655
3230944266
2971607806
3162912864
15964672
3235166377
2693413070
3245578880
385026297
1466185928
172167312
31203276
199166973
35302337
553901702
1239873668
19126159
615252904
15420180
14258923
1928290020
3263232134
2591843082
65083666
324489515
23303643
481926866
1588702699
49388157
21011616
2877128234
44429819
482944485
322865349
28167824
3140546809
399178595
1546080678
2804833183
31497295
2985129827
2927000528
2935608063
25080063
854875705
132283755
1648526107
148637324
2850766605
79771952
2168253895
99732794
3374869365
400522954
24737412
2996538301
3031318779
3380897103
2961723001
3269554988
3201155440
214614152
588003797
49526243
2992439943
3159114832
1418549503
2900026083
524716582
1787818416
44518469
2966770391
2349473742
17984049
247129904
105821864
3198276169
15984495
2764720327
459287059
1426132309
263437634
1028537388
1955494334
1419577212
192538987
24357823
24032654
37332302
508503884
73922604
2926930499
621206918
349860254
3040032162
2750095230
3381156351
2266537232
743920388
90959713
2883516707
157421631
49040527
859031983
2787699738
3241924811
246570022
1380339558
2661213121
3129977461
2941822831
2505251408
337005148
2548268827
94367917
173606855
836966376
2806004678
2898420452
978597343
2338469365
308142557
2569730485
279339485
2548427874
288584040
206400747
293656692
57137161
156005263
15755592
3379557243
2800544974
222216539
158603785
1141160576
17480596
138875488
166183789
2795418010
205044620
2986748614
3270933505
863291257
178108219
22164965
2493300512
29354848
534420117
2762482602
2717148117
193470961
253201164
193061543
3310209088
1524504108
374900136
74611650
932800111
998348030
853801490
41292894
42217125
3297194657
3111843984
2223552756
2536459956
607210349
1961286391
515681618
33314785
2329733839
3109163034
3222759492
51244032
2599925509
267970075
2422821684
33205490
36173816
1312113937
3007997607
352777535
1918362037
32883015
1584259802
1853135040
3002700275
2379683173
2291773308
2411064696
577652051
2388921154
399722029
422270949
15042261
17087547
3133064804
1693095812
371386189
147425890
149942264
3179478090
131992574
169325249
201832995
208773595
531666149
229587515
38213740
280071073
385039748
32447525
813902060
1444074480
65458298
189185882
42696965
3033676904
437031470
2364523068
2898072321
271894343
403932208
162473199
128554081
402937312
2316003601
2739792487
3233900555
315526938
471560358
22796565
162219201
1548492512
262349771
2198820559
388456774
857027251
2913033605
100880543
3120401356
3213473824
1058477816
18267698
757739089
1638335006
629160690
2250817146
19856692
2996078151
2249732667
536646582
755473626
444284249
383085116
2895067708
382703296
243935801
19508842
47384744
30741989
2489876192
406579529
371950796
3247417783
186568831
2551313612
20441751
2735783902
389807784
168021321
146060152
286840556
2796260970
235355769
385719620
185039684
217574712
1128510168
3272986743
188055481
1528922604
32294529
120845169
468551392
45413198
54739606
263282373
712774928
191114773
82179637
1899015738
1494002930
2766243185
222469215
3219941263
518129224
2980324958
3240384924
301055281
111166826
2147587014
1011441294
33124066
459417777
263196028
461385547
3329920348
15480409
36600463
389377180
16567997
280707480
19582638
1347821053
15773724
17134893
78154496
2400016656
15483858
362268799
256717555
2986301995
481728744
76224021
35750726
11268442
40922798
2957810461
52474769
527694017
375708142
2934389163
506282253
106219470
15367337
2772468753
2383627949
3250914614
17982365
21235116
1000356188
45684510
2995025746
429547675
135864208
2922006781
162409933
607908342
91275484
30907701
711613609
50372136
66382691
127230371
3112277576
123040985
15019052
389069412
180058006
2253654474
105551150
20288772
3347140587
17294950
173431221
1231122511
14354399
21990292
2796309563
2808991997
2514045312
15995432
187108150
446727989
3271486262
125184430
384986062
384649026
27902863
1400265618
2895334085
1517267136
2494736924
21169326
1429039140
3166284418
2485978453
24480242
312831840
17303935
111068133
943058300
1035035580
1476250650
1135773060
298931054
3259395908
274602738
439616973
15534491
25605222
2176639007
202935157
3252059377
1704652188
1038888488
567647350
37761987
2996107952
1363099860
900091915
1627158452
3052342493
16262969
16398616
25780572
31889547
2296562810
143135158
3196756370
1276135706
414434752
160018783
1553995394
1616299801
21713198
2926281099
2426370144
14268445
262032543
491243139
2892167459
26602602
3193182922
44811394
16670816
1217055984
14320087
539609626
724521750
101532348
2516013102
27748021
970415876
436881625
420823939
3260736625
944526494
18703939
3030484977
1087371266
568667574
386209378
834669925
898989554
3230735324
138257491
69647189
2389892203
24538575
230255099
174055060
2976899944
16566465
497389448
73444837
39337892
3010704366
78204783
603408933
2855809322
853076791
737378772
3013191149
866257230
284555858
3323640519
1326876295
21153724
122125066
30597520
2535563772
294111875
1531145197
285362640
3319596946
83497847
341855722
609698128
25533085
79553432
10848792
40321629
2670408302
2684557473
567416367
9078252
1950980395
261324907
1954842048
136055158
111633130
15443890
29336037
19948092
2897516897
1210646653
2402303377
74541831
219728443
3315013006
292994817
1358512088
93672770
2331808090
1322557976
2499763789
23976801
9980902
20136687
19248525
94262459
986781888
19660070
3249216014
1389565321
3221536102
601208986
30983350
3090664008
3249314628
3236626470
3307079741
36096541
304988603
60302029
254901189
18439329
1411972092
868555861
16409758
600189796
233704786
16657036
1488806402
68547865
3053338062
1371002400
2869543004
164975534
3007329800
1230282344
2978364123
2202187092
1059962744
463871228
2997614868
2974075070
582343677
1566984518
2344588686
1930963446
2841767832
358932899
3146722596
3014148579
375426586
3012997804
3222300863
2291692592
755716560
729078128
456202115
970972399
3375909075
876731930
1932800420
357533967
3181044367
2574045626
2585738190
49379886
415826305
2900247904
23280370
377738649
476030406
1064452536
386870832
3239661161
2392789262
35096740
75318169
178894479
39528072
50228468
34317564
498017020
363145761
324132906
464584780
3340379805
3069218943
3380726763
2873411834
143212559
2860329047
3378842129
2913154429
300916936
330509973
245078960
35462798
503999501
224667249
3127728562
1888626608
3291981095
3094369868
103392633
24383455
121439463
449898273
28425705
2752385040
3221793984
726777924
1472355182
3282469080
1351926062
14177368
13176492
22449552
3358346649
987454999
1389824197
2458802840
17634686
366877481
29948870
17025083
857205728
21710345
891765697
2998597723
23803056
21422808
516068071
262052800
15533023
10965012
1070969370
17043155
93904951
275250148
829039422
480822495
18438865
308809136
22203037
608762112
364806940
244572006
127301865
472639602
73992821
3036404074
928212156
2541942240
404132211
84183248
396007310
22185122
714047691
17205415
360320296
43626022
121589236
106907161
2782730956
18229413
108638487
57314348
271617925
31861101
25801806
142299055
12808192
432122791
737938682
827570148
3375003467
3193064914
1406738875
14941706
1363070030
2553081234
3059841243
26051404
117476583
269448296
1213974913
14753183
13478282
266314014
166999015
496157766
620310806
14223128
422479459
2203470013
499138144
141248101
103449767
2164236597
167492853
20203676
73267550
2349116009
9480572
432890325
17546859
73683746
20061464
326535973
570247683
21566849
1008048804
350298717
250015349
1534615782
555275062
284559613
390176029
184106277
36162882
346859440
260989884
2747035544
120342217
20351876
64703161
21175813
373109264
27087844
39219321
1549811418
327673573
101834216
2775433778
3024469669
30925396
110363115
314287177
520735467
180208145
17849506
3130976944
3147972412
14706877
281151427
2867678741
3222813805
2733404002
21212652
3265884468
202379936
108037543
249096055
2331755443
94403791
3226388130
14318999
259005086
2712505553
19109512
19760975
33281866
22012091
44285283
221211896
242618658
1323663067
900385344
21048844
1613415001
203455506
65456945
828068220
416212425
218241870
174507706
2291995988
189373164
182409464
93706471
332040130
265086300
19955438
21461359
68182390
291767466
214629326
248805950
2620323673
795122754
2194826388
185472251
127870840
2472896588
1002969404
274213788
2480500783
2197168892
706474578
2272531993
2238981799
701616562
134924292
110166406
55133916
2476008451
2329890206
475275997
1897489290
286470933
58997390
2334144626
196299243
24405200
1405337395
343626166
2690565079
992418828
1912101054
879012144
2825437466
18704839
61357481
29803664
1102711310
2614167752
528687422
15993333
22689428
624168626
81631941
3323235405
818930496
110466097
228927926
34402366
715105903
301926114
2150659849
3296016856
24140125
23348578
204964559
3379062340
2915730738
20715307
847362500
3380553239
3217287939
2860318481
38707559
19800430
430187862
11006412
14641650
432766911
325233692
264963772
1631780510
1697852124
2837991784
2664278533
385412944
3127426541
1643303280
357674108
1403602902
1300129860
62916738
409560989
15569607
37438284
176828246
308804840
595037124
253221599
57243159
32031072
557472900
1969585417
22463542
792119786
792172915
14819061
18180965
710210581
20662892
35919814
3259266230
174917931
253857735
2185291783
1830067706
297938809
2538387896
65205116
2961815209
512316663
27136225
915720462
96070801
2838283974
62058272
259879111
2397037648
69011942
431921373
3321299057
85510341
18723954
229692331
15808765
923370979
126928542
50146366
23300815
75883588
2195560843
5994222
23668559
28421046
3011739990
56362969
62974833
909434454
2475342728
2355362293
18501487
1873024430
2975350155
24912459
93637779
2943189181
2523262549
2517854953
2715030648
114987542
3272110850
119440282
21841580
21757965
2279225400
3272650849
16376595
34212150
15871090
2233488978
1382800141
28108593
2490165774
608039993
566291737
22107725
56466021
108708222
119128521
22375953
19708131
511201679
1569492036
2715777210
482483379
2150427982
2560588812
863813551
36032320
104459389
29753067
2328050107
1682157414
3242787227
351786606
127330660
1323370135
906798270
80644890
1395610328
3004612431
27450176
11049952
14722516
1544046870
569680585
45455618
2465084414
19719380
19792064
133022865
884458202
2150229207
2240063386
2609677488
975110724
70889396
166802501
319100065
1533082537
1487718806
551038877
240073748
1541976044
179547633
393005076
518543766
358905141
37197392
16671372
3349775525
44902783
18735647
311701002
248093041
16134203
427362005
16232150
154918058
15360965
385029275
23676863
1146610212
88551731
22054555
222151790
3336719950
78941000
166001916
19409873
245481431
2335834010
15209424
252685994
3010775341
2149617647
3290175449
390020760
1525413276
2266398808
1011382602
110899766
344233703
89296664
260766816
3184858511
2366038953
2229157272
3379068221
2792092657
124589224
209953190
2215541080
197032439
972738918
841884115
3225728517
21712038
28375536
366730697
3266224675
588630461
176549904
525927423
2447239129
419912835
3229797318
2191092157
503724121
3246292670
3001631777
16132087
3293378033
195731776
3380415394
975029622
115679415
3291315249
22651134
1526459220
1461350898
3212748213
684743
22521260
71469143
705299120
1541965728
15873978
3262905528
2945272382
336346706
24710119
73144534
2372162220
432780043
551057292
315967449
1115637008
19405874
3233756264
625756886
251769890
19497653
69734136
126434587
60212414
308861333
1154662164
92099801
17578862
21925506
177225433
437260195
1609972040
18283372
79784897
2488436060
1708818446
426683394
2989121887
19355829
2906656272
286897024
2356432932
381642373
25640802
31999788
127948551
165537211
789755286
357940002
2533454539
199924232
430281196
246088673
18400972
18008403
366540611
3311675519
346161073
709828169
25390486
2159771392
351500707
3219717816
1146454603
28934569
3291778131
521699983
328657439
157054921
2790538982
836562037
30923233
253136095
2327434344
33811812
263765821
1557771882
325688284
2476843155
306421611
224657541
219976480
942481518
1634221849
140769010
3048139141
68393539
55712928
2813636724
1947800624
2744651082
1226327078
898902810
2955642721
359662817
2775892105
2977789042
427097834
62675804
3250281438
127666780
3331367499
1428850998
754135908
74306356
2291655589
3183288542
1395835633
2917531714
2365728330
2510480688
78607910
589511830
30562850
3248753868
1897953967
3128923289
313667264
2940669068
2598392504
71457662
152830519
18965674
2272400485
226835460
28842576
567839716
1256827484
1933122289
607638126
2332461674
399323356
60649745
435447610
60968649
337877861
3180624900
43622910
16578706
237177347
2396066659
248945322
1344710796
718594267
215089454
217316393
2572693466
30235160
2925969312
1550888671
223743977
2870184393
3018910586
384652059
2804640199
582180816
2347719997
21314814
1683533647
394277949
282732043
886026313
2998798542
2651777845
1058717720
774683335
20015188
1092979962
1716446833
270467982
156036244
2415105174
359382918
1441509901
35013862
1146136638
2934096199
1302110917
93111391
2160596459
2875081251
321288349
345399113
1583718259
760597837
56788628
3078505711
72454254
1385771911
93912662
346353186
261879201
355741842
2957013673
303900881
1582374618
2390195509
2559957139
33414318
73696249
47290331
2822428222
87516410
78089831
22638184
1287039600
160726382
405996524
15332026
2815487433
2708236345
1237042363
22229103
73406177
1859515387
2832365528
2311063720
116841782
65163890
77263934
25599299
484557842
34568203
14016032
388297236
375137317
18775770
8466692
195677585
979621957
16870321
21540725
82672438
478936163
104570978
878191572
32608975
93267167
26660626
531436010
146707932
16956103
617853906
2449427197
844001984
44917830
61570300
46477493
88996071
28867473
18770875
194220914
9439062
275678643
523384471
18610043
121594383
16327858
525005120
29515727
540973577
2975284077
2227578845
874
16711026
866982542
356291170
37488184
351367122
50878018
147331465
281588648
2515448870
195880220
3111958948
1622933460
14596145
506446148
1241579485
22870443
433571895
1117361010
545417532
1144647762
3184712971
14844380
112315372
1478212500
575760038
2328196453
98976956
3234670263
62058128
46944166
23959413
2851059951
17268454
1623434312
39830633
3138434880
260396714
68073698
771352962
252244719
2411372797
35659801
18817081
2684963694
1675936765
14114579
2188699646
626045472
3188343790
77515762
76698951
406265823
25319959
1249738825
8315692
74875669
34123611
43292851
628773508
234407613
14272168
187103265
33272572
1680866616
1465232090
15992943
116919283
423888869
16931588
7315732
26841335
2375921599
14787758
229841284
360129945
18815077
15484541
15462317
1684625450
92374836
14268957
14966163
510782248
17097703
2880567517
2772237014
31219549
525783599
17580892
476410624
116686335
724681146
518976012
762712981
22336731
16391618
2646942667
349408617
17848540
393036995
182688169
85881268
28414963
339001318
30894293
832194984
81765653
993275714
1209017300
484792469
2946745916
20730692
406295914
621485890
24831264
488225073
242992653
1229007625
1633560414
24956996
57241346
2533784485
82649553
62835117
71651549
540198783
1316799278
304786389
39630126
35196174
110772878
18721670
276785459
1558571143
258338711
21293089
15429807
981802260
544683635
17126697
337156200
11397002
171084826
479036755
173263295
67090241
563947404
265441797
568695530
1651522832
16018895
2373857028
1156245463
82236943
28865213
1918976288
1922278520
302881437
505404746
16368705
242890081
40585909
17022638
24026095
42657110
584226351
613538389
14862668
16422127
758518213
12203692
2711177553
580401254
743163666
1335267692
1631209590
927746353
3040293580
2241464430
2969992499
1099767546
16189553
2337401312
158426909
75425872
592252408
72203279
1912251
47818243
958399670
52234009
1419581468
1213968187
27749605
459782971
1733420300
361222167
246848025
2165739476
64112367
17686959
1884474392
2396444449
22018965
50648768
25377285
584732642
154616440
547771105
2875826621
339238294
625633510
20565828
51733676
1602522476
56810089
216223295
471139183
602035691
1548756944
2499597841
2583305456
619079693
935146218
70491757
3219036295
8162322
1660508167
113304784
2920081092
276209711
1909758854
487642650
2308520198
222532228
29758629
3245694596
24580091
2456975910
2394678200
120941602
16299754
27928235
1301107910
16593401
15754851
765904932
208231032
41323876
105893686
2286862575
2436275690
48636686
22413587
31601858
235676194
16119692
558953561
25175521
32084985
380102052
2203320877
95665776
379869831
909862986
2222022738
165898279
778350614
370916807
575688602
88768596
23295013
735859092
298596391
27663255
2396615286
21455276
70797085
242099539
3146654173
2412020448
260800287
19265685
47420672
33578917
42208548
64147321
3045451903
16566133
17112700
20236381
405108345
20474522
296001558
390845286
2233637317
1246567549
244204448
22565690
239868862
18651025
634867594
19937774
43362305
1379479040
3087391632
2158855397
34234990
36757604
31535107
803384780
254865798
42938040
7931022
1924165885
77603
34041217
126786219
2154538839
324376022
23461407
1921354945
398354613
103121665
462546854
3304921623
51277225
37690765
15195734
36938483
269001001
21489352
998843443
1356298262
20100532
76152099
320821564
1455506612
719085576
1254703837
46212982
37127850
358972960
16037326
19425192
3145921127
3082986275
21335895
971350764
2375936047
1518469572
316607835
18611207
16461363
405561109
899133913
197404857
374199331
3056977215
3060563942
2186206505
475405522
1606344284
21918727
194729472
21008418
225977109
382470957
367281116
17156932
341168669
1184544560
232586864
40104651
811858381
234255694
1077121945
2291592013
269992592
17010163
2230464949
228753581
619570194
871106948
26470257
2825610685
381732787
2447021562
15414842
133094518
1439700691
1920598429
312248392
51414745
24842572
286723230
583401756
469523424
1316556301
72562983
260965613
15363133
83289696
123905976
90767831
557614924
257998939
39810446
2335916773
613973952
2986071008
81766147
32260931
464881483
225145654
2409889262
780269431
331288221
1554762541
58964788
19127931
73938917
149269564
2492676879
131394224
18381162
620939921
2749660749
117354165
3121651429
250946249
1884741524
3137648726
1167310548
46798684
344518288
3222696393
785949679
3062750309
1330404805
233666428
135569237
2541872018
14551462
188851439
33531486
246362315
50666280
44632333
3133799992
462673299
2894991326
35336511
2320216189
32856634
15983306
18398047
2761476956
7770742
15826842
171167972
2829352102
53578099
227766833
359923590
433752577
291833094
15471611
47830937
16790394
125171349
16462209
18018355
279783087
167558493
18286742
576425237
244647883
2350441928
2191322815
485016008
726442202
832488312
240118939
1055770154
348259632
2955569480
471333409
1201657058
910443056
25435411
404525685
1539564943
482086469
1549259359
424174716
2987516222
84644019
18052655
103905161
158783582
2970279814
3125210470
3098166252
1273248042
2543598769
3376411054
340205052
3191470098
3373501679
18231627
1593366066
3370163901
3260984963
3228291348
128050849
3297840939
3375973313
559824193
2891355371
948531672
2973349248
2865440650
2787403983
3136474795
322532219
356781317
43914029
27483756
1342839534
794143759
399547543
51446488
1875872004
14761885
1360274185
85416920
71349286
3122997408
3366534623
3344007509
544441532
1635524665
1541464177
3164328177
1364733284
16185844
1492998685
24722016
60135636
312713048
2542575410
29769484
441208893
3378918371
3277337863
3371434043
3290478273
3372421397
3377394712
2312251794
309840764
2924685986
206654102
634275072
3309219527
352519205
3312684021
379373968
2908127243
1391311794
429935167
100477926
2646715753
2735463476
23260256
2374463348
32072844
1446382514
1060851446
3360568324
1194541100
2526629336
2375461488
3260442512
3273438037
226473310
414891013
434175153
3111226033
190377097
142426053
3355725994
3353151075
3359177439
1342037274
1340180576
39896038
3352338687
2908971738
297201226
1326162182
970164416
3366714796
3366555185
1887946994
3281218826
59702273
3184616389
3351386661
3277080607
1733378701
3056479155
2733613512
3279920167
278076233
3336516771
1963871743
3275332596
450153761
2864750405
165207755
2722833894
30069215
2428776326
17960209
3272646055
3277176223
3280183022
3335249259
1072922863
292162869
305586596
1933076077
1487028558
2465122428
167600325
1392335408
2804066102
330840546
22580256
61233957
178354174
614938279
22334960
16276552
3377787323
3281194548
3369234023
2830122743
818620700
1869265063
861397495
3377873343
2549245824
3260594971
458871920
37877898
134974719
3121956495
361078124
65491774
3358839059
1935535874
1620871867
245959308
435799786
3229506722
36884733
25464943
3169386170
2968389392
1425668233
54284654
254809254
525029947
2379700903
799468328
3281735316
1941896438
89059259
2811455407
2400901568
61204331
794203004
37048902
64906268
808656925
57479575
903640706
31305822
136240015
1029162950
2744983410
466319594
3258467698
904053829
757345172
178536983
1367381785
60719002
368686224
15733216
1927206391
3012482927
354100529
2232843800
581613339
24486829
365808698
751858548
1732442904
153876973
715052108
2931847198
70548171
1117585428
22001536
2205161185
295549885
335742537
2561571
3002151908
1511150162
2534072725
3078505278
3126551526
575925999
849169945
145659451
1244408377
141337463
2970462034
146741222
3190096141
258335849
187214222
366602176
16013460
1934992172
368760126
1130275662
164798144
361492503
19927466
242491912
2247683898
170085737
3091521770
896422711
1240034964
269060832
810145062
2905467072
22511812
359343904
246563588
339852137
15040633
3103213542
2259652932
28624800
40601473
268416076
1374717445
462311851
22007328
998480532
21522021
111412606
232274279
9695912
380608558
241776425
707512841
26950265
26087378
503794853
17089137
38124709
287905776
3139235347
28095529
2294069653
17578329
327700579
868351146
2565604566
39678065
503951758
1188199008
2302057741
2294830248
22040937
16729308
193146881
34486207
46269918
637376856
98763982
1583474016
91533568
178294420
1685261928
249717429
1327282969
25507778
16790101
367218289
143281137
2415208507
21962722
478166730
2344098697
71436596
40537936
24038241
144402222
98788477
47484934
3166923471
412751259
3183148715
781720218
87785659
350032839
1934770050
2341089505
408194759
17301087
416009248
378844127
24344344
3148394947
346257997
48719150
553406849
530852101
54971067
103739508
403715952
551921714
290534230
809464962
35127952
3094455122
3350959685
2814259490
96723147
2515748377
2229183397
20524332
1969841803
17692446
2920963904
38344914
14832286
16855109
887474666
29775901
419767219
1482968581
1622988805
96838049
2966484359
10641352
2679991088
16645396
115017096
31223236
251841349
259094582
372536288
981662126
1098787968
873470365
335326469
258805099
16014100
729258043
31307939
384522977
32181402
184298642
175604092
128605851
2570940854
117254605
2973988391
105684349
2869121676
172243973
631074437
1100887825
22819351
128714533
811958256
1529371465
1716882602
18914244
14630174
231950682
3029326756
211188965
614730516
134617685
2220186288
1016009215
865128174
216553039
97339562
970464306
14957479
38844560
170915276
2549056140
572747569
216575747
61863728
52722436
61149653
781299516
115111956
2414882947
566798845
46769096
291903954
18220818
16896548
2880364274
151539920
543668867
2783670031
927549306
501301964
1108807484
47678743
286992566
2909373557
171331846
3183670477
2388301757
3005180361
2367196999
733476054
755064223
248076573
333166725
15826988
1259805054
720866575
132513054
537052093
1441596062
2271145370
15752721
364603783
3065062453
2562251658
605757334
197843269
2148029408
1426557763
2693141929
31486854
952156134
189028749
764927665
21784241
478282825
595074252
189806241
177561876
13575452
27853694
15051207
37882628
22142339
43264119
16351985
2689317464
69800104
123148608
636458745
366764842
1676891479
118326219
511051520
105869281
108507183
969530036
461263284
207574119
84290695
146712559
215792580
264972299
156941436
433626673
1033692518
149694930
1245355310
800748296
96239548
501466184
3140341046
81621057
6975452
25610240
513775722
1144395536
235612556
286843351
250926368
225907142
2608497560
2935812193
940908996
28837388
1147635554
38506813
891390037
19131805
2792513884
7661842
193144020
36972108
2894178055
71079245
836651137
13081242
16335102
16105773
1263295052
1900539194
1569214849
64319731
38660572
362115225
16533820
566336166
15177365
18772094
1380181963
407396678
219348977
18516418
51827732
2891605635
2734034412
15485170
859494019
175035751
88309377
22031993
45910799
32256288
506817381
38835666
496305625
56038149
2817870914
331317907
61679767
46968477
124694413
68185760
24556105
792651643
302500140
70279623
158023332
406693973
2290340035
57070492
768164420
2571893497
2241089929
3193944696
2796782150
3351246088
16323682
410921051
306775013
448291650
487770873
57718838
22575800
29247988
3230944180
170136927
1705981256
170688667
394130917
2382733260
2459888560
2332066656
565101231
46287824
38738003
17159787
385741202
304834032
183035323
36568444
400794086
446427280
2800844309
322192268
2749016354
16566157
23409407
15871044
924164694
2665593993
287462785
2888303432
1597043869
2296473013
2377016443
2710813772
1378073708
451918757
1277832577
239510568
2492741479
401257652
25448196
138409823
15521917
130794511
32471245
221854190
2223691094
889267170
60923323
350545629
32517666
495602226
185203900
1457641
813846133
1403812225
1527009206
2903194852
455479374
59604560
40505322
467560802
2328930144
1200280573
439551065
44947688
1955044266
529774706
2479253517
61349124
86359331
493636177
259420367
72583878
49012635
3032194325
832405118
132566724
385083807
116960062
2678355564
2330516804
525843094
370135213
926185416
215646013
94173247
17202417
1963664575
38961826
1541780334
50711768
96313729
574019323
3000661701
343656927
575773254
77110964
90598880
2615319734
1614549458
2382888954
964720886
1945710853
128103235
2541647589
8566052
18129366
477189543
1344022837
2546651261
1645790814
321106521
48742807
1115355895
1357867938
1268655318
258720422
1506097992
1334255370
571821457
2927540642
910854372
1065041960
202734035
32047533
191525714
2151635474
2896998159
260995067
2446966248
457792249
583142768
312304301
3347156086
219855077
397775059
221655463
883421593
633275700
2844693572
23898335
57091329
64876174
1944508820
34676481
42918487
563984665
16475168
29030241
3192750472
1035807246
63288787
1706231244
1674082524
7858302
14852216
74003642
790812216
1605085122
455394628
259252751
102618075
296072389
27274749
163063779
1455966205
17354131
274422511
34341362
2477644596
25357050
42717047
1371316352
1084731660
21612225
252274790
596011347
46394725
14702119
507877806
291867196
2254938211
26736335
3150687218
1548714900
270068926
593228402
774643068
81231446
94478919
459259315
49161541
24880446
4376861
903949472
17911387
3194712372
939762660
739243598
2553545652
1263603960
563343220
888672024
29059193
233291124
15326206
306743476
266945066
720837518
17402028
16793684
3240087270
327227578
263809335
2253544608
160194497
75403792
1164224114
373397618
1550044500
371925491
183753455
41046031
326518767
543780273
2289421608
30306594
2491964094
30815935
340552372
28798904
18205705
2265227667
26070572
2271864980
143660061
834672494
16930125
26596727
42692687
45265448
136550204
217550862
301014412
216003160
376539018
101595595
317957729
51315347
1571007218
18807864
208076721
386340887
282564062
287980853
25674188
1046657701
16338093
64718189
338793215
197055122
40069846
7039122
84806538
1389563954
172469352
1611627979
15998041
2294811674
278005891
25033858
15898439
2977539251
194347409
927621084
2196212860
37672407
2312829909
5442642
1446608102
2233503938
1037754379
468840862
3044993235
790586858
109668325
24945651
177040846
1424085642
367438082
36167622
21725691
312883203
24685703
257053584
437753008
420391646
139596582
401624214
137673734
401090263
23386530
1876703346
334778854
523439793
777390745
28967919
22075159
2327986165
731760930
279287719
17166387
21952190
534285499
436314047
312643305
223744995
2315927533
415332071
2241247387
321526362
1559708150
2607016764
86044152
38542427
1353335244
260590025
16310843
69367377
1892315352
334336130
114372192
340097638
53309297
793999634
70766893
3023943711
52853420
2359028480
3341945949
1682181133
2453455927
1518567722
241227728
1056046681
479856992
43618317
357039059
227010423
1304930094
31243162
14935223
205778201
1246392871
22708797
107502030
1546196082
139853621
510999960
1485664291
2969336007
2172217141
23108704
1304634582
117743669
29378846
160587499
95985382
408727845
15955429
50407864
338678038
20756490
61787394
19154390
33122704
169079893
207025940
20433493
62930624
49700314
66173442
540373294
131055748
19629840
173505174
1371268219
32650360
20271572
35535716
291284902
2866424384
2777736876
20953701
77802575
1259893237
1344541868
243032442
32205532
244246948
76348185
256678908
248272685
18781776
368945781
45558979
169797941
2654484923
53090314
334690166
325787159
20560565
119460394
2866005550
299381686
181628374
2224655604
1112486646
312964648
165571907
1438062709
270542254
771416185
1107866682
9136412
1653106226
1036306028
84147605
559335813
1635743522
1323761322
138785368
1658898042
1137392658
93652097
88079301
206795782
1027003224
440785316
23220813
96183530
94778974
21690766
1005230448
4268561
91744236
15893854
234785973
200230743
430296514
321041241
17843090
102382736
61004663
128549847
159493967
16789252
109070143
45399221
1872933859
1673740411
1911138865
1961273760
114656134
35197742
69354861
65651779
93371427
1201759268
743672954
56146059
613627548
45962742
70976885
1628841380
1282127676
296025217
1969381592
499099626
16516557
22055291
21058820
52162223
1344380904
730714356
821105599
326208966
70740010
266300702
381443589
454930108
633281343
988022270
44471427
25100864
154885760
870756415
20662625
455585786
486839829
2291648767
374330477
19915883
369814018
542529238
1601255546
15089443
117974827
204790331
284192564
443150850
21859847
269747052
2328699152
52412409
576796855
334660170
16873455
2173434498
244746802
19650147
85612928
901537399
30500021
47726194
24466276
2351904493
2334075900
167972243
1180294070
1180303182
787741124
527770144
106591004
612885049
23198479
1944775578
19546529
169563805
247834458
855919687
1453039400
1597196802
769999
226807263
384023597
302183441
171204719
612715576
33819269
219417123
16684965
562981626
1206497966
38034274
16926464
63756959
28459974
308818264
1089561686
249368015
360935017
1881128166
28994305
413566802
17074303
204637524
104538341
426922294
50140857
202640861
211889602
405905593
2503098770
2344485163
2709451526
430012807
187991050
269570589
17146560
54534229
305042194
349673442
635343257
339161616
333659898
15876372
807612685
947122904
113697185
20428658
2659960540
26322920
23829669
132638543
36736296
952589077
379194587
27078161
71357821
2852825787
976264610
563817400
562209865
18056808
82103906
238172781
208607949
921457909
58186458
2417585834
5525212
14287573
2363356243
12372812
15438761
404940745
316192707
598011936
464192411
426003514
1895341
2420971902
197651843
129164948
260216717
1343634458
1263082790
243639047
277624197
1643665106
3040019200
1505511578
282743094
431932157
21905420
32253172
55031462
550190796
1931068280
634145664
2366262554
219427094
2880540525
60984785
787371098
468569626
2513820157
15677471
40246633
381243938
29862873
143127174
2802966423
1328285952
16392181
358791916
1011328837
3352427890
1016126870
19316267
556403
128619998
25565673
41729119
14246001
201790336
15984726
15662282
26319547
16475234
407406275
391498908
21839895
67156860
106261502
243013109
25867312
611168182
24958792
133870176
232395452
31262695
270415544
1086600884
479795635
14330047
16831933
217284217
270566295
424656032
186527724
50750254
1503671287
311812323
258000822
190723407
22109355
31120881
52187504
1951500210
113177188
34373549
289761342
16953422
360271512
17566505
80085904
607206219
20687524
258115225
158379368
1653423253
347697584
1525752824
26800544
172972627
774984361
134513525
62849781
24252268
553879998
2909655368
3164351040
26775504
592202483
27052850
140060120
14993272
26350255
111216929
2209295724
245689692
1909502827
987472982
20807723
1166309029
15941955
84070700
23834147
45381821
766547376
67638477
868856461
18298094
15349818
554049853
403667375
2277763242
19088288
1287526376
16146535
15603299
991634754
199317006
85460092
252399534
32863881
275714700
17142802
218277895
344633710
279735867
792756998
1244602136
259302400
41911585
16185273
575363003
528055712
470505158
326813100
624101739
47327366
25169147
73003844
1214410454
43808201
235809142
2871899817
190754739
46243198
45037735
119898824
76027332
91910696
511522177
808009219
16098248
68156183
18731529
11673352
338476409
717863163
128210898
18900703
59911924
2994951136
159169355
3000292008
586228006
81714813
3101689818
45988071
2387267396
28878752
2559998360
314536798
271979402
27872575
17710167
164802087
374097404
33222598
1930971006
2705308818
19349921
1710649668
65349332
2956848004
240282772
194705638
2993044714
15113653
21972628
13028602
69792268
47392486
32914273
581961266
2354270876
42762200
308743028
95234245
33557388
369119901
1152751316
419141355
2610039575
1349866494
278761594
498540707
601384527
51252515
552344654
782654413
1697470002
64300602
24733117
23750353
48005724
259953309
2789589046
1576172480
44181007
2837153099
52960401
379490529
10534692
52117191
71061209
23457444
731628120
306293682
1670733379
523757920
2986429745
1077365580
18382184
2393207408
3161773730
249854076
587728068
712948758
3155793462
37599351
1198135334
477410739
87403396
365728646
162988098
33113303
494645314
595769410
563244796
162485114
319777415
701589774
168759825
295421363
16074930
21717987
77329593
1053862729
14676022
21509532
1010160079
24022663
172979781
2579397065
171759998
1733800724
2573985930
62896812
521324496
1032290077
16672561
36602046
2228757422
37011485
27649741
71283298
1562129024
366428047
112560821
304600245
966569119
544862574
2483560375
17756031
72465647
229175453
17799191
1134505274
266174850
20189287
39601873
24595575
1668580784
68172593
594658988
128627203
596844152
586855139
2599843089
22360655
33975283
107146721
1647906080
182631030
34428807
1127139914
606695930
35571781
282857632
796757245
419889137
1514854896
1558484899
1708316780
267884847
57655281
367716855
2420941400
800177886
113627237
2448824862
53503202
259479299
878936395
277575099
587186308
1271136260
119179565
317489005
1106532271
312419810
1972399777
23799884
524095956
2886123838
17858484
30249176
2876009153
921318020
2193266910
626149579
22934332
930275827
621347520
2908104112
24692074
34193506
2990827103
2402163235
260425992
533270855
451591115
80917007
3024088539
33050736
36409531
302901363
34073634
399784526
609377816
17897350
163072237
95618009
2995845646
2901097581
14209062
307620998
22518224
74322499
1942453848
37836873
184981606
33923443
2986130235
165791468
24951569
3108571911
55439345
3187669473
533343091
3071595011
26250653
3214883599
130851044
102584555
293655827
529917702
2309122690
3251305226
252190173
18029781
116350889
144927376
19417197
319044545
14481453
51754712
270717589
575815317
3195553725
19490299
235142114
27279989
18110163
2546690178
894292836
30767157
49285444
32714004
992081976
3070175215
28447948
1643789870
2170592372
168838692
505706207
155796387
2975529904
2215021639
3246904018
3092588475
487112770
512388394
2906574983
3065818421
2556900289
1250543858
474335949
40173562
15250836
106804211
128645212
249297554
165507452
752472211
219496700
1170305982
252139229
12094032
59105608
41008520
2848116669
56595468
381545209
191463695
296819971
10748252
35651899
36234709
333759149
311424455
339475959
91186635
23427407
22888940
52936981
162269168
34527436
113400037
16186855
1967132611
295422406
43433353
146689704
293143614
343760111
16033714
465203234
28857793
1095902058
1673765546
18082051
17901931
264356595
66544413
18394158
947937925
19304974
273965409
58902378
1251981278
390133509
227402081
18082945
10799842
27939908
417532239
44688574
17628577
237416733
349289668
43568648
2383999490
3108386554
67164529
17084624
3307925194
2861454369
2821335687
156030129
17648905
997107404
55117855
16348549
164759805
2530323330
52507571
192095257
18978610
80944765
55086126
123035831
155956261
13857342
21744640
211420609
74230885
82454166
43532023
4099171
432134884
19608297
20284860
970207298
912730951
19237643
284664892
64420220
17264476
226346115
372359076
942200551
3091316093
78399002
112017297
15743181
2953713339
2861010145
2830356871
34089646
45354649
783763645
620584020
26875304
582512419
1539852224
63498142
2889518243
24956272
15854423
6323932
2999672706
31418514
15415604
366222792
25344328
16187637
26098805
257026566
22159841
1223008262
27058347
3006236392
2511582584
468672445
74521617
2916086925
166013345
63262233
21240163
1093630854
1254136886
321473384
18729276
17006036
2951988415
34047021
409299806
1433440226
1397508566
1880532332
2253968388
22053641
283970869
105281792
76058560
55084292
267202860
1488084607
1206227149
1339931490
80612021
88806753
109025212
111635980
140519774
158398519
161411080
163570705
168673083
312134473
789244177
1071102246
161791703
63169388
1880674038
1222257180
1243902714
1262814457
76237719
1531521632
240812994
248735463
43963249
28599820
23600262
20552026
249410485
310310133
479872233
937723303
942156122
1051127714
1060984272
1068499286
2304639167
305250293
34925936
27206794
585246185
487789752
274579453
1104061105
2468696985
35784576
438501498
161622693
2612084107
2614614392
343095142
44833317
33166794
749995927
27566692
1664681160
464871521
2451561181
362195047
2418007154
2796334454
2190601830
78306928
2320842354
35526197
2720690188
152525939
15174710
191906395
2308632973
63162660
1388071411
276213094
66820953
23933806
301585716
602302616
1157660125
156745859
145428165
2459785070
113965765
22674106
31013444
79090088
162018381
437709799
2551055478
1447890356
1055730738
108619944
70771506
289136200
15935383
19396652
234895264
22136969
69108417
973870195
2647859600
53584026
867491377
15642045
760422368
2365332748
592529213
411062476
2369193094
331258850
283235743
1924985228
108411567
1054960957
335329694
95052610
333484696
2597948622
348269379
547699457
1252758240
2714340576
40302336
1058917562
1061385474
242892689
462914443
35811347
14336049
80102375
21265109
92010476
30761275
765777608
233069337
156014547
16409232
35666620
36842122
29761740
45072379
20285726
127981592
15964580
66671296
25387616
24871184
22530874
115442582
30064672
22146175
1439352644
845822936
66428386
20659868
16433563
139593662
44229979
16227815
22316582
423086363
193321170
94623878
18978721
2358888290
21958525
16113639
24897739
38692888
29232480
1684384332
519645601
267456977
2218087658
748264116
29309901
27099584
48854106
3761241
1436694830
10140
349187955
157011694
65779549
1944987026
137885468
334338143
69188477
193398195
952277334
348089312
2435948240
139801354
15841399
419162478
235802840
119078116
90067867
132364466
243001984
2278493905
110537798
2272169849
8708342
37131103
1937312838
742726076
284036372
370886064
385439265
323025370
292989996
38214128
20834303
2586618116
21377905
19915898
589119722
794417576
118914163
2383592492
522708621
457209302
868637460
912658687
251293442
479556811
874757341
2475927428
87104902
206872748
415051481
248495200
45633717
2260150651
2190334998
343170118
22196066
158058107
61312139
1485805765
56346444
1493630304
274581613
187838951
14934854
2404561560
446746118
2562504050
776664410
23030523
22646261
610558950
115094250
335721890
820443570
280243372
364465366
40493388
2234890814
50879834
36386748
323948266
2451710478
602931235
2530255399
20655790
35756548
836169966
1187476586
97021713
190292904
114863834
19169002
346040558
412829482
109940740
869035170
353451919
393985837
297506714
1626727681
291839197
370861739
466852136
991358610
333099758
96050385
130365953
36845888
234924597
26114988
79839916
1074073705
255554024
990627116
1390186333
26816440
2189369726
15772949
153537041
2185633351
295553936
1880401099
430299777
17218092
287507644
2194737079
2342525065
24620145
1023167005
2364508579
34282709
2305281787
272053931
976188948
305824664
2474649870
1131365101
435459729
2429097374
1525342994
475145561
195409453
24712480
16243000
450108691
1305895134
22091541
36517414
16926933
21705181
18883461
912975775
32508846
307043506
1132902079
261327879
16380505
85464408
300454384
2259765408
2490238310
27859462
17922816
172867574
1511095320
18153654
2546698350
176827451
40297970
2196201139
526119734
702094652
202753454
21398055
15774048
134489719
512569597
409561918
135154352
92419678
72064773
2248221920
884671178
3744281
854666749
22324095
37469127
1069865743
14815151
63126241
25436193
128235400
24730408
18761572
312237101
98895928
521790396
37324973
849746538
72743650
21406740
387068676
24684882
255835899
1860946980
125206746
873944677
902606641
1858335146
119590900
424336839
1477707607
37870744
2230626666
2230147273
2189164615
31122480
145384250
2180903617
19948243
423908380
384805250
16299979
3538101
257765608
2359537176
260291488
2303669714
54210079
48038030
260790134
606415894
1347330956
14540659
95419999
154002144
399461895
45404490
967229586
156656964
103942996
614443768
335237484
18541052
343008503
166309107
316298587
468659706
2448108740
25554166
840186650
34277214
1226031738
154566551
19374017
23637601
442939875
17119603
69373202
133835692
110512504
473312146
117106512
33969351
36882633
217222582
2478622398
1920868981
26302350
71405340
2589880826
254635621
556189072
45902216
44288859
39511729
55732844
5562502
22145047
162851057
305216898
15835914
48229558
387341952
312195609
34072858
313707833
544794000
77364368
15744281
587073309
82817361
42128005
346886948
873499573
22630262
352412019
14155497
21705032
2275311108
52511739
252616262
415930349
47237567
548475676
82901566
444396689
482309103
484031764
22540539
173132035
528077790
920899075
256374086
181039844
110230920
374224030
13883192
361585972
337486422
323865277
22695433
16932271
25700132
21933823
19366223
29902367
1291944636
2541830708
23364333
1163538505
296542687
91372254
481577002
199567532
89093044
185660436
1249871268
532336666
56465393
1240681
28730834
28948737
53176629
16390952
518759194
2201827928
1289586277
69304408
792172351
237750813
312669541
140897494
1089969889
619334540
490015955
329429908
122169984
1067293117
35942820
124274129
28917588
495250080
97494252
27474449
163916351
2178365916
167521067
348024744
34953896
2413179716
216425548
17519427
14278568
2439394640
186281365
557911455
402673206
61267358
1040483000
49986763
148352811
1964991720
1781551
121795745
20962579
