106774340
213726809
245386255
17243582
17629628
53417856
94366606
2312829909
28135853
250912539
18501487
745447032
2305355246
197183834
1606548925
52954222
240348862
18645152
15770006
169203819
46681100
1487846678
90658621
18958999
18163893
126401831
59331128
14412533
59676104
259395895
155992273
1392561367
123327472
607165880
266830495
104299137
46557945
140286364
16081831
108985543
33919343
564111558
2850246445
68412042
48764856
12133382
15919256
1209417007
142721190
19186003
224320485
36452050
334053327
103087786
272395158
166990746
25101996
112047805
56749157
43919633
22055109
22771961
33653195
86129724
70709534
243337600
17112878
848255028
312800783
15923226
30249306
18314321
205392468
450941680
34889448
108849858
2255182597
58561993
152866991
20958934
36683668
48398586
309274068
260839374
589123768
9855382
17539497
135931182
234380815
22672157
266203300
339833170
36426516
326929954
52763281
78644380
15990555
48194514
462438149
571200736
22012474
1551087774
45221650
65163785
2314233236
475269545
281774134
32899415
570651768
408845142
396789521
15460712
128593695
33915089
127337295
20203445
127976956
194636292
17983739
52512956
20610973
65065501
450764009
15773025
324487766
232606648
382835005
386742828
29803896
548753512
89220865
34605824
183898020
1077446982
19216998
360080772
1652541
18683964
26585095
183430084
18767699
301549400
861546152
71421886
21619810
845706414
43679377
36502318
784688125
268958079
17546958
24506246
19489239
432557320
141084952
15987296
236336591
356521068
12354832
21307076
35027698
15159913
516946337
15676944
54584527
50011708
1322558402
20521159
14716058
432766911
29466408
18791654
18557258
95973441
80136311
18087749
29975548
193428454
20521987
700077252
250373881
195959366
944041026
213501060
16656350
425189805
169534973
15933690
24149082
403004561
512403075
18174031
50382296
31532020
21681351
19594405
74927948
15212187
17513682
45445240
900441294
122207745
48029066
1154894353
28628095
8940342
16365305
475988505
26596727
128108052
539286335
43186002
184627587
117195673
28195764
20094138
912977118
252410388
57087164
1138688364
576520016
52073076
35758513
15836985
110765336
51070001
62924952
136388639
6769992
28479092
62832611
14778356
11856892
8839632
86141342
61883066
24942387
16698389
110723913
14173315
277165873
282735852
28785486
22650211
14007532
7744592
129879105
44380223
17134268
457984599
18983793
22517990
222622640
14870670
171154131
217550862
1548489476
1137600571
1128514404
1045853744
1058345042
1051446626
976969338
950328072
1059240924
234053893
234022257
851621377
193794406
240427862
402029058
242926427
237418907
234057152
234837632
221793778
509726800
81139286
17896154
18197328
373586796
377534571
22055226
249219716
278145569
110545675
235312723
235190657
235251868
240385577
237348797
240393970
198526130
86936187
239871673
240363117
237944147
103868633
18773159
935368364
225921757
1060370282
236916916
211420609
912608010
234822928
211530910
313719282
1048784496
237750442
1058460818
963480595
497094511
935033864
314335929
213634439
236899846
234937222
235271965
613725908
960696949
309267226
241207373
222286905
402719755
296245061
11651202
21572351
237763317
219010139
299883942
240376522
237862972
233842454
233949261
960962340
249339682
115186195
550401754
230973154
114607567
234906311
244268646
252819642
18056015
234128524
234812598
23013996
344201516
17544524
211901075
14562874
219429281
237814920
76132891
246341769
234797704
152018565
137407124
37094727
17198100
33655490
236479311
281540744
274164368
237781383
584012853
235217558
242873057
1058807868
19808819
246769138
155642785
54412900
248699486
343041182
234469322
201079432
233693291
229197216
240760644
237299871
156703580
224294785
21631547
115462350
14437914
14777405
237312687
4432431
209075830
16348549
323490669
115461418
516880804
168155775
295685416
85606078
15210284
16311797
16423109
18776942
733751245
465054009
20733972
249288197
14141323
15012486
22393714
215021528
608182396
42904814
12726012
36771809
50464362
54446531
209792690
63851406
16273831
76348185
18038892
44935627
26814634
17681489
15679641
42871498
58562226
15921783
21693986
49706919
136550204
52992670
83662443
15887713
202206694
16804712
67393806
190328374
14587949
28178127
188019606
31255325
97503010
146569971
153486399
162033722
46256822
46674564
51241574
15615783
114647778
18956073
15970567
34969929
76793189
131204770
50073507
19861640
18772406
43920155
20182089
37987830
16898332
90651198
50769180
807095
39308549
36152481
56401482
50438243
36681590
19084128
14313633
18492940
15850135
128393253
17061263
38274353
23839068
154591966
11883722
56708256
15808765
151200240
16198573
2676401
61521653
43173060
7334402
22812434
28582749
39249305
18829123
44177383
16583468
24745957
15281574
15022633
46016028
24232525
28819823
20545793
18979288
56864092
16789970
20597460
43910797
15007149
14140370
8128442
29201047
18695134
20078009
89346959
26097041
16317406
16742806
15939889
21789463
83901492
15183303
103922067
34972633
84119348
28599820
107545479
125445568
138770045
29450962
75124560
115111016
137794015
78330986
46184745
124224165
51228911
78369108
117537998
20546536
80039905
50797853
88806753
36396752
40923070
15824288
22784136
20543334
14185317
39348261
30759041
31428685
37656339
28423263
18023868
34012907
19937880
86198852
50317463
15689503
47739450
15507433
22689128
16006592
15677585
4207961
18963809
18638502
15220768
14855994
114974578
78890225
16297707
98158642
16149614
15458181
20245031
28676476
21834922
14270650
51462013
46176168
12340562
17910554
14129299
18808586
4107581
20378448
12272322
21059384
41387157
33222598
14620003
17272677
93069110
15896625
18678924
74227840
44615672
16669075
34274380
18481050
16630062
15113565
15647676
21186125
15134240
20076000
9624742
14615871
16613128
66369206
26805062
59204932
40942518
17967675
46648807
53039176
17961886
18528834
29061281
14199378
15460572
28238988
66369181
20065440
21691275
20064236
20436059
14505838
2364311
20437286
9109712
42967026
17629860
16878156
17904241
18023140
75367781
42924141
24904117
35829796
31128529
23103488
22508473
22053641
21684013
114756202
104324860
109280446
29442313
7429102
16160352
7152572
21269970
55677432
20092295
15727817
40318829
41363507
18943852
25800320
76649729
16042901
76125515
37666984
55329156
17993906
19269183
7270292
19726613
73303753
20444463
19028248
17487795
16071123
759251
16032925
17292351
14293310
14738157
90484508
31310158
78408666
8839502
21224756
6519522
16834046
14282672
114896223
21104773
8162322
20020575
52789108
47975734
78431501
14669951
24752484
80023099
18632666
125746882
15600527
11348282
50055701
15985455
24905240
18216752
21157904
14845376
10615232
18170310
16814727
3135241
11134252
11650762
5693842
5496932
84620376
20192403
27676828
16256269
15116570
16721061
18166778
20796447
23970171
14275291
19083619
20467163
22831059
19616327
5558312
17513304
18061669
16102244
18805303
24773493
26089178
26533227
18277655
32506723
63150856
20088666
37007274
76185102
117777832
113473917
50152441
18317325
22527499
20015903
52503751
25086658
70756980
65391175
26051676
20097342
76966145
39834947
19139963
23712174
16056306
24183358
19926675
48117116
35195892
10126672
19611483
28576135
54885400
17409240
16725276
46220856
43166813
134926562
33977070
39510422
43993601
24926288
15735191
164660854
40711530
53837162
12788332
14884201
28652194
41445718
15356407
29766367
16424044
13067732
15749725
17976923
15394954
10691752
81502941
15281676
15856366
18981785
27968690
19407835
85634177
47632905
17814635
14099719
16045956
21252618
61206798
33530012
116505994
20179628
36082429
14515799
17454769
2704951
15731751
16930125
20480549
13524182
17078632
14924233
26487169
23362301
14135350
151444950
106514937
16172991
46662081
7212562
20523120
20494730
21241131
21232507
22536055
21260955
15937025
150850048
16371887
33515703
56700964
19983050
25844225
16666909
16887628
44783853
18058609
19658936
813286
5741722
1917731
30313925
15675138
44335525
62442994
48037533
73181712
17006157
5988062
428333
40931019
16072058
108686283
15371292
16950863
10878852
13294562
20990717
76982370
14704444
15694286
106606657
17663442
16001350
12859012
18170523
117882437
15876673
17930574
19624861
15160884
21660348
60984835
148440851
76350004
18906561
21329888
20053279
19069733
26778110
8775672
55235265
18967498
32010840
8542882
17563655
26749459
130600206
18811140
71281860
22012091
63169388
15954997
7356562
13491312
7004382
21406834
14984637
25781141
18909919
21690931
33576489
31611298
14384907
22812754
15361570
31801993
36686040
18696134
50452197
23600262
133832049
19318314
20552026
20002401
22192142
34638973
14135426
19891734
19918558
15861717
58928690
112740986
70526457
150724371
108376246
40277246
29501253
111635527
89028052
109025212
82649553
92186819
24195214
38712914
155724750
148453195
118756393
36696370
48144950
34376087
18229117
24002724
84129740
17800215
15764644
48802719
20109973
15931637
16456599
23176276
16379018
21023681
22138357
21397043
48043084
60627728
93736499
44397881
25300308
15998961
92079350
46817943
59157393
69181624
37999041
19417492
3108351
21878458
27744185
17899109
20713061
19553409
113047940
148376661
16815644
14345062
15918708
11856032
13850422
21612122
48847011
18805644
44513878
18622869
20109439
10168082
16187637
148462421
22703645
2467791
15745368
15641893
139314812
5507902
20730021
43581352
48722401
18172905
18176907
21286108
15485532
11929312
50434933
16405291
1050111
14989516
11246242
15335534
16787084
640893
21674448
30043495
59947068
18097821
23121519
16157855
20252855
55018701
5336752
18812301
27311044
27882000
7380872
80638910
21111896
18227519
114050808
24735461
150737366
47438401
20776497
18030431
19658173
37920978
23951197
108617810
18916432
18217624
14749070
43568964
20466215
20067354
22799750
22685200
15234546
20245775
16303106
71294756
5357812
7713202
41634520
113420831
20608910
7402662
19394188
65493023
15224867
31127446
14159148
82282572
9508922
15976697
27901418
14224719
16832632
15416505
15731368
4119741
26083271
26820275
15428227
15754281
1367531
5392522
88750092
26424123
19929362
18566912
74198348
19291441
28176898
23124635
22545491
20209807
83603750
76452765
10102032
36654245
77250424
13218102
14904437
5561412
15513604
14246001
21022846
24554234
15922214
19739126
17074440
25916881
21619519
18646108
110445334
9532402
133439172
89820928
35474809
15751083
14529929
18791763
50325797
52070270
21220931
18891923
6577802
22509548
15207668
23976316
34340464
16031927
22528309
9300262
