3364255215
51510169
58489734
25924156
1483821216
3363189731
23133750
254088523
2353862341
3249943896
3335269587
26120969
3363103523
21193125
3360864513
3306095459
3364678899
417602138
3362823136
3339985749
3361035531
3364646674
3365887217
21416670
21649697
395418510
859542001
870092700
924541352
2743041308
1677013297
1952653698
147680126
1444627322
2375990671
1618603819
23482357
224806659
38855868
260440068
20211913
50475911
366702640
181252803
19775920
2723165721
20267772
2950811617
38001429
236480864
742143
12133382
5392522
14062180
138152026
12859772
23112236
296252743
280604607
15742985
15450996
14410652
15075753
28147277
189258194
958338876
3232145409
22642788
570079479
36559068
3086975121
59845539
13850422
41049781
2459796254
15085627
332566317
2279612076
199359400
34771939
30519485
27100870
481483697
395393970
488950348
90907717
2808637613
705177074
275028344
1945398170
55507370
47393141
1926996924
52164872
474464413
106520446
85201778
17153947
38317061
45371411
376234071
119166791
76133715
1653186608
2991196955
21027715
2572157947
347395654
16073416
204599219
22508206
102055261
534161034
731741988
1151367666
326160174
628709039
262756641
1528986187
701821488
3158263441
19982434
1658498030
16567705
1249982359
59556426
466585735
2953494478
1096201897
42711801
201475138
140967299
485894075
177944746
2312829909
123738314
191605542
1055907624
31801993
50008820
1024051080
4119741
23535710
16729099
40926744
36178069
3099900504
46144784
18191450
244130619
17033353
2478639662
103447346
17881467
55896443
182599049
2401916964
564301608
18462999
1525941516
757832485
390985197
158826094
18005085
78408666
950783972
110796181
357466934
61299332
189129306
26170565
142490217
19784058
245399797
1400294809
25953981
3044993235
27922157
48374668
101987073
20813112
1328119608
19409270
29721809
242418441
51530349
188857501
565196560
470196395
15766082
2752798716
36824776
2369210714
14266331
51167390
19598173
2269210339
1680194941
29142432
2571358012
230450027
90480218
2230069801
25377490
18771370
79597334
18956212
86177206
345158526
1077446982
28195764
93059852
28902856
2786564756
575664428
17289717
57751453
35002876
16297707
300497193
218325695
163995093
17061263
85131054
126401831
120180668
106514937
365694250
19195094
1542406656
2427973152
1410322550
219350591
21845498
23232204
579560688
83462293
65551087
169586280
65691824
45128645
24295482
540122045
145338892
1114816538
96066397
18694895
107261935
1180379185
2924900610
1397796511
148491506
575658149
138821285
128896011
14842061
44945327
108416848
2978291435
1101185191
18163893
294395667
22302678
17596622
54546430
17451742
20436059
78669790
14615871
54943732
61853389
18023140
60654735
23796815
20065440
74164455
24948659
37986651
15731368
227790723
17291393
16655381
23272358
46742996
126497067
46719689
21613782
2657657688
1762629482
26143624
44368678
35130985
104569583
2987420747
59234872
23695934
110432435
19019298
555265605
2482022082
2853309155
583235969
2161403900
2305044205
2355132270
138609858
2249234689
17111526
95511150
45724718
37965812
378830749
16640775
147029860
48213517
612896910
60693203
113036476
584069282
2285188358
1055515873
2921267367
29573053
22313347
21878635
2847221717
2696643955
2862577383
2933760046
2976954149
465624910
705505910
18018355
19329839
2233039286
237400313
395507514
2422204022
109579534
2962813893
768592152
30512884
117471545
190885143
308574642
21462484
156394228
2560169238
2991289370
107125748
31540671
2612307559
16032925
449850814
11611052
24594836
22307765
45669384
398088661
24417386
24438725
36164187
2469604452
45500782
2247139437
89321175
35751782
489817425
2396825847
99136865
2308540002
269448653
1658296332
55649689
115805428
14413466
493166367
2351882918
277641260
981220008
500704345
22830647
221563863
757893380
564111558
185376376
42930296
106816456
240812994
106597684
73181712
10126672
115749048
19611483
14499829
69231187
33933259
17629860
211588974
15647676
14159148
66369181
19394188
9624742
133439172
15007149
72198806
17494010
115979444
325830217
43963249
73238146
16789970
244243985
1061029050
15764644
117501995
476256944
30313925
43910797
234374703
293131808
15442036
486694111
221162525
132278386
93761782
242836537
242555999
171598736
109071031
115733549
29201047
1099199839
15324851
150078976
249787913
60828944
33576489
278124059
247334603
612117635
16045956
1090002997
1072008757
15361570
224285242
63169388
312134473
20552026
28599820
1055730738
14293310
1069124515
1080844782
44609264
2097571
2836421
5402612
16827173
428333
343588320
1219774933
14173315
252763592
1633520624
48029066
18812301
607289206
15931637
17074440
277165873
538185166
450941680
119829799
18776942
555474658
1071402577
89820928
205392468
50325797
20608910
11856892
233737858
1068470480
291756142
252228068
6577642
20776147
202206694
1092979962
190905427
5558312
316647643
76649729
229592356
29216764
184136149
15901113
118850657
30043495
601188656
216881337
21157904
286806376
17498103
23022687
16119129
120295432
6332292
261918703
14836282
1131917492
14213413
103087786
130600206
21333396
19808819
41814169
960696949
1382011333
69181624
227837742
34310801
47341545
7270292
15224867
351133674
16440677
14408705
129879105
16815644
71294756
13491312
613725908
975200486
20546536
968650362
27901418
20707966
9508922
1092757885
112283476
108985543
22771961
15727317
14282672
266830495
34274380
102488708
8162322
172414996
19216998
122207745
16742053
272395158
18805644
15513604
584012853
104299137
40826726
16385521
82657929
43919633
228747444
76348185
1305596696
36875829
15159913
1506539672
371465104
151134437
42692687
334053327
14839147
16160824
18981785
19740592
18592146
14620003
22956220
69773058
28628850
25101996
14335880
36452050
524464488
2361498756
75263172
22192433
1072585873
538292344
166990746
379445996
320524842
2892301280
17918065
211636625
17995040
196168350
15976697
50769180
23970102
110445334
18646108
112047805
46002396
17546958
14669951
77920769
10774652
31447311
3135241
20076659
45190383
34927577
234493276
48075643
217083195
110004599
46417885
2897803338
178763731
1128514404
1072382221
1071900114
1060487274
1058460818
1058807868
1058345042
1444015610
107514329
377534571
69397283
362024331
362011920
51541647
87584353
455764741
20647697
550161582
1060370282
1058256326
20746193
16067683
460246990
549374169
740923195
237847352
396361713
27174024
249469549
34064539
243805570
539089715
2817243859
15569249
1623101052
59159892
110463043
2467858806
18943752
15335534
14560097
218975278
1265946685
28674163
1621030400
39144179
1537068409
614512314
35602095
18476455
16887867
26051412
17409240
1209417007
2567322986
30305149
61188538
63787812
2695639560
339822881
14096763
2416016648
369245377
374541137
461515145
10615232
18873711
21269970
237418907
19075851
21388284
39279393
2483587724
323934044
104536494
2306935404
2432322229
58523
34907868
239183102
215053050
20536157
6507762
293709920
67771614
21316253
250492272
16081831
146457801
15137706
312800783
44475019
13218102
419022239
359413060
92375695
22703645
158769098
1561046966
2150967798
23787952
849341286
2296493342
489647909
2236712707
2369172685
1231641006
2422483651
2416413577
1691829536
2327564238
2375888762
741019129
106107639
129957395
2385264187
82909772
381041272
18292636
26229230
16013053
91928673
116447874
103019606
634064350
66702858
18292615
882999872
1946881490
1403205536
571634263
1651646257
1861209914
1723337022
1603237854
2587786518
2234847666
1120031570
717145158
1037997272
75473913
972394254
2315999834
239632812
588354505
304469767
296849752
1954164906
2472627636
1898335100
22499219
202382378
1683892622
2458485152
1157254676
1051446626
18695891
17631078
83917784
164285792
473017017
749375898
362523276
97741126
1025521
15646547
14659350
7563792
91386979
221514468
491719838
133081159
250912539
86129724
14345759
16930125
997684836
249288197
118254354
37227583
759251
80039905
29487664
5508672
1740535064
19245366
151413560
338597175
1901212753
547806435
102884101
39574682
840884905
16637197
54622050
950328072
278093318
132513730
15617668
902292732
330351641
310424310
14849562
1046956008
38332321
332502511
2174212152
37919704
1206227198
100367386
17345959
209036391
44401911
243905879
844364659
18834419
588475007
50731463
67358777
104914594
2203330004
76744539
21247089
1923451808
26024455
305937327
48098677
933659065
2149252963
106309161
62169540
33984744
284639726
40055348
36671344
133338365
14594809
14592723
19400611
49634218
9689662
57430197
338750482
2196552667
1037427661
54294588
18247062
22204173
242727646
15993122
28139385
259748666
256543545
1430692574
21803333
17553400
1133975370
21549845
346134201
467736151
17906632
19032249
2205604849
40156330
24439201
77032777
2247933434
18958999
18163042
18026772
292552239
163589845
309679834
2165334859
568269914
1467740072
206294786
408763095
159190093
339818384
1553093317
15518965
20545835
1935612434
176556719
785410489
2300324244
11179192
7381772
222622640
116341480
314335929
2326322779
1691993269
18927349
1128326689
2332354080
353193586
278173042
153180731
105242077
18170046
217550862
151444950
426643003
70698180
1531265618
2282559110
414503124
26777876
1242578220
285973967
1249555416
1961569987
186646579
233846755
1137168450
16125224
375391308
185680080
2250687108
2253968388
17068347
391892375
47528062
771613542
130647368
8953122
82470114
1539168072
562989744
17080541
21215620
21323092
741787116
18776960
1322558402
128997720
63189527
28527285
16163121
1849036435
21782431
93898319
112836827
275208016
319197517
21307076
22547261
20094138
14007532
56749157
456040944
67689103
1910655936
16157855
14763834
1861751828
1979039203
327577091
191076340
60394967
1058051748
80638910
14081659
16113700
18812572
23080711
63516513
20624714
19910847
249289990
20697719
22548614
129607911
417411139
56704119
22822120
16898332
250430268
555179519
540328892
41766328
39985597
38481659
69357767
17466186
33873500
47332960
599585136
950485620
1202236015
1176912800
106431967
573775393
40168326
22867691
328698237
59307525
209700012
236277901
31507186
62610089
23955472
58882026
840288127
287822090
22642829
259834266
1372040162
135242444
303973191
19641476
454526437
36650319
962506867
221039152
581104236
520349323
18814868
172104710
22609843
1337608586
19498091
281610530
88784440
1074480192
558997164
20071903
119784462
310455468
161258843
1658593669
1668550838
1009269193
21252618
130408348
115435421
36410927
292929561
1320698042
169203819
17139736
26942499
17539497
874916178
442075494
1472820247
1022036300
69666298
26156484
122226401
24466578
18950712
14599573
25515191
195271137
397291925
93876666
21316821
139824715
7744592
196417067
47102926
121016148
16042794
1444853400
1444446630
43890089
56447463
47688387
44397959
809552311
18963809
1071823452
1057769179
11771512
989231
615154475
1283794388
1155212191
22076537
15670644
23794763
1137600571
21927612
469194846
20793652
454647226
351028084
870165824
14870670
208736091
15212187
7313362
22773605
993153006
43821237
158772318
16135106
49720839
238259855
12272322
35069681
137150910
63465133
37710752
1048784496
86167608
113758100
24926288
22797740
78634285
305790795
381067067
33972882
989862169
197496309
47202346
121238614
17198100
113420831
459284418
976969338
58836525
362069477
208513803
15745368
63174700
501231387
26777550
40955044
148376661
1325508818
121804169
11775782
20695186
7702542
301549400
1138688364
70789586
58886669
407013776
56401482
364977815
107441863
143798379
321657170
29985938
28178127
135575282
325691585
36067764
17001754
83865249
5336752
207660339
1087628484
94568548
54885400
50652364
158216203
216503958
1045853744
1065995022
1074101017
346197350
117832807
314149528
584464629
224320485
935033864
125212215
921236071
20957491
23194886
16261445
14437914
402719755
130274805
963480595
21216878
32007346
13067732
18061669
561603779
634179435
412412975
256132345
16329199
20957191
19734832
176093993
15605224
324028039
303388677
132679254
120201588
33357659
32071013
64533011
20094734
71582798
508902096
18634764
171154131
25086168
19259132
14980389
16472929
45239300
35673815
132657972
26375497
33222598
26808497
313379125
27744185
6608702
46681100
16097702
52434974
235217558
593804592
135218663
482356124
15918353
26487169
493407444
19114646
19268706
38737676
552044121
36764306
104800336
17346120
48115928
114859756
15762819
18983793
12926172
364967265
26545777
14345812
16187637
8839632
24362769
40299355
21921364
66359889
18195237
21251668
114607567
16311797
188783712
31310158
85606078
550480350
36082352
89520978
33953834
66394649
112526560
19354391
19243316
151865796
20245031
21434408
92079350
86141342
369716558
31634724
181965258
11698812
191677611
301669535
60704768
6017542
222953824
551195347
550401754
158129535
368422985
179546580
380581302
30864583
26270093
544461626
82372199
40116885
21220931
19351669
54785548
50680577
18678924
79743108
972651
6519522
44209472
16468012
46176168
389759292
16925437
179588796
21301913
807095
38216129
238706098
123345444
172053143
18622869
95686153
229966028
57111966
47975734
16031927
54900089
236026761
28401561
19186003
136550204
39155029
9532402
14246001
155973490
16371887
15113571
24899534
14342564
100601141
101294318
28785486
15012486
153149305
16669075
18915145
63781564
19504063
364340866
241215352
44682276
26754354
106135104
364564017
21328656
482171567
50004938
321291557
94366606
402029058
381736092
22186148
15754281
309267226
241522572
234906311
15811808
239603924
237770636
91478624
16099657
16350574
459621192
388468632
85634177
43409523
263684816
240393970
27873569
223970563
296361085
55217496
132668190
237313616
126695610
14662354
13804112
54686484
254082173
14711707
53168881
16285710
282093902
159491661
16635505
244698203
193872188
43362959
171630294
20293895
21125128
205772471
158543434
179645507
22515328
61797694
14730894
21060876
7402662
21619519
24002724
12673222
53099870
108617810
19392245
18172905
22654166
295685416
21010214
14728168
91179070
223711193
35816920
74182289
252786721
281540744
19626226
19427811
30887140
50073507
44729366
278145569
15923226
11442512
130844286
275709277
234573331
114756202
240385577
22508473
240363117
193794406
242376736
233695891
239964567
248850174
237944147
42924141
51228911
245408102
241207373
75367781
23103488
18632666
242926427
20209807
54412900
244268646
224391627
250710495
40318829
47739450
135108504
59814607
170038951
27311044
252819642
37094727
142321780
20692197
16385698
40653668
109280446
35765292
17447563
18566912
23712174
246341769
70756980
155642785
22055226
240427862
240760644
112508171
35663608
236479311
235190657
248699486
20053279
235271965
198526130
249219716
56469022
137407124
26324609
237862972
242761889
234797704
110545675
237299871
246769138
33655490
237750442
252819323
221793778
73206697
116546551
38433502
234937222
257038465
26596727
17769193
21343058
71563476
17553546
136801185
18060355
249339682
237348797
15381715
216085486
242873057
235251868
23124635
31143957
14219877
18805303
19926675
22527499
54059895
19744203
234057152
213634439
211420609
234022257
235719973
233693291
234822928
234837632
235289157
233842454
224294785
235258843
237781383
237763317
229197216
234469322
236899846
236916916
218349372
234053893
236960387
233761277
236541422
237814920
236487888
240376522
237403203
211530910
239871673
20088666
20192403
102716915
51241574
180884045
209792690
17843439
24539426
46557945
22640309
1933161
21122578
60984835
199325935
238321369
117489658
219429281
161743731
20020575
12788332
10102032
34340464
23976316
24773493
15922214
10168082
239561508
56413858
183318041
14591166
235312723
222286905
190328374
15160884
19553409
201079432
225921757
29766367
78910582
237312687
41445718
20025352
17544524
221447516
18811140
55421408
55677432
15751083
18216752
2467791
3108351
10840862
1367531
148440851
15856366
18528834
16129106
8775672
14344823
1769551
16300786
39308549
119899270
35829796
233949261
20810741
24177048
20462626
54590366
20464471
128232765
54643014
65148013
100804018
151231489
40867077
24183358
84620376
76185102
71281860
117777832
78431501
52503751
76452765
50152441
37007274
26424123
18277655
74198348
36654245
37920978
55235265
73303753
23970171
26778110
48117116
26051676
25086658
18967498
33977070
41363507
20444463
15281676
19912734
21660348
20796447
22831059
19069733
20467163
21329888
19139963
19658173
27676828
19407835
19616327
16721061
16256269
17513304
14275291
19929362
15356407
23951197
16102244
12726012
18030431
16056306
20097342
15394954
76966145
15661604
17800215
14904437
15116570
18217624
124224165
22545491
113473917
77250424
76350004
76043920
154591966
212262370
211901075
161017564
151231139
78369108
23121519
16424044
22509548
217543151
15918708
1917731
5741722
15383439
234128524
28652194
15985455
151540577
24735461
32010840
15428227
28176898
8542882
18916432
17976923
20015903
15703576
122442900
16932240
193785644
7152572
14587949
19358309
21215014
16949561
14870344
18747804
30231400
21214676
21215394
32127835
24400744
18859439
16241824
20630269
21214857
32506723
19633113
47127897
18733970
24836450
45236587
18672742
15207668
15675138
18774864
59234141
21215600
30970711
10910072
116519736
27716489
21215824
19620514
18990637
19042230
22224284
21446809
17874792
16550142
19642351
21215743
59519327
15600527
22528309
54322823
37269037
28170885
113477819
21316024
22091290
41417737
35043287
14412533
15025625
160352751
191017383
5496932
6577802
18166778
15393139
8685652
19739126
18891923
5561412
5988062
9300262
7713202
5357812
113425681
