172511244
314780899
317844094
80136311
2896007875
18927538
26834339
12577632
3327224411
315566439
20105140
18983793
69773058
43919633
1487846678
91882544
312800783
22055109
281610530
16906530
48029066
203226736
14839147
240760644
18306664
161356961
16494919
21426423
23793665
168547709
2343897943
1098503005
2494320810
330705226
2387060396
17955706
21793946
21790647
17237540
703775046
27935823
22922330
2991798768
249844732
16157855
27711191
14858317
449850814
39295587
21570761
55705976
450697476
342887079
40648833
36111939
331275639
571202103
244319121
18967498
1383059977
575658149
19720019
1071900114
1058051748
15515169
8775672
88260598
266800454
1009195424
389034983
18087749
38711343
640893
71627462
179245596
47739450
16163639
247723476
469194846
48459553
540308155
2546765701
16099657
64533011
16212769
45445747
343171266
14692385
196168350
18208120
457984599
24295482
282695161
21657697
1668453396
455764741
483862468
2253886998
3135241
9508922
166990746
280704663
29458079
410226900
156692849
232901331
356929299
18994290
2279463505
607165880
475988505
27673921
14282169
15365985
12673222
80039905
51241574
41772879
239535516
7702542
27311044
418991627
25101996
19400611
62812958
1468278608
110445334
239537038
49140008
16083576
2348870059
112047805
18805644
20245031
20076659
998576058
46002396
45190383
28628850
234393489
20192403
17074440
18247062
1117060148
334715818
44644003
28289062
102499134
15212187
180505807
223970563
15075999
6742412
86177206
90651198
240385577
233761277
47975734
37920978
24773493
17800215
217543151
1074480192
237348797
36452050
38495835
20686232
171632862
46681100
1257667158
1072382221
426917520
1408585958
131249283
118756393
466864852
28882005
450941680
183317684
47940576
88784440
201389881
340081801
14730894
89485180
51095527
907182024
230859523
84620376
1092757885
167122787
51486676
22294322
1315479253
160825500
558839811
1069422120
221806592
381108914
158769098
36218299
935368364
216881337
1131917492
1180379185
17995040
23022687
15021918
1059240924
482360629
208667872
57360176
102488708
798223170
21010214
37510311
109612558
270412323
17176805
9335232
392279198
10774652
271091161
18635558
17564591
325897784
29515247
253667610
68443709
15551300
242770475
95069715
234057152
117176826
25916881
18392095
16468792
44397959
352211941
35818542
89297892
16097702
104534698
380581302
93113480
16336478
133439172
334824599
322863204
16890518
168541923
18313747
314335929
26596727
17061263
252398355
130684893
25526853
17168851
295685416
16725276
15137706
15923226
22548119
18163042
16187637
50434933
18956212
126084397
115462350
9130702
237403203
48117116
135108504
184863807
197471767
1917731
43969372
17544524
54311326
133894361
249288197
174355863
91478624
14736234
47632905
113547271
233557728
130600206
36366823
23827421
30002837
18000662
32588000
27103046
26509427
15850444
126481405
41836899
19617094
20737695
22068490
21812653
19683725
213796133
42645839
1367531
250710495
18958999
29216764
18906561
28587919
252819642
110918004
63796828
236265963
20053279
26424123
18217624
14904437
15207668
142321780
17563655
17093617
44475019
17826047
16468012
88750092
20015903
10168082
18566912
19139963
19739126
52503751
18805303
18030431
19929362
19926675
32010840
18916432
15751083
17896154
32506723
15985455
14728168
15518286
20545835
16180004
15615783
39308549
17835794
16365305
15248833
16031927
41634520
23970102
26590559
17546958
4388251
117419826
18461227
17611447
137779067
34927577
122207745
26487169
16247829
21286108
21905548
107125748
22703645
16781837
28614262
15731751
4923811
18149763
19805496
14246001
46176168
15976697
26808497
18646108
16117242
18280993
16045956
14844867
54642235
50769180
80670924
37764422
19268706
76966145
161743731
19553409
63493754
12925072
16789768
131839804
73620211
57428429
14669951
5988062
15731368
19542307
18216752
26533227
19394188
6017542
15012486
17454769
17078632
15416505
7713202
18791763
14662354
30313925
17993906
7402662
3108351
6577642
15745368
65493023
2467791
14529929
14934964
5561412
13218102
12788332
143798379
10840862
6577802
16509580
15160884
22528309
22508473
22509548
224391627
225921757
235719973
201079432
237763317
237312687
224294785
76043920
40318829
20209807
12726012
74198348
34340464
15675138
65146567
234822928
23712174
237814920
23976316
233949261
24735461
236916916
41445718
18891923
