19293193
1058520120
2963445730
2853309155
627357044
15839947
19013415
37920978
1206227149
194218914
2970462034
2933760046
1137600571
2382685057
20713061
17976923
2861616083
237763317
236960387
3044993235
2976606250
1952653698
36935647
1119798144
17061263
48050142
19197264
1138688364
18461959
10840862
114756202
1242314714
467736151
288308178
20733972
29986867
18967498
960696949
18166778
223970563
2953974395
2965083477
233842454
1061385474
15281676
37481291
2932617195
240760644
1080844782
15922214
110545675
2953494478
234053893
989231
2978291435
19952863
2962813893
97260095
12673222
7259302
80956768
15219770
14282169
2800581040
26777550
6577802
128335404
111816908
23013996
282093902
31540671
1367531
9567972
79002496
2510906472
39308549
1396114897
1853114688
2409648020
10691752
18566912
42924141
78403308
8383592
1134148494
39595443
239581574
1653186608
2482313060
55273523
112519735
15485844
35002876
208155240
22547261
18592146
7039122
22676165
209036391
14410652
70261806
266830495
24803403
234022257
15999045
20061118
114859756
16823809
199721359
23508492
20447793
138079709
234906311
41445718
64860140
10168082
18026634
1434515396
2155109252
50325797
268437180
329514189
132758082
442425142
411953313
233949261
395536367
7597712
254217041
16187637
17896154
217543151
240393970
24935590
171733309
17924677
15754281
93288759
228747444
238259855
26993249
586671909
231510077
28178127
1405337395
478135951
2253968388
21696363
41422524
14562874
57019402
36843696
244268646
63150856
224108651
35673815
55677432
48077917
18248691
1468203217
91661772
55329156
5561412
733751245
11134252
382722709
870092700
1305596696
19739126
246769138
237750442
18060355
381603450
366043880
833496728
234797704
22485248
316577921
287944775
1087628484
70771229
18917496
61077858
1347674623
58639241
257228028
158014628
29424701
124804852
236883857
131556501
511304012
342541284
19721038
636740956
204161130
50702501
361044159
525590041
57761806
953991390
508365033
525007755
337236239
19799489
369652344
120548553
314281034
21423744
56292783
19278030
396917365
1444015610
118702592
343410295
146693019
16011110
286795710
17391442
22628015
74260386
518601456
17930635
44796389
35824566
598857160
501709599
342934229
227353761
19881405
62144705
63483129
59551092
277501707
1364803249
1444446630
1444853400
319097183
18020819
50057841
38500634
405364961
170427873
604105865
1365510152
830067482
989999844
25854943
88861017
62872727
267924766
321632766
180885750
66034438
242618658
525056792
798195139
386751965
952875079
1054152104
140191125
633968285
17789036
353019703
587971808
375989904
26395150
22180602
1076201833
118953812
1113379561
428081159
189563804
137781327
297769932
1367980063
1395885950
146688516
308230677
21322472
257148804
12927812
191527216
22186148
29849245
97594214
15647134
75292415
65233702
16028184
116110275
106209376
34113690
108646283
18318238
65997970
24623847
14980787
20324899
16637117
17468192
99169192
15904998
15290418
110893482
44702959
47626580
123134845
16403322
179404998
344201516
244698203
49441878
17389803
111954134
91346513
619111385
76415787
524444507
17281088
436879269
116534252
50147553
24539426
621040309
386505292
361434318
69086398
16874915
21664938
357890692
589541515
16161512
631477839
28168417
282283053
801292974
356349993
191588400
26623392
59969802
403751503
179622536
34907868
18873711
18646108
1089960380
14981365
33611450
18776960
17697255
1208754174
128073538
43119237
19290624
17345959
899682516
963054774
48042281
376529240
1289665068
467757223
15726502
24417386
936025080
921903721
27621738
887895582
1112587134
154131461
114854440
1276302079
78634285
300614171
30109126
17748279
1366994324
1173466254
1307815567
35235999
232028752
298177332
18195971
334898866
1397463084
1397443194
106759003
508192350
781987315
1033917120
263152070
83475132
18731453
18082464
37487817
1432029667
1199009539
228989699
484274916
74247792
997744357
90535479
915192618
248213200
255797706
1069289803
867467498
633997232
177980282
846330048
52267890
314216526
360054481
406635470
1049557129
272251414
20009204
315477574
18453843
805028678
73408582
22674471
1123298202
966703112
98116167
72050394
880100622
89321175
5329252
15400618
14791121
21236667
259329866
228772249
17799913
245381451
90658031
314077227
90929037
226788871
251236073
48702585
196183697
296866876
270163586
18906931
15367858
35766445
14176902
19103957
117854448
601188656
11841902
66815995
1300351093
246393374
1249981452
18978553
65106660
14976503
23935072
19865859
44946248
50141903
15948397
164759588
257516693
111210357
274093366
196198734
273589475
16135106
33588625
351096666
21164922
39394526
487884050
24623970
331650453
201475138
1917731
42352386
18162709
13805932
140132626
50076905
14388909
33085782
17957615
9883192
227354017
46211403
21603833
310360496
318688171
321174683
262809107
310480172
15223636
123883572
30039440
36191313
20544488
40861717
542188965
573810075
18634764
161137772
19773831
157056324
1035881156
86177206
14980334
522700257
169542292
20654386
6791442
15530144
15572998
28240319
1447797337
1430692574
15210284
221793778
19198064
37424369
119906940
135108504
14614786
19743955
54322823
78369108
37269037
19392245
19243316
19351669
19910847
59932570
320269924
21829541
14980284
27959807
38488158
28834058
20851006
26282736
1155212191
17544524
23944163
36052628
1128514404
20565591
17198100
1139623542
180884045
19409270
22508473
213634439
178763731
937723303
57360176
29766367
1209417007
1055730738
238706098
474343137
234837632
135931182
211530910
389840566
97503010
165051133
15985455
22509548
246341769
76350004
85634177
402029058
968650362
219429281
14275291
16256269
124224165
183667282
1071840474
193872188
1069124515
237418907
64533011
240376522
7713202
36764306
15923226
314077780
458440520
211594839
1092979962
102716915
776664410
24295482
904753548
31256094
161743731
405900344
109280446
224294785
248820306
820695986
1072008757
1059240924
1077446982
1058051748
18773159
976969338
518644221
1058256326
1058460818
11651202
1051446626
966442267
1089334250
1074101017
993153006
1060487274
1058807868
1071900114
36676406
1074412920
1072382221
19808819
17553546
48168986
15020143
23396903
16874104
14475481
18461606
188028348
861731982
424686151
119619964
15987296
473118604
17653735
1011546456
75367781
47779368
45724718
22528309
21343058
40653668
211901075
935033864
18991321
950328072
23976316
1065995022
20015903
234812598
234128524
16635505
241522572
921236071
364967265
68730426
23080711
233724961
22381066
223506587
1048784496
975200486
1058345042
1060370282
963480595
252819642
18891923
581344962
1025653922
21156992
212262370
293162619
246871490
33625588
234985706
14445249
351133674
26324609
108726910
252115520
16424044
39510422
15207668
