84419098
252249233
312134473
432676344
556004801
10045512
15764644
28602948
24195214
231510077
22012091
14135426
1055907624
2916086925
3027286779
2970279814
156333623
1074129612
111635527
1083448909
1134292500
342863309
1575434268
247334603
93761782
155669457
63169388
138770045
25781141
109025212
85362822
293131808
8128442
292990703
352548417
1243902714
31801993
390850899
1135338408
613808499
1707701383
122174004
385494332
22555330
18137749
745831316
239877655
154206453
116772989
185855764
29205600
554468819
139103230
15676944
172869874
16434026
934681
18630046
59186449
135515077
76317752
633980404
7402662
14159148
73181712
9855382
24752484
113420831
222953824
9624742
372575989
18646108
20466215
16378486
15163466
4119741
18764841
20067354
22799750
22411875
20109973
14606079
20608910
20245775
18812301
33514869
20182089
15675138
69181624
22685200
7744592
18665800
14437914
15164565
21982720
14677919
17629860
12133382
15224867
15012486
2884771
34713362
5392522
51241574
6017542
14293310
28785486
3108351
5988062
1367531
1652541
4970411
5402612
742143
759251
8953122
91935208
15923226
11883722
224320485
14377605
22322730
19674261
15164393
20626103
15458694
428333
14283170
16348481
29466408
807095
9300262
22744510
17126704
65968759
5741722
50325797
330409007
15488528
168502762
82920618
18728980
10069612
15034087
210689877
15679641
18645152
15248833
34113439
24037404
21700258
59159771
20066561
30313925
15446531
22552031
87612710
24229787
77010168
19593182
13493302
29450962
24431892
48523902
2467791
20818801
1947301
17467699
56422080
61793200
16129920
328713447
16789970
260396714
501990563
74820061
71294756
178441979
96218435
78461452
39513054
17563655
108760753
74502496
129914011
15021918
183336704
82413577
18191927
112899475
218522521
389028352
14056708
286680865
312339607
16727535
80639985
294170036
192423021
43901888
42649394
15342142
17348724
17625183
21573210
17471392
39045927
9830752
174428267
131500972
15099539
56681659
197567344
309941448
24645529
31128529
364423298
15640005
76404102
16458824
45599035
34708328
1903021
15135588
60919541
16365305
14787980
15317615
14184942
13678962
15131310
5692662
85896319
20537468
14511951
20610047
44177383
140519774
85892107
36948268
80612021
115111016
296298630
25559681
16226996
131275528
19036037
151963505
14481589
77603
18622869
18812572
58113946
38204673
60790544
78445977
16661097
14165069
18559124
39324127
91377501
245516606
238750117
236871486
24282755
18480494
44682276
15554922
17171111
17449453
133832049
14884201
40994985
137794015
193732179
111379452
18791654
14790314
18557258
47841557
16001350
44513878
5692542
28945635
21426656
55590130
43963249
17093617
56452670
24126400
44137955
139723958
172858784
15850135
38052194
16318652
78630792
14337705
63268295
14614553
52333007
18129340
18109490
23245693
44498699
22530967
93924403
192964962
17515254
15850297
19197661
15169032
15232635
122526450
14305243
79629981
