410216127
244655353
2467720274
1507338108
2530478948
239974061
326208966
273952805
17634686
16801671
46733238
31183389
211218767
88012027
197183834
207243664
26003471
22728467
22507908
474974313
1672128912
40532337
283795834
185680080
28652194
115745371
32521584
106520446
89220865
35798819
44213993
272055390
23555025
16642245
61585965
26159450
23469766
20088745
15871082
117833629
52562618
123461737
283204550
21062802
201882918
14348157
122174004
1022694126
761783018
126722715
218982732
15873811
50039961
234415805
36235480
118562446
367178609
1578051320
117031630
19321779
2731529351
114538377
281072009
142490217
2180831484
80928773
3131375848
285852662
532451131
89293119
90193044
14766917
14873782
54606467
325814138
362510239
15839947
1134148494
126299991
409536938
213419797
20800328
806929946
53816818
54622050
171565750
234467536
244128288
61723763
129917609
11107172
41488991
56552341
622412749
21789288
36388506
14540264
19387386
14827461
609431304
20552937
22313347
342806058
19464906
26103768
49543764
122707992
180451648
11347122
2470328227
29827990
247334603
109071031
171598736
249787913
29201047
15324851
224285242
703974673
303898942
61206798
21406834
20552026
19918558
112740986
109025212
236511574
384392601
599503354
317226055
1055685948
1058520120
1128781184
757303975
87510313
408816873
15007149
970207298
502281810
1071777608
491350825
15808765
35056299
17059095
240921277
21461944
380999118
193872188
221792092
36686040
88806753
30216513
164007407
153944899
156333623
249410485
168673083
168502762
80612021
261895118
277165873
2293131060
248495200
1373441167
2613691501
210236090
253218181
1603381488
1135388684
531627880
31611298
22812754
18696134
111635527
162069635
33563161
24745957
242892689
237770636
199325935
210926192
153149305
267854863
258900199
252249233
164369297
153486399
442824717
22669526
516880804
1051127714
1045110018
1068499286
1090002997
1055907624
1058717720
1077121945
950783972
1068470480
776664410
303861808
242836537
26637348
432771620
328679423
355906128
17907578
377609596
467823431
292935209
1072467470
1243902714
73238146
26283468
486821128
245451804
1531521632
1262814457
1155335864
463132556
937801969
432676344
510516465
236279233
2970462034
2970279814
581141508
2433737761
3018670151
2968451607
2968007206
3044993235
2724095695
2975350155
1880674038
2916086925
2962868158
2863006655
24926288
231108733
552044121
16326882
16276054
366606110
15567780
18792765
25702314
153278774
2427885031
16291449
2753175774
2890147555
206921267
2693769729
733751245
126401831
729177876
17881467
274581613
360080772
82167518
52494924
21867341
3095493190
55369810
2548638937
1199794686
22508206
940820732
234014087
22302678
2913891185
14653034
55896443
119491006
130496027
48075643
104211684
17813980
106516018
38902920
1536791610
373109633
18382184
500704345
12788332
197594920
1340093874
7506962
236485849
339818707
1134292500
47626551
614542142
342863309
3027286779
38663867
2695663285
2458567464
111390601
2903882167
3000661701
1286312880
409456907
422829398
2461810448
78998306
2966570782
14825313
862430010
62343633
1390186333
87271106
16016427
86240588
170090195
93661069
14471411
2176318914
162225194
29913149
26106309
108710418
125115830
385429543
16753660
16125224
83462293
21845498
19914257
621457521
21307076
21797658
48581849
45265448
19554219
13493302
256163301
28181835
22077368
188984590
38254095
2651126504
118228048
21837101
183351903
183735745
69181624
12859772
27225542
2240756971
137499729
31464192
370113964
11680962
80111587
82509878
378752087
13804112
312243603
163598915
11771512
17907987
239581574
28902856
290676747
34969402
14776082
6112442
2435938374
15765991
75600769
115243117
21431618
116341480
21316253
18028893
45399148
564111558
33653195
231510077
137589397
15918708
407013776
18697888
294270520
1270495422
106291885
2303751216
16006592
70511174
2347049341
306326228
47848003
202924869
595515713
17878960
2382117350
1339931490
188857501
153181367
602351816
41524135
19847765
19785811
12134692
217064621
196264627
15677585
138510294
103927659
2370996384
188376042
30007031
745447032
16340501
466772573
2312829909
5564252
14763834
6487292
105939814
254117355
97503010
110719210
57741304
30013010
21918310
14062180
115710058
293303534
240014188
221484024
1375289149
460391883
33304904
103022243
123738314
271128404
177194762
105542379
126946608
297895260
17759597
15826822
284742585
18881645
22529427
19612224
1206227149
16555985
169586280
37965812
339307665
1684234034
20454385
301014412
167511780
626552846
17340781
249469549
115564212
163995093
1618977168
210833051
2431125427
16515881
299877078
95573246
129679132
22451908
1222257180
86129724
2359926157
1083448909
512844010
57482521
612969813
79842777
813286
1339835893
939091
113420831
19195094
15483390
12811862
25360971
399507448
308233424
21443773
18920073
66768858
20531247
1004956382
55653151
13850422
575705670
875580120
807975026
943814922
38507478
76348185
154985728
18482836
15741036
23621827
16489846
9715012
2592023390
787373558
15919256
273097675
33226245
997684836
330579721
1624027328
34011379
70489839
245412130
34397928
109645132
15458181
42430107
198667178
398088661
25511721
250912539
60610799
54276497
2427721662
117207463
439717095
40532762
17499394
19608995
22260999
227790723
406695902
46483270
339332911
22895484
48103098
1648936382
171972003
14849562
17341518
1275136292
628559456
591204352
196290799
120181732
58658349
18795726
104914594
70269979
65453528
20517132
26607712
426802833
2836421
364423298
78683259
18825339
38496530
21765244
39659684
21228708
403699671
42144884
101941344
1200043633
47526275
125453969
42809339
16163121
406632310
243337600
287893095
184860130
369602017
47160314
163162704
243769444
321797990
15727697
23979328
114050808
63247244
15989554
55640472
189129306
339024811
20852178
83616201
107420944
23642217
27638312
115718513
54322823
46557945
234186830
26324624
18695134
65707359
24196684
245587865
150793102
255571625
322658287
13524182
17044233
18215973
1514725219
915514734
156300451
22304988
459784781
432799563
11702412
36948268
142849883
2178638689
322401882
68896294
14081659
17355459
16369359
408689298
198363230
2174393299
24596887
244701234
67237527
46817943
1178700896
266918128
14515799
306336521
833990485
208736091
78138151
5990782
67958182
1418950590
21282353
389576735
326255267
208659115
51520631
516956802
236026761
505460403
319689712
15935628
389759292
228183985
546383985
185349940
113120733
475294870
121540651
436873679
51241574
3108351
1613223313
1623730970
163486896
17358750
2467791
243291022
263879706
1604366701
79925222
16413730
369553654
387313554
33884545
110213431
80654397
44000905
35785401
16930125
16116288
19975757
1959440839
14095706
1581289837
208784226
128698420
389669660
225080450
285198536
30272229
11348282
7402662
564822714
165791468
301063596
17379685
120176950
90728698
22891564
407129758
59592572
14007532
145001560
1144020295
228135641
16441600
15682644
335536584
58491989
52615210
268476335
4099171
133947893
455040241
452755984
442321178
523760282
292656663
15470688
33919343
159169355
38720373
17171111
16342316
21346215
38232102
20461521
18963809
14870670
112873659
613491892
14775998
108338444
23822226
41764193
59031043
21688902
240334048
104299137
242418441
233985354
40302336
1330457336
450941680
30249306
1064206014
937723303
1074129612
404132211
11527072
1060984272
995193054
1058917562
414207315
519233121
429410607
22730280
1092979962
1080509366
14888467
63623126
785414496
258885469
1176994477
19835106
137794015
18909919
24195214
1112972713
245424983
74588583
20295222
31404932
25781141
47412499
217550862
338022788
27973546
993721842
155062488
89052543
85892107
1061385474
43415759
479872233
991659607
82151660
58928690
19716781
1080844782
16815644
249217178
17612289
15956067
422737714
150135224
385702678
16302354
426041590
133832049
21346365
14197213
161319475
351065668
377949581
372300596
29501253
201906207
16246715
16563576
19629840
18871191
85850590
25294855
132981520
599454226
227418209
18363255
160720376
48126102
24951142
159609655
346197350
222622640
165998897
373551099
1135486501
1037321378
942156122
1071102246
733860720
731167584
62639813
25550105
7860902
127605667
361321755
16000856
86932902
16096735
16888571
344805504
174793500
346569284
74829020
1089859058
432766911
256509524
262800581
33972882
237477771
126171100
294212748
1093090866
1055730738
41280851
42692687
339852137
16441088
140286364
22271644
257091348
17241642
50426337
22193556
27055034
19568591
137466464
12272322
18174520
20281013
50446226
239905257
776852118
56864092
831597379
851555820
408011534
613631756
159623181
31583882
36764306
19750789
125732512
9300262
23105781
213295930
14411304
20168054
541329760
32488919
193732179
326522933
21901272
114887629
37515236
607856488
44134773
19665271
15446551
70738940
239283229
108985543
45604374
158398519
249348006
382471812
524588758
24913074
26112336
14173084
14185317
22966972
15134240
15939889
55520836
79959482
558769636
409486555
14268812
132201224
9624742
131144091
16898332
17004618
15159913
183008734
49442241
51853612
95270375
22869693
19587717
35574773
35630308
43651307
260289753
70345397
35563552
25235198
40124643
16190105
34126592
34200071
461320946
161070930
18822640
25690402
28037631
18459813
40937824
263955214
47943706
21318061
48155110
204431686
20219378
42633608
204458046
21041553
16191064
19217091
67984016
78368586
72433559
204428980
204447314
54222784
16137142
174747786
23825303
18820634
21286406
76855137
132278386
18202194
83719065
441353690
59425403
44783853
46470122
16369269
82824999
286329814
23080711
21360690
192955168
155669457
161411080
394741838
47701842
89604232
14148802
15210284
18021496
15099539
26108441
197567344
19415444
37010605
334742973
524882293
174336875
20166674
43835513
226668044
204459963
109287731
21768766
16261445
28599820
279270074
149005403
22139417
239949176
62032351
20892833
334463022
413455772
27531485
476256944
23600262
19674502
437073906
326448106
20259954
62919029
154688160
38808088
422215858
14621206
26278266
18918483
326929954
23043294
17006036
106753671
19362149
109366055
13067732
17036898
292990703
5695632
18018355
334549491
16018516
19186003
221453861
167024520
23097748
26520417
305620929
56440142
54208274
31801993
14948868
404422077
78717907
21333396
364415553
12804312
89792919
34315765
54279600
55370790
18120497
22978395
136550204
18790963
21880237
17011177
39279393
19077837
19719380
43919830
48117919
51160474
37281592
21612122
97910289
43920155
9589252
148315696
214112621
270033955
14226882
21308157
319100065
23501907
44988185
126062842
197945861
20071932
58503762
257959346
313503779
73181712
17086475
14133964
20707070
37011248
30128506
36196298
16742806
233783568
84893115
6519522
21268713
376502033
43638469
43983756
37643495
39298589
222140591
124490608
142721190
35027698
47415772
14676022
78523434
16051471
288751432
26548315
352548417
59145948
29442313
29450962
19824430
305096044
23103351
25535595
69193833
16076032
14251225
23387115
60919240
21982720
158469580
222487879
33792634
14998358
102238997
178441979
179588796
381152398
10042372
12670512
48802204
44873497
260396714
15949696
44697759
16613128
39384517
27259806
19019298
46729604
15173291
48804725
15811955
18802261
17004368
183767243
40894553
16335197
34287054
18677951
19608297
44398818
16057477
16316895
133048642
16568741
17793878
20068053
34113439
15309072
18713552
94141566
15987296
14811485
41605985
75116146
335360111
17499296
19658506
135904937
14292458
14139811
28796289
87760251
18462603
14631598
14276734
46232477
13393052
18916728
301189264
15174710
21221064
53943410
24750798
25553658
24178302
12296312
31136855
22162854
19598173
21121491
17487795
384913290
16789970
75052666
63262233
18622869
4207961
18137749
282093902
198532943
16547587
33591713
17070113
23232204
10252962
32789910
119250381
19418459
20437286
138770045
188019606
20109439
18171703
26596727
14377605
15837659
250188760
20113797
17006157
24424732
242555999
293131808
245891006
15442036
148453195
48086014
15954997
14240875
22789766
56767953
70526457
23593446
84077400
80729495
141305110
14218637
53176629
31454635
110899711
339247305
344218738
256493718
21684013
161791703
78445977
22563843
360037304
18191927
52122714
15854702
16899221
14695985
51228973
13491312
7004382
20179628
30929600
235373000
31128529
16583468
18829123
7356562
28602948
10069612
74508260
140519774
85396297
111379452
14135426
115979444
92186819
19318314
297067961
15361570
34638973
43910797
72198806
30354991
169665738
267938462
245516606
84119348
163570705
82453460
208692908
31122582
39249305
20002401
153919023
136042190
33576489
227341953
34972633
242426145
205466200
111635980
47632905
150110556
49733381
152142811
121817564
16161911
44177383
15670644
19803365
20496846
32628749
12654802
51462013
120129682
98912540
14754055
9862752
79743108
7848802
147649517
164412502
19541375
146540271
31157580
157690631
109612550
39293807
21434362
15651412
61556516
28052497
291903997
16012783
16072058
5336752
7380872
93069110
19608273
16371887
16297707
14049145
218347440
11856892
108376246
325830217
98543618
136300373
158426909
97474887
16664681
16250929
15220768
39155029
19354391
57770539
16081831
33530012
807095
19312573
237780351
246088673
163633469
19414861
247471226
163589845
34022952
4119741
30043495
15675138
114916322
5741722
92079350
27901418
138479037
266830495
246357149
59676104
106135104
20508720
18097821
108617810
18983793
80617430
15922214
85131054
14412533
31127446
20776497
20873135
21268897
16129920
50452197
21691954
24928809
1947301
1106501
59159771
80944550
1917731
30313925
14434063
18227519
9532402
16187637
89820928
18909534
15689503
33222598
16552733
20928192
14270650
26090882
78408666
16162149
92407522
19216998
82649553
18149465
16374678
46176168
151444950
16311797
12354832
21414576
15446531
20474813
19659031
15727317
14552725
21252618
90077282
112526560
48038024
59331128
50073507
15931637
18172905
59130623
224320485
57768217
15399512
43963249
14246001
43409523
15945324
93876666
36474003
58581480
117876714
15065156
133872807
16170253
28113052
14962779
15224867
46662081
259395895
15463671
45671898
21111896
52070270
14529929
18776942
20608910
50325797
118188665
148529707
31461776
15151000
77032777
55355654
160922354
130945778
281593711
106514937
21619519
24439201
18678924
21220931
47694175
103087786
15724082
21702539
1025521
15764644
22012091
