95418595
14050550
456864723
18036441
17445752
15006628
3260345664
36724246
338660808
18105473
20448698
18918483
176932593
10772102
188417388
14858160
436491343
858619652
2426056399
3296029160
68840485
2677562989
2394916562
3014699474
241215352
158253547
3298654412
196234177
291759889
314216196
89793645
19426551
2557521
18802261
45869761
253245172
74815175
14572469
65694282
117561682
25119660
3280005762
61035896
396395609
233030378
176672019
1855680036
2252394427
512044262
69167433
15258322
2970511436
66478318
3040340676
18155454
2343970081
20562637
54655632
2871509211
25352993
95218816
111700487
61762853
19948202
512174178
393562221
78368586
733751245
5357812
14845376
20053279
18915145
3222696132
76649729
73303753
21269970
212262370
1071402577
1140560719
50734488
264219447
45854335
555474658
1096059529
1499993378
600463589
291756142
5558312
287024128
260748282
108416848
18632666
33537967
75364211
20113797
205789121
48852266
1074101017
234812598
96442790
17544524
211901075
30815935
246961837
278192411
31035182
111375336
201148166
46220856
321490677
63210596
558894990
1689528176
712892347
82221207
15497306
948714427
448236613
295964382
2201782562
2303992020
43458175
38057366
96075697
101941344
195638329
388540227
31622338
62978457
21128266
489087014
388535773
2355919591
948732668
118854018
563440622
15211944
12375042
398193180
348176923
48139886
18973663
184440525
56257903
2935344764
1332046980
622072752
3018082713
2915757084
1206233820
1666173386
2364776378
338652101
1260648566
272482466
12228202
2835424928
2984617177
92380090
70799371
133769083
2147978706
44992814
190014339
110918426
113684710
128650896
16451587
80711731
80180108
3196680182
35702257
70523764
63966574
15603412
65419678
66455220
66761483
65672312
1061292174
22694478
65671278
66458231
14988682
66454524
17068492
373547790
62719868
15463610
18948365
67497155
2832104796
16026940
44631696
14266331
61903300
21783950
19598173
29484644
12378512
2734713482
455256867
998372894
580299709
23999194
48506613
2616348656
16135536
117138850
160713245
59910734
22086402
55019447
39589819
38349184
20545040
224400597
23019297
11306582
376621548
20840963
17840988
548704897
20723589
14635643
188498130
19082263
36204277
20463418
166733065
3146672209
2584767691
16303106
19923144
2724095695
377082574
373180628
47802507
234554962
1099156009
1534315158
15359126
705943580
2560024970
33602577
18479513
43383496
39392910
23043294
429350258
65670121
65670632
66453289
65672980
73507922
2804325241
3004150394
19848467
26623392
28142596
22994176
52757856
972551436
2805928220
600292564
18848096
43212536
305862018
174426003
787448268
429199050
46188500
241238487
589822137
600409455
93751336
38276945
1129083590
3105498445
110833419
600330266
600355896
125470833
600267986
122440618
46419601
45635509
2239790779
317413348
291859559
570317957
2518963416
169192605
1512301814
259381632
3250051760
1191845912
78361556
2978291435
186724210
26287962
30038587
16721621
123886325
19711765
19940791
22819917
2863210809
29221344
2535377622
515822213
172858784
10222862
3554721
2347049341
185397767
131500972
21762834
1364930179
205392468
63242175
14625398
2359926157
26538229
25098482
454313925
538456752
76725190
30949256
98663069
148477475
119061808
37022393
118828764
21461691
19658936
20646711
14361155
378752087
218951054
24246026
2316038941
26034081
211588974
976542720
455024343
39511166
379754341
16686144
16929520
3353604197
937267308
44991932
369615224
298047906
32887168
271060845
212304085
44984641
24549680
111932837
117874971
44984439
44992488
88756857
45854669
41675868
23799310
312335223
219429281
1058051748
20467163
19719380
427944039
1589250228
50088867
2863006655
26051676
1071900114
15600527
844432368
3187172575
15394954
18166778
518644221
403702751
1564106089
3015411026
2792540601
935594107
46706256
237750442
39073462
2321103738
2422466840
627917634
44213771
2289182142
51228911
2317854206
211420609
142510630
2774034158
3168433055
912608010
46165504
587100576
18486067
410216127
1281405877
2916086925
2312829909
2953400414
2253968388
364415553
441134864
103065157
2472873524
318531893
2458567464
19402345
229380911
3290070855
3006790827
17596622
3145149733
1604366701
3247889729
57625403
1393155566
1342861723
1530850933
831483464
1536791610
2319498210
36521198
314770217
1701314756
301523951
1252584630
3027557970
2793128881
2482022082
2382685057
2730150631
2976598347
2929491549
2963445730
2847221717
2560169238
2933760046
2930635215
2964526557
2953713339
2976606250
231108733
2953922782
2966758114
834069080
2966205003
2966765501
2962813893
2914515430
2970462034
2750127259
2968451607
2962994194
236960387
2964222544
2964351843
2953494478
2970279814
2869746172
2914571740
2696643955
248495200
2932617195
2951574214
2962891515
314205957
2965083477
2964877294
245408102
2975350155
2964287128
2914163523
2975091705
2973870195
2853309155
2962681881
2862577383
47798449
236279233
3044993235
2974648323
2968007206
2852998461
2953974395
2966570782
2964949642
2861616083
44412082
1074998582
1648452434
221917965
34438597
16369269
2377732207
1327401170
54300515
2962868158
3166120541
2307179150
627864602
3018670151
2433737761
43925013
2480417754
234053893
2688684565
719362219
1707524335
492476220
109106938
47644018
875799984
2378470946
2659130136
1426996470
93069110
18522327
38707559
54299209
50482949
19107878
388468632
79743108
474232856
17346287
22650398
34700266
78419512
1400426208
27048645
407013776
43409523
19186003
32309026
789244177
2565667038
21705181
52180914
206028618
888650520
76376525
15426668
189649184
32708979
90694084
343958195
74035510
78671324
95493980
53715420
55133916
76059158
42174783
74598962
13218102
13952832
87017281
59274071
59609288
577347893
88012558
76692861
76771090
76688036
76389527
76691987
105325168
77062830
76723247
57790392
100538334
76715676
105324927
14471197
96184413
105184282
937801969
17419923
78495596
89743502
74921459
16353982
77005238
78139444
88019711
74479317
77064180
95981083
69218324
78449750
1405337395
17108221
65686302
40037388
39187465
96886774
77231473
55049166
1946157084
36534793
20531247
78599720
48478726
24671555
17061263
406255275
27097886
20378448
14534827
81621050
57071887
241207373
18678924
136300373
21768766
58562226
271441733
71019945
77092809
103087786
308245641
12044602
20600214
308573576
1908143071
20508720
1225814342
55090074
15113565
14630267
18412524
275699948
20562786
19739126
17976923
28176898
16102244
1498515470
49833947
242926427
16256269
34739843
402029058
56529778
83922884
392432172
1436951732
46470122
18726942
21252618
17787705
198532943
127605667
386507775
29839532
29287436
505235517
399687563
588057410
270659685
15227654
116324294
55790702
18554720
190328374
6577802
137407124
18811140
32506723
182438581
36654245
74198348
552985513
44873497
1467410538
2457026618
1898063893
15471611
1970492412
28636739
14540659
1437044953
517825636
71455863
1658355438
34274380
14305673
45978023
475457300
474974313
115745371
15525528
127923779
75449182
1362466212
34120487
67814086
48398586
814655461
734414323
757316918
14335586
18686907
18172905
16250929
90309830
21434362
28796289
43888471
362642209
1965671550
28169246
1200043633
22799750
75116146
24207733
989473717
25249798
163691183
32283017
2388763444
1035567372
117983479
1734954038
312892072
29570430
1258845049
414299377
596779638
16002973
24389533
22271644
16795628
1092757885
18951324
23124635
1060370282
242772524
18963809
240419451
31534267
79094318
44264837
15212187
2357682205
381725263
1355325698
1487002764
41664393
353846102
374383858
64482503
316455342
240363117
198526130
7401202
117777832
1072453910
1155212191
207739344
88115915
1083448909
1068470480
1068499286
466772573
461560761
451002001
16935292
178017371
138860916
56794665
257091348
2337252697
1444015610
46090688
20957191
1140648348
44554362
47095259
36776808
16125224
431105641
1374957890
83549147
353357344
92814920
1615463502
2320037996
776825408
251016145
1512574530
87350256
35999863
130945778
33934492
1380164678
51542619
25769728
17241353
167141144
43268012
553032479
15264501
478332663
59221940
928577430
74793860
26355330
21023736
35077816
377665486
1132135052
16519735
21672615
323479865
154596896
118401112
28532629
52872866
587411501
439849225
407957837
613937142
27152297
15739577
138848875
27324291
22790776
4977
67523555
1684609441
480870376
407288073
865298414
34855127
1601541158
369223873
1244663683
41258004
436408235
2315886271
546548682
90219450
59834866
54669308
56996193
47280128
765005846
586596961
1602752804
2314518974
1148468052
227036687
87856523
124224165
40924038
22952132
50325797
145001560
2315733660
14081659
13524182
452755984
1707999516
726487526
326255267
27055034
24196684
13270942
229197216
1072382221
59502660
74558548
5564252
11584872
194921040
27377995
364225675
125525076
55870684
18149465
251493492
2169129164
21534951
52304663
2293131060
58727647
393596546
2238765097
71389369
494423446
945261457
490236808
65566023
475286355
466519303
16062766
111062573
611729587
346197350
14075928
319202168
399169822
442321178
16327749
594776853
1385771911
58849838
128291664
787965270
17680417
2252401160
481430084
560715959
65420357
121795745
1651376617
171822109
74588583
1927853785
58842833
34099535
38373635
92359556
34049919
15611856
89388464
57102832
183767243
2178638689
1888693694
19177501
69091913
9446672
585394640
1649096448
1861644356
362692138
1877483708
37666708
1362385831
25471341
233887893
392323354
1357428817
9468762
243499460
18493144
30075442
30576467
72638170
94000180
194591766
275277820
435327845
18164603
14224719
30472639
27337155
45577446
49992096
84614572
46817943
35027698
108617810
1328114917
18213483
17471979
16029780
14700316
14266598
13201312
21786618
16153562
3459051
20068053
17793878
211620426
37014866
16337214
41266187
2158112604
164481340
1938240282
1060860422
2165065303
187595395
348317740
233737858
1061029050
266133081
62935102
62943909
195656082
16967845
161023696
160946337
28657802
102994585
89522068
1408931293
49440980
18696996
82523350
18215973
242873057
240427862
248699486
556345017
1861751828
1055599868
490126636
1340093874
2148252679
119138888
369245377
18814998
1105259150
15108702
1363089902
25562002
15108530
51305033
233761277
252819323
1517265343
244268646
1305596696
543694238
1260172386
973313340
1521063680
1243902714
1029840770
23112236
51192656
21249203
135304832
119074030
71567115
415826305
55487106
1909164864
1953085652
21961879
80617430
86129724
761783018
47402168
221379453
18773159
1209417007
17223884
93423589
123639712
92108123
44004678
319171612
76389399
62644597
180601613
153917121
234936039
20122228
15635562
479674626
1686557330
20071932
39803436
1901144299
26344785
14326805
18247784
253853147
161566384
619572621
833055792
372683237
43208411
1872863431
318586935
976969338
197210169
858646280
1061003556
154233179
1468422145
1888595426
239863879
16166855
93423820
29336401
1531265618
1228640401
1861277894
523400732
1868542086
59827372
191613738
759490243
54309568
432766911
361321755
723483013
25103967
19112923
368051517
121820866
1726574287
475120087
47397240
979324777
42930296
217550862
14969511
17967675
58968626
33940221
342814008
148809273
27685095
88310161
15677242
714895710
20966316
22858466
18891923
37515236
587733175
417571583
16002085
10929352
616667663
20957491
72631996
67920531
413209683
23267168
282780964
1633417166
333820836
923874792
1681534376
23822226
234057437
1674058435
1624027328
126373221
168729066
277139431
14240875
18191927
16000856
138725262
299883942
1074518754
26775504
18424289
1178700896
950328072
573103268
211254250
26864939
17879144
272442200
1623308912
49453870
360912609
241550675
27379870
1020058453
285270622
1138181605
1410590874
1642355940
47123861
1447003896
364440596
111913071
161844430
23871494
157120327
19002707
29562655
10880202
208953189
1009269193
15096075
15170346
222487879
495232253
50081203
17467699
15941955
1400265618
26267463
2127651
73263419
65453528
234834699
14631598
84114709
46037451
104011960
20289274
774441294
133602386
438002242
18021496
21669123
328806375
20173458
93712551
88059235
148570475
75060502
250843695
22325110
35835638
474351727
184906212
155671397
718468320
50097116
33911920
262831846
7910872
37507025
805130118
27190403
21121491
17049255
17801805
1180428763
43394611
743622212
273949938
732015618
1153457660
597878602
297192052
11888032
712960718
380019006
1051446626
50490946
235314486
119421760
39308549
21019697
19670226
23112729
1394480418
19362149
998576058
24733117
906751502
48483682
61825247
1604586506
30378423
17633277
18695891
14592723
185684821
22318863
16012783
1074480192
279027518
59476573
390842981
16638923
278384831
144756663
22076537
14564907
65784373
62751932
589511694
26144769
23387115
126519825
633553575
44439198
23628296
14398250
1086607393
119317239
286058444
443274446
70837868
44034613
21020526
389759292
130954886
7864222
422215858
17800215
57645348
106976390
14226882
1531521632
48366585
1090002997
995193054
467823431
205864193
569244581
57038117
703606429
462143773
64507817
920272568
128029423
110823581
441583564
21542518
56011740
376006014
198618575
217616314
1138427912
266989713
735170720
381603450
147929211
63787812
69206452
762656257
58099539
290014118
25956294
361468193
455469400
56024145
26667328
589247365
366606110
18061669
133915463
142849883
15368404
14991920
512507429
26947766
114878028
220795490
108619944
522560740
105929549
1058917562
59676104
292549803
16930125
432771620
16648790
1134292500
1135486501
86776195
847547154
182815759
5990782
9648652
88812133
399126524
378886680
28514902
14200743
92407522
89792919
24928809
350034989
17007608
459557733
47790669
17379685
50731463
101906681
1487156192
69231187
288121169
42950596
588305393
493175789
96354656
186180475
42389136
5513142
43920155
712604120
290660682
31583882
35829796
34402366
240760644
40112750
1206227149
164408764
28058223
1392282998
24773493
21091954
18142371
233675216
28220450
132254256
34727375
1155335864
11695472
27830610
17519527
230950857
22506222
23999515
21931396
26936326
78717907
41627437
357855989
106667372
19669207
633855519
87760251
15211490
27864285
244752167
122878188
20617476
15575384
91230293
26353466
20058011
61603529
31953422
33898911
115099953
17137628
15822969
16878156
1418935861
74829020
20596281
8082302
14499829
25609632
42585109
6450322
1004956382
16245822
316722744
267535359
204946668
35643596
28132908
870910302
386619897
323166438
882760742
46837010
22509548
36691860
1289319271
89039261
193794406
22508473
771958898
110001047
221484024
378028539
14885540
242761889
9677372
237312687
29766367
224294785
15225105
16224459
17372405
237763317
18624536
42924141
11145412
915514734
14620119
104797238
117432541
26777550
175425687
1065995022
562487903
424596039
14505838
155642785
246769138
239964567
23501907
282093902
1058345042
75069067
45658751
1285266390
1089334250
17488075
500436115
1330457336
1357973798
20192403
545812541
10252962
963480595
240385577
148491506
281540744
935033864
1072008757
36771809
22528309
236916916
25086658
6487292
114756202
278145569
47975734
18916728
237944147
221793778
382791093
73234193
12788332
22571037
221162525
1325183796
381036656
402719755
123999551
52660746
141084952
993153006
1058460818
1060487274
1074412920
1222257180
250736913
1025256499
237781383
19658173
237814920
19139963
248850174
233949261
15751083
84620376
240393970
19725644
1045853744
33655490
234906311
211530910
22055226
19929362
201079432
33977070
1058256326
1058807868
14062180
16028241
38611115
21231110
21692297
235217558
19926675
68448471
58115655
213634439
225921757
234128524
17451742
20609518
237814442
234057152
26946495
770329639
31310158
23976316
17820493
234797704
234573331
18566912
32010840
22831059
36681590
56856117
1128781184
14587949
68824441
80698068
19658614
18967498
235251868
37920978
234822928
249339682
15947780
347518217
1286106236
270175340
42714808
266142602
408608864
940787587
18747184
17293467
16570197
28938202
34694337
15473958
234837632
239871673
236899846
758835301
233842454
104066663
65429093
14133964
4450541
1232506536
14159148
14056708
23666002
142784684
23041936
15456558
272019676
24030827
15603311
19152385
135931182
58581480
19570515
52091421
21870081
32854561
211513469
16645321
20010567
222286905
66496839
14344823
83932732
957326221
1073415901
103018203
74214728
15164565
23008414
18058609
1225410018
12144232
25168293
422822329
956090562
576924480
542417028
517984098
32520787
125383566
270201055
39338809
17348884
213298172
15064296
816272192
116531263
282345010
612896910
16834046
15910142
16613128
146569971
80473367
1383301
87771030
34113439
1072467470
54885400
334894942
60943962
66369206
36116203
277553942
378120525
539493827
634027604
618329185
48862473
759712028
502250406
714669590
89361423
110600815
36728153
224391627
75367781
334984455
297247574
121517978
16727422
27249542
50815057
15344948
575766234
310401451
128698420
21457784
19417197
29309901
599329617
411774283
23092890
15967775
240460666
1164944180
467788375
29253200
309381243
260396714
369697377
31006603
24754982
172867574
364582029
246530891
56767953
109685703
219054464
360285166
325118816
58333950
1080844782
33726864
1202297778
143903773
345741212
41690175
272085112
231094495
153199194
17629860
278776049
153149305
239603924
47224601
16955991
283687745
122719755
984635880
298059168
1209716311
27466183
61148480
1216563750
369507958
399038177
16339901
199778952
143628687
17899109
573916220
614661533
9824692
1209581959
33592046
399904225
1062499538
728702058
816604904
27364896
16892890
12812782
25132417
17111832
781814904
57688298
16581604
26070230
19084929
21574374
21286259
364029038
421616276
139574985
17718497
31454635
34384751
24424732
14275291
50393960
2884771
9109712
52974237
15923226
1055907624
125787914
365009588
374048902
1075088449
121852298
739080420
33933259
28053023
563185388
28859894
164732631
143903500
111638425
15769327
77017567
61782928
15084800
122771539
33998183
1074129612
18311979
5031151
18590129
57708399
80628196
14609273
29205600
27978179
205556011
20201793
36209590
136337303
88965374
82188866
14192558
47444926
381627836
7383122
14199378
6385432
14368074
337742544
26390322
24752484
15854702
166304936
18952042
20454839
414926566
17171111
19498496
268110883
75742264
117442572
26418357
1093090866
474493082
44988185
319349245
27602449
591930643
82814199
101802390
76091017
17409240
151244616
125512325
597280883
1071102246
85634177
58514430
127326799
1092979962
10126672
17070113
113719323
28576135
16671886
34364212
14437914
51228749
369505837
15745368
19394188
126789099
23570223
50479272
535035887
129399061
57712646
610356259
17452116
104615577
129627440
43251535
1123683068
1069124515
614707481
57813441
44660573
6519522
31276580
52568921
37300449
88770551
17265334
22039299
19353038
291835789
315020698
236576462
339874792
50778180
14496153
164284163
406526960
455040241
544575463
41684826
18754284
764448001
19877600
19468364
112081613
23035853
209441287
366666866
418296430
807981013
154688160
16489846
24959108
39250316
102234123
534405915
19802879
36683668
20481887
269137931
224813349
135973412
36581988
20021601
119166791
236842868
19261737
16664681
178527927
21059255
249873510
61220477
303861808
76779987
128123662
28150480
14312663
324575202
369749013
35838536
1064206014
48817182
22563843
439717095
85606078
594775708
16262993
49711195
201147850
82122986
88958330
115199280
47696444
191868700
47383110
29582749
14695985
22670220
120176950
229873610
564106953
785414496
123334719
166157076
27368525
102927420
30287813
90503251
14529929
17053587
8953122
16211684
472533500
106465257
181232431
110541296
192441406
14209619
199935516
270457557
148893587
1072485656
22162854
334190452
17789578
17006036
93578308
17804976
185580238
1071840474
253683287
783705
236517991
153120635
105542379
54438628
334127852
125447797
12804312
1080509366
776664410
1089859058
937723303
88055372
742143
574017168
26857686
18177016
24245649
163931352
14074515
36719281
20112380
622301833
14139600
9855382
701543936
164038113
22891564
29598035
164007407
11347122
19674502
15647676
69643988
620499222
32304094
253270250
130570597
73065960
5988062
128967750
38808088
73181712
111739030
14412533
59287932
1652541
43155482
50462246
17220934
409486555
15207668
893602974
20002300
17279281
45258570
14411304
16228479
296065465
499978095
18516432
37537012
588046095
15772975
21342965
103247646
462621129
18336192
16191064
19014663
399548863
65670046
339434241
46927913
718510285
9449552
17884565
379910065
388384033
22265160
240368194
15065156
36761066
324489515
503439733
77664666
21144582
52214408
261353886
427101334
41764193
67753934
109366055
358445996
47766094
17643379
819994142
14873767
22222414
14930981
543677898
90728698
17579253
16253869
181895631
15057973
29606180
96262149
38117152
60885089
277303219
79046414
369020651
7323712
869231450
18997068
26159676
519191592
500262044
23244125
22214351
357285424
15567135
18509825
57824209
222722096
52343878
14376279
10664002
617426618
552888751
437023106
16936579
185563959
40135659
105228914
292656663
39373511
237763516
274561328
15691039
276829498
1084227594
502054676
5695632
21316253
14434063
30354991
167009218
16565260
156969952
86943522
42825369
324095750
54109028
131055748
17729146
27294534
142547689
146355328
40510113
218779638
454278103
123386391
19800776
356291170
16135883
1057843844
134934712
153558139
1080950516
874862754
32379396
14236327
1086619808
52052011
459379472
418396992
385851994
217119661
9252212
28785486
16187637
96384843
32348544
15224867
380527975
14466538
11856892
226690509
39922594
105187267
1077121945
26637348
7152572
14615871
11527072
126171100
461720085
428333
20064236
624413
288308178
7713202
562456722
249677516
312134473
15649433
20179628
66369181
161329769
78408666
8775672
16579346
166252256
17074440
15210284
19611483
9867582
18713552
17539497
15022633
31801993
24712487
24431892
7794142
14146966
24769507
133872807
14345062
57405911
14426645
13493302
48177456
55355654
9532402
26657119
19824430
14513611
11856032
41017380
15458694
7334402
59159771
10069612
25704351
15265641
53176629
21982720
1947301
19697415
13393052
15918708
22642788
18510860
15727317
14957147
41814169
63262233
16013368
14811485
18812301
17006157
2836421
4119741
15012486
12133382
20608910
89820928
71294756
807095
17993906
75052666
4207961
28416309
233783568
41687270
91180720
148529707
7868832
158414847
82689705
326938003
116763916
15220768
15689503
18812572
9715012
192955168
222953824
48802204
14293310
60777394
173999134
39580052
20437286
291903997
26596727
246088673
16160352
15939889
3108351
30929600
9300262
583870567
179546580
22186965
14342564
374019904
84014340
1061385474
45436858
86697288
95486467
20873135
70753463
314616443
20517132
18795726
14339587
263879706
19608297
244193260
21922224
36474003
31340506
86352483
16374678
386388731
380409714
65402279
390834732
183519638
575676710
289036243
461185436
176509198
161034257
86277174
397291925
17227313
633343470
45499651
15195679
32774989
54266775
632307173
16802291
732152406
779023418
776852118
20818801
369627243
35549780
61307252
134267524
38516217
31502107
14246001
14676022
357674108
91043504
173321172
198667178
15554922
486872935
19665271
553215046
72326864
14370819
263275709
10221312
263079452
146540271
88012027
900961172
38250004
189604217
163633469
19670455
12962962
15355482
16600574
166675759
564101993
889830584
374161639
539485640
68814545
18916061
563096781
15947712
22984215
111503429
54994866
976748406
97910289
351121824
15762842
333176788
142721190
18873711
297498647
23105781
18646108
23627942
1025653922
1055362014
196368765
104631905
305145458
247850985
353834752
15434632
63502107
281380277
381794645
69099041
495337038
15539964
362052555
14730894
568452126
26989031
279373308
609780067
15918353
236480864
16566133
26283468
234186830
245412130
16016427
14511951
51241574
231510077
1058717720
44251742
950783972
61853389
148780843
256113470
15987296
1060984272
2467791
246357149
44783853
16669075
288751432
11348282
16129920
76348185
19716781
1917731
7402662
115749048
247486443
5392522
15007149
52397612
59884592
118511128
161411080
89028052
125095286
103922067
151963505
116505994
22053641
151519500
21684013
74294786
7004382
113494390
15136081
119250381
198980151
19418459
42443836
30313925
247471226
20496846
5741722
39250553
352548417
110899711
18622869
244655353
437073906
205466200
106872943
382471812
72198806
43919830
14717197
74297898
111141045
114547989
18120497
16188231
759251
325830217
524882293
16017475
15922214
9345162
38477209
500704345
57065141
8128442
18695134
109071031
250188760
93761782
242555999
278124059
76456274
242836537
249787913
247334603
132278386
84129740
244243985
224285242
234374703
117501995
17494010
59771400
14125897
83901492
135297032
115733549
20597460
29442313
7429102
29201047
43910797
807253855
16789970
308721230
30912937
15324851
413466731
293131808
435500714
60828944
171598736
339822881
296361085
202206694
486694111
109287731
73238146
33530012
61206798
41445718
84119348
108376246
150078976
20002401
25781141
28582749
19918558
39249305
36686040
20545793
22812434
47412499
34638973
15361570
7356562
22812754
21312077
19318314
18696134
63169388
75124560
125445568
85396297
18909919
24195214
111635527
82649553
107545479
29450962
138770045
115111016
137794015
28599820
30216513
40277246
20552026
31611298
56864092
132201224
46016028
22669526
58928690
80612021
137823987
150724371
70526457
112740986
158398519
23600262
162069635
168502762
140519774
153944899
156333623
242426145
161791703
193732179
242892689
235373000
28602948
210926192
236511574
234002627
240812994
237770636
199325935
216503958
249348006
168673083
221792092
111635980
248735463
29293808
22523087
245516606
234014087
38254095
153486399
263815367
163570705
78445977
267854863
239905257
33563161
21406834
208692908
85322445
258900199
18137749
232992031
292990703
292935209
252249233
317226055
82453460
227088228
153919023
339852137
92102359
193872188
373600871
384392601
384913290
385429543
381152398
40302336
155669457
310310133
305216911
404132211
432676344
442824717
479872233
516880804
581141508
245451804
164369297
74508260
267938462
111379452
23593446
558769636
612117635
43963249
188019606
36948268
88806753
109025212
50452197
133832049
463132556
21690931
14984637
31128529
31122582
14135426
24913074
15675138
249410485
48086014
15954997
13491312
9624742
34972633
44177383
24745957
148453195
33576489
16583468
239949176
50371921
29501253
476256944
15442036
15764644
242355821
1045110018
122174004
1037321378
942156122
1055685948
1051127714
1027156464
389840566
1058520120
22012091
113420831
939091
813286
14377605
115979444
399558102
562232053
438605009
31675876
16288760
