93288759
2494736924
2472757178
3074284237
382901547
1421181866
1846271804
2174229422
20791372
23124635
1499993378
1058345042
1058460818
20053279
1051446626
282747242
17061263
239964567
1080844782
264219447
296361085
339822881
1096059529
600463589
1072382221
291756142
1071402577
1058807868
382791093
963480595
262756641
266133081
23496432
2965083477
135472625
481355819
250221324
473537910
26777550
1098802430
76358676
17790274
44104395
1487846678
148936255
406318939
547595062
390175933
1137600571
191085215
15075753
562888619
1155212191
201024398
33972882
56440142
17093617
254241564
701274721
30043495
549374169
65493023
17078632
15976697
20713061
10168082
16425672
22539758
20957491
201538940
21784788
20975060
301214965
502178203
245952920
39506655
16408067
77341283
413177729
114733586
411692915
413198067
586133007
365194378
137382557
49753545
16316684
27382597
25919161
215021528
41767026
31310158
322248024
62847435
14275291
100522040
16930125
48115928
161705350
37755455
342166829
78397856
19578305
575398878
137360901
57625403
135931182
309267226
211901075
550401754
402029058
272542662
41634520
213796133
24234881
132962103
532298350
248917209
284744896
109068219
246341769
126084292
111071616
126154590
22553748
21762137
319802146
70414167
486827832
18820115
360080772
495363580
24389853
493525413
48735667
78965661
364469511
7952522
16125224
49304503
85322445
41447804
371027160
22712932
18812689
473152889
52992670
114017757
13357072
21431943
23085482
65177135
432563938
364564017
7380872
80638910
21690931
188897793
18481050
17291393
12444742
376380628
47782054
103018203
17324167
240840748
11883722
22170482
55112925
52497097
114293181
15255176
17001730
16000180
384434698
389884654
214595293
75142832
82649553
381152398
59676104
16317406
373077463
367352466
388396286
242256735
357239651
260062769
26808497
437132780
217530311
22924446
13067732
27884326
308480789
431713061
18247805
39098646
37914697
37942947
38509981
17779367
34354772
19605351
26864957
23805851
21619810
8935172
16549252
16317071
23141800
5864232
106877735
108646253
172445531
100799899
85136091
234125204
313930336
151506204
300648268
9651842
15145034
9544952
17088476
1011901
14247195
17893912
15731751
17613362
22547672
20269833
15918708
15988710
52173465
22771961
18156608
376223066
287222676
16291449
151589736
16175851
14630585
282093902
2139211
266927095
4248211
21122578
222953824
57428429
113473917
81191343
153865861
252249233
150737366
150688795
21048033
103922067
89028052
70799725
278124059
16616061
22506222
22826294
18058609
15460572
15170346
14505838
14616022
17409240
11348282
17961886
14091091
33998183
61762853
54655632
49706919
62595437
63246339
105174965
110823581
67378554
66369206
18990471
72631996
82161632
106448460
153149305
297067961
121539516
26278266
278776049
44873497
369232105
369505837
108638625
369246180
221147815
200176600
374019904
369507958
119897041
15327996
390320946
413223602
14955908
335084280
19999703
395487138
20621911
412225497
413244994
161116029
388297236
39155029
15159913
15649433
159609655
11384102
199450331
21186125
30929600
18215973
138115434
20437286
393089527
413253407
413184335
327452286
211891457
203192992
225102729
184839994
412223039
221779251
21768766
90077282
79743108
17492869
174355863
39384517
63796828
17469289
248735463
26946495
385429543
44615672
18915795
17910554
26099539
163570705
40711814
24020586
21774546
20109973
16129920
20466215
20245775
742143
12133382
5988062
14159148
232271018
210862000
21027715
11771512
76456274
110541296
21684013
18137749
31128529
153486399
193785644
19674502
137823987
14377605
47694175
48037533
240812994
130617778
246357149
17006157
363359524
18553327
85634177
36804447
58814073
125445568
16955991
26083271
60828944
36686040
108376246
119250381
116505994
166252256
13524182
14270650
84388888
18227519
30912937
85396297
73238146
15939889
16581604
288751432
258900199
112526560
43920155
153944899
193732179
317226055
292990703
7004382
21111098
61206798
247486443
44783853
50452197
158470209
208692908
123974480
90702654
237418907
368918608
28652194
84129740
14515799
138479037
21982720
14075928
20402945
19107878
69181624
14858000
234906311
211519387
156333623
111635980
76043920
210926192
339852137
15769327
38490036
167507135
322923680
381312528
65919935
237763317
69497103
116467422
14068794
205212092
164903782
52070270
16227442
157072047
182096406
59636337
245516606
140519774
151963505
20508720
115979444
115111016
15891345
372348537
45654949
186045353
80944550
288184222
76163900
16411611
15749575
20281416
26527648
80852229
16542798
111384892
191610973
21783950
143812180
240700617
172764998
59249203
172440908
6519522
18528834
61853389
113420831
15647676
16028241
128594349
101802390
115749048
337742544
73181712
20179628
66369181
78408666
120176950
10126672
8775672
14342564
59184319
15682730
231833631
261948726
69358163
31344436
21426423
252296570
266830495
133872807
20776147
80617430
308233424
258885469
12272322
14007532
5392522
224320485
16081831
52419540
58287227
103087786
6017542
16187637
41269920
11856032
15724082
9722522
297532865
12125182
14304170
274325894
33938700
182503471
20692364
25282944
115911638
14437914
123178119
203357488
27867017
22049388
20608910
19740592
807095
2884771
205392468
20733972
19417492
53103297
19788715
119376050
126697180
14307430
7039122
119784192
6577642
13491312
108617810
18696134
15931637
18097821
76091017
21252618
92079350
15220768
34022952
35027698
17044233
16145763
14620003
41387157
20378448
18776942
35002876
21307076
98543618
15727317
43409523
15689503
14129299
28676476
12354832
21023681
5336752
48038024
50073507
37759047
85131054
27311044
19354391
22772264
2836421
32521584
23849615
89820928
104299137
16491569
136300373
16371887
7848802
64916983
34713362
20177097
18622869
14662354
28279637
18909534
16898332
16887628
137466464
16250929
14412533
15399512
19419870
16311797
13850422
9252212
14434063
21268897
45604374
364404399
91038197
21400178
50839205
136250134
18812301
14248963
16266236
15234546
21313053
117821354
54885400
39580052
172442698
20078009
27901418
262425225
221768911
254660752
292553257
281482400
195354989
47482797
20491223
40588423
80895231
69773058
64401051
15224867
19658614
80913903
213432539
20961314
89005882
40927173
14980820
14345759
16396588
88957553
16669075
250628030
64485600
11856892
28614262
21619519
2557521
21270032
50011708
7744592
45564482
18805644
18479513
94139317
169586280
322787061
161329769
19566642
50769180
234014087
28785486
40116885
35474809
16613128
76348185
9624742
146569971
19658936
29255194
339814337
312174998
182549119
63160932
22858735
190160433
315929605
301549400
43963249
15756288
52785760
26257166
18665800
22831059
112740986
38712914
233737858
234374703
58928690
16102244
132201224
242926427
30391971
263815367
7429102
15356407
161791703
47412499
234057152
78445977
29442313
242836537
17800215
46016028
88784440
18170310
18030431
168502762
111635527
17896154
15751083
15856366
80612021
161743731
24183358
19929362
18566912
249288197
22055226
13218102
133439172
73303753
52503751
235312723
22523087
162069635
235251868
244243985
240393970
188019606
240385577
14845376
18909919
242555999
34972633
20545793
15954997
32010840
250188760
21329888
18216752
7270292
18829123
15022633
20796447
15394954
18166778
51228911
18915145
43910797
234002627
26778110
21157904
33576489
63169388
236899846
227088228
75124560
84119348
221792092
33563161
21312077
150724371
18277655
20002401
72198806
17494010
19318314
235271965
183062944
14140370
31801993
74508260
111379452
241207373
18695134
135297032
229592356
14125897
70526457
18805303
16473577
28582749
300560155
21269970
16160352
240376522
11650762
14135426
17513304
7334402
109025212
138770045
233842454
233949261
93761782
20113797
21406834
242892689
242426145
117537998
15007149
22012091
109071031
132278386
19918558
14984637
19726613
243797058
55677432
249339682
75364211
216881337
19658173
233761277
18632809
48117116
19891734
29293808
115733549
10615232
234128524
199325935
15985455
216503958
193872188
212262370
20444463
15600527
237814920
21660348
245408102
24195214
236487888
53941120
20015903
56864092
36948268
211588974
247334603
314223728
56944812
92186819
235373000
59771400
22812434
32506723
18811140
234797704
78403308
237403203
37094727
137794015
25086658
23121519
20467163
33655490
281540744
292935209
229966028
20597460
23600262
15324851
249787913
20552026
19407835
235217558
242873057
15361570
28599820
224285242
8128442
55235265
22509548
22545491
40277246
155642785
246769138
161411080
239949176
133832049
29501253
30216513
19739126
158398519
16583468
249348006
24913074
88806753
15764644
7356562
38254095
50152441
15442036
234469322
5558312
28602948
16056306
19394188
37007274
83901492
18061669
78431501
33977070
224294785
47975734
31611298
41363507
22812754
24745957
22669526
34638973
29201047
25781141
74198348
24752484
16789970
17993906
7152572
56753025
100103900
317378049
14199378
17366486
33309297
31269878
168542732
260845829
48086014
113763245
94151940
334965470
16339901
353295997
347541715
51532237
339172700
20468251
22643800
32169054
46342467
73837327
19930098
182063155
22541123
17007771
144033925
318861069
17371046
7126672
62574151
130929441
44180338
80336884
15722430
24209167
26324609
95515846
35998351
39510422
66392356
50643903
254082173
107545479
76762729
14324601
133046003
16318959
44960116
20109089
29929730
292961404
210249492
112784188
76392970
16099657
308598249
134234059
195039023
58312891
19097379
194235204
23222258
46749282
19543987
130290833
185049728
66284423
33342158
221508042
313754505
70683132
229943801
206428391
182928587
260726408
85146136
21098013
286881118
319866235
19186003
138486088
43050282
27545443
28272865
21634252
200722113
15234044
19025790
27968690
141334458
325250318
115166212
116534252
36429836
110050273
327132527
235591153
36183582
33352878
20461521
188762609
95509057
154883173
122226713
264694106
54207182
176406752
33402633
33788397
15297551
20592559
19864865
61250634
334714858
260802886
22326150
22272839
280913598
196262726
76420352
332358870
17005219
313665159
56202097
124022302
63035458
16739711
227454727
277193651
49728807
317630465
339688370
338961250
243278829
258634686
340680548
15661666
216855513
48153855
19724699
124925650
342945847
20144167
15288527
22086970
23016047
134264832
340542767
131139304
344875668
29533792
15805738
18798930
37811622
32763702
36984961
120626347
23304814
113425026
62138047
29960197
340515956
108085194
14355800
23302335
32789881
108615705
39254004
17777554
15962135
94238536
45058644
21607927
15602331
30529141
264572983
156703699
19573176
218349372
236479311
236960387
235190657
234937222
211530910
163956128
43570068
234911403
22114428
177974542
46263050
90749256
347966335
347078008
346813911
40779506
9082652
28031362
352462668
305686006
114299101
96405362
26293436
75534570
252819323
353866329
322741353
353921920
40398239
330652648
21659469
287754535
105542585
144622086
337932925
219665875
176950935
334079251
44353868
335333594
20732140
348604514
19312039
344146120
206325866
117314212
18887031
90067867
20073653
73198063
38734579
233557728
20252855
21301933
16019668
20071797
21674448
16098007
15201979
21612122
39249305
347914602
28498887
25193968
322864648
276480269
163832939
28717485
106833033
192441406
49233436
22799750
56223278
11856932
22149280
16083576
1652541
19023793
173999134
42958829
17004618
20283059
15677585
22650211
20166674
40303521
216627506
200601510
119829799
14836690
16051471
104446737
16012783
15755669
25300308
29772383
4119741
19416225
24777896
22517990
46176168
18646108
15281676
10102032
12788332
23499427
14074515
288308178
81121879
37461389
34274380
82959058
19912734
27676828
15210410
23951197
37920978
24773493
19139963
12726012
20209807
24735461
26424123
20020575
20088666
76452765
206721200
52293877
14531709
18020081
227341953
19069733
18280993
18172905
16819840
14511951
236511574
76649729
84457849
21572351
35840334
17546958
22755723
28576135
221379453
299883942
15012486
239905257
63758143
19028248
247723476
314335929
70756980
35802171
15731368
21010214
249410485
62744004
33960482
71294756
759251
29596265
148453195
234573331
21878458
21346398
27744185
14717197
47739450
223970563
34520627
114607567
5815162
40067956
202206694
44177383
168673083
14293310
85606078
20094138
21220931
258366727
83932732
59870654
229291732
68767919
346885718
52605637
58456418
203297047
97348328
110207321
18441541
224677723
14934964
7487922
15837791
15705830
37820650
241210849
19012010
218936411
254910150
15092872
254775647
21873714
134109131
238662321
15948219
18294521
15941955
266772387
43955137
267313827
246372265
104615577
46557945
8953122
17166210
197163896
23394127
89609429
1025521
26596727
44463285
237348797
26316100
185684821
55581437
229207628
345119871
151093003
267400226
221447516
222574347
213634439
17487795
238269188
250719718
70594662
293447748
21067783
308563367
194564718
22508473
239561508
117432541
121644627
231171523
190890578
224391627
65192416
103927659
334127852
15901113
15975326
113328606
15735034
27295757
41494838
60335752
63487954
18611796
27090879
17619847
77021598
44127294
307142514
21635457
104364289
15212685
15526287
245071010
231508582
161377708
271280495
174420639
19241390
115089519
128318585
345261756
325297768
181816720
188681841
216360435
29285137
46815378
117777832
65987276
238902718
81124850
146279908
21945483
26942917
284614741
316081970
190142450
323817277
14345062
15584149
6577802
64465289
232193350
11104682
39525554
111441302
21907474
157089828
33222598
19665749
15463671
31127446
21111896
14173315
16909907
2097571
33635267
16459325
8839632
46002396
15458694
3108351
20474813
18678924
14246001
14529929
9300262
20776497
2467791
9532402
50325797
39308549
325830217
131144091
9245812
113436175
51241574
25172565
346949527
211124583
261918703
19612749
14192609
295805574
21462453
71458561
24756899
301090775
348861268
172833512
166536928
277363853
237312687
248699486
18149763
318196366
249219716
244268646
214620546
66983977
221793778
22286602
19563355
18956212
18317325
234837632
190328374
236541422
23712174
301684264
193794406
201079432
17629860
225228688
301071011
171598736
209792690
59865177
240760644
137407124
222286905
237750442
235289157
78369108
237299871
77250424
84620376
20192403
40318829
36654245
238321369
54598826
34340464
295685416
19616327
211420609
22528309
234074628
94197072
19553409
29766367
256178459
21142570
231078190
236916916
7402662
9855382
813286
15922214
30313925
428333
14669951
114756202
221162525
234022257
30948168
217543151
80113239
60984835
169610198
15675138
34969929
28404637
234053893
74049976
246451658
15923226
143820177
56413858
26487169
242761889
237781383
28176898
278145569
27629090
275064743
19926675
23970171
76350004
237862972
8542882
237770636
13058232
12925072
39800676
19983468
16256269
233693291
110545675
16424044
213875389
245419752
235258843
252819642
19035910
114496538
229197216
235719973
248850174
17472565
17813701
40774082
14344823
240314301
82957697
7713202
37776721
87343361
31867627
204589673
48447839
26055230
116604329
18791763
1917731
5357812
40923070
90484508
24905240
50317463
5561412
18217624
1367531
2704951
103868633
20252238
9508922
76966145
23970102
26820275
15116570
29696024
117229615
11134252
59589510
123978518
58379000
15210284
16032925
3135241
116588914
154591966
126516971
15513604
14323759
40931973
16031927
26533227
23134068
18916432
104502031
18091773
20294039
15207668
240427862
109280446
15858700
15428227
23976316
63790450
171614741
242376736
18182408
26051676
15160884
234822928
234812598
225921757
41445718
124224165
5496932
18891923
114267279
230026299
17621894
48443479
43436103
16358334
19248024
36938540
17976923
198526130
35829796
237944147
22527499
15431914
29231896
23446723
46116415
51603295
56384623
174349382
55259165
15019344
124555109
7511312
46160982
46161885
19792502
10680632
18967498
240363117
