3025266412
15248150
39520162
3092363211
2798122102
633118844
2784861182
2359926157
54412900
1363332110
2962994194
19619325
2573657354
557257485
56709270
297053549
1209417007
553045253
637125024
2387047518
2836839804
24205786
59184319
2475912781
109038116
105266607
21661387
27048645
144578153
32007916
15647676
454313925
19658936
16028241
289588502
14074515
21213276
166867909
622081936
1243610629
718942550
19655321
1523725814
581536290
145107843
576730918
34274380
344449819
2196081535
21200219
479843758
48814116
58920564
15808765
25534422
161768953
2467791
73181712
10126672
19611483
54885400
52301058
174781328
20023814
17877155
9300262
1603720117
36681590
35778956
22527376
216001749
20815457
5392522
14173315
27675227
212250453
610098526
66384416
404132211
180010964
15769327
83922884
1380109009
17346287
1408035224
1155335864
16669075
198937399
1382011333
613725908
18696134
31801993
960696949
1289319271
1138688364
30231097
240027758
15428227
5357812
86141342
33534171
161023696
160946337
18277655
56413858
375718964
876839550
17194823
115039684
564801305
33600887
29407355
15012486
28785486
14221917
15755669
14342564
705288751
568383093
20071361
92315319
8953122
12788332
91087589
51241574
8775672
29407288
53178109
202874176
36819265
16083576
192801729
552962943
222196210
44509612
6519522
135686901
137789227
183313127
48134899
18695134
551195347
509076314
276983459
43947583
19616427
66369181
17498747
31310158
78408666
18136692
15675138
156703580
74508260
240818975
11344472
19074331
240816365
197052458
18740765
43920155
15113565
14495726
233235967
19950069
14179819
44510818
44513791
44458347
44457827
44457228
44510295
11877492
21021385
24751297
248849918
116489975
117829479
44451594
28645057
70993948
17409240
156777592
116498104
116496141
117828629
116498710
117827808
116495700
156753351
117830711
117830134
29748622
92099336
117827375
241285569
9624742
16827173
18916432
60984835
15207668
90484508
1367531
17976923
19739126
10168082
3108351
35829796
20192403
7402662
7713202
