24000965
19000033
2600442271
15001490
1428590432
45701568
6433472
82707383
17240877
12848262
13896552
2966758114
15394954
233949261
12993222
365600305
17659340
2964949642
16423797
16044997
74186967
19038934
43355844
203123011
14216661
18965790
95227144
377534571
8736882
14587949
29816986
119502308
212395903
69298948
589349263
15782399
15075753
14882554
15471040
166632958
28096105
36164868
415732951
64723403
68928118
7563792
16423253
33898911
520903157
19693661
423524420
715059638
161963199
25086658
1580303784
23594885
37683289
506302138
605558365
35169039
20352829
826128290
1373095832
552298460
140286364
1305185378
85460200
1909943660
1363315170
17912982
572098025
1087460448
18295206
24556306
2465373212
1128781184
249410485
19407835
24183358
44712871
266856478
44169939
248794462
1305596696
2225951592
405900344
1528371408
25107298
508889637
233588515
18576537
2207800986
1615983536
15955429
49217025
103057647
161786600
64869457
61670497
277302829
305946514
164160570
284994524
433115617
529638758
35448592
251449052
17004586
539359499
40041652
34715823
31081124
158494010
507925755
476174102
375475983
65183859
382459930
16002494
17604225
16036843
30476431
59851124
328258849
14331688
272395158
43919633
22055109
21010214
118756393
27744185
110445334
22703645
196168350
27311044
28628850
25101996
36452050
18313747
169203819
266084180
16073043
164691705
185397767
15147042
12413032
119235720
30349233
252692751
26103768
38528121
1901916354
39491289
317854991
1573748910
349742095
1195343436
164007407
40933275
33963885
369785894
783846529
486611309
1327675195
17459517
848065747
19495172
21778391
40941494
882303145
115589788
344201516
47653796
551195347
937847888
1963473566
44913411
2397047125
380200497
280329729
1478466624
18124830
243031834
707902585
400452123
301749167
7039122
524732340
18746365
521887760
109267474
88536513
20350850
1712989190
339242200
21104432
2363131249
78714922
42434332
15291876
747876121
2364638694
1379572134
15171611
16687344
24438725
39653808
1428659995
755992945
2254104464
186139185
2300835530
1488206209
197179204
218452892
14114420
36278714
23121519
143661932
222127123
364324160
19885377
104919475
292026087
50514099
282236159
16256269
274665686
579854369
1705912674
193767638
99160458
1631142410
61318348
169036287
252684812
38060487
2194592130
18482836
200280227
63202045
589511830
361349182
133052366
1114749608
1485067356
389865870
194970447
718379016
294184615
46443441
829752720
223974929
360271617
68831926
38500966
22424037
228498784
38274430
16742420
73507669
20205271
19374859
77049379
400779202
368553649
20172250
38430982
16384665
2396363209
1291945848
1336169892
1104685789
153876973
757047931
57528178
1444853400
367500727
16554084
480400401
22722263
21213276
407156211
2320196185
12523642
272485677
2352184788
191053208
20545793
26538229
918013382
22876498
103887185
332495310
14669951
56440164
23713170
2381806074
206886565
250760308
588597181
1702179020
227799546
960947647
47125801
1646675869
266830495
23859823
89537019
1537670840
24915459
613887336
459797408
23441824
48389713
7402662
1045422337
1950548744
1252826672
2097571
352534407
278240853
187272177
33884545
35001979
18744018
27754074
381108914
151234224
403098444
99998555
30008126
108839478
19327925
24904553
37841185
314946927
20801445
18032392
24735461
41740308
19785811
17134268
26562115
100346733
2307569946
2350315904
930547124
20609518
234906311
238265927
18261412
2298850058
349349515
1144344548
27660829
148517828
739125468
26692188
71293306
1134911730
54987763
1284896953
1494615295
30079016
128707668
40137006
59661348
1305513199
584911013
111547732
234812598
2281288111
1069124515
360054481
240855337
17979245
138815717
211276027
111627001
182627613
339919984
25754721
333692333
394837174
1112777250
133832049
820259725
231851239
19608273
24045931
1314612402
16006592
39130971
850337725
17091862
389034983
418991627
70018637
35511525
11918422
25562002
22111396
23664429
16228337
32007346
106135104
14955353
18793488
158398519
35859588
34669014
154671263
545945369
924775512
32896052
1074177096
844062990
27664697
331058416
764149585
1324031809
164939784
558835153
7358142
2327737424
1691704244
1129061124
50073507
156360412
29644722
161411080
191265408
974983483
2315023908
38031121
38030262
38028775
127985215
579173365
533913462
1220041759
1543930070
18807851
176920482
272254319
98406716
19541258
19893170
22581041
1282250029
262970655
1418714336
234372174
347627434
783054595
75890142
757372008
44404134
1404590618
1090070120
21829541
18244281
18085974
1547374632
346364970
873870092
175173057
308573576
14286806
1073852533
627662792
316455342
243711836
2329044390
2237004884
22154680
28594261
128765759
392775309
156649607
15742985
37586736
36573744
1473189379
2149973089
8216772
166235477
185680080
1472635058
20071903
411237702
480832261
16954942
727088844
6577642
164501590
1095771529
558997164
16218971
1022799163
16743021
433761230
208105850
1483715316
119784462
20007904
485127770
28450388
23042259
46695032
19322740
18834100
17855679
37726093
26775736
35874573
55255744
16744869
264372977
19369984
11342502
121814877
69666312
22727828
27697903
15400464
112519735
201882918
364474556
202781239
19862640
81898589
315331161
608826805
34421877
1305994658
1305990174
1305974372
1873356978
1305951108
67126903
15636502
18083519
34011379
326255267
602491646
500941859
618246752
16045268
1606535112
552985473
7857542
19568591
519877122
140136223
360643785
20408570
305839380
133817486
1883338856
2272095642
76449921
409672692
382431020
1036486790
1144355282
78648493
22129280
155255362
955736706
366232924
555474658
15808765
1339357320
70805953
947139642
517084598
14081659
19069222
267451765
436345653
1309555122
1161988008
164054177
66476410
863527548
357791899
19564533
191017334
500400717
2305315345
262596037
18775285
331703548
27126881
2293131060
1024866332
14828372
1444569792
137394981
353225544
5460112
15950086
78688997
868459904
115442677
537436429
266071085
158129535
801780254
143663597
28835889
52089472
16232940
197533648
15396452
83662443
430130014
20015188
81139286
701725963
208736091
222953824
48425512
8128442
18061669
33622291
561506187
1074412920
1686753931
142367198
172496840
69337453
25912433
214206926
22891564
428081159
1733569062
29854321
95072551
19258363
2273182862
20635633
1080016992
210926192
172858784
707527309
298198699
548654241
388555493
1284537558
31414224
283625876
844364659
937112780
701274655
88010389
37125853
19568212
735170720
211901075
1623308912
1499993378
18920073
38539327
71343531
85365067
18273172
174572914
22540152
18791763
252115520
234927299
2200502604
29564927
85612928
60216260
201906207
15436731
65163785
41019773
27676828
1498911516
2249717402
28147238
583663235
1451727506
1426253114
15827095
602997805
2253968388
90746809
102649952
900733878
16099284
529780833
57789191
993838934
20211914
58187747
19750596
441208893
64484397
1428138661
584422694
222195944
47151487
21388041
17618766
14661912
60403024
16224698
280121251
60113766
28614262
33750798
521990185
136550204
1081551199
1511885124
56419408
82959058
809352228
19992596
586671909
360224851
109629813
456339833
313409554
200151764
23227396
124522140
17668576
701083986
1869410772
1696565504
95458088
478135951
973503684
10774652
46681100
33602654
16331010
13393052
64839766
84204553
19679854
301496897
296622235
42350902
15937190
474232856
589244564
32269910
104598468
96953768
291513513
861281180
2233742372
341305767
66224302
359403242
25112933
336168743
40968194
334389274
935058044
15696011
83694031
15732704
161533318
80940214
242923138
96783382
16729099
224294785
2170377140
343171266
1190612851
22674645
29157809
15936205
231917774
1069099146
43795136
388945146
1096089222
326581793
15013967
394269899
1473110280
37030188
350394196
32010840
366001649
304576970
250912539
13067732
21878635
19024627
16570716
26834339
23781637
131538331
475988505
70709534
569163929
3952661
512866178
30313925
211588974
240014188
7270292
34693647
222622640
185228706
727242919
141376562
486895422
23148516
337837911
31037199
21940724
93288759
116550147
34675715
19784906
551481276
14644829
95995656
77380183
466195487
16080839
1486029566
74198348
137794015
1601865428
416721624
15669509
426211557
912583795
554636749
325835055
28228650
466011853
709505904
21669254
94931440
1582853809
59819920
27882000
102503750
58669607
430203410
601012250
18125710
18825339
38010330
319301411
41117538
40533912
27242124
74820061
191477653
16555985
14251225
115749048
351133674
1161440250
49149829
469194846
1138688364
1578051320
553871022
271505228
487553158
272056371
18531561
152145921
17897395
15937952
770120310
321041241
15917384
10102032
17375281
18991465
449056680
34896574
159615116
50111472
91801752
789616813
29474489
61804141
345402650
2160251214
727376346
377207820
302148163
1849064881
1049447432
36564017
818536934
18101949
5336752
17036898
444007700
860154126
298164963
8105922
26780250
18938912
59602642
1023020557
376234071
18949452
17409240
25345883
1890326400
187108150
1482930300
184562575
245399797
17142238
1638529158
342894187
19193200
263938199
1967216306
941138474
241446201
155697552
135309957
388029542
1400006928
171154131
1135486501
88738382
84391982
6999982
16073416
191917706
196368765
89292711
14844867
272087231
20437286
117734032
23316439
16261445
462104542
176589375
186646579
14803522
36459535
135575282
269375709
14659350
17500378
17092916
218695213
353889075
481786753
1621076712
193787810
243725308
20522862
1733274007
8953122
17168586
70861036
31464192
34927577
216299334
136337303
22772264
860703266
252398355
97246089
243217334
36853230
207660339
59461669
375404201
276808476
414302705
142448282
47341545
334053327
54887383
204386512
32175518
107633302
349894593
462476254
375194919
380628386
44961495
902450426
16469463
90394532
258202120
20713061
144570961
283622983
530803101
41272328
598528978
271141192
62431234
28602420
166721424
1099199839
1447213111
17493415
780514615
380099361
59331128
56795388
116871871
227837742
111635980
297498647
112493408
324751477
48117116
100264423
1861598672
23344854
39624670
355838648
30367834
258110932
53596625
15092752
14517538
301549400
235217558
19039844
14924885
17118279
111919616
104914594
56680792
174103919
47498801
525636956
77018054
79743108
20465881
184860130
264219447
24002724
123933605
18277655
1323074876
22812754
494128669
1487846678
18172905
201079432
189129306
365112577
858646280
247323151
28811251
78699094
860555190
14095216
423168484
15995353
50325797
233985354
7591572
63169388
232901331
16314503
149315713
182251918
18492940
42822396
56401482
6742412
89193992
234361966
16638774
159547694
313540871
377207363
583875731
1195734343
860459137
71869486
557398067
1388317584
275277820
88037505
20468251
17824322
173925279
18087749
26778110
170336271
29706898
25916881
104904750
85131054
558591561
155623673
22483341
20281013
60685572
16698389
253243402
18611256
25190489
50349525
321029646
21784951
25386925
18822612
16366471
28049266
20776147
20733972
249677516
463132556
15361570
10073022
58379000
277140228
61554990
481326300
342819347
17340781
17907987
274669239
1645835802
27285591
53544165
24427864
822663973
838399572
913550041
751276910
940368062
311065476
135108504
23840242
21942542
38495835
1736045018
75052666
18646108
265666449
386267091
13524182
324095750
378791881
318586935
234022257
65106660
169674898
977453598
342805933
1323721920
15754281
291756142
22545491
263936580
1661228563
1632772304
131144091
17995040
267921808
138977055
1691593982
281610530
19028248
24757092
339529477
807253855
15741036
17425181
233601235
392789595
15837659
114050808
747958020
109639153
81191957
1729936105
155580867
18078251
18622869
34784896
14062180
22928810
21318183
1854734382
500340487
17577078
563785715
138445621
65586007
1033884138
1613693713
1735349358
26872575
56413858
497455568
64916983
234053893
203296606
17060020
356444146
14584523
341087665
26487169
116445232
29860163
426917520
66485419
28221296
28217223
44873497
411024392
1542493423
1209936918
426802833
373490841
62639813
23773209
1548843679
242114285
16157855
352947624
56081005
151911629
163527638
82167518
188857501
716359009
52989817
131490551
21307076
20086360
282695161
237418907
43439582
54251487
44960116
41917245
47675136
15108530
994017068
18996618
516800640
242256735
403105315
282735852
27973524
28587919
324407182
257145200
20253396
282747242
908532632
829735580
383351399
1730133235
34692993
8518872
614212143
57551446
32914948
19186003
500704345
1551618810
19077055
271724092
116341480
16359843
83312898
66019768
16265835
221874707
748477502
54656209
64183867
159655293
30305144
345043235
18448384
304117589
732980827
794177658
46007759
245857708
1287018594
272187450
21478415
269903211
93876666
14465607
70118472
388470764
126629610
305189255
42930296
1705197110
27689907
26574283
312435184
15335534
240800683
16002085
19576571
18871191
234374703
527009984
525740012
53486967
169118573
526812864
391626793
145712155
123327472
15007149
50011708
242418441
165684245
43546819
582059179
293267782
255109294
28137542
297532865
1093090866
21495954
77032777
65744750
1546529240
198963912
398088661
44177383
14869836
155642069
27956432
219164709
7744592
22650211
66173442
205886080
19489239
30007031
252903552
25785303
385081441
142721190
44312884
84123029
107852138
536528296
22741691
49230978
54642315
109649727
16413730
487024209
176620690
130288992
20402945
30973
25726478
1684212174
47455112
19554219
17243582
4207961
364276283
19112923
118197076
605646409
21722846
41738497
787869362
72659003
50509076
16366318
23072931
19109461
18029561
339326574
16810496
34210203
59267119
477257374
17236836
67469565
109631779
20180321
15987296
17878650
1571188518
307641183
846397237
17480303
18400385
191950546
18036907
472431999
369238541
362800632
14900034
101348982
130160106
235251868
21514991
14717458
110029071
1327281968
37311028
746393005
64083835
15219770
34831969
445207702
365146362
249028296
544659399
1442820696
518644221
235190657
211530910
240427862
235271965
254082173
1072453910
1058345042
1074129612
1058051748
1055730738
1048784496
384913290
550401754
963480595
935033864
447410369
37788615
17544524
382301115
1059240924
1375289149
1615463502
176614899
1148372244
340980967
14235272
527007725
48572412
16423158
1408162200
234101276
1662929678
41387157
15481585
266133081
44935627
1548158070
20259954
1468134409
25567808
270412323
19983868
11348282
15662133
45613880
161319475
19407053
115979444
131546062
234128524
34972633
26060210
142490217
244655353
57360176
15664289
112508171
375190126
55645242
1020058453
92544900
369845090
563016590
94442794
131204770
179588796
18348799
34371118
1553711970
539792403
237348797
14870670
4107581
561129652
218542998
322603418
361342191
136466424
14282169
295899118
21228708
28505004
14413466
13262872
1517872886
624186987
213182436
16560489
1120432734
17552515
17552501
360685668
50817026
19914257
167116092
86133628
30111381
820202251
26421770
18588822
9624742
16119896
1522459368
72831557
535513324
1580546390
18333859
126401831
26257166
109025212
18710937
1558893368
15853191
92079350
433735330
18090164
1138549152
75882186
1109469626
91856333
1258300770
1317689665
1135449900
175102610
16334857
21878458
7228682
1564057105
155218466
285286805
24957833
58591146
360080772
15702490
17275727
916830950
81435434
523754119
137166018
190328374
407492426
20464117
76773857
206406593
18695134
69190453
110918004
1055907624
85423396
232260030
310455468
1447230572
21894502
1447172502
167623637
1543986138
273551156
1466099298
75600769
700979618
79011908
37244808
1408849705
419646410
65765314
14597239
113758100
50064327
36979267
466543363
32660861
242764239
737098957
1306243728
39862648
69480815
44787537
789339462
38737676
39249305
45711394
59891009
615394662
1254728618
16405372
41192167
16012783
199386375
1281894235
14780915
20104198
24904117
14308987
231876280
295731821
18637396
198582172
110775353
139909832
35218566
98471035
112526560
43409523
19107878
20217019
285159912
14127092
34411292
151444950
46002396
218975278
30864583
21435703
28657533
16491569
18783501
28602948
19562368
3137331
37764422
1060370282
23976316
16191878
64088396
18563796
50099768
21769081
17837341
9721292
18026634
240809267
16787084
114547989
18170310
15210410
14410652
2803191
1070943116
479856992
23041254
22120359
24076692
360033479
6724252
22076537
15650722
35409466
30766187
20445367
24703447
17881467
33530012
50769180
18451200
17553400
346197350
91386979
34740834
202206694
970207298
93069110
14615871
26860506
123738314
52419540
65493023
112740986
20280088
188019606
23719107
11856892
20608910
20784326
237403203
23124635
108710418
24506246
14850098
290283448
217469201
50474923
19663069
239964567
188969454
23016395
18559431
15741451
23911915
1444446630
189427379
353019703
18640821
733751245
36948268
69066533
169586280
85634199
16789970
15075999
19417492
21696279
20508720
233484761
339822881
53194355
423146699
18778634
73238146
939091
247723476
920419130
240363117
817825694
19259832
1072008757
104686765
24806287
1563622050
20074963
15356407
233693291
57391774
1565728584
1468249382
335455570
35785401
380648579
213634439
275187102
1060487274
577380487
29566902
63563043
102488708
35829796
756964296
71627462
234540332
20266777
27245742
254174364
117775964
47685065
65749253
16640598
18776942
205392468
240812994
15764644
61263431
393523646
373522445
48355590
189542696
16072058
757832485
153181367
155680896
181600983
114870386
196344346
394392730
14146656
19345264
125196011
52135594
31164229
17374418
67378554
16669075
20960156
23713318
22697683
37787471
133081159
51133736
27949016
39325158
8839632
16729668
41190190
26348379
44659937
233761277
20686232
37384112
851847836
17066022
309412104
30329599
15882738
9855382
83932732
19817778
47632905
377016559
362510239
18215973
580997146
44992399
91478624
16657500
395111979
24983393
32752585
23712174
61097151
133103276
248850174
15894074
1550615431
563883153
39155029
16285830
236026761
21301933
21768766
103087786
15281779
16068266
357047701
523622042
175141660
18030431
15762708
615443591
18956073
14335880
7702542
20546536
36406587
40625430
371088688
1542365090
23022687
71285630
24466578
94506443
19659031
417388541
20378448
18623463
227753113
16261513
160561302
18220630
16930125
73408582
107125748
59593456
14828860
562443487
47482462
19268706
41538183
17454769
22052282
50055701
67190337
118245138
18179659
25635800
348279936
19952863
128924568
86177206
457984599
16898332
25314856
1242314714
90077282
15446773
1379551009
310424310
917233862
179245596
56117318
18999261
204991039
122207745
129879105
138770045
130254819
529555835
16742064
518023834
137407124
246309084
46479775
20546798
18512336
16405291
82033951
154759765
77850977
34817173
597707513
947843994
481298678
88861467
987852578
275825889
24980670
109257354
21111323
104851609
11651202
16721461
6577802
242926427
21027715
22022769
1291920373
509294892
7302362
309677012
1347078307
32506723
64725597
244268646
16032925
1393268005
845460426
19300170
121626258
16898412
802871725
456845561
262401415
16887628
219429281
18955413
30238792
205864193
18487065
46557945
1201807842
180505807
133392466
17904365
43960627
153149305
43652911
25140154
16228479
18028893
44660449
15444711
33655490
273634094
28178127
630600424
409456907
8775672
144623406
966442267
16815644
263426902
86364947
427846339
17510987
15201076
960696949
804861259
831628092
600463589
17090066
466751485
242944499
368544047
76646207
19416225
113047940
25990335
114859756
1061029050
19663876
138479037
148376661
101802390
15739391
104299137
46131997
66369181
172470598
156703580
1405337395
870287911
714947334
582927693
21113849
30929600
52521572
14869587
17289717
17325090
40116885
245649240
15012352
1048446804
14213413
1239713358
1498523336
379378754
1499261563
787373558
31122582
49729058
352401482
79292033
61915131
130354634
20002401
783214
1330457336
126722715
757303975
1339835893
121829079
78369108
16930489
392961241
14552725
1497145723
32733098
534821780
564008314
14007532
190905427
452340605
430235090
32071013
14730894
51284800
132201224
20295222
151106990
47448886
29707786
81716555
39308549
469675488
152866991
232193350
584012853
90484508
42692687
407013776
21409692
17243007
234186830
14662354
17564591
20015903
28181835
44401911
86141342
211672384
1322558402
135914123
16097702
17470504
204629921
26608065
109636042
263275295
17492506
159886451
453176935
61684448
22952132
49457533
70771229
38315904
52616719
22205619
16804088
179075187
51360968
73827892
47163481
1241751499
159179198
1465716986
227456411
20195338
1286312880
14940354
20433493
461576749
33534381
328104852
180507825
14862639
16221481
17158532
40933443
24076108
202686651
524604044
455764741
287861586
1113548072
1097268498
218982732
19291441
18906561
1444015610
235312723
741766304
503759934
1084917804
22852915
433034412
14269985
339157973
50434933
76350004
36421578
16561821
334752501
628142061
619520469
121328820
430065374
48029066
120176950
18566912
1050480613
6519522
325830217
26007752
19808819
257661436
221793778
15210284
20245031
97190495
243337600
237750442
278145569
17491153
24063730
31127446
120180668
17546958
18217624
10691752
1372581830
333663029
16113700
16311797
18678924
95723227
61220477
22012091
217550862
77651355
172457076
23621827
86129724
792155928
426862142
22771961
18166778
69773058
144369571
47390941
12354832
19740484
29458079
15603311
1092757885
22117936
15931637
17525510
118787344
131596061
507731256
41187759
116539435
45880726
705519607
15922214
1264815228
838419253
80638910
17963725
21431618
15646731
746019794
30043495
51241574
39799109
21787198
108617810
34393890
58562226
17539497
19185333
538615636
312800783
16359784
18963809
113420831
1209417007
34793128
317927761
947502896
1225766731
1225831536
428333
9252212
15224867
181838409
240896779
484999338
20957491
18772897
626983614
947418432
85606078
27354920
1176994477
486900479
48459553
91153898
68999404
47739450
2467791
15766082
14529929
57428429
17487795
18873711
22299149
950847668
101918522
552074490
244212645
34310801
71294756
759251
20552442
60718038
1259678466
12926172
81582751
16399871
119075406
21328656
1137600571
271441733
87271106
28186908
41204528
56749157
17061263
26813456
24938348
263758909
223970563
18958999
21252618
77282328
15647676
9082922
843876602
18978553
80473367
3108351
166990746
975200486
22055226
23970102
13218102
1652541
28785486
14173315
15012486
1917731
233842454
216881337
263484898
16193222
21426423
25073877
120295432
31285973
487297085
95511687
104973619
23007263
25579796
218027755
237511651
15416505
330592913
7381772
18594789
213834064
18696134
20269307
612117635
33222598
121795745
183667282
1225671918
18216752
36683668
211300784
24439201
15923226
997684836
39453295
299915571
260396714
245056653
314335929
44951059
141084952
15212187
21316253
54352672
21434408
426086770
29430343
17490662
25398286
71403780
44209472
37094727
1071900114
17198100
403863528
15745368
402719755
309267226
242873057
242761889
50152441
18967498
84620376
124224165
240393970
1128514404
11680962
18683964
355652141
16187637
1051446626
88806753
15478375
19245431
254117355
548743598
21728158
75690416
16371006
107441863
143798379
13056952
132234491
15876867
1120252729
594297187
14753454
86356349
16154568
1089334250
42924141
240385577
237814920
950328072
968650362
23076517
20776497
114756202
9300262
237312687
17976923
15731751
14246001
402029058
41445718
6609822
18523777
240376522
886819171
942535058
136300373
18458934
31212216
197843161
1098355004
217454584
432766911
17187236
213713264
15228276
37920978
1131917492
65502117
454328185
36730584
11134252
144986277
573916220
23951197
49263032
22508473
22509548
19658173
18317325
10025982
54662153
44439772
13115682
14412533
348304518
138609858
88784440
813286
10168082
130600206
246769138
17800215
29766367
171228400
15675138
15207668
240760644
121147627
236916916
17078632
19553409
14344823
15918708
213383277
2836421
18227519
62472145
121543274
9567972
14275291
976969338
562989744
19658614
640893
1071840474
75367781
1107189967
1058807868
217543151
1074480192
16827173
22528309
799068428
1045853744
326208966
1058460818
1074487644
109280446
1074537980
85850590
197440639
19418893
1090002997
9508922
46176168
807095
15976697
18983793
89820928
4923811
21674448
19739126
18916432
1367531
171253113
24905240
40923070
16056306
1080844782
20747881
19629840
21220931
15513604
19394188
16424044
229197216
112047805
876215430
898414394
322083217
41634520
21619519
16031927
33919343
354933574
21509894
24773493
5561412
18891923
5357812
7713202
