163502555
1928522714
16484374
2433916134
2237829480
26777550
48083598
1969296818
364941447
1322558402
1444015610
2362229941
55896443
1467758983
68512145
966759138
626983614
135033838
1548158070
2469604452
47893782
61734492
449850814
2249240592
27651155
317997164
191862712
2316055548
15826822
15212187
42719085
281610530
993153006
21572351
1058460818
44682276
20622349
1077446982
1069124515
248850174
1089334250
515942271
745447032
1137600571
43773266
235271965
76966145
216881337
88784440
246341769
237348797
190328374
233949261
17544524
237781383
252819642
238321369
18216752
233737858
221162525
374258720
14225263
29450674
14669951
15302642
18727438
127145391
91127293
17959210
44269954
409541058
65763671
102777642
194114364
63812059
18147727
104246994
151028500
5815162
10168082
16320634
15675138
66229118
128423382
66241168
36906754
44209472
55329156
469443893
66990324
111544484
370344807
342378182
425505686
430855622
480443697
300884653
300745263
298320382
526642620
33262032
17374056
16000679
19677871
14858106
30758864
19931057
226946313
14173315
28785486
173999134
15012486
111056854
29218765
33764296
140628376
16562479
287452769
14344823
16424044
78431501
245408102
234573331
240385577
242926427
20879626
236487888
237299871
234812598
70756980
24735461
76350004
236541422
34340464
15428227
60984835
248699486
22528309
41445718
295685416
33655490
282093902
40318829
20192403
19139963
84620376
12726012
48117116
8542882
18030431
24183358
14275291
18967498
37007274
19926675
16056306
239964567
74198348
16102244
23976316
23951197
18811140
19658173
14904437
29766367
21660348
15281676
20467163
20796447
23764675
21671311
41748700
14529929
15922214
59486472
7039122
56413858
15754281
21010214
18805644
16334857
20608910
11855772
27311044
39308549
3108351
21619519
104198706
23980485
5357812
31310158
17416707
15731751
26820275
20957191
2467791
1652541
14662354
85455218
50325797
15985455
15394954
18805303
23712174
234128524
28176898
27676828
23121519
25086658
23970171
20088666
11134252
15207668
19349317
17800215
19929362
14857413
27254905
16128601
154591966
18166778
3135241
22770689
221793778
78369108
61798379
428333
12788332
24773493
29532089
210271545
20629107
64729812
27744185
18678924
1917731
41410562
15307695
16427734
52417620
21678365
20594647
94406858
86841429
381242154
274687190
331214709
512284683
20601242
28513057
364349915
14738157
407844870
9300262
21901272
28445389
263197731
234744365
36260866
222471730
16042794
20449296
288461644
17906632
16374678
333667269
18772897
271476647
236026761
31412331
112047805
26754354
163589845
361342191
213705184
16906530
243840731
58908090
114916322
551195347
5561412
18978469
78721559
255548885
526637528
277466217
22508473
25491897
110545675
402029058
18916432
22509548
109280446
85606078
16187637
15976697
59856467
124224165
8953122
14246001
20015903
22831059
6577802
19553409
5496932
16890518
130600206
28172926
7270292
18217624
16256269
18277655
52503751
50152441
235289157
221447516
218349372
237750442
97803194
234022257
213634439
17896154
237312687
15210284
17993906
240427862
225921757
209792690
237763317
224294785
235258843
237403203
19417492
9855382
7402662
233695891
10840862
21434408
234906311
278145569
10691752
224391627
32007346
193794406
229197216
299883942
66369206
120176950
30313925
9624742
18812301
807095
314335929
166252256
80380326
381736092
156703580
14141323
235251868
437578634
17546958
759251
15513604
308573576
76452765
55677432
15856366
18566912
15751083
22527499
17513304
26424123
10102032
32506723
237418907
15356407
234837632
15160884
84119348
201802474
18983793
35143593
37920978
233761277
97171189
237862972
36654245
22055226
211901075
114388293
235217558
240393970
254082173
85864444
21829541
135915810
217543151
29531504
23782016
1367531
312800783
183643080
8756502
114756202
18456975
19739126
116227348
18891923
7713202
