19914257
59331128
86129724
118245138
188857501
18825339
20083388
1908143071
261852987
131546062
22012091
1077121945
20597460
2962681881
386023382
123954788
2749302800
1286758747
326933067
934296566
596039338
197134576
58493859
15298502
1599284149
2769931825
2455530799
2314448832
42690760
34408341
869236268
1580782092
1151367666
27096910
160624891
17309722
21416670
73413771
61853389
33324079
333397948
113455620
64420220
47521764
22263651
14107459
30275544
15134240
16245822
155987003
41655821
15384023
586812199
274106396
24886156
523354873
622097184
558620186
582055432
582150360
551892445
588431324
588432422
582030199
581934741
551941877
495381477
582069452
588496293
587389861
588411593
588438461
106177155
587389235
552677455
582046937
2323935577
558682372
551929527
558789251
551808187
377605745
57025818
1607164112
475426202
1217210192
34674857
151106990
67714698
21870520
193443431
15147370
46103871
774803011
55018834
30900072
282221902
75877389
330556414
29212472
91670055
43651920
15585350
19853312
11026952
20470396
871900502
19553409
74829020
38036372
27086783
48360726
21939878
2206124856
946601623
19489239
24506246
34377866
23102350
14276734
183767243
69573718
935594107
432766911
83922884
231841962
326379776
2614134704
1653802225
67389102
48075643
17820022
11856032
119139739
1120938877
119145705
95232902
1146645384
1068777090
19216918
20543254
1596390938
921273439
1157872273
15763299
130514819
917644656
14324552
44954639
76754124
292529032
59123957
8758282
56767252
2364982963
2528124056
479213915
2564351359
437724818
735502201
90490354
90614279
64320126
83932732
188436103
17744939
40025942
21803333
15012352
18963809
164369297
29766367
282093902
9109712
17967675
18486881
16669075
67378554
44309594
2513559824
79276714
109614001
83675402
19608297
492921574
26691778
119421760
10929352
1340093874
161329769
22650398
29811314
12296312
15210410
16311797
807095
428333
51241574
2467791
410216127
15922214
1917731
207660339
139738464
9300262
196188299
34828750
26946495
61369765
161036093
174793500
43958971
14240875
47402168
127605667
256493718
45573874
22789766
344805504
18191927
108993692
1477108808
21102126
21685415
16116519
34274380
36771809
95974799
41655179
109476452
5392522
506021959
29994950
26427202
15743928
292602589
50425319
57765851
564998063
14434063
228133122
19051325
198532943
138438850
572697252
254117355
15210284
50702694
26607712
1195343436
53176629
21121491
10069612
15170346
70765315
26777550
85892107
80628196
2252467392
90953337
21313053
141311466
74820061
48388417
93069110
402968461
80322733
176702752
250784170
20936559
636417142
409510442
1554579348
2245975590
363853729
408065492
1160968735
418886090
113146726
48709519
329802661
1588580053
97781546
876071360
211909223
65658415
63966574
19538783
414108230
65029857
26576800
28110726
86125688
57838242
217537840
14078725
2382393973
46786034
22920023
14095706
44531968
113133026
1264664077
182900999
1668318475
385379052
79849331
50085869
624704722
18819567
56787894
163538931
486105076
19161306
111342503
218145545
1225109826
16666144
148951508
26290942
605666919
784998019
69628382
1731719617
236905149
404207687
339373036
129822727
182018494
19828037
14110585
27619575
172381818
1429761
32455305
17797249
1599535267
14085040
178003203
15049232
12699932
356837016
22194437
34147601
1170448789
17202597
145094438
1872086144
21934966
474927729
1872457963
477087328
478980948
65525880
476790656
22017262
32211078
305198779
832650660
250868109
500921311
15932001
72874929
920916110
1618693722
566445645
136538953
241041648
373677023
117406876
47866178
816249398
2214280544
861808549
29073744
29486952
287522481
28353774
2584550558
287759295
62907908
330465870
27653993
1618965481
762135822
1390840993
912711504
419010306
556956212
124602260
37981018
257519303
279381004
23660013
29324336
1157860770
236151008
551293515
1140772656
392143600
38760803
119145065
2369414711
112434012
116455676
1187645382
552135784
119834114
141231391
119136056
109340763
85951549
206855585
51509822
1154837329
80579719
27048645
20600214
48073289
15113565
17409240
85365067
36681590
9130702
23427951
80568825
1368601634
54885400
8775672
16129106
106597684
21213276
31310158
10126672
19611483
2259056371
54442004
300366327
1634350464
185867380
21207355
2329320482
63736736
1426692698
1360555873
56776309
39751186
50664179
15724667
45005713
174244427
198276846
61305396
31912074
935309599
16722328
21174256
1172916002
512314817
1446579426
64733210
85606078
323184057
16559770
22690358
2579815830
103419805
402926014
65651571
886866950
1095485047
32877835
1886565596
1925692956
26419078
93889062
83686455
588430327
219085830
34666433
46424167
1205752141
41645106
74241914
346867212
114525365
193815092
141647098
27761892
22929693
49667473
284104880
34671795
19670226
95506425
26755480
14857739
23632864
19719380
20015188
137401574
618085286
1410094411
235798103
91125868
19988714
183266234
19918005
34371388
15318770
1107119816
1411034240
14266331
191659859
473309899
86991022
14685153
1080340418
27722134
2301688469
1357338145
2340774422
65770205
50786482
17595635
478726880
1183507939
418218528
1090215540
56803172
126630159
957585588
302223365
1154328992
86126320
1154727182
19109172
222666657
42924141
216818207
1117502137
805004869
366101173
294084341
1092818389
288021033
102498523
284542204
99975414
366771097
33898911
20052710
46734353
615217769
1923384260
174306412
24293341
1375441200
774168576
543424384
49744968
48732959
87472049
602848397
149186211
22191543
185684821
153149305
72732934
1673721530
1226316062
297446235
304607056
37699746
1684000602
251229493
296814488
168506048
60344458
841978033
1101436560
15822969
184619277
63504211
127541045
1548827132
114825986
104615577
66794623
378160122
569669468
57716257
593234552
1205676649
858768578
195736942
542834873
26048516
851127229
56369753
31475315
322782504
34713362
32359921
3108351
28195764
35014834
16724890
36125976
62539479
39556678
133021418
131757304
73735280
145307850
620298978
523361295
139762621
18199741
59012899
43901189
242422462
172009868
290899411
60340038
296528222
1259855624
39558631
988737176
46167548
193354839
19718872
39753104
195838034
372813144
87271231
97455917
36725354
44645910
39275435
38441754
93667962
129908463
21804218
71019945
119110363
27625423
19337214
15467215
50683217
15856132
54424058
249692222
244160739
27083053
14304462
288241633
1278656377
119400191
15021827
15111202
271150932
57411027
271146159
65961542
80904625
26484087
34402366
130147044
39592258
1158258109
234001913
188092163
84106556
136337303
1057797590
61827568
18941920
58856125
58857763
31017619
27041654
175523946
178126923
37758028
30208032
18457416
15736836
15606755
22214972
18648609
31321199
761783018
14385055
57726234
43474974
30619350
26534343
59533336
418151328
43963249
