1137600571
757379540
42871498
15840909
2654596778
58492703
117439544
196168350
22845770
2316003960
705824870
619236531
123577910
53505486
425268743
15129348
162450761
22600144
15646174
25328343
837861421
63813638
15212187
2253968388
15473246
50769180
612011115
322142927
75367781
262339077
236982302
21633574
15122060
76683787
7152572
35019880
97253044
19739126
64115649
648283
16931360
119166646
191098091
8775672
78408666
74294786
28576135
254082173
51228911
124180860
21213276
309680827
19546277
182388824
21802764
28184452
55562722
28455285
101856187
82214046
472476155
79072835
46118674
248699486
34746256
88108523
44614426
67004006
26014305
54377550
250836202
362110451
116553518
84414250
235190657
333692333
3108351
14528874
5496932
17993906
17976923
29766367
36471939
9300262
23970102
342887079
243840731
16906530
49140008
17105946
107300026
66369181
223970563
389028352
388621450
18081496
33312838
16456599
11348282
21111098
18975755
37474684
82966852
18916432
28848238
34678750
14991034
239964567
15356407
234469322
133439172
26324609
86337292
114487924
152436681
25845402
22519674
16014047
17323534
94467460
18647969
65130545
16627727
20869018
24652356
17218322
17342632
40278554
31268560
20498771
19323023
75661034
43212208
114952733
18198655
116229473
75309884
26369474
20399765
74916026
20338094
117128616
30186757
25395278
19085683
19028248
117478657
87304214
16553209
20914802
114360959
117893860
113889459
20921683
59785972
15965143
18461227
118600706
117978368
84588422
116898949
25096198
74054398
14821347
116488639
48389713
24647319
103762531
55548044
14178874
114345663
102535687
16054602
31856077
74056486
117791724
16893035
121208074
121240415
49522363
105247544
21226008
122684463
46433437
120443595
20716349
122847102
68587568
51639450
123525348
25888359
115789447
63018891
23590891
117790388
19695147
20346684
61920440
40908260
61568289
111038044
125388977
42342417
21496427
124373741
18804771
27182002
125013586
97005387
53691151
17627001
21137449
47641740
118075947
128002544
89089352
127046021
127941629
126141855
127318271
71852338
110284801
104541411
126000106
120489728
16117899
63698170
128598500
132258857
123595019
16324229
133407231
133417047
110880944
135963570
28664947
134871277
62535715
80387410
29565469
112948499
96755521
131992974
133952956
137729640
130867960
133606036
137178487
132658329
128683713
117267404
42342939
22300305
122563473
140304687
48949355
110547757
85487759
123641227
142850725
22696182
144126597
24800035
144194034
143297229
50062869
98696184
144349823
145341643
20455627
142648252
50348755
19663478
52885183
192441406
137115290
86528180
16696474
23715872
16350070
132360371
146638390
149255458
24298528
27817316
131851191
31860804
16434302
122143620
151164077
22441413
18937659
153417320
15075753
154666033
22379635
133826521
13485632
77018791
149012026
157884369
35822115
153148448
159638732
126005486
16672662
16930716
25527150
14142307
161410308
15675138
134926562
21040780
101924808
15749725
46733446
169842329
103716556
84724690
85306789
21501255
167835739
59587471
108688171
117816199
143663597
23976316
170432851
5561412
177230563
168837367
172493635
129464914
15428227
18199087
14246001
174378062
41695880
181039386
19222315
180901634
131206112
181160330
18257163
93552356
31416000
83662443
159031682
72593514
183412896
38109656
174369590
28062048
172331831
185742902
162958499
148733698
183393305
39525554
188601855
112508171
121637248
22509598
190333911
46437223
171527174
185705894
35244169
50560456
16232940
93575832
185009137
190702957
58468620
159467804
87485195
194751713
182393628
195347729
193337498
195760665
26459660
197309153
84129694
196456827
196838652
15471914
18890707
39510422
188811054
18039436
200883442
15837791
44072745
27640137
21914666
188048076
203136450
15441089
16185232
145769666
14365762
204627199
110238356
205076064
133233399
209681934
209680534
210681338
17513454
211039069
29089641
43955137
90490354
136682183
85864444
124224165
72701176
21167235
50076995
76175122
86803454
48502687
126374341
201791908
26476009
87969066
166751914
18060563
40892049
19286059
110497401
47736933
55629060
119671700
182971262
221800032
203234218
128356401
22253937
104615577
61317703
221764620
88831888
97360379
197202744
36588739
33984781
127605248
229309369
222579429
88976164
229740248
220393861
39186259
188194323
74861283
230375845
21901175
46416452
140885965
186895639
233259623
233557728
112622582
234041467
130156883
63506775
122394071
118778563
20731760
175102610
63692102
234128524
93876666
44413144
21136403
19326390
22509548
17856804
82711742
18289958
15160884
180888396
200010221
235318234
123450307
157427143
17738468
144014506
47612554
204428201
43476440
220083398
26596727
15880302
15927390
27268991
237386786
237564333
769185
198323147
230825542
180898332
37762914
15377478
17120599
106825660
8245262
17936488
15233735
24447359
27590225
28662520
18272340
23274234
46041042
15694867
25436343
21163775
17527466
18244206
64225784
28779225
58708914
18067813
20015903
42107478
82144210
28332443
66003071
23726792
53221731
38204124
15945496
18485106
43448885
41759700
17941768
34058536
23310104
22964019
41038897
60630907
17902979
17566505
109665242
30469000
25990183
49175000
6980622
84239396
16413537
69971525
16277931
17915624
21091983
22028445
48619960
48027055
19167808
12414952
36707033
102189261
50445353
44422871
48530263
8793352
25414167
24518565
4528691
17572244
18499725
14828860
23203636
19896892
62447206
22141405
15451696
113810256
14151150
66241805
111479992
77763495
23828676
32753000
42784789
85786506
21750625
75640918
32164355
19077055
20540219
14297180
43425301
47036166
20905258
108437634
22179069
17926402
68437232
45982224
104570561
108033470
43523810
108677687
20259373
112836570
18205761
111653879
24209283
19114646
31534354
41808212
88213049
38173664
76692764
79601637
67453149
16844550
101706692
89519316
37376038
28805749
112929886
113224920
44781368
58056152
57005769
29693729
20812660
15763092
57143767
16921339
19147690
108285328
43620520
21608662
19908261
113026035
19411096
15661214
20830690
24307733
111397346
68869910
90729334
23105403
106173052
27273713
56182743
51964801
15902990
14296962
26739956
22676533
108459359
113019373
35102649
104636359
14587043
21567214
21572351
40052613
28885875
47367318
38237450
18621632
27852975
15769217
20850483
17726384
21978906
19479061
87124397
18732578
32389958
48565376
18191575
34605971
26826241
108196727
92102012
21230432
20423467
7886972
15360796
50029551
14336205
20435808
13010682
19899344
112666765
54338361
18099174
35723476
19637223
53516478
52477828
35757225
11378362
28830479
14176615
30277473
86594419
22812044
101226872
15105073
59324882
17922886
9508922
30524827
69696305
16300616
78635882
16692057
22927101
30202451
9376622
27513648
20336516
87799118
49451747
40025307
15687611
27783236
50325386
16347021
106607259
25802674
100554577
22741849
65388593
14093404
50044918
54598826
19099746
51838032
52629202
56167383
107819912
46008646
24613220
37667564
29120250
17094493
18169370
6782762
68707399
43245214
27734857
46589764
43488279
7126672
102981518
16840724
24305174
72547151
99169192
33550160
27781693
19512273
42016373
15293542
36710640
111402438
111681305
19637821
49964679
23010592
55062129
18589918
53717114
110808787
73236511
88078856
38122727
19786336
49324978
17800397
14873714
49859891
26662801
80758998
20269554
27076737
22659499
24577869
18892099
21627881
49059418
110696122
27437359
110346479
111383033
21286108
110694888
17811322
15896559
16248319
66470070
73099646
14665958
105421856
16572519
12896172
42481696
38221265
92211651
70792814
33811812
74797446
72071347
33769346
77311748
22033805
22157706
31175661
21369063
38796352
24454752
53565035
37159320
97057228
21834912
15427912
110734865
38431540
54613670
75360804
24188092
20405322
21317569
61324375
40456188
109441206
44672556
15570565
19550641
84938720
92705647
22123215
40692887
2614131
30711732
26048347
20956445
18155408
6798832
50162016
46705928
15790644
35603124
44949798
61295382
24388970
15725445
18037344
24065194
71172490
22498836
62928539
19572860
70244163
19607421
15852542
25950448
104402615
26052288
63062393
18233671
90649509
15763535
36598926
71926170
37793578
13256882
21081237
87820493
25471311
78234641
22068041
28817252
66829366
22936237
21600025
18591276
24280515
18117404
23204438
58029111
45180815
19108610
23678096
18896669
26430264
102522572
34860081
18830945
18925783
65836833
110336791
61556910
28148762
26632702
22490929
21372457
26660698
15079625
37272075
53229950
17292338
58880876
65529255
34599721
20002000
36455793
108819120
102857727
64914137
18140016
38196876
18224509
60941874
25058875
72020197
36837132
24910814
15616142
42892810
35462350
106528075
14539706
20939349
23246523
12581382
45285656
21707592
52203308
25763891
31271968
64592901
14548316
43970400
103675142
54759742
55223948
66732534
103560785
107808722
18860989
16191083
19091128
17122068
39121932
15726551
43243022
31256237
30736021
15950463
68473382
14139349
22293007
26526578
60341674
47697376
52316850
108831720
14101232
15723287
15443571
18316606
63039818
22114874
84888972
15439275
21123009
106299199
107745212
20007904
46719826
16146692
23028288
15501088
35132974
23249204
20939551
41677388
48492758
32991125
17926342
18191358
41056036
20691200
21628966
87767770
23475078
17293906
18686140
13547812
9117972
43632419
16814727
28041781
36704334
16593766
42000482
19850687
92689000
17714709
15481986
23946566
67822771
22154089
23134309
54949233
18639902
25747786
66054995
106800951
94913795
19948022
99568305
68792118
108457649
27765513
24601244
30858943
62061722
21046753
71346173
25770408
37808717
41183809
108724560
53221588
17920042
15901113
85989350
68526790
92801336
39279939
18319515
98798094
16475304
16223834
17614200
43962567
29350302
48526013
61113285
9899992
19750571
6803642
32975262
22136453
20347310
15782399
102759368
36832842
27569483
58708159
105513886
26714962
7433992
108779641
83176027
20732463
7214092
15274836
57991137
77197634
108351678
30964508
20175865
44209472
50438243
17233536
25204992
17837984
15158464
49669535
82244966
18183592
26823302
114572286
56287761
35777108
41404738
15701453
15107951
49224286
15215095
27307053
57221477
48802960
100987905
70730114
27319529
88821806
114282578
100974869
41835959
15680092
57936445
41901853
112647181
47437117
22333893
16667056
16545444
106189253
108067552
16492753
99621966
14111127
48566603
91184164
673703
57644175
25446652
32294683
76996634
96218698
89966491
29607831
106319190
18943135
18721834
107168140
107145674
59545602
15932695
105531959
43982482
51906642
37202186
17891623
77825107
101897395
82097788
43152633
17098873
97765572
95244751
90968475
17821439
18628767
80903121
88003936
31928937
22523182
48454046
34351988
35360350
22643909
31620282
18488146
36386892
14750858
80959118
75632874
14941560
78839729
31503708
71883839
22372931
27665616
41593380
30530285
38715502
48253990
19618636
15818307
22490684
32773129
14444306
14868529
48813731
16452543
72858577
82958312
89114538
21878458
83789992
80213687
21625840
81368220
79241410
65225482
21151834
17322854
21459558
69541766
21817649
62819097
16691312
41981181
22703645
19155321
16933928
20821628
19223880
4655251
19039844
16313273
16487580
17906606
15283128
5693842
108512198
108740430
43365310
14675463
21341663
63812348
40274917
19865017
112434299
50003709
98535957
98212736
103714709
92873743
68271758
109165005
16119000
43563690
114567755
18281189
22792142
41373879
113018614
110256765
113418858
20981234
7039122
22234257
43700586
61329755
112096476
86065451
15560653
109072306
109831272
109355183
22978283
18342594
33282922
90563208
91190419
28706861
86395241
98289823
17156888
56910690
104312707
30763488
81159334
54327534
58333944
66821338
65420733
41857305
67333693
14122569
106131563
46129879
98767746
25572673
15211703
94285215
104679274
93015782
17625897
14111129
50000010
77145699
88752449
48232981
35573790
58242701
27726286
93749018
35941798
17979132
94174256
15924353
76362503
75350736
100289498
27897429
91203043
83705042
35020706
36183582
19686924
42123486
98092871
96497682
16467567
96639932
95979716
14775600
15966258
95574973
65434819
93441794
94007547
24570277
29753292
48605417
87243460
40045792
73494599
14078808
93647969
65245841
10168082
14669951
1917731
15922214
18791763
2467791
15976697
15450996
6017542
48037533
15918708
68582660
75860503
72594040
82519371
91703552
84476112
88699866
21403278
15673872
14415941
86235125
73899524
68192901
51900167
890831
29179862
86163869
18063390
87947361
25342368
25839325
46910863
86398794
16390926
38204929
43717370
17602996
69413725
24083704
86295230
14923012
31402393
75313501
85321748
64296838
22945744
19027416
80378382
14999996
83752705
78690576
17997990
78984476
83789436
44021233
28864819
83628576
36677689
73480296
81505950
29387455
66415679
25203096
82963869
25508826
14386587
82735906
13361482
17356427
71622164
16711645
46196508
71529365
35654772
48920813
63482114
81929553
79811082
33838899
24121026
26931857
81506020
63321374
21635070
17172589
15752013
81119536
56448102
44255525
54588310
14706623
2677451
19948658
496723
17847635
18953267
16637999
10800542
26810189
19617688
80489311
28153654
17194296
63244774
80007749
67806414
16710015
75724841
79788093
62966587
79540838
40606959
36471778
15087843
19791158
78330680
75782270
78964273
16360607
19417924
21044127
17609034
76725035
65056071
16057313
25527843
56764085
76609861
22983019
38450042
77536414
26802273
69405945
69616837
40296265
30372129
66024159
22875103
20485057
22669917
65905411
54615452
76051301
21091964
19755020
73273957
59859613
9836582
23989927
53514556
27067046
28983281
30275161
73473906
73471062
49803202
18640821
67606372
73047186
61908014
25473695
72396855
55662674
17966394
31106123
34810105
23121572
48029924
19426731
14477029
18470634
45957338
34675554
15612052
43964874
19121926
17794801
39516177
18403757
68845152
47677916
38676216
45896738
67288275
17809507
17900421
19595764
23029376
54969109
59312827
67730881
21550185
49968375
24815181
68108330
67634545
63864420
57964794
30253562
46321000
58972523
65434589
14389923
65463483
36758111
23812038
46523966
21623185
21310826
65847436
65445741
62191846
23498518
24379484
20480549
64442442
64802435
19668491
37357515
16726693
59462563
63825889
37134855
61515657
64094987
63080073
60636758
60924998
54631133
63362987
51733070
63205200
18559671
24964590
9784052
24444004
62371997
27858104
15195257
45651410
14211958
17296185
60994868
16422334
59611596
16359248
12331062
15001475
60665411
17904380
60690795
41939617
61338442
58828342
36071171
15506100
19425538
60620400
19445881
17090912
53112255
57210740
54252624
57722423
59857273
18640119
42266490
59642058
14313633
7937662
37273064
18760460
59582280
56433253
14709425
21026508
59304885
41699611
14790817
15651878
44265006
58877830
34339356
58253160
19473742
20807647
21068869
25910039
31330635
58071607
23300815
58437987
39667581
19539739
27876703
51007869
57872026
19008149
15384742
38332312
37136413
16931610
17680045
47017680
16267717
21579611
46043992
21136619
52254986
26792574
15368940
31125443
22419166
56564371
52448900
42066530
47189198
17945904
32358638
56089923
51682281
14520937
55950246
32347422
25163124
35434921
55419121
39151166
45110173
55129733
22251316
23476830
29861555
29500891
31902588
20244625
21782263
37194535
51447890
22522100
15694692
22515362
24571058
15360995
20177097
46223467
17242874
54684798
15481250
53506690
14079323
22234201
53445538
48907040
23394127
33645415
23404749
42538085
18137339
52021643
45321729
48911885
20958510
19934429
15406238
14142084
27485966
49101363
31123364
14677012
23426272
43466121
47712167
21784607
35088307
41405553
18271805
49064598
14505335
37176503
49228929
26451044
33422254
49016631
18906561
29131445
21102452
18217624
23359363
15581825
29470354
5815162
11776302
17516275
45863340
34354722
35654845
17819471
44792162
15908338
781408
16425599
46032272
37757695
26517369
43953685
16582790
24190626
19359605
25381657
15804833
24941240
15713717
22883457
14344823
38052268
36715157
14896476
22122618
33621627
35485316
39336696
42530916
38613109
34523410
48073721
24787334
47439588
21919678
29491957
6560972
47186004
15520975
37560512
46661534
46625628
10676562
46250039
28119492
10914602
16318472
24372752
26565152
43625810
28216835
45842876
45605970
43096046
26909394
41790675
42377603
37039575
32361972
43973916
16565301
33940882
16568409
19980348
40224866
21089602
22315597
14213534
42421714
41871044
776475
15771177
25155363
21331977
14955714
18058293
68762696
105230055
113679902
31609859
18747804
72785269
114556857
18614503
115171444
41166683
113477819
42334817
54765506
19262510
26422140
18312370
18128554
114439239
43450858
114333021
44953327
53975311
60332942
112291411
25947953
27170851
69685416
16444920
74490214
71830364
38804926
18294906
18672742
36273160
113404792
103136876
15073048
36468874
61293095
34687244
105055590
112545939
22325601
49535023
21919581
22159365
40615104
110693361
11705652
110627728
42122356
67070685
26757638
14534100
111692029
36347286
27250894
7543692
111551858
864911
33134092
22626524
17079606
36005635
19724699
26092300
87611901
16538746
63335847
69411037
117232518
117589859
15163467
112222263
22929264
28490352
88942102
109476986
47853558
21821630
119065316
42491255
26917571
6459442
116571807
16367894
102786699
59930668
44693147
19364118
26062235
16072809
79059748
18265803
100393094
34348390
2704951
11134252
29809291
41634520
38495835
2884771
807095
51241574
28785486
1367531
91038197
23477691
59547541
20543334
68485780
16297644
110512307
110513218
15100124
14351053
22230170
30838442
22052762
49138287
26792275
21619519
73181712
15416505
755103
19784264
219087889
127908221
35763427
2329211
145324521
138606195
55471271
240409258
14909967
140631712
240802127
28156328
185757527
23103488
55155523
26089178
18891923
9893842
22946048
110918253
22830824
20957491
16311797
20341454
23145103
22528309
20192403
15397175
19082650
78431501
224294785
7713202
5357812
47975734
33977070
76452765
23712174
15207668
