20606467
105939814
3149005377
132737162
2181453624
142671457
28627342
28855191
355523149
26953478
2970279814
347004306
43343798
64903664
35402085
24223641
514669097
65948622
19263978
14719976
28236290
42467881
3305957488
2890145984
18147937
15271184
15300520
48149896
255481647
278677882
3233810276
15421558
31128529
3144326411
110457825
28796289
29801599
2863006655
335505958
114844202
188793260
843042762
21412739
316389142
16356226
3207960670
2264644759
23646177
2903977765
165539788
85606078
2385806143
311899155
764444310
587866741
368803057
1855465602
797406769
34792486
14106476
2700690835
121545137
3094284837
138128898
177212603
2423747006
848472036
18025377
16827148
287811184
935368364
108301095
312885918
1668126918
455193277
30101128
200196660
2398066861
1979632999
15802980
178025390
15134034
585345389
80623675
180117260
221184791
479333634
27309459
107429985
237481265
11702412
1433336646
2835023117
2975350155
16337264
111021184
1394549060
300969036
3044993235
213369486
18954306
2433737761
74748331
485705254
15854702
20113797
17787705
222953824
400340620
21530025
949634077
66369181
164007407
1092979962
995193054
1058917562
117211672
25705214
491536644
2396264376
353072465
387900968
2553620676
35798732
966833461
42700240
78408666
1534147452
156898278
21900520
19305668
28754328
360289390
20165471
248743762
13751382
16243550
523388341
17322632
47408785
16637204
17787008
510516465
950783972
303861808
486895422
325830217
1531521632
31122582
11348282
61853389
18915145
43910797
49639096
150688795
115979444
20732804
31460417
10322212
30912937
151963505
88806753
137794015
115111016
15764644
36948268
138770045
29450962
29501253
107545479
82649553
111635527
108376246
92186819
84119348
34972633
109025212
24195214
18909919
85396297
125445568
75124560
22012091
63169388
18696134
19318314
21312077
14984637
22812754
7356562
15361570
34638973
47412499
22812434
14135426
20545793
36686040
39249305
16583468
19918558
28582749
25781141
20002401
13491312
33576489
28599820
50452197
161411080
44177383
188019606
24913074
30216513
133832049
40277246
20552026
31611298
132201224
46016028
19891734
22669526
58928690
80612021
148453195
137823987
150724371
70526457
112740986
23600262
162069635
168502762
140519774
153944899
156333623
242426145
161791703
193732179
242892689
235373000
239949176
28602948
227341953
210926192
236511574
234002627
240812994
237770636
199325935
216503958
24745957
249348006
249410485
168673083
221792092
111635980
248735463
22523087
245516606
234014087
38254095
263815367
153486399
163570705
78445977
239905257
33563161
21406834
208692908
258900199
18137749
232992031
43963249
292990703
291903997
292935209
252249233
317226055
82453460
227088228
153919023
92102359
15954997
193872188
373600871
384392601
384913290
385429543
381152398
40302336
155669457
310310133
305216911
404132211
432676344
442824717
479872233
516880804
