21346215
27978179
16817883
528949429
1927775408
13787402
16162149
29205600
84119348
394982550
16017753
2916086925
2984617177
561955921
546124481
727963
1536791610
15922214
439717095
3017651304
26596727
21312077
2935578516
1908143071
2895323425
2865054795
1058520120
153944899
407013776
15035484
1250419034
198970936
121789034
339529477
2828607032
2826920984
2820492595
188440933
392810019
573149116
2804642402
2788790712
2786096005
2757502460
2755580078
488337196
28143682
1693782354
52475843
2732274865
2726903036
2718450949
2717260579
2715938707
2713759903
2713242757
2712631177
2710259438
2706861608
2704988240
2703552235
2678158453
240737573
15210410
45669384
120176950
234826866
14074515
187993109
66369206
14437914
268834736
432766911
17366486
101802390
395379964
2191439948
2661134264
33933259
7152572
28785486
14062180
1262814457
50393960
83901492
1061029050
234374703
18061669
5558312
413466731
41017380
221162525
171598736
32372834
19402238
58487610
19658826
14647570
1435461
14199378
16245822
12133382
636741476
14499829
69231187
14700316
9109712
2646387900
2628237696
2620508887
2619573943
132278386
109071031
1058917562
2612970254
2612544150
69326168
364415553
334894942
1134292500
2602966220
98448549
2597035976
2595480326
2593892982
2593815931
2593497259
2590012020
2589682747
2589208645
2588416470
2588181662
247334603
2575353842
2575304834
17494010
2575261267
43910797
72198806
2573977358
2573834922
2573768144
2573776429
2573697421
2573506878
2573468354
15442036
2568328236
2567539728
2566468783
2565587149
2565554785
2565489084
2565498854
17539497
17451742
21698706
14615871
234014087
1206227149
18169025
115979444
14135426
59982225
19353746
208692908
31128529
151963505
119250381
246357149
19716781
291903997
76348185
36771809
17787705
119610949
112740986
329913473
31534918
825687307
1061385474
164007407
1027156464
479872233
168673083
381152398
310330192
1225674764
2303977776
110541296
14293310
29201047
20545793
305216911
114756202
1135486501
263815367
252249233
36683668
581141508
82649553
14342564
153486399
15458694
14246001
210926192
111635527
239905257
168502762
906782533
13491312
15918708
265993392
1080844782
20179628
153149305
1064206014
1410590874
29442313
1674220206
80612021
438501983
143170980
20436059
199325935
240812994
18058609
19658936
15134240
467823431
22812434
18696134
146569971
1072467470
22812754
108376246
18023140
44783853
227088228
111635980
23999194
148453195
126539475
1080950516
61853389
221792092
33563161
161791703
38477209
14466538
14676022
312134473
14377605
16789970
292935209
73238146
258900199
235373000
92186819
28599820
74294786
30216513
193732179
153919023
20002401
236511574
161411080
140519774
30912937
1058717720
85396297
75367781
61206798
31611298
15923226
5392522
138770045
23600262
858646280
1055730738
126171100
15675138
109025212
33576489
1077121945
7334402
288751432
17912982
1074129612
14159148
9624742
19948202
17906632
73181712
970207298
5988062
27048645
2161313119
21406834
63169388
3108351
51241574
807095
2467791
9300262
785414496
1917731
31122582
15729105
1080509366
1068470480
18909919
249410485
36686040
1072453910
1037321378
245451804
950783972
1243902714
1477681322
49666871
20517132
18713552
17093617
915514734
967385216
15361570
1330457336
1071102246
1089859058
404132211
16583468
33600887
14609072
489935549
482708367
378752087
48817404
132815188
327564192
120139798
389840566
30929600
16456910
296442026
112630438
22512318
124532485
25217261
443144917
54309612
21249970
16669075
106516018
317253889
71456780
121558416
46164473
942156122
69073724
16664681
20437286
11348282
19202772
36521198
314770217
52449805
145390259
76558778
15652540
24053573
8249832
58280632
36698008
10433782
720728490
15392053
12334212
45854669
21139535
125468331
18726942
5490392
140253400
94227934
14858160
14775998
20285090
33591713
8249162
611265292
33142966
29501253
384913290
132201224
30354991
17487795
22012091
303861808
158398519
248735463
249348006
18103385
339852137
188533596
19123045
476256944
31801993
15939889
19541375
7004382
30313925
106473094
83922884
17409240
21783950
18528834
16630062
66369181
31310158
19611483
8775672
17346287
78408666
151519500
22053641
7356562
55352474
19031057
38349184
58581480
8962112
16657699
148570475
20097362
14885540
16261627
18993395
15640533
595759332
14849041
20568127
26857672
36511031
9677372
20635627
80374052
20873135
1289321
14749520
36708558
130646469
101558181
18746250
14427300
85898300
18655359
50370107
19296086
30397498
146714827
15006628
68316247
16002901
29450962
107545479
24913074
204453433
133832049
292990703
216503958
159599140
37735734
117876714
184919272
227341953
384392601
59577733
88806753
267938462
36474003
16342316
18255506
14411304
15984596
28677792
257091348
114910279
15065156
18029055
14571751
46249820
16349116
17499394
16224670
15764644
19418459
813286
7402662
38254095
18137749
50452197
43963249
