2933760046
2975091705
2973870195
2914163523
2964287128
1058460818
1058051748
281540744
1048784496
1071900114
1058807868
935033864
950328072
963480595
2560169238
1883356866
21062652
2963445730
16196492
1209417007
2253968388
915026858
851621377
1684110091
1510454390
785932136
106206798
1206450068
248798598
121820510
550401754
14749672
1061292174
1222716350
1089334250
14587949
389871089
356445815
61853389
234573331
17134268
55662674
18058293
15220806
316656706
245408102
222286905
25104363
15111011
596853343
166307144
32534958
56280035
372467453
37094727
250710495
234469322
55717412
20341454
23060436
425268743
249339682
242761889
249219716
242873057
271585088
11348282
155642785
16313096
14662354
254082173
26516229
15647676
110445334
21111098
20465974
16669075
235258843
216881337
295685416
433465698
415002980
442841642
92079350
191227452
117529856
37721714
180524012
425933090
23365717
413721970
17827321
439782647
348244229
448077090
16027841
310316172
176646411
311279490
318052396
451126685
7074742
253400100
401587639
212857226
19605279
422829059
428574434
464899985
471606410
234927299
49634881
123974480
19286059
31611298
15223043
23433993
27559682
220393861
160163709
54083510
120332307
353918125
380581302
385288144
221397417
174355863
22510125
14427407
14528874
43080471
325550680
244465900
118074613
41816602
19340775
413060718
305195744
162997383
409414732
413507967
227027658
338883349
145277155
402029058
109165005
35958565
376405385
389635393
390522985
110551131
244167280
358322449
39888509
36574774
381152398
373553866
170154651
381736092
339852137
20024393
335868637
308265039
386657276
22077741
56087980
259096504
104832981
356554440
148472854
284655811
33329857
395030396
361250415
264646408
239964567
243038407
248699486
12055942
190103275
19415931
18063410
28008943
19274762
50446312
272035347
90930144
318136173
140300346
374611460
27307333
25436343
145789969
308844449
310839607
104931259
346537959
328090231
277363853
81253316
330134567
349567304
60184105
24756899
104364289
215149281
79068213
267853799
172833512
348861268
264234073
328843458
258846958
108615705
21462453
351178181
237570998
18029328
246267215
350467579
345403218
47614124
15434632
15603311
312774320
264062365
344222639
259091644
350303044
338811841
301090775
305041431
352615472
306290349
73778030
348447068
50021619
161425503
194563759
51535196
290164474
322741353
181135568
26170143
111152516
351029331
352784584
288184222
355074354
49832498
343288822
370024381
119881298
22764241
295466696
348604514
186492346
344146120
321410374
246447524
355254934
246927898
16803651
176139090
39254004
339172700
351979941
351000547
259380489
356856382
124597937
70843605
22436927
22819917
330564612
136471166
350974769
239871673
318711662
356487517
239249951
287754535
357487922
213432539
356881780
353221929
23446108
65433355
358262857
229714544
358593770
340561647
298214570
103675142
355500622
273703410
25506919
300687711
198899136
359194805
346885718
29148648
159230211
334965470
48127125
40057701
191994422
76107213
26623484
129898151
304218719
20832710
47488123
354493762
97931967
57113066
226798664
338146908
351860222
300852872
234216096
108696736
361099333
26942917
18724011
349910305
17611447
15711730
187449540
45472242
299063464
16651540
289530036
300430043
362009942
347456404
362052555
342866200
360427514
222501011
278543337
291259824
84021476
15715842
44143714
109257354
26742308
213207055
222306975
173467975
361594685
299797690
249348169
267772876
19938240
364448672
364564017
363646929
293917067
331678866
313398985
253654580
365056208
228287992
354684624
13489642
47402168
44608117
365638389
38497702
260396714
48425512
333144543
365929433
291676686
153117429
325691585
361365479
209607522
366333316
356158122
72993520
362972065
224232064
349314766
189855879
214602138
23117388
286799590
305236246
365012605
285126536
367203044
367611150
220580561
366964083
88290341
349881970
29846654
368081873
27242307
334644655
263392981
233994324
252652409
369123386
27301234
346596473
244843426
255986424
36478788
365612963
47105577
100418298
353103550
30498758
181265942
208801008
25157581
285733131
6640002
345701628
370172014
100673592
369945898
370076582
279634424
344516847
248061266
138565440
348402275
15455253
370701035
35970274
161116029
38703581
372486162
26553689
238252262
61244642
372844949
265329329
274325894
41160257
45654949
58794718
373138725
21930250
373166191
186218463
346562376
26023481
161403044
372506462
140743153
37954826
373526267
373570796
28856628
16539107
14930128
267583652
166536928
349862291
303801262
373883896
157759017
74895491
113214730
131892951
32478395
374234714
22387804
32458862
312586081
302139239
97959954
15412070
66774077
122146840
363540832
375609878
326210627
310019309
90250351
300343190
350317427
167856299
159481578
376229374
23779987
204364506
16744446
41269920
288308178
25090060
240376522
25769720
15689503
22515362
15872865
23703155
19272648
59500657
128618487
28576135
233842454
9532402
6017542
33655490
235289157
246769138
252819323
211901075
51228911
241207373
237944147
248850174
64485600
299883942
15987296
15462053
8775672
236916916
240760644
236899846
1050111
322316780
17880113
256659681
328974881
269157503
20556689
101868096
23312207
42912666
37048586
103951522
122226713
252942164
33788397
252765714
333176788
16745012
86031188
85606078
314675773
307509393
15791997
224297637
15888705
56830426
39502238
124155529
15623028
95970580
304764845
310779659
20278579
206217916
310901013
273130848
314882742
125139645
308780849
223935042
218027755
25768647
34278061
316310492
1025521
24989788
240438381
277637587
19549851
278145569
16187637
236982302
236479311
240363117
235190657
110545675
237348797
17896154
236541422
252819642
91478624
244268646
237763317
246341769
224391627
233737858
234053893
239561508
221162525
235719973
212262370
233949261
211420609
224320485
122207745
233695891
193794406
35218566
21434408
21509894
34713362
234057152
117537998
236960387
5815162
46002396
28614262
73190286
50152441
41363507
46016028
18905115
7270292
16334857
14529929
33792634
17899109
18949452
16042924
14413999
15723290
12272322
3291841
73198063
21878458
50317463
240427862
240385577
237862972
237403203
233761277
217543151
42924141
255952990
172858784
22012091
39510422
109280446
162102245
223810775
36406095
107125748
19553409
88607603
19595764
209792690
22882864
18172905
15450996
28174264
235251868
234937222
233693291
16468012
63150856
33986037
20859704
21411381
15931637
40510796
20546536
18978553
77282328
19147690
36785104
38484359
33249832
20884200
18020081
14909968
18061669
28264799
27689907
48745601
11134252
31127446
5693842
40116885
22047070
18906561
16456599
12726012
15378621
19139963
19541375
16045956
18790296
15727817
20879626
16721061
114896223
118756393
45190383
119784192
75367781
15581825
813286
17454769
15416505
30313925
5392522
17220934
73181712
15458694
119899270
17546958
20053279
136250134
52503751
36681590
89820928
113420831
108617810
14434063
71294756
19107878
30043495
22703645
18227519
16311797
18678924
21612122
37007274
76043920
78369108
76350004
77250424
10840862
117777832
124224165
26946495
14904437
16446177
45688610
23134068
5561412
16032925
2467791
26820275
14845376
11650762
142321780
51241574
198526130
161743731
20092295
234797704
131204770
50055701
137407124
17487795
243230025
26083271
27901418
14246001
78403308
18481050
1652541
43919633
21619519
56413858
29216764
21220931
234837632
21269970
221447516
21436663
35474809
154591966
18566912
50769180
21010214
15513604
40923070
16157855
193785644
20733972
14856348
18622869
15764644
16012783
138083583
50325797
16424044
37764422
20252855
9855382
3108351
242926427
102455692
120176950
125476100
114756202
4970411
160049711
242872360
15826822
143798379
19611483
235312723
114388293
234128524
234822928
234812598
237312687
201079432
225921757
237814920
238321369
218349372
229197216
17544524
219429281
39308549
15918708
22055226
211588974
237299871
236487888
136389258
113047940
22528309
16616220
221793778
244984401
18909534
29259675
28587919
44177383
224294785
21224756
41734514
213634439
234979566
234022257
21821061
69326168
50128726
50301935
21301933
13218102
9624742
66369181
46469610
17078632
59031230
13673392
43409523
44960116
39155029
45575375
183708669
20716807
113758100
116493609
29117802
49996190
185876981
19495105
55063094
21147846
174369590
112541584
130635784
28936468
133255583
37982748
33414638
20246842
18956212
17340186
97298155
158422551
16232940
91602058
186812610
193179699
192662752
159467804
97051462
55490301
32562930
195347729
15810707
26714962
181294327
23710094
18767875
179677253
26618468
196031640
88728573
125682232
117656867
195760665
191683536
21950364
16140358
190328374
28330904
116198288
78330680
145773758
197853678
84621307
33882374
181385359
158477764
198264601
198534752
188811054
21520307
18434664
180032621
75398827
138774153
187291275
28969421
18956946
199286398
70482835
122394071
200927494
144509677
201291224
88976164
80060788
157427143
78572702
195005851
15017202
199357407
35412253
193446337
193919590
148636274
195009790
90490354
195002445
110238356
135653370
68178020
83662443
170419864
26155798
14060882
175503643
140192788
28454430
178639321
152093660
52427661
181377503
73151466
176841104
131206112
104897783
27590225
18036861
14500743
15008539
168322756
182215285
149954544
47891535
182585579
40180873
181039386
146241759
48115928
23139642
38674733
14446883
135166789
123309919
158620445
168879208
48029000
85808309
28062048
156970493
172382653
183412896
30464532
180846791
91674148
30593720
146827827
160997848
147619781
59700175
161396371
21779913
111491071
161888942
18782656
18199087
71281860
16703058
66217127
162401480
162212796
96494985
161135467
19079767
131082828
14552094
162106899
25392173
47253430
92666862
151202705
13109402
136526394
20636781
164439248
46564924
165101134
18060563
137448561
84584229
18127420
55247926
142283340
139843106
33809027
14804615
15880302
21635145
18840026
5336752
90484508
25800320
20732140
76966145
45163097
18352088
90723046
100714312
15736528
88873379
80023099
73956930
19619883
56212793
83285570
15695371
91644203
23150824
18665868
15962412
12687842
60977229
22993544
88984600
92464596
20477029
54781183
22655210
30592504
16459521
10800542
14331982
42553467
18647969
86088279
17372822
18055709
47853558
17769397
98856965
100346733
16218276
75350736
94174256
82943632
69492557
52885183
77825107
27855479
10385
77145699
94648592
18297415
102524401
21421922
107145674
81159334
108210764
90563208
41677388
19850687
101990223
13265132
19828037
18964110
87799118
18213420
17584516
91195182
72071347
102555516
28262389
84623186
17156888
20124936
107579750
107558748
32294683
39371046
112939222
27182002
110256765
113409086
110607916
110604503
112533514
39772128
50003709
112647974
41404738
73099646
40274917
34113690
16051808
114285833
19361368
14194143
17699872
18854849
86389383
25391694
119682700
120207382
38121670
118549736
20128206
18847525
7112862
122803566
21479555
98212736
21672202
57964794
22676962
33981902
30594683
35141174
19345641
121850366
74580345
104608356
124371742
31943671
88561660
44072745
16425599
25508826
46927228
104321122
15238108
60782377
15751083
22545491
20209807
18632666
15600527
15745368
73177448
7535222
32071013
133731607
24670436
12945002
129373506
22887909
112450056
127486569
134926562
134927431
28155051
108806667
6138492
121338004
100516580
25514372
15423209
125068939
15215330
31643493
46656771
27058591
16343102
125573660
7808512
20920473
15103240
118780760
120577829
126477273
15505835
23849204
19655923
15791089
69166685
59230428
42868440
60308359
20240397
23112668
36991255
125746882
20414065
127003142
15288190
127951312
120230665
22822064
40262174
15857048
78881970
18693598
24298528
21193617
108373893
17563655
129123105
39171489
100478131
129626458
47397496
129762832
63788302
109751754
47042360
119725018
129241756
130486061
129825558
102988289
86679261
90700769
131295802
130980721
115773894
131941249
89500050
15537855
131671949
120641535
20177097
131149247
37682130
114483078
36588739
132850112
131641070
21305315
112198275
133240724
28115496
133400890
22157847
25011988
113043704
16404712
76433131
23136583
21336290
15639821
134628674
89090187
133266449
21795918
35094107
134239051
48899508
39344512
62675070
134217134
36203074
46456519
15861944
134912238
80755473
131900363
14794571
22168042
125815542
20258054
21837533
134630749
13604612
133460608
133713807
89787930
133443445
81502941
126089692
47254530
87400527
87229478
110439662
55268938
102101872
110694888
49011958
28402792
22822285
110800874
3135241
47985769
22536159
7152572
21829908
62195424
63650107
58333944
49852001
72445785
114932335
19237918
43315437
25447384
103560785
127504823
50156425
125475675
17412394
126807343
9753672
39616153
19877680
97502062
43660427
131839804
129049288
82179730
58708914
67210650
24750418
16242060
28934465
14114564
17079284
42913132
30255122
28337267
21610240
14134180
6742412
21986885
86177206
26831031
97443635
28582694
79792986
37772162
126644609
128002544
126009212
60877382
64482343
32941659
20862406
27865717
89936112
15245652
28664947
128127489
22097803
128598500
30823468
107210519
38122727
65114379
7150282
116136264
43476440
15559890
77077418
37692417
100554577
98637769
18499066
55076952
77814655
14616459
103008033
119040654
15692871
18697188
54284840
41023330
17342632
16350070
21541548
17903110
125871691
24645354
47073286
126258433
78094797
24636656
61863624
65710978
24939473
124925650
93443168
20999061
123572182
37230900
19048228
93670875
5745332
21797269
127031291
2059051
82136549
127046021
39193773
37941938
84620376
55677432
17800215
65391175
86428515
91711887
41222304
38788436
64887310
17102834
82648077
73557861
51639450
87803173
15905092
75724841
26322530
7088762
56167383
16441196
30773401
34856097
36686069
123283827
23781029
122907744
17504383
105604742
40589672
37308907
15696261
28813431
25952726
15563971
74014041
28060551
89208983
120701620
26503929
9167352
33395885
49224286
120672768
45259229
29496454
125128428
7730052
54114276
63567012
121990777
26957718
125249222
72780666
105802788
54598826
41864266
28652194
125388977
20781827
91158746
89399484
53194812
19411965
49679875
37807241
24586836
125698133
72906858
30529217
117187436
17189082
24303
16259511
18535966
22300305
125324996
72616216
19473742
19668491
25694221
17784983
55421408
41634520
16227442
18217624
56864092
17093617
14738157
15116570
56664404
23932737
38676216
122165841
109137600
26533227
15086537
16710420
114776173
76153070
61540700
50434933
40474068
120649024
18998480
42709064
15752013
15285305
19269183
14216438
65493023
118695722
14129299
24187683
26459660
75632874
115166212
33797011
18156308
28365585
98932368
120120033
87442650
8793352
69393419
16689723
104769071
69641276
23715208
113382820
114738738
18191358
118262033
18594418
48167044
38961184
121061877
39087255
28980210
119065316
112929886
37707572
16056966
77227073
37656827
15280385
74498952
55155772
43244823
21157904
121555276
23064628
7039122
120474390
36563254
84327025
14345062
69792314
44911001
111284975
41412836
16333228
7144842
44275204
21942851
20798135
122671788
15715665
122852982
123044225
86084103
87546768
43108099
64027252
46176168
47975734
31310158
73303753
76649729
5357812
15166261
21821630
2704951
40923762
16056306
63257023
99589232
19713259
61502147
20963371
23831386
18248294
11324482
75612668
18058317
36710640
112422925
66345230
71897004
15141908
76840708
73914755
13067732
106131276
19167202
34667149
91717945
3128101
116536444
24905240
113473917
43349238
86345714
14428298
114911723
18285498
63920254
111328008
62437621
80844296
16553209
117816199
101879021
15965143
114360959
116525798
105736400
97343837
63363638
93373681
25139126
18277655
15976697
15641893
69086398
106465257
109126346
63652429
107300026
41642293
26369170
30792517
52537790
97236509
22138888
14923012
15428227
106607259
93076620
78635882
20631470
112322957
14296477
93575832
8953122
61113285
113133825
15446975
18795453
20812660
15757593
113379417
48389713
17402815
72020455
112745396
107240478
114450638
114282578
36791063
114567755
43022466
24264746
65482014
22626524
16098578
16833640
103393938
64592901
115157265
28865597
107377990
90517116
14745776
57644175
31175661
110025327
100270602
7079162
15215095
112431272
16742053
27302870
18664838
104541411
89894243
16156419
115793607
20498771
19028248
110868230
18470634
19790860
114345663
39258707
113857247
113852173
17104919
73988545
21047020
78431501
51405063
17887154
27886682
110769790
44935627
56544803
16753058
57435183
23539817
110466289
90184372
65369591
49992096
107336320
15570565
82144210
15147009
21246816
25965585
38869858
89966491
94366606
108512198
108724560
6798832
108779641
83932732
24735461
49633425
24613220
80525723
45214994
52201196
70927281
97502132
49986081
86395241
44722517
38045603
35748736
35730865
35725319
67972222
69411257
41176869
28675097
67679553
17006500
14508983
105940722
64782508
17549222
22107113
30919821
44800059
87274778
88038310
106742918
107168140
52054846
43081521
55581437
104312707
14730894
57221477
61519287
103078203
14785887
54327216
52758609
16828706
25572673
22748992
15747938
90438475
15211703
16695937
37915614
12505022
90021188
43405278
19602035
105447026
14413351
34129655
94612298
22759633
40777136
69199664
19239210
21681637
26816589
20367934
31901827
27518033
17661736
82730991
16460904
74775399
22059342
19757418
32589620
26840840
22372931
23968503
58828342
39516177
23049130
62285544
21137449
50029551
57498003
53112255
14211958
48020091
34498014
27873617
23145103
15598262
44982671
63175930
33409134
63808935
49016631
63825889
34057690
61515657
21401163
44702959
36697269
37541299
673703
49880862
23812038
14344823
22521220
12788332
43986327
27640137
47632905
33823550
37461389
67102922
60911934
23267673
20209857
25340618
32538728
42615092
74485002
26865720
10691752
62992197
74662345
58918414
16992762
15207668
74724558
15394954
15481585
22120359
14673201
54011853
20088666
15031183
25162697
21136619
14941167
70181982
25235913
20168605
14850076
52382957
21091964
48183641
61785001
34926323
75020984
22536619
76452765
69584077
25330009
76636114
38232012
49228583
49980479
22875103
63514285
63811288
19360919
72773929
77049723
30477098
30243263
17635773
77127045
17625897
44195577
23258618
70890338
73558412
54222623
77805733
48029924
77890637
78060290
78391420
46560358
56696585
32485396
40045792
74477942
20020575
14089912
14915538
23712174
66798264
19785194
21965254
71129590
14436634
16102600
16679842
16950822
74825169
34367366
19607827
19843008
51553339
19112266
78839729
754874
18317325
77017567
71560259
79213181
23509051
54697253
41536017
16225921
16365800
79318527
24451699
63506775
16598023
22931765
24739714
23375171
3210141
15971670
19479061
20073530
10031172
7100612
26812918
18865635
73186935
5526202
34942224
17752368
62324582
68471280
25167362
74585303
16297644
15923226
80608725
63888658
14532688
16672662
80556439
74198348
41173885
80903121
54588310
81119536
16039421
80403646
74494311
17923803
82016647
36177748
19216998
16645321
25328343
43123805
42954971
17356427
42953944
29175111
58041024
34331795
33663774
22991614
42638402
28864819
44219965
9500542
18415018
38965925
26476009
83933132
52763281
49237500
31619790
101849069
15786795
22813352
27897429
98427453
15152150
21739931
22826364
17770022
49721101
84414250
34380461
18376147
14062311
15159913
23788881
87018725
20276176
65046098
21040780
56707903
61295382
27319529
35769182
49038014
52108410
44614426
85732226
85634199
15862952
9689662
73191404
19822269
22047229
16492753
38381682
48566603
20950349
86295230
42427738
16651210
78667497
28279103
66799868
48813731
16827173
72421593
86864186
82717376
12712752
20430077
50019727
27444964
18499725
44522505
15564815
86343252
14511951
23585474
24044964
32340002
24647319
79177642
16556803
14828860
87041561
30135085
85955858
88810998
88781550
28407802
89489610
23323482
25558984
89353255
26089178
89773000
39901727
61905803
19336661
88581677
21671808
55562722
19926983
24557446
13776372
29454444
21969829
88699866
26233068
26663546
52234013
32010840
17034291
89814216
65073618
15779344
15891841
78776222
90116420
16064507
91587865
91396422
18628767
85418520
91179070
19686924
47720065
10770952
25554464
15946022
93680778
29595867
66877994
23498518
28437038
94002153
26925457
16100610
73494599
70756980
28480805
93657038
19114646
25226477
84152520
90947260
38361025
95244751
93441794
94443258
95273627
25400676
43421313
21451770
40314279
67093694
94889850
16309853
16592398
96459033
88752449
94555064
96800896
96639932
16623835
40511297
15109256
43411322
21968427
96899214
22169636
95260641
71926170
93910945
84606980
15695759
97765572
96842391
94654073
70986916
16036700
99546661
27430755
13780532
13857392
77232206
88831003
24184717
88731265
20002000
34927577
14505335
18811927
47397798
93307709
36481591
66462689
17987463
101895251
51581751
37000133
102172717
101606557
103073663
15008743
100114214
17198896
86198852
17473688
54650597
53439641
79597334
24733117
51906642
15256077
102136286
33541026
40377512
39286965
20296195
33256456
47736933
64442442
46281677
39583829
27665616
52504374
64296838
37199437
64115649
16298650
64432312
54573701
65463483
64907179
65445741
20217729
65847436
14928160
21310826
60994868
62898879
23087695
54631133
55937850
45556505
14579303
19724699
56707827
21194674
20957491
18496709
47733110
46184745
68048117
46643938
50262622
23566519
20405350
70670608
16872095
25163124
70233022
16564850
54668344
17494045
38450042
15760673
24941240
45464320
42081985
72110894
16082769
41653891
65559975
70059547
20534268
71369435
72737931
63312155
65755248
70292965
74056486
16015621
71014725
70737231
7402662
8542882
7713202
9508922
8251132
6577802
15661604
20713061
19394188
11611052
11856892
15675138
1367531
15731751
27676828
23951197
15985455
22509548
22508473
19739126
16102244
19083619
19929362
5558312
19407835
15160884
19912734
19926675
15210410
22650211
15436633
21111896
14669951
18916432
18166778
14412533
17074440
20608910
17976923
28785486
807095
15012486
14293310
2884771
5741722
19046500
15210284
18451200
1917731
15922214
18805644
18170310
24773493
15773898
40318829
19616327
55235265
26051676
20467163
23121519
25086658
14275291
18811140
23970171
32506723
20015903
21660348
18943852
10102032
48117116
19658173
15281676
20796447
28176898
26778110
18805303
16256269
21329888
23124635
20097342
18967498
22527499
19069733
24183358
26424123
15856366
34340464
23976316
18030431
22831059
37920978
10168082
11857072
27867017
49304503
19417492
18220630
16439471
15922521
17469289
5988062
15754281
60984835
18767699
16031927
14854961
6577642
17112878
7744592
8839632
18776942
18812572
18812301
27744185
18280993
23970102
27311044
18646108
10615232
19726613
18216752
759251
9411482
2836421
23808856
9245812
14352556
15679641
14085040
16019871
16071123
9252212
7228682
29766367
41445718
20192403
35829796
23103488
5402612
13850422
15224867
15896625
9567972
35866123
46441055
22600144
56035315
57217241
9893842
42481696
19677673
24628971
32576431
39366444
4107251
18102434
25355724
17299063
18791763
9300262
428333
20599747
43587794
53396235
55133913
52936737
17053369
55419121
26226195
38810746
36108904
54994849
898351
50206432
56564371
22759740
16545444
56871213
48253990
39136511
28686667
18891923
55722849
50948509
23404749
19750571
50182584
57790324
21068869
45843239
52419650
56701802
45450261
36340052
37013595
59487452
47547405
58962587
26217173
21866825
26651947
27118381
15769217
34438597
11554432
24112014
48529643
38464496
30489553
36071171
35988017
45950738
49735635
40606959
41939617
43271578
46456233
18093892
36577680
26289811
23538129
51194700
48182186
20907119
47429849
41562785
33104888
15183403
47046172
28216835
22648084
17079980
43958850
48073721
23436847
32963477
25067900
29437696
42936990
48231859
48454046
48595943
24956483
21784607
37984018
18173689
48907040
24742936
27307053
26958875
50095043
43592594
50687634
31231059
50709096
29818920
51116897
14022302
41268563
17743015
10677342
33645415
52109085
31208789
43973916
52254986
29235138
20963754
50822989
17769540
35987841
27513648
36939242
36654245
47421502
11776302
15356407
51733070
14462139
36386892
44893466
42884204
27386561
22946048
20077281
46250039
14312663
46260740
15192111
43982482
40788002
14261739
44638432
38109656
43332527
26745042
47233892
45853503
18727004
32115553
46261630
22104013
23631885
15473246
28557068
44865553
5496932
26742638
15718014
39779999
17074187
16206610
18205674
26909394
14498177
43096046
21201901
36183582
42919847
24800035
38613109
24450456
45772756
33563763
17513304
34863185
36075329
19305781
22824658
36713964
26942563
17323534
19931374
19405323
30351050
32773129
17296608
30451594
21714948
16017694
21183099
34290233
19663478
35822072
22490684
18888940
35835267
21643394
31817338
35870817
31620282
35880190
14873282
21510606
35947836
7115742
36006414
35483763
36047715
28323417
20775053
28848238
24549787
27512916
23824103
19980348
20168682
22965898
20543334
26810189
24242034
36541010
27059919
15945496
10227682
28119492
14358376
23978296
17891623
24797736
15520975
31503708
32612268
35019880
32821130
17821439
18676542
29199676
15031234
23477691
6115402
31419611
26632702
15141113
30403058
30530285
19562187
16477143
38715502
38478303
37755434
15130935
30449971
38460447
19264047
24971893
31941396
27475188
39670953
39525554
31928937
20869018
19943225
22443854
17005730
39993229
16191083
16637052
30051008
23949582
29339707
40309928
40406617
40449565
14922667
7004512
15151930
23868075
22674292
16450359
24727476
16799621
25155363
38438541
20538411
41465450
20002470
25364339
20639389
19675587
34052374
26698629
42324420
30162213
28252034
14204848
14548316
20517132
29848645
42943542
41387206
14626568
34835462
38017798
40122465
37039575
39114811
43953685
16565301
42804838
17352975
25848707
22315318
15486675
34322610
34936429
17140660
20270279
35736851
24752845
18583306
14521842
18556736
23105313
18999639
30714374
15309839
24948291
27641489
35745555
35748866
15168817
35746754
33348192
35753610
35752581
15419819
22828180
19520631
16956925
24025561
10715322
35761576
16424606
23084042
8245262
14111127
14374597
19292878
15422588
22830824
28220894
22734495
32685447
7661922
35804111
17226991
12738472
21347086
33786253
21699265
31273596
