38516217
3369613395
53435986
32488919
85003783
254186356
50432286
408292427
2434236246
74501824
34245699
39806600
3303293865
3193526130
29967944
405108345
59592572
49733381
594955357
1901421109
1450555868
29205600
517005133
11856892
26250653
32081228
455252839
274581613
18029948
35549780
403401974
33830333
3040524211
8839632
614441689
21312077
44397881
346353186
76682760
95297779
448297014
212350063
121597316
16657699
18802261
18695891
376502929
61592630
17816420
1872085536
15922214
14640553
18632666
194748042
1729261387
22330739
3059107026
22802715
1270662462
94678167
2648816784
3072516243
314549077
278093318
17495946
64703161
14676022
74473395
19868353
136550204
148491506
1239098071
14292458
2767896240
716564185
20517132
2179493472
22162854
17006036
120139798
574829891
19738268
53466720
466692715
68433924
16331010
27961547
56806379
19329393
788059320
273542042
410201810
16532695
288332713
241608523
58503762
104928069
225242868
7497882
7998482
461697741
30364057
6527972
661163
515931365
59279751
19119809
23717572
774180818
22891564
15907183
17943624
221635888
63112528
21943045
18924291
64925044
288659231
613149983
209744171
22949899
20399840
257091348
14465607
70442821
1365085326
49700792
2659894350
138510294
14073641
15741092
526630137
370518790
369919686
24836750
16261627
1289321
19315665
8962112
626052729
126421867
109094541
1024815120
42934860
15392981
24030827
18973663
1855680036
59626402
1206233820
96168068
74858756
37144376
34695180
44402928
17499695
22033999
239944391
185809250
16458383
59003455
18387935
18966724
69056707
1686770630
106152317
10946412
123351802
21634617
14402027
63304385
278159413
17819642
492638241
578650970
746173327
25197710
15000051
12225602
373075613
67461504
14328118
13122862
128288109
57203
2333071261
2215168321
47819405
26924638
15946841
23696533
627864602
242418441
2358135572
633924423
159582860
32441546
2966570782
31468871
137752344
20707070
19034656
61863728
1902856897
54662755
311740656
2213635788
1860702990
78081806
67331057
74286565
2803191
17154954
14614615
33898911
479674626
41406567
303905199
67215899
23999515
39311638
314037743
84614572
399655298
43444196
338652300
23768237
110899711
90503251
31454635
19417197
47696444
23735651
32304094
48123578
74829020
394741838
26441991
51228973
19555827
17294950
28796289
16000856
361321755
84077400
108993692
15854702
10069612
53176629
14695985
22563843
403081467
30354991
2458592300
314770217
613627548
14437914
19198709
12133382
335138973
2196505510
330609207
35201390
13393052
20030675
338518562
521558032
16594871
58065700
41880814
2338702590
211447852
46069058
304479031
97732452
46786678
94642927
11348282
16245822
33998183
24752484
1598979864
198667178
16955991
14606079
16935292
18510860
224320485
15220768
89820928
205864193
54208274
18587457
158426909
91180720
4207961
313091751
16600574
18745546
625954148
2411442277
61010204
19318314
50081203
33045934
924607704
18487522
15649433
19177501
16423109
17731836
175711277
2456929542
2205277231
14480618
915514734
2691306114
2303327174
18913818
2535377622
43500061
17290549
316671079
364344026
7517222
43024351
262310943
286329814
1264564686
79842777
1222257180
253969634
17499394
16162149
276567401
148900525
77017567
158806099
197567344
2163248328
17501295
22812754
132201224
248735463
28602948
23593446
552064025
749375898
310132301
34787481
1017507066
136077746
42989020
19031057
14885540
9677372
15652540
82158644
80086409
33681341
625988920
116567967
36609111
37105649
111375336
37557953
17823767
19036733
18132494
34700777
14427319
210259272
36511031
24456320
18968456
18910217
17625154
10433782
20097362
18993395
95809745
64973820
23172657
140189032
90773007
234040109
29581531
68186183
61822673
19824059
46739348
75493621
237926970
26616705
94663344
26626936
222487879
73201892
15846407
17504870
47601406
17627525
83962029
78047370
45833719
203608668
243920442
79295663
86182150
16224459
18229081
20173458
96916661
25358498
97062761
14786182
327502207
238284486
18495473
21611368
7782542
83487731
36590105
21713274
18301196
18462603
37005435
9730472
19918986
21314814
16566133
27987687
21925979
18327279
56265051
213295930
2065391
86776195
38515613
305732399
15785683
21669123
86330674
384940104
602015517
435970708
2178939366
950673842
2543353595
82950608
344087912
1234240506
255029083
426120477
401848718
1585881342
1387036686
831465966
932753624
1681703485
1339938846
136845279
212235312
36143667
21892176
40505392
9018032
441413276
19045168
36259355
523707112
104883796
302375261
251270329
300073087
134681893
282809203
959698975
133713032
717272348
467758773
45202756
14796276
382342427
595793770
394209356
112620947
17705334
20584722
274339841
166344019
113320794
69654069
213974113
116124520
133565656
366606110
31583882
56851219
34226762
21692297
14056708
32774989
18916728
1491289026
30272229
46745299
84606191
85942579
14221332
59502660
1053583076
239367759
14226882
15894074
24949633
70250595
57741051
26546403
57113066
33741541
245910014
42774001
19608297
253747552
18021496
128305682
56097977
2425151
203060129
29549839
21431993
15947602
52226304
21931396
74815175
36196298
19670226
19775920
45573874
19719380
80628196
16026940
32431468
9715012
1096597184
1096579981
49056498
18640992
987075302
999710485
298199386
148570475
14133964
2792360893
173321172
17721573
1340093874
292990703
267938462
63169388
249348006
158398519
312134473
17093617
24959108
19658614
479872233
2254143044
66489082
939091
26657119
14377605
55355654
246088673
386507775
1614054846
959072046
1058520120
1080509366
1140648348
40302336
463132556
1339931490
377609596
9109712
170329641
17473443
2272531993
188001904
135931182
153944899
851555820
1330457336
1392282998
76348185
66369181
140519774
73181712
15647676
42771547
19418459
240812994
193732179
80612021
221792092
164007407
82649553
24195214
46733238
18137749
42980426
16302354
482191882
86877264
369697377
253769656
612117635
1405337395
381725263
151519500
16637144
1080844782
950783972
1077121945
776664410
239949176
1092979962
1055730738
432676344
1061385474
581141508
1074129612
1055685948
117501995
1027156464
22669526
995193054
126171100
339852137
164369297
20113797
413466731
153149305
385429543
1060984272
222953824
242555999
1064206014
250188760
93761782
516880804
150078976
442824717
937723303
1917731
76456274
115733549
19674502
1339835893
1037321378
16742806
1071102246
293131808
20552026
1072453910
486694111
231510077
785414496
10326832
29201047
20545793
467823431
252249233
942156122
558769636
1055907624
73238146
18834912
29442313
970207298
325830217
278776049
46016028
1093090866
26946495
216503958
135297032
132278386
17494010
111379452
389840566
369505837
15442036
30929600
507529506
117561682
45869761
78323317
1150085089
48802204
16129920
49717874
14416109
46038835
7458942
30313925
7004382
16424044
121537720
112471133
30913636
245424983
22789766
118530377
15335662
44873497
48203749
15743206
115911638
185397767
164691705
21786831
15147042
20437286
59010637
813286
29280594
15640533
476256944
378631423
262275490
387739930
446568165
30912937
36763673
24745957
148453195
247486443
47459584
44177383
34972633
9624742
17993906
13491312
15954997
48086014
249410485
229873610
38710061
15812719
158407495
15675138
20179628
24913074
122174004
77059877
14135426
192955168
48706233
22012091
31122582
31128529
14984637
21690931
15361570
50452197
133832049
109025212
92186819
38712914
86697288
88806753
151963505
36948268
166252256
188019606
15976255
82939583
16157855
43963249
15764644
19652163
15085188
21495392
1142941
14824385
13130412
15374927
23951435
20792188
20856451
22660769
16479673
7322342
20314437
13072452
15067551
15337780
14467998
19536617
7356562
4602
15210410
14837132
21650577
14774189
22050351
20362705
21074498
17877575
5724412
17439038
16900618
22018147
16287400
21893469
16814854
14302349
22107725
17580757
7789912
18422066
20718112
16702140
16747849
10351232
17489107
20410788
16356730
82363
18932695
16279854
21380769
16184111
15319681
14227402
22110336
18352137
21734210
22335941
18280225
21897324
19333719
22400347
20589883
17691928
19118654
14517882
853821
29283
12305
11188752
20943081
18373340
17219868
15937684
16221432
22497647
19560297
22400526
22306592
22575762
16062865
19037454
22560205
16542798
20466643
15928203
20105402
18954631
22636050
5564492
12580592
22267234
21926794
19033167
16107501
22069653
16697046
14541594
16313058
