19523456
2964949642
2930635215
3281853858
1058520120
3167787614
154909422
474974313
31464192
2528017561
2823633575
536991735
2861616083
20048512
2966758114
107441863
2963445730
2966205003
2962813893
2964174789
2953974395
809352228
562989744
86129724
2844034026
385769972
112508171
2571582085
168541923
1872523242
20823648
637157362
2596185043
34527257
18723501
2596744999
41657827
116835497
43914724
271441733
18576537
1381876609
14665246
488707572
93288759
2527758883
39510422
1444446630
1444853400
73408582
30045475
2420993984
2308819640
451000250
1405337395
20447793
1004465413
19404370
34667232
252911655
158368806
30155041
168232206
76553135
1059240924
455764741
1195343436
15219770
293805163
1074480192
18956073
21426423
89297892
236026761
21431618
33938700
236487888
2253968388
13218102
433034412
13023332
65691824
313540871
2352184788
37301997
5741722
224097503
334715818
16560489
1305596696
48459553
149913262
935368364
168531961
37841185
269375709
727472528
15742985
16113700
159309341
1853114688
960696949
17539497
234573331
1209417007
1060370282
247723476
1072382221
742143
78369108
1060487274
23498831
28228650
15108530
1652541
1289538132
15212187
26509859
57038117
82033951
88784440
218027755
1545616506
733073143
1137600571
305085401
1145916500
1201896559
21806098
510823412
1071468378
35771864
523911945
861540919
38718826
960962340
258885469
15724082
52419540
15537855
114896223
141990034
19039844
2884771
16815644
7597712
194680290
48388417
325897784
202206694
339822881
18772897
18915795
26820275
233737858
17900421
18978553
4393001
14132503
295731821
846479437
15693074
21786287
22650211
28195764
481326300
133439172
7744592
166608401
234370900
87063281
2836421
7684882
18963842
229966028
49620730
97503010
70708097
69181624
18873711
22839066
18097821
18963809
16068266
135515077
19541375
28652194
17004618
94139317
272542662
45399148
33792634
467640977
19805496
16125224
159609655
10691752
41841228
11856032
16698389
47415772
34022952
620298978
301549400
18227519
272395158
451586190
2557521
151444950
21348880
44401911
14434063
15080288
16232940
7228682
2861771
21782956
976969338
18909534
25220741
259395895
16007460
21307076
20474813
15754281
90077282
14662354
21434408
356199275
104850722
37069709
64465376
16894445
74820061
15159913
14173315
12738892
47694175
17601086
16180004
19608273
28113052
11771512
16081831
233638131
16311797
1058807868
8839632
52140667
18176907
184136149
18342955
16072058
15987296
16371887
1051446626
17740969
430869304
1071900114
975200486
1092757885
1155212191
968650362
487297085
168805641
26596727
16250929
14270650
20245031
18146481
73303753
143798379
13850422
17995040
19354391
296361085
41019773
17601174
22300470
16364399
34713362
20402945
214693898
89820928
35027698
116836560
733751245
15731368
20879626
19107878
76649729
87103895
23022687
18632666
17910554
137466464
26946495
98543618
220081296
92079350
24439201
39155029
224320485
38495835
61220477
15075999
16898332
113420831
43328497
16193222
221162525
148852822
18906561
18020081
44177383
218007847
21301933
218975278
17850012
158769098
15481070
20957491
106135104
407013776
20252855
14345062
50633527
15778716
281610530
113047940
19416225
21269970
16664681
93069110
19815776
112526560
216881337
193785644
15012486
20776497
270498209
27689907
326255267
65146567
71294756
59177426
65106660
52954222
73198063
20776147
21252618
15458694
111400999
55307642
47975734
266084180
27901418
85131054
59676104
132700852
16129920
228747444
10774652
16446177
33222598
17093617
7702542
43409523
15210410
50073507
11856892
50434933
21768766
55329156
16887628
37764422
518841067
40116885
179245596
469194846
15335534
12272322
75367781
57428429
16045956
45190383
118756393
35829796
18313747
104299137
5336752
12354832
9252212
28785486
3137331
15931637
10615232
14293310
20378448
28614262
16787084
46002396
35474809
18983793
98471035
136250134
19268706
263758909
8695932
27744185
16827173
13524182
60984835
17074440
108617810
37666984
18622869
9855382
15450996
177015623
18124830
64607956
8942262
18089641
63796828
171154131
19771248
21674448
33310366
171228400
171942092
169612620
156300451
22047070
22703645
196168350
49140008
113758100
131204770
208018084
54900089
18087749
14344823
16537989
188361020
46681100
248837329
20975060
6017542
43919633
20707966
28264799
312800783
371465104
14845376
17872744
26487169
21028056
15641893
28587919
36452050
22956220
122207745
16097702
56413858
21536398
15976697
16072676
48029066
25101996
14924233
21010214
223970563
56749157
14331688
29458079
19267157
129879105
27234253
14839147
22517990
234767974
50769180
169203819
18791763
46176168
29216764
110445334
334053327
112047805
201802474
14335880
207512107
166990746
15513604
21301913
16157855
195877797
246503061
182824991
34023198
262326533
103060329
147725246
161319475
191613738
204386512
107125748
31540671
18805644
11611052
457984599
19553409
15675138
14246001
5693842
2467791
90484508
16031927
18678924
21619519
3108351
21313053
27311044
18216752
17078632
428333
39308549
15210284
50055701
20713061
41634520
20608910
65493023
19394188
807095
51241574
17454769
35218566
5392522
26777550
430130014
130600206
47739450
15637387
14669951
34921768
20843106
153913872
950328072
41445718
1045853744
25877123
1058460818
137186344
209792690
269927781
607157537
930546132
349059821
935033864
39315304
41146703
19617499
48355590
114388293
15233463
26404623
147560908
52142527
49408729
51299284
28913695
72325394
532400683
232238671
974976480
21407914
39179247
314865705
90667327
82677068
29094978
17657138
415107342
15558162
89261070
492128893
842204814
15738033
36421578
152742723
23492011
16187637
127941167
44209472
17546958
16032925
191477653
56366631
309274068
100114214
21316253
61647671
31774432
618344012
22840473
31426828
18163042
22508473
16874915
21612122
236411457
385586397
23818287
10840862
12788332
461792635
7001092
8930132
497094511
171366029
19563355
234053893
211530910
111635527
23593446
70526457
137794015
133832049
188019606
150724371
108376246
107545479
15764644
24852012
33576489
117777832
22012091
15361570
8542882
14904437
28582749
92102359
19918558
19891734
14984637
18696134
34638973
56864092
19318314
20002401
20545793
13491312
22812754
25781141
21406834
47412499
39249305
58928690
40277246
22669526
14135426
31611298
16583468
22812434
7356562
20552026
237763317
242873057
249348006
260845829
85396297
82649553
158398519
29450962
162069635
138770045
140519774
75124560
153944899
199325935
24913074
239949176
168673083
236511574
240812994
168502762
242892689
63169388
239905257
115111016
92186819
163570705
18909919
23600262
80612021
263815367
234014087
48086014
221792092
248735463
82453460
22523087
161791703
235373000
227341953
153486399
210926192
161411080
242426145
216503958
232992031
132201224
148453195
28602948
237770636
112740986
34972633
125445568
245516606
246341769
237944147
234937222
252819323
236479311
249339682
252819642
211901075
281540744
78445977
242761889
111635980
235312723
23124635
85322445
18137749
29293808
164007407
156333623
21572351
267854863
119250381
193732179
50452197
24195214
28599820
109025212
88806753
114607567
36948268
38254095
150078976
227088228
31801993
33563161
30216513
193872188
237403203
234906311
237418907
309267226
295685416
292990703
312134473
258900199
384913290
317226055
339852137
292935209
252249233
153919023
404132211
267938462
305216911
198980151
385429543
74508260
40302336
381152398
373600871
164369297
613725908
235217558
20053279
364415553
305620929
165144212
24751115
368948092
18963546
534389744
69475311
801710587
926796300
37275036
567523972
15518969
17843439
19980678
23712174
22831059
234455356
380581302
34927577
19395857
16570573
24421244
10126672
249844732
23535710
31310158
188811808
236960387
36771809
61853389
78408666
16613128
153149305
54885400
8775672
17409240
66369181
9624742
759251
36681590
248699486
335996055
71032037
234822928
76350004
239561508
237299871
234837632
211420609
402029058
77250424
17896154
154591966
402719755
30062010
127589887
519558092
27956663
128393253
90440365
237862972
550401754
551195347
51228911
282093902
94197072
24745957
584012853
23970102
234002627
14956372
84681236
543484400
15923226
135931182
254082173
102455692
19417492
1367531
24904117
272003700
102168331
20957191
334162338
38036372
9689662
108303009
138524673
28634763
14587949
256113470
249288197
235258843
236899846
237750442
240385577
244268646
248850174
239871673
236541422
381736092
155642785
221793778
242376736
242926427
241207373
432676344
155669457
76132891
237781383
234797704
249219716
278145569
222286905
70756980
29501253
137407124
18646108
224294785
240427862
237348797
233949261
234812598
18056015
235719973
237312687
161743731
22528309
218349372
22545491
110545675
15416505
225921757
217543151
37094727
22055226
240760644
74198348
233842454
18566912
235251868
229197216
24183358
1917731
26424123
46016028
18317325
34340464
233761277
21329888
18030431
15922214
24735461
18277655
33655490
17061263
20467163
76966145
15918708
19069733
18217624
52503751
40318829
76452765
18891923
84620376
50152441
15856366
17513304
78431501
26051676
20088666
198526130
20796447
37007274
16102244
299883942
20209807
26778110
19658173
20733972
12726012
15751083
32010840
17800215
21660348
23121519
48117116
19407835
17976923
32506723
15160884
23951197
15116570
14275291
19739126
6577802
201079432
15428227
19616327
5357812
22509548
18916432
5561412
384418499
122212010
47732585
61616297
27871427
36654245
18805303
18967498
235289157
15281676
33977070
10102032
15356407
15600527
19139963
24773493
124224165
23970171
234469322
213634439
55235265
246769138
245408102
236916916
240363117
233693291
250710495
240376522
235190657
240393970
18811140
15394954
23976316
37920978
25086658
20015903
18166778
234128524
19929362
22527499
217864459
19926675
28176898
55677432
121910867
131203491
23005357
178678930
48009095
160932529
20158606
25998954
68036060
23119695
93912881
101580944
19425538
71037119
107511603
55446227
83890600
22901137
15472185
16445604
44630344
59240777
26543386
37671212
24181372
94094712
263295957
46195607
271930828
166646424
348779053
95436525
69388287
432638377
413826773
176471193
100593919
23233854
309815287
342213755
234534756
20883703
15927167
20827669
60705604
8816972
314585133
428560707
80378329
91179666
32021659
69458600
24537008
17564591
58582151
23092890
234022257
234057152
219429281
221447516
17544524
190328374
237814920
193794406
238321369
28162128
58875860
61608485
257031639
30864583
242518427
234826866
85606078
155954102
247354252
20468251
9532402
50325797
15731751
138479037
79743108
69773058
14268812
297535770
97239626
274596432
9300262
193419784
237477771
19125732
14115912
164400667
9089942
24239923
87271106
256494414
46593413
15586316
65466158
135558864
110515207
114599241
262332851
30980068
14857739
32155661
26755480
101354384
7381772
234467536
214604053
123730208
225163993
165177737
16334857
135917962
167494170
163598915
33942193
156016878
32359921
43947944
105558828
162062339
27699961
160575560
188857501
314335929
419062950
137822057
15456075
16930125
18902926
274747823
244126588
57464591
7713202
7402662
31608525
495593747
52589660
29821605
63031738
239151322
23633680
294838928
252115520
66682041
21821061
540257303
598943226
599308819
599411408
583875731
547207207
58379000
546327882
606914760
556792889
59856467
15029174
14410652
59882946
32256041
60735715
25132875
23543548
46705305
518158795
105411240
429120753
110924703
19405365
175597767
41748800
165606522
396130707
7039122
559072425
551917868
122202153
236645572
466452304
143663597
15901113
467017520
18958999
56401482
481437062
103295124
21878458
74016038
171622249
117476073
257644271
480420131
343383305
475927050
378962340
25276593
300926919
180638261
37828075
495315926
271584432
39923534
365709393
474499992
23760704
409356941
87352595
482989345
482530465
15360392
212963819
287994809
152446023
137839049
317756787
34698840
456968936
113425204
22081845
350594144
60713593
385612447
23802600
14881914
18226567
17928609
55096001
15727422
158078174
16814727
14218471
16324299
237860778
22523823
221382741
23446580
40467299
5496932
45337960
15502079
47440016
18137724
3135241
238730526
15207668
11134252
58248124
266012753
335070846
80912573
276095179
34330609
404573855
44768328
169675319
403421903
374777707
343844270
195898927
18270329
15987577
109595889
15075753
18169837
199456156
58338636
22109355
147318858
270479701
179073951
17779838
334988425
91429969
39033450
280777047
25928457
389635393
24441763
82741465
264586957
235812030
261698589
18755025
48136732
19779971
23960616
23857065
17115357
24098917
66877070
26556275
206445421
388514771
89132531
360732590
16248413
166235477
37577111
18556537
19405166
16477610
14322345
23305596
10657272
24451820
29752569
56573807
96055783
27044996
118724093
34802917
15501247
188822251
108839587
20854405
44126951
32496789
18975539
37714326
35771004
101113143
73394786
95287012
73380075
57366878
29722556
54908788
237442866
357262455
362089133
69146828
329406789
364432137
57848344
24156322
24464177
47703774
16066118
15502695
117929602
144010097
154271558
84369851
74740200
33083010
16498210
18789363
34974700
31462495
54634621
22581967
53408428
102301168
254932777
318072648
24651050
167535900
18421217
41006673
344139324
152354819
23369743
31581851
304104798
21526388
44174176
44888362
17658324
14412533
98542436
23796787
14335435
66602794
346254888
41694385
88966717
25596709
104504563
248820306
272539173
345677300
72936647
15501205
46517086
314725081
22286602
21829541
182621845
289062442
23856851
8753672
234609056
54647745
24162249
51115303
17881746
21157904
22505218
138566380
239843089
317472618
370466121
328517495
102115740
19937614
33600887
368533204
312331887
306363402
273519914
136300373
169596992
169586280
271786376
123655810
15916757
17516275
9082922
123738314
15689503
4923811
71627462
108686283
61555301
5577902
23849615
385009847
18640508
93876666
1581511
53505438
22651743
74575288
20371093
26029012
261779718
262911362
44914646
27676828
78020404
263263526
39116801
160539615
640893
33249832
125448135
55568331
22403377
15905092
19490170
16256269
14774486
22170482
120954933
24374384
55737611
104598468
10168082
22195441
26448586
308676115
28611932
16116592
152374617
14404805
19778624
14730894
15533126
44767773
282219422
11604782
44190963
24419870
69315767
19926983
59827454
252315149
88819578
22850059
185329204
21262748
119592611
20388775
23107343
36937864
21435004
234029543
258990655
32515846
130180457
19410839
47676979
239389268
18955317
150675615
17953239
78875277
323846445
24559540
58534060
112780382
25755336
75084458
291980362
40315081
328568462
26864249
238751378
238705544
15745368
15985455
17896886
20030046
27283364
26652016
238908505
238702189
238710816
238742818
46615189
16953753
17133872
18334889
238693722
63087032
21144663
116242495
180898332
233950915
290555849
345437033
