18008972
34682633
16967845
4970411
30032512
61245989
17783380
18945471
1952074310
29646720
21677316
23490625
47964412
26585095
2471246221
55570504
1652541
15754281
28785486
51241574
5402612
14173315
742143
759251
270733114
22023209
19737094
252421474
24113240
18990627
26028968
211266908
47815479
24926288
25697812
259943801
317980134
484362759
314170013
27932670
2447608704
71167566
2966570782
1566027246
16410995
312271435
411990532
580649124
63330870
54260910
1337268391
91400791
39155029
82192102
68796344
32532946
24959190
60879124
22431195
18358567
42517286
1020058453
64916983
433825408
20182642
122445177
2862555526
222286905
834071802
2557521
26257166
575693884
890987028
564855894
581141508
2531533170
2394429932
135529478
15248951
120128015
46237557
2351903227
851477593
164029436
31175000
17243582
460246990
459498431
19539716
17014927
22728467
42692687
2413527745
16459325
122174004
242926427
5360012
500704345
17793878
25149550
14477676
1536791610
2894048735
551195347
20517132
29797400
71354375
460287723
2291772090
16834046
2303726412
268078146
621289573
286696162
1134292500
15174710
133832049
19366865
239949176
382380425
35751496
415243401
26781439
15950054
20179628
87784776
19195094
47392689
2359926157
230785496
1051127714
212013455
30399127
19539565
1390186333
130505585
1693782354
22445483
18938912
17548935
17001104
7068302
15603311
23008075
309070309
187770145
1037321378
38227511
33919343
2557507771
716374538
158471313
296382349
66888399
285184877
183365392
34562629
14377605
18963809
1170898381
16125224
27055034
15837659
557068897
19847765
19063753
1546680990
836270720
20336988
34001349
78361556
158397501
516699539
44597453
85675782
581925119
26530930
516723177
252456072
82509878
15780280
505460403
74508260
18696134
17697941
53943653
85913682
96203449
113072196
158788504
288809835
907366147
287893700
18730188
126158715
130915432
68980940
189567006
384531112
542232465
125396735
205899881
16284463
175145606
563975261
1080035562
237407887
344129970
409431619
70279712
41152972
29913107
74545687
153258098
58491989
168760005
33972978
16251065
19209739
43219428
1618113006
107004365
159171462
419632814
130627548
10287332
21335246
1434124004
233784484
172779883
36719281
24752484
14074515
252634665
16424044
59238436
59204932
188001904
44783853
510503908
473972064
234826866
595515713
120176950
19674502
1093090866
1281405877
1613223313
570050439
369697377
1482580333
2207588833
2461821548
299920313
14597239
15777758
16830032
67358777
227384475
125686589
17132056
427424201
467162926
304543512
298717440
131144285
486047160
43920155
185043343
30058454
259127503
1175221
339280234
48729915
17652650
223560516
14515931
31223005
1365175176
21434307
930515389
20511718
17166894
1868435096
104250509
602948407
2209198784
1480806012
2353663021
2279586433
41007152
2394824161
2411393916
48262651
177211481
14463848
23496432
277296622
2611992158
807329820
15993122
255719070
24243150
31418514
402729784
402957663
369684916
1176994477
17543416
16104602
59253572
2563836410
390774619
78226003
26581336
13804112
24155047
24891823
398088661
45265448
14305039
22739318
109631868
308573576
1726421126
1128557532
20999272
24893198
121795745
15947025
48418321
373131539
408170706
74794492
19479034
569379679
278005891
108617810
73481525
17011177
66451163
23020275
100859077
485242725
85644676
17539497
16245906
16072058
906782533
140633194
482171567
300497193
15908429
111635980
740529408
23664429
222953824
20295222
40576792
132761938
113724622
64420220
60667856
1342372477
189129306
1339931490
136337303
125951559
72943771
289386773
219303786
98909375
1858759934
25088527
1342861723
318563434
286871259
1473289975
174754159
760664437
79295663
14398250
214147859
32774989
50310311
17233573
40069846
15434252
20184845
18943852
24252468
1017637447
26596727
15647032
158043153
16659634
80888737
12733642
40057701
725236574
224494221
11640472
543713772
39811062
150774780
153149305
14357283
1339835893
995193054
409456907
15727317
31529099
142721190
351918560
516771149
755953153
258970544
1441699724
227114487
318838493
14168204
251935074
222622640
29501253
463132556
231510077
31611298
16637144
38036372
8960722
216446925
1392282998
13259632
135986935
800526102
250940418
44686128
38516217
28227443
57625403
188444270
759937597
97474887
78623653
237770636
59460397
24263880
486859688
269062860
1119708966
61987263
22830616
36771809
158495061
5031151
133046921
34941589
17596622
8320432
108985543
7215512
31464192
25134868
23101207
15385243
1330457336
15493365
35887534
394772475
294660973
28035990
305266391
997684836
424749635
22955081
1151214955
18695891
21319801
50073507
21316253
88040819
21366207
342782636
44873497
858799884
16028241
218615098
26778595
14315537
145763089
14134037
15399512
20999183
58490366
255261187
839616703
22789766
36156909
20520457
237435487
78107876
83921852
78399032
22772699
808034102
49700792
180061795
16189995
159822837
378703574
307633887
372880210
38734554
942156122
39277539
17046368
310330192
399580940
104965117
275648907
485172405
435103138
48827616
575766234
154985728
131404826
73146747
1058520120
30912937
213295930
30948534
229564113
950783972
13028322
80202760
19948202
808012722
22963353
459362054
302182987
80627403
37014326
50652184
44136028
98907691
1092979962
281534936
1071840474
1080509366
47650483
54791458
291856429
21111715
97780741
50004938
22677427
73151974
32603659
31511502
52454627
44134773
217550862
761783018
112740986
378647172
763977163
20155561
74294786
808024874
42696167
324998259
75742264
54546430
36473442
103117485
552151606
87230784
362107787
126213486
234493276
29381913
237997553
462316425
365068343
14870670
46733238
623305959
34936539
525690571
817955041
104586702
97273575
459579135
9624742
15518965
453319164
786124356
264628492
605890170
49499121
325830217
44130462
555497871
43409523
63322786
80950685
34022952
16958346
242418441
180052182
21862217
261918703
179145850
22679503
15478946
67090241
251000898
18549385
11178672
67604977
21205906
18713552
166723722
71560259
347466521
441134864
179546580
21119658
18780213
46662081
103087786
258885469
19035963
388468632
14560097
407013776
77920769
30043495
20245775
78716886
525564630
74521793
17717552
45671898
18124790
18301602
116861447
15769327
252173791
65696714
316468249
500087212
491937334
166252256
14752393
33096180
37759047
222487879
305732399
20093233
15846407
51827531
17171111
40112750
18495473
80681990
347663139
93069110
24771318
16463326
185768634
167024520
243337600
156783075
19710903
15129727
17006157
254117355
48075643
217454583
39279393
16698389
115745371
46176168
92572677
123738314
19608297
6096642
15945324
55261443
134870834
159609655
23768237
77032777
227841653
104299137
13067732
30929600
90725320
45577446
13201312
34113439
76348185
17451742
527757528
28657802
143923948
413223602
110004599
17773720
15458181
15952509
15355482
17862883
89735094
18943897
78995028
17463923
16581604
15463610
21875834
3554721
122417788
347538333
49490947
109257354
207660339
249348169
19000697
400171041
34609213
15497533
21014087
94127415
16140124
432768808
583870567
566603099
15582333
41077970
48269483
217284148
21786618
587536673
15368404
27093057
14955908
562146122
211242561
63262233
25757561
38029388
81169738
114834884
325757052
110213431
29431831
115449038
114881944
29598035
53978909
19186003
20027137
18600524
12919082
142322947
153558139
55355654
28873935
378125006
21873955
625706132
637053261
59031230
158426909
18510860
17599655
19711765
16669075
199536920
6519522
21619519
61681958
56418371
20725994
11702412
87945432
80597462
18655567
20173458
19191326
24439201
21314814
16566133
21925979
164412502
195601283
141287304
337872289
343472498
47657934
20246888
175814957
308238066
38295221
249716607
13458922
25969442
21815363
208048119
15609815
111720422
58601997
176905010
121788510
49194675
288452305
151444950
21679465
98557904
14615871
15159913
148649988
250784170
24260994
69651270
190359726
325655146
33710452
373040032
414910326
331207969
113496078
28447948
66588182
138061211
27087020
14957360
21847241
252338309
198039574
202259339
20021214
272022357
120207753
18918398
164146987
302192666
135630561
80628196
188329669
494583213
283741184
9201992
11954232
35205963
188783350
20552253
14764240
21220931
92079350
75052666
18678924
111045930
21228708
69193833
308233424
244655353
25300308
15485441
18137749
16340501
280649642
206721200
25203361
448295627
48802204
330592913
136300373
20474813
11856592
270013816
56788628
91681296
36651066
20281013
77852581
24913074
403797522
245172797
255059151
388535720
14056708
75354773
16225445
61574701
16464140
44798664
289538555
17346287
305146327
85606078
238286421
21669123
41144996
153836083
23498501
385187745
243731054
379885279
16348549
339852137
275596154
134614516
277797821
352548417
339751234
277001228
297067961
111659264
348245916
16311797
213035012
300114666
23407415
227745088
339942320
104615577
236916916
16157855
12133382
96482077
1947301
95456280
21448665
33256849
262765451
288282313
20094659
14014262
230018830
64789450
24742737
260542353
127302054
242898148
105223236
48527306
243271477
239905257
294212748
278770101
306304686
22812434
22812754
111635527
309784867
33703858
66203697
80617430
132201224
272232375
197594920
59669517
62127399
12296312
27477243
247334603
210926192
29450962
107514329
254775647
250318074
29243379
250386727
79743108
93876666
137466464
117928875
15008539
221887623
247486443
131144091
19318314
115979444
85396297
109025212
25781141
21312077
44177383
15164565
4119741
16012783
108376246
148453195
84119348
28599820
89028052
24195214
28602948
38712914
22162854
161791703
246357149
58217912
200120847
142490217
17341872
229873610
14591091
23947746
18358190
221868589
22669526
211588974
61888113
23767509
191500451
16423809
19403329
74820061
56493814
20015903
18036912
14246001
143167699
88806753
138770045
14434063
148906064
2241411
86697288
21425125
29205600
16898332
117252101
17220934
28195764
15224867
82579983
15764644
16192197
15987296
73211713
53167708
94451963
59237662
32422406
141356377
3108351
27978179
14135769
135897307
49620730
97503010
52070270
19658614
151963505
31583882
86776195
53368777
89820928
22656672
24196684
21696279
17910554
133872807
20776497
20508720
18172905
16371887
15463671
17050748
76449812
59986919
154167801
14270329
71801631
15230646
15007149
36778533
39438261
124190986
139188024
21205756
143971051
17072024
104656105
14626188
62581962
91180720
23135475
59058006
16364536
4388251
14940790
13744762
9545002
90420314
18393773
15581040
64530359
48856199
147219539
14364163
36948268
134295915
14725649
15982222
1300601
59159771
90934547
124787013
22883726
25542044
32036738
30789569
7663702
74517909
137370518
65984446
16139083
17172311
19132985
28133800
131197114
55584938
108503463
35633666
15805260
115488136
129253891
111076403
44615672
22666212
15210284
19417385
22187085
52052011
15176566
16225921
11270992
6997102
4920851
121814189
65402398
15497952
13834402
11278102
5694932
3364
14368074
13524182
78421007
10630
24949396
40343060
14870177
10886522
13783772
14188895
125445568
16170253
14129299
15281574
10253262
20199809
84165866
5743162
106207497
44756353
52176409
20002401
21690931
59915853
123584688
23600262
17679194
112508240
2521881
15901113
27688281
33576489
5508812
121508282
51327497
17602336
25382994
14662297
21252618
18909534
15183303
72198806
49615301
87714473
24232525
59181076
44135303
15675138
61206798
19778900
47171759
115485051
15359578
61220477
39788821
46724483
7915762
22509548
34274380
76091017
22053641
43963249
23092890
25859059
31122582
16727535
57675701
90077282
16081831
114511353
20078009
63246339
16017475
16160352
18215973
19107878
18812301
110823581
27901418
20177097
11731322
11856892
15287423
20182089
18451200
19416225
17004139
21268897
11856032
21674448
113420831
20437286
7004382
62086811
16303106
83649961
40061182
85322445
78817006
90416226
15371008
12838532
91502595
10470
64836625
22108722
17683608
32811656
79039355
21119729
83761174
90475395
47720065
13084122
83431172
89609307
90227133
70723968
96211154
96431051
68898268
28740477
101819399
89020013
14513611
91644466
18041065
14651201
20015521
89519689
111092075
15641893
13100552
20416443
19279062
36174474
14283545
22012091
22196530
77275917
17769770
104165263
19100675
26946495
47632905
59157393
39048435
71469009
89352898
46474366
94414706
16423109
91418218
22891564
59803517
23083901
60873392
88714982
89004076
14412225
14345062
17800696
24167813
24256713
52545050
24260086
15087011
30050899
20818801
71294756
14146966
24431892
14717197
15446531
16356190
7402662
14669951
9532402
11347122
19397785
16536114
24022935
16317406
23951197
15861717
30393446
21982720
21660348
15022633
16051471
13850422
14252957
73017644
79862239
17969498
16651693
69410552
28652194
56550357
78222599
61349535
15923226
28382112
79797834
59925401
34401125
16020654
28397713
15990063
45830213
75115601
36677338
17154277
14498484
16628743
19541375
18887735
57760168
18429824
74600561
44195577
71360328
16735025
75600769
14468282
20168605
18649598
17872613
56237214
9345162
5908442
15505053
18468374
16579801
21612122
26091643
23385282
14466538
52779839
15248833
74539682
46326727
4207961
58577924
44602087
13981132
26054740
14483462
10480362
60435126
56265051
42090412
74537116
41420658
18480494
22544714
47666801
15913066
5371352
15954997
69324314
47702937
14833305
63900298
74225198
32708979
23864373
16889444
15469092
15488141
10879522
14248714
14228811
901651
4578
7963652
758247
14104702
14638635
20608910
24766444
20875748
25694110
24212600
3022191
19657606
57206446
46739888
12272322
18622869
21730211
50325797
16250929
17074440
21783624
19684892
35019906
59767183
42822512
38285038
27777737
18164224
16909400
14882307
50118964
67601511
16679288
22579138
30671474
52577543
20147028
69704864
42985862
19085230
63835199
53910947
20712572
61529169
33978925
25162697
55650505
15439882
7383992
14073247
45650544
26782291
14192725
65100875
65763113
54930784
28202140
24928601
15726306
19861857
18321125
20120430
9940362
19797434
16799193
26853151
16741793
20014869
16449905
17656680
13212212
28377499
19258512
18487054
41211085
40389889
26337988
40913712
42142437
14908990
24107947
25060733
25344734
65942559
67461427
46299771
36729602
15135706
34079498
29256472
32231521
14862955
40337917
58422750
41383366
40980454
19350441
26834222
13635872
50555558
54446722
19040864
65740750
66318545
23258618
17859191
20884843
18907297
23168642
17599703
17008016
9182732
17004475
13148382
15829485
16353391
17007715
18554945
14078599
5392522
16830572
16704588
18883261
13756102
16291570
16910090
16695860
20271926
16606787
14679655
16715753
2519691
16659791
17439098
26045738
20264383
20412022
16153327
16461747
29283
17584334
14999792
20494070
15104103
20629830
17417859
15767528
19995514
20270883
18217970
20454819
19606892
29237993
19831323
21936279
46579239
44654611
43900668
16932845
16583468
39616562
22968673
19037423
15867895
25308906
17944655
14073875
21725083
16409232
16280151
31337525
10931
815096
34318229
34944613
16930125
14511951
19366941
16358625
61496228
44438519
19469676
14520482
649673
2884771
21874048
36654742
46727968
34254287
15097706
60434140
20096768
17470547
17280258
25885025
19354116
22809556
9249632
19908848
18065169
15963250
15532898
14438451
14074644
24935362
25649070
25592438
14615776
20778814
21451760
26312185
21942383
16173928
26396202
17557021
21202376
3587701
29729792
16831293
29845898
19853590
14789669
31068695
18310547
23810659
34057138
15420333
38026405
14320616
44983352
25698356
52824967
19921334
29240959
16065256
59692637
21369688
19541165
17528325
15458694
24939832
23679570
15778911
14229903
38155442
17524727
15589240
28882757
21890177
29740044
29758050
18301196
19742069
30284449
18484535
14751932
16686730
35021615
36121072
36894450
17050594
25528240
10214312
27398985
25402590
40332840
22145064
11978752
43326040
19333719
29764474
39910193
14839674
23084207
48558423
47659011
23339518
49011301
39151166
19891675
21833670
55569357
58083863
58388184
18747675
21322255
35784241
26313436
30725113
44238517
15755677
15223167
15473329
15811454
38645867
26786095
17006036
13709212
40817093
23490526
31860167
41409505
21015759
24174877
16328002
14825574
14823587
33222598
27029537
48115928
43810158
26698797
25907345
22456584
18703718
25864168
18206878
36475230
1392281
27457788
14922433
50415286
17215186
16139049
33246745
29648153
36161474
54621739
17432189
26889061
33046065
22939964
18558291
15906868
10318712
18915579
34040874
43132686
17315877
18223040
15361570
18498684
7939102
19732545
36615731
19409150
20248920
50724034
8921242
20826524
14364615
18790423
38298391
57931026
18454258
57587025
28448494
16211049
18760652
767403
15397067
19157982
14343880
15949499
21317499
7074812
10249632
14078751
17993906
46294242
21323251
17019666
16052000
28527952
44651829
30239133
20634132
22115509
23267259
14790524
15032862
14688489
15368065
29758379
12340562
19979224
14529929
21240882
25883467
18107599
18733504
16381558
13820672
14472002
15918708
6112442
2467791
14412533
16162682
14081106
14693265
19778465
19295866
18148466
17028405
17602348
21232628
15566395
15852290
18384302
18659273
19911381
26656724
22954198
29073164
21022007
19188848
23646240
23555906
9300262
15922214
37544289
15210410
23092978
1917731
26350330
53205952
16050804
31127446
17596478
8999792
14345294
7313362
14957318
15740154
5741722
24247327
24017018
16129920
19083161
12811952
7912512
807095
29723477
813286
15012486
30313925
15825290
5654712
13370462
13749282
14116873
28321329
21145402
19921113
30018157
19916819
17683216
16442124
14841990
29039447
18863815
14293310
19658936
14178674
17004618
428333
5380672
22685200
