236225743
3091316093
398088661
201790336
93673775
22655135
293143614
36686040
14615871
18023140
248735463
258906555
148780457
61853389
1917731
17596622
23595586
36771809
76348185
20867568
100809366
14935223
57625403
73003844
342177592
110213431
2587817365
776664410
2426217830
17901931
125749686
24431892
18997592
73206956
182815759
103130238
1151590614
14124196
98554447
970207298
75785294
913586352
14870670
106915076
124516129
734033148
18892565
7819802
292567914
312134473
430305113
113648271
235373000
384392601
610922415
410358936
46016028
234014087
149982376
19318314
28582749
161411080
22669526
115111016
21333869
16187637
21818737
237499357
461720085
294848082
389028352
235661878
261838928
155654527
18909919
250188760
59526518
46176168
16172991
88282197
17836903
58780949
15689503
26780957
13398282
14626822
136998045
123738314
75822831
21122578
153486399
29450962
25781141
216503958
29293808
19610051
47366869
101434340
268944886
27558166
24089360
56806465
17088305
249348006
193732179
84119348
38254095
112740986
75124560
20552026
168502762
34972633
24745957
16834046
55096382
206744937
198396961
97300966
40267916
30912937
245419752
88831003
71950947
44682276
16953422
140519774
254709274
254775647
239949176
76345386
38712914
39666453
17384343
64813618
19824430
38833974
141998245
16335197
26350255
199332713
28414093
143474683
103663299
19716781
11087802
19733013
14634690
255917837
24277551
31843378
83603750
136340828
253193437
26778110
15079924
47288005
210926192
23593446
158414847
249410485
158398519
137794015
88806753
23600262
82518318
39870413
111405572
103979352
125336023
50325797
15662282
75449182
138770045
155609051
22122104
7085822
41186732
146102375
249203371
103663277
35013862
198232495
111326633
108376246
243291022
18188773
241704982
121656667
109025212
31611298
202720442
14693030
63796828
246088673
211315162
21873714
32774989
14678461
44398269
188756280
58287227
116350889
56734958
14367751
164302462
172808388
22003080
242892689
20731951
132201224
17004618
9624742
22843337
17875595
234826866
9043022
62974833
29232480
37045637
225123568
10191
48177456
125441928
90938377
48544051
27067604
16409618
16129920
14984637
20687524
62883892
70771506
17566505
117743669
48383778
22530874
15985218
70188601
18856407
15361570
34312259
41814169
131307744
216299334
16139105
25137535
25975036
32317533
65707359
54659625
26513255
15954997
83626175
40785940
130617778
12705772
17006157
5741722
80638910
71294756
21456186
20975060
16145763
30043495
27901418
26083271
23944104
16157855
16051471
15224867
44462409
32007346
15923226
55624598
218779638
14893540
238896983
132186769
138174923
64293754
40720689
35811347
15649433
28636012
52788469
47801895
26657119
22150874
19776539
119250381
208843118
228313809
236588568
17408254
27081965
778057
175131510
217545284
78342190
75796494
25349666
177743349
240847018
191891492
37461389
131032275
99153290
102518092
14135426
15224077
13850422
22428418
21231467
23838780
29029802
37541837
54066438
38658729
18750294
75721882
25057495
84070700
124850387
97091929
19291702
95281047
175455888
163180737
47429474
89985069
55364672
42245932
198526292
167521067
23799884
16133076
16122121
40589647
228413961
179971182
55390147
21710068
18997141
22036941
23556004
243298941
54657831
14246001
145248436
24765589
17303510
27457033
15007149
2467791
29761740
133832049
159493967
28169230
96226824
16814483
102184540
20892381
18028893
229365137
182819523
232992031
58883166
12733642
14725649
224320485
22771961
21356559
20558460
15093646
26513860
222881607
108607094
172833512
126980084
14753225
27138748
26051404
18256822
113420831
22159841
9907172
2996801
9300262
24958792
15675138
16558796
7356562
17403185
15918708
104692306
21406834
21419504
188019606
55609946
5392522
17866872
20818801
77062281
24491044
84388888
16583468
150078976
16013368
20480549
15675013
18023039
72563670
208868839
20847189
153537041
15743181
87529626
166294586
16264003
64538739
46218350
1781551
17513304
26596727
102113045
171132286
187991050
233069337
22814630
16334139
24712487
237112418
14377605
33576489
56864092
109622899
28602948
59947068
14597239
85634199
104956033
16097091
813286
50452197
44177383
85396297
7152572
14661475
160586442
26262890
96174322
19777553
92356773
15812228
19284931
36171745
242210597
242162207
151963505
15922214
7040852
23024099
11178352
137429956
184888986
160643784
160644104
130627782
160642687
162066693
193010762
144843079
160642092
160640881
69489370
15610400
22055291
28794714
162067196
24588210
31215553
17521533
30972306
91130111
15684924
91657326
22012091
63169388
229873610
15764644
18023868
15565931
16001664
48179257
17447575
1947301
147606987
13058232
12925072
14511951
30313925
21982720
43963249
48115928
17993906
