74588583
1138688364
331049071
14412533
372837125
19553409
382271636
2253968388
287413569
1880281963
59774122
27919009
36432200
59644241
172882802
36961631
2303719712
17564591
21829541
348778908
58083306
244404296
761688578
12296312
17118279
402029058
16029268
159143990
26777550
17093473
246341769
20440823
22501380
235217558
116904515
441951136
18734310
584012853
282093902
9637452
117839957
231175831
540122045
104558313
97467609
56878013
144986277
19807561
321820019
216881337
213795411
240376522
211530910
224294785
235312723
63749707
237862972
175102610
224391627
10691752
85634177
235271965
240760644
168547709
213634439
18915145
17596622
58312891
133484445
29578061
279711316
210914580
118595484
247723476
18026634
144623406
28193389
94216936
14744403
146516713
164412502
17061263
106597684
124374148
86141342
14755492
82959058
16187637
21344507
115724271
137637040
44177383
137407124
20402945
61285110
90484508
15234546
15537855
14138785
247334603
239964567
223970563
240363117
241207373
244268646
193794406
198526130
236960387
115749048
235190657
296361085
234053893
233842454
37094727
219429281
234837632
237299871
211420609
233761277
221793778
234469322
237763317
237403203
237312687
217543151
234822928
278145569
133784438
282305485
238264015
237781383
256178459
287771752
15646547
295685416
226634176
25029390
33911073
216455549
238670666
209138950
14766869
205889882
235251868
20733972
18983793
21301913
200542610
267332891
277040040
20733349
248699486
242926427
240427862
240385577
22055226
236899846
236479311
85436197
28668804
166702261
255375540
68994537
110545675
229210300
233693291
29911112
104615577
26752543
22422168
219200958
73437663
130221279
59461669
52789108
8184102
233557728
26513860
209792690
234128524
234066303
234812598
233949261
225921757
26596727
26820795
17544524
234057152
236916916
201079432
236951989
177389836
237784477
180898332
230981077
109280446
238269188
26812675
237814920
42656275
238321369
16793426
145825669
242894436
23889732
44682276
221909615
224285242
21701215
25381657
247935725
242873057
229197216
146955843
18258747
250593394
14061562
242761889
5536552
15941955
252819642
193785644
15966651
86988897
143207922
234022257
9427572
18909534
15210410
39522848
19740592
18665800
14759494
45049873
148740127
180823028
70847531
30018613
37964078
17360945
28204375
64187612
55343698
23486713
29216764
195889155
176248944
21119632
32044648
821110
15230235
106552736
130526740
30494356
18827458
140992936
19417114
43973916
162764986
18101571
18543448
153925312
15027086
17412394
28461667
90277702
123666083
73923614
16382383
170577685
134925103
23267673
18207929
61032400
77851299
58021384
18931367
15769264
69360981
124846952
113092693
176171362
123694455
15201026
22933468
16017996
15023956
42711801
17671349
88186734
23710377
30815092
34446152
154800562
17469289
20492393
56401482
168526026
187341414
28639324
62137215
78209984
18030711
45922844
58507975
42281752
22116088
43778469
48739572
15181677
48612084
75094655
28597456
125815542
18285498
14213268
27437359
14438670
14345344
15962264
21233136
11689222
119561610
22636511
114673562
16641636
121884996
19719579
177457683
32677888
33490420
31668950
22771961
16130109
90669398
2561331
15753199
25316004
22075773
17019529
30050899
16071880
32434892
189968591
16422344
23559506
28034348
139205991
154949336
30364638
31940756
35534705
21340550
14370968
44130263
15300708
18890707
58784217
16139105
32110246
19316490
17884830
64946742
48031881
20339983
117219423
28674939
97725000
177377266
195619403
196168350
21987707
17113284
132557575
196330755
137934086
19474612
74201243
28426047
18899650
16501748
16088911
116003284
190328374
40933773
197183834
26826241
63323801
20534696
26540641
17066782
18749026
50103901
194729547
137454693
24239045
50313443
17366486
166252256
58242325
17871088
20600214
83922884
33073477
130727459
74853877
31184923
40055348
64819864
41690216
18576377
191882745
124889076
67066663
58256856
47342256
161478167
41687885
24232214
44135635
49369528
102592105
109152596
19877358
47398414
165395747
73695191
51039749
27090222
40522867
115103611
123309919
69073724
74294786
82998105
76936279
9411482
55926722
17346287
136440628
15791414
192662752
15474183
14587949
60703576
21493940
67340605
18027450
27346611
191606505
43418300
169610198
61853389
20179628
76348185
14199378
120129682
59141401
16547587
18027930
19674502
54645160
16949386
8940342
38401099
9793302
14602259
15750846
21312961
14173315
58794909
26847645
36683668
16613128
19160709
22850063
38026405
110702604
23535710
16624174
5402612
17495472
20452755
31395001
9567972
22043427
18170896
15164565
19658936
36731836
84380914
35017909
97217537
14964429
34927577
93876666
142821302
20179710
34036294
28785486
18020081
7309052
22642788
19093936
27086783
16664681
15646174
20109973
36697110
17004618
11857072
14074515
28468549
84895875
7744592
11771512
15923226
30864583
153217920
19639235
14312471
176589375
6435542
18597641
137466464
16877550
28628850
19107878
16311797
19354391
5248071
48115928
180808766
18236232
14335880
40859714
17409240
21186125
27048645
9130702
25544245
57166802
18144581
24112747
19667766
15113565
21213276
27114180
16565260
19611483
32858804
18633493
27027979
54885400
21224756
28652197
108351678
98543618
14465607
1626991
18743568
15520732
18741652
18036861
15359578
180389279
28204052
22692199
36042554
14855994
123400237
21251668
128393253
18777302
18906561
11883722
21111896
34996525
164843440
29295613
107246260
21250093
17496322
52070270
16993095
15906463
71297767
54295598
61541963
135891821
27725434
158507838
16132558
17002419
160993710
16132229
17375483
50058158
66369206
14885549
11348282
15492359
15458694
48037533
16467567
14159148
9252212
11856032
45190383
15731751
1050111
21157904
89820928
2704951
14828860
14662354
113758100
6017542
14515799
27964066
16132182
16132134
16245927
46605026
142729476
102964739
171612378
20244532
49810429
46437830
21725169
25169797
151479311
138787319
33039483
132952337
108072953
136250134
72906858
15906130
29777081
18209064
159362503
27052129
86310620
57677403
139533817
161743731
33917044
14650810
9638162
19367142
41270848
54277933
19977358
161162151
81121879
16132543
22633199
16132043
119899270
20
18097821
76649729
63150856
60713593
59947068
136300373
22294322
27044209
28802658
81943278
146536342
152069008
94489819
26089178
28250604
17101559
14985677
17971455
43986327
71358042
73303753
18176907
91179070
16175851
76163900
15922521
15210284
28195764
35474809
56413858
16669075
17479561
7597712
148658700
18640821
21382668
12662792
155642785
18812301
118756393
14224719
14293310
14075928
15485441
783214
19726613
9855382
17927796
807095
1877831
1767741
15131310
15012486
16832632
159183157
100683883
43261488
13
79743108
28046883
117536511
64432312
117509692
133077157
16636232
154688673
139680498
15693074
36058576
158354454
115070488
158576042
48859835
154411053
6330762
15008539
50317463
15871815
15726403
18101925
15029270
42109537
759251
16432584
38507478
16729099
8839502
14391984
37727606
20712616
25632969
15827095
14144711
27617389
22005028
41351252
70476832
16248413
84119348
17493415
130600206
61206798
58928690
78431501
24904117
50452197
132201224
29501253
124224165
54412900
76350004
78369108
75367781
135622281
56139524
95509152
35959223
22684886
112562633
136356939
14243257
138781146
15268490
24512355
51838032
67471189
28329289
95262432
54725984
34987581
61244832
27660244
14717781
34795583
74482441
16951547
19097379
35769867
117537998
98447396
38501003
21351447
16997972
16641691
33438221
124163000
98929990
17545625
40772047
88587154
19785194
56734958
56417618
10102032
14344823
46016028
28614262
120556883
133400890
18531618
25292876
59856467
77282328
14090639
24815181
19998587
61829427
29284444
15795164
46373626
134218425
14345062
91349433
23753100
134926562
18566912
125855207
37208326
20480420
21723929
75053671
20445888
76452765
22545491
16424044
70756980
26424123
15281676
18632666
52503751
18592146
61532321
35760967
44259301
8967582
15316113
4923811
15302774
17451031
15444333
17914772
16727535
17546958
38484359
27735494
23779091
19659031
19658614
16981612
19686644
56120584
16193528
32359921
36082429
624413
18481050
22328258
16360607
38232012
18480494
40045792
29766367
20020575
18061669
21111098
5496932
19269183
20444463
15496979
15966258
6798832
19929998
28365585
19002680
127504823
7152572
32071013
120577829
35369473
39384517
15908380
11736392
14062783
15075753
17037940
16862018
14861074
16602995
15876673
45563746
17845869
15256077
18247062
20704132
34658863
24802712
9903262
55076952
26081859
115174689
94420202
14692385
35027698
15028403
81155662
109274506
68498034
117775964
43129682
26296010
38141157
101588222
111430060
8430592
8430612
121956129
19737782
14067081
19311237
29483720
18293999
13218102
27382597
19929362
15812612
17936488
20864995
19410827
63135834
61975639
30029657
10786452
114009456
17852826
15724408
78916839
27651340
79517010
15909372
45408299
40923348
58562226
55009164
16512271
23606500
18092635
18016115
20182089
2836421
15691595
27882000
104237736
22523708
112571513
44935627
89797939
61811986
16129106
41587954
24234881
44614426
27939337
75037263
20880383
19739974
16280229
43476440
48605417
20119255
16425686
107125748
17872997
19754906
22144980
21829908
36461395
47632905
58595101
61113285
42924141
37046602
25086658
74198348
20053279
23121519
41363507
32506723
20209807
35829796
23103488
26078152
16012783
69641276
8953122
14434063
7684882
47694175
26083271
16017475
18280993
38495835
23970102
36681590
15756268
22990943
116067096
14333957
96885392
15853710
56600262
36654245
17513304
15600527
20088666
15513604
15754281
8512722
21220931
14738157
5558312
27732725
22264171
20177097
13850422
1652541
22650211
2467791
19116398
18171994
5336752
116505994
23713290
8251132
15029174
17399221
16039421
17856804
15962412
17781769
53161648
15309682
75939860
15170049
17217914
25341828
14095216
31660947
16051808
15481585
114870265
15245652
21612122
21674448
126644609
9532402
14620003
117548050
28176898
119438028
24735461
73190286
65146567
16827173
103060329
15764395
103952733
15771272
19028248
22528309
37920978
117777832
32010840
23712174
19563355
24772913
19624861
18497595
18731435
18182900
26528845
16940047
15731368
5392522
26792275
5741722
15416505
31127446
24752484
15922214
65493023
27901418
14669951
58415867
15987296
93690536
108085194
19723180
63500744
122812725
20608910
17074440
7259302
17993906
18317325
19139963
20796447
16102244
16256269
16742806
19926675
19616327
21269970
18217624
15918708
18451200
15856366
18678924
11856892
43920155
21660348
23951197
12788332
21329888
15692987
17168586
16925437
17963725
21619519
15976697
55329156
50325797
39308549
15749725
14730894
15798813
15075999
7228682
76118051
3135241
14529929
46817943
27311044
9300262
15224867
30043495
15762819
3137331
71294756
9624742
20776497
40318829
37007274
41445718
50152441
84620376
22831059
18811140
21525246
16032925
16031927
37764422
21010214
26051676
23976316
55677432
18030431
27676828
18166778
19739126
20015903
50777555
640893
18646108
18277655
14246001
7841652
15641893
11611052
1367531
41634520
18905287
17015851
17824265
18731092
67673600
50393960
50434933
108617810
22703645
28652194
46176168
31310158
78408666
15647676
8775672
10126672
17629860
66369181
73181712
12340562
14079551
14238142
22508473
77250424
28576135
45970002
26585095
16378486
26047267
14192541
7039122
16193222
55235265
16056306
19658173
17800215
34340464
18967498
14275291
27840350
8731312
15614141
27917070
20602459
16157855
428333
51241574
34984875
53221588
18373162
15751083
19032473
12674922
16296575
18951956
5988062
15450996
14389132
15394954
114756202
18805303
18777618
18791763
20713061
20467163
18170310
15428227
15985455
18216752
22509548
8542882
9508922
17763693
15867018
7402662
10840862
11134252
15675138
12837932
23274387
1917731
8216772
7713202
18891923
15356407
15116570
22527499
23970171
33977070
17976923
26778110
24773493
15160884
60984835
16313592
16086446
3108351
15361570
15207668
18693598
10168082
6577802
8128442
15008386
5561412
5357812
18916432
20192403
26572460
