25483646
15309804
1260172386
2953494478
2953713339
2929491549
2966205003
2932617195
28164923
210684204
1337271
295744504
44783853
108665184
63768433
49733381
270689028
18690078
81192849
39271923
248036481
19693650
180505807
196324920
475922496
15212187
18132032
52128405
2325930979
72831557
2253968388
1083448909
342863309
1134292500
1299884622
274599515
1219186039
54275319
18812572
119829799
19079396
58550415
21111896
17134268
85794542
404150620
44661401
322342303
38088113
1435655461
23783609
36387406
18592146
18001786
14955353
52422878
59486472
21870081
27052129
17275727
13575452
74835629
430130014
373641418
235258843
134582973
327111823
4261481
14627347
18148379
44260193
250953901
62408319
17069758
65502117
239843089
50685931
17047366
130623916
227091543
1138688364
97318009
794048761
104504563
1435860048
1397581160
532594233
473227978
16877611
26257166
2557521
56443153
269558785
19426551
119534322
188548733
29786986
37370920
383933235
252663106
785185207
384441015
788524
16012783
106240534
14075928
122212010
935501658
15164565
35773039
14677919
82689705
727242919
1380229753
1413896574
221759359
332007313
1421950832
9855382
15289825
17539497
29766367
976948843
39411871
941138474
100286203
370669423
53662543
473543328
129879105
16157855
122207745
82927269
48029066
125970786
1020058453
31285973
506924053
1178011
38494932
28624476
14907290
389759292
5392522
207507805
14062180
219839286
31442061
46911634
12133382
87966968
121232384
475988505
272542662
30916255
789244177
247723476
10774652
249254770
457984599
112047805
223970563
31442497
103087786
20714308
281610530
22839066
265483421
176839221
1623308912
1849261916
46131997
81155662
1444015610
820255974
29704454
304750149
21308488
299802435
1077446982
25816584
754310040
351842966
1911315536
19280939
2174570809
314335929
305745873
40070275
69458600
1665288823
1667792120
17235028
1206227149
19336500
14511951
194680290
23585453
23536041
14615871
14342564
15647676
888972463
72936647
54867849
178385980
119784192
14835807
429314925
342880871
250106441
208063990
74286565
20536157
26591139
783214
17168586
194606781
257041027
1219395228
1411385876
43433031
48802204
28398102
9567972
118594306
205864193
75052666
97474887
533212252
4207961
130617778
259395895
158426909
16051471
60919240
26548315
23398654
57992949
21130921
960696949
166152189
250784170
1128514404
100573406
1128781184
69181624
8036392
1074412920
11855772
263758909
50055701
131204770
148376661
43792566
221762308
1266209922
266133081
976838876
235009768
1430931523
327586633
977112482
605490451
95506425
38901926
19308449
199793570
59886330
43030659
15867606
798689370
31210634
455086307
401649914
10691752
6576292
40786942
1920802998
19502995
37687262
227627755
577511739
422821099
15012486
86141342
14173315
1176994477
2836421
143798379
463765807
138141495
19032726
876844556
1137600571
344394476
22005666
14351178
49793
26607712
11348282
19674502
14159148
30313925
813286
130600206
787373558
326146405
26596727
5402612
14293310
1068499286
581141508
807095
16664681
1135486501
1243902714
1222257180
35218566
147711469
32143326
179517603
20626359
12101862
5695632
21401523
14226495
6449282
7212562
260907612
5920532
22536055
78084813
310310133
563032236
1064206014
1072453910
18149074
70956971
822298344
1068470480
24002724
516880804
776664410
293040350
1058717720
1071840474
18443860
126171100
90077282
18812301
43919633
117093671
976969338
1058051748
46681100
229592356
39993121
518644221
303861808
11651202
71294756
199341683
15724082
152400613
18776942
26083271
1045110018
558769636
82457341
384392601
18915795
153865861
1009269193
40027862
442824717
242772524
1072467470
1074129612
1092979962
1080509366
289019237
19735124
1058520120
1155212191
1051127714
1178700896
1090002997
1077121945
29967269
785414496
950783972
1267055670
334448612
257123540
1289477971
18426867
40745276
47720230
22450947
1270114573
342444190
966442267
50311625
234097254
1060370282
389840566
1048784496
234370900
16187637
762684469
256113470
1037321378
993153006
111379452
1055730738
486662162
1055685948
17198100
1027156464
1061385474
995193054
937723303
1060984272
612117635
245451804
942156122
1071102246
1058917562
1072008757
1051446626
1058345042
407101742
1058256326
343171266
1072382221
1058807868
13850422
18773159
1071900114
15382667
34310801
46683650
173818416
1148370686
410380741
158896775
59603406
23648193
47673768
201763088
37186349
157726690
528739453
204881628
89017811
141332451
32070948
374740848
302634806
340571258
339822881
272378572
561133923
29205600
1080844782
425889480
1089334250
1410590874
609492679
206391730
1342714279
28326480
156975310
1155087751
10615232
63820234
114756202
109280446
234573331
733751245
75367781
28785486
15458694
73181712
17074440
11856892
43920155
22703645
46176168
158769098
24904117
1055907624
19394188
500704345
32519747
15513604
14627405
60984835
224391627
5988062
21312077
250170662
17399419
89820928
31127446
28576135
18622869
35829796
20608910
19553409
249410485
15224867
21220931
21698751
17454769
14344823
113870288
20164131
344459456
333071435
403191212
21619519
13218102
20192403
41445718
16424044
23712174
27311044
236487888
428333
14529929
78369108
36686040
31128529
17052328
28050376
282219422
62585454
256518245
76361446
44174176
23074391
18906561
22190469
14251476
12272322
15637387
14412533
2467791
8942262
24559540
147318858
382195321
14738157
90484508
113047940
49153854
397284869
22215485
40756537
11604782
52070270
14665246
368992130
743992982
226319809
217416964
394705493
270479701
170888312
78011223
512606438
234361966
58590018
21407914
33750798
296361085
18915145
15416505
57963724
30249306
119592611
152618717
108686283
71627462
4923811
15689503
123655810
169586280
25928457
3135241
5496932
40467299
221382741
237860778
17928609
7039122
175597767
60735715
252115520
435316184
7402662
16930125
39308549
188857501
105558828
43947944
32359921
156016878
16184358
33942193
163598915
167494170
16334857
165177737
225163993
234467536
7381772
101354384
26755480
30980068
16670996
1652541
65466158
256494414
87271106
24239923
9089942
164400667
14115912
19125732
193419784
237477771
274596432
97239626
297535770
14268812
79743108
69773058
138479037
15731751
50325797
9532402
20468251
234826866
85606078
193794406
190328374
17544524
221447516
219429281
234057152
234022257
23119695
55677432
28176898
19926675
22527499
19929362
234128524
18166778
20015903
25086658
37920978
15394954
18811140
240393970
235190657
240376522
250710495
233693291
240363117
236916916
245408102
246769138
55235265
234469322
23970171
124224165
24773493
19139963
15600527
15356407
10102032
33977070
15281676
235289157
18967498
18805303
36654245
19616327
19739126
14275291
23951197
15160884
32506723
17976923
19407835
48117116
23121519
21660348
32010840
15751083
12726012
19658173
20209807
299883942
16102244
37007274
20796447
198526130
20088666
26051676
78431501
17513304
15856366
50152441
84620376
76452765
40318829
52503751
19069733
15918708
20467163
17061263
33655490
18277655
24735461
233761277
21329888
34340464
18317325
46016028
26424123
24183358
229197216
235251868
18566912
233842454
74198348
240760644
22055226
37094727
217543151
225921757
110545675
22545491
218349372
237312687
18056015
234812598
233949261
240427862
237348797
224294785
137407124
29501253
70756980
222286905
278145569
249219716
234797704
237781383
76132891
155669457
241207373
242926427
242376736
221793778
155642785
239871673
248850174
244268646
240385577
237750442
236899846
249288197
20957191
102168331
272003700
19417492
102455692
84119348
254082173
135931182
15923226
235271965
543484400
84681236
23970102
14956372
584012853
24745957
282093902
51228911
551195347
550401754
237862972
128393253
27956663
30062010
402719755
17896154
211420609
402029058
248699486
234837632
237299871
76350004
17409240
71032037
234822928
335996055
8775672
36681590
9624742
153149305
66369181
78408666
16613128
54885400
36771809
61853389
188811808
23535710
249844732
34927577
10126672
19395857
16570573
22831059
567523972
37275036
24751115
305620929
364415553
20053279
235217558
613725908
164369297
381152398
40302336
74508260
385429543
305216911
267938462
404132211
153919023
252249233
292935209
339852137
384913290
258900199
312134473
292990703
295685416
309267226
237418907
234906311
237403203
193872188
30216513
33563161
31801993
227088228
150078976
38254095
36948268
114607567
88806753
109025212
28599820
24195214
50452197
193732179
119250381
267854863
21572351
156333623
164007407
29293808
18137749
23124635
235312723
252819642
111635980
242761889
78445977
281540744
237770636
211901075
249339682
252819323
234937222
237944147
246341769
125445568
112740986
34972633
28602948
148453195
132201224
232992031
216503958
242426145
161411080
210926192
153486399
227341953
235373000
161791703
22523087
82453460
248735463
221792092
48086014
234014087
263815367
80612021
23600262
18909919
163570705
92186819
239905257
63169388
242892689
168502762
240812994
236511574
168673083
239949176
24913074
199325935
153944899
140519774
138770045
162069635
29450962
158398519
82649553
85396297
260845829
249348006
242873057
237763317
20552026
16583468
7356562
22812434
31611298
14135426
22669526
58928690
39249305
47412499
21406834
25781141
22812754
13491312
20545793
20002401
19318314
56864092
18696134
14984637
19918558
14904437
463132556
15361570
22012091
117777832
33576489
24852012
15764644
108376246
188019606
133832049
137794015
70526457
23593446
111635527
211530910
234053893
56366631
191477653
16032925
42924141
929804149
28913695
114388293
269927781
209792690
1045853744
18678924
216881337
221103976
23369743
243127813
133470757
792624284
1064580084
35530079
343453081
759251
281285283
18270329
285802493
22312891
257644271
58875860
47684275
16934157
44767773
325072453
268827648
266402066
584907167
175809536
38545971
21329796
225464351
21878458
214756529
47732585
518841067
96055783
66682041
30988448
585300134
260078890
115566086
17069873
27499764
41669128
530844560
23976316
948217357
104868307
237814920
548471971
189276343
269622769
18873711
23796787
161743731
39510422
1917731
16256269
66602794
18891923
5561412
166270127
15745368
137176808
22651743
248820306
110291582
98437673
50750586
18958999
16689216
14404805
15922214
29841283
35495940
160539615
385521710
17133872
22172442
19651222
17601086
21782956
8695932
23492011
18089641
234534756
14335435
22195441
16068513
24941442
24875531
91005434
414140031
16045956
21313053
41634520
24374384
7713202
1367531
19044396
21157904
18226567
17800215
16894445
18163042
17858039
19405166
498259188
46705305
211902218
283652450
14730894
22528309
11134252
18217624
5357812
56401482
19268706
16031927
20733972
15207668
18030431
15116570
22508473
15428227
16394702
347612606
16085755
148852822
93876666
185027140
14774486
206445421
3108351
14587949
275722992
15075753
10168082
41841228
22509548
15985455
343087091
467742173
8930132
193904358
327461294
430925761
308800630
38442545
86129724
166235477
74575288
48388417
22109355
236411457
385586397
140643251
27012706
15770447
6577802
12788332
175051883
28828762
33655182
58562226
141084952
14662354
19489239
49625381
528831773
334907981
357101380
44295213
18646108
15675138
12738892
26483706
9300262
14669951
640893
44356651
51241574
1175221
75398827
16457416
135575282
37972057
308697470
37666984
107904103
46989191
20999337
16318622
55307642
15080288
19463943
274747823
26778110
27676828
110445334
963480595
1058460818
935033864
213634439
