35770135
384837363
384509378
18981785
1055730738
234812598
240363117
234906311
1138688364
22545491
1064206014
266223597
2975350155
18825339
1409048714
229539602
415724713
272421501
9605422
16626059
153913869
106517902
1215478309
15346572
233761277
2929784783
59184319
23637985
242555999
14135426
18056015
133832049
23593446
219429281
15600527
31801993
245451804
38254095
16583468
249348006
1140648348
258900199
344201516
325162736
233842454
23013996
2852998461
2976598347
85396297
248495200
1060984272
31611298
140519774
2883234899
1289515674
278124059
23356929
926810064
150078976
14275291
1289397001
236821093
156763385
30499212
1410590874
745861123
435824969
589386204
1438105224
951983622
242892689
1055907624
2659458642
22012091
18137749
1249982359
1128781184
1305596696
28599820
1135486501
3044993235
20160361
2730150631
240393970
21667361
448267742
637143497
2482022082
254082173
19414880
8775672
66369181
106597684
16129106
10126672
54885400
19611483
31310158
402719755
21213276
10840862
222286905
15751083
23976316
19929362
51228911
237750442
234822928
12726012
236916916
37007274
234053893
15705682
17301273
112740986
29450962
198724901
161344057
19543821
23951197
15345320
13491312
115743417
17068020
16003092
8729092
16952739
465852139
19238689
2962868158
2966765501
17872871
2973870195
2975091705
2964877294
2976606250
22528309
25635850
16538284
20605217
16538186
23085284
237862972
1058807868
22831059
63150856
26653478
1048784496
22812754
1128514404
278145569
1058460818
2974648323
993153006
22527499
213634439
76452765
1908143071
2382685057
2964949642
17800215
22509548
22055226
221793778
242376736
237348797
249339682
24773493
240760644
84620376
237418907
1072382221
1058345042
299883942
18030431
26778110
2914163523
74198348
234057152
2930635215
2964222544
240427862
249288197
161743731
1060487274
237312687
17896154
1058051748
20467163
1092757885
23124635
242761889
1060370282
1623308912
193794406
239871673
2966758114
18166778
42641933
237299871
234469322
2861616083
33977070
10615232
233693291
2951574214
84315225
2962891515
834069080
32010840
1458792192
109579534
110545675
2962681881
191109249
1065995022
17513304
235251868
19407835
37920978
240376522
124224165
15281676
23712174
252819642
244268646
15856366
935033864
234937222
252819323
1058256326
6577802
963480595
34340464
19926675
26424123
236899846
29766367
960962340
18805303
295685416
47798449
24735461
377534571
2696643955
224294785
15394954
2963445730
2964287128
2914515430
2962994194
2964351843
550401754
733751245
2847221717
314205957
976969338
935368364
1069124515
2914571740
1940585892
2750127259
2964526557
2853309155
17544524
1080844782
2966205003
2978291435
211530910
234128524
2965083477
2933760046
2869746172
16256269
2862577383
2962813893
2953494478
613725908
2953713339
18245548
2253968388
1137600571
2929491549
75367781
1444015610
18916432
1155212191
1209417007
7713202
19739126
20015903
2953974395
1077446982
242873057
236960387
245408102
229197216
1045853744
1089334250
950328072
33655490
237814920
240385577
211901075
249219716
211420609
234837632
234022257
233949261
237763317
1051446626
1849261916
137407124
237944147
25086658
235271965
27676828
242772524
246769138
18277655
42924141
960696949
18566912
15207668
17976923
1068481578
19726613
14984637
19658173
2953922782
