27355209
2750127259
17546958
464720196
284826131
1108337048
215423024
433791263
907165158
225999635
516940851
977583722
251323999
383313838
18601443
460704085
363883148
1071209953
25989394
17800215
36654245
193785644
26778110
23124635
76452765
34340464
20209807
21769352
551195347
460848738
34826472
58785008
16187637
22677427
32135704
16371887
40116885
16157855
14529929
17074440
50325797
86129724
16989052
254110373
27988621
21429690
60627728
46479416
27744185
47739450
224320485
18227519
21619519
19358607
22799750
159120737
46627530
44385628
36169584
28729277
18493809
258113996
182846692
29469219
36934767
106135104
15359578
46176168
113758100
16367980
21220931
138479037
21252618
64916983
9532402
19107878
18678924
93069110
30043495
20465881
76812873
127861493
108617810
239964567
15207668
41634520
84129740
19739126
20097342
22527499
24773493
19658173
5357812
26051676
18891923
19394188
15985455
23976316
