36432200
134925103
255347566
21056978
278124059
1337706390
160946337
16929600
25155127
104961521
27125886
106653647
123738314
1115323256
2149570820
371608512
903031848
2202228572
721510447
619436358
1851402097
1368291164
46743232
24007497
2895911082
293007514
2771702839
3096961250
858879240
620925077
59246112
18071070
1148732840
216104286
3298601491
68750608
205510709
2962868158
3024429984
2970279814
26787673
23482357
158129535
1631578208
19885265
98909375
31611298
251024167
1364060467
126401831
89330439
590427990
128604687
118414368
249217178
1060984272
1004669491
365663064
237883807
344703336
137365378
123721051
271023896
2270587789
3232137452
3166141140
50444794
135544918
139841847
15050251
634359093
39155029
19410511
42692687
3121538454
591229539
1119960090
1532073884
1089272107
415087648
17043557
38871133
1733102622
27876920
753299750
16479068
14154293
578190019
36351393
1537932564
40260612
382492761
14797687
68860070
61298958
467583882
1653335150
67041692
18580432
177696353
590242108
15485441
2290292576
2411126852
26179149
114914182
1379448026
318032925
14987728
271582522
68586905
612835990
295835159
792600386
637339918
2973432059
364271831
182037688
30757332
17976770
3281219354
2252467392
21067835
715298462
2908416824
14882090
393381832
356968587
2586117896
707515586
564986792
17054817
56710423
2542312123
2734713482
299988190
2166796052
69196933
100332750
12837932
97322276
71297767
15085402
61681138
18562443
196764214
256698174
91945968
187426352
340375645
308645347
19542576
404964195
200138313
405140002
438555165
321627454
8838722
140594999
143212282
43821237
48071395
229633414
29295613
14345193
563148888
7684882
14251225
18678924
19107878
18963809
19553409
21228708
21612122
43409523
59157393
59676104
74820061
85131054
92079350
93876666
184136149
191477653
224320485
243291022
244655353
263936580
308233424
564111558
2800581040
3270332102
14427261
3273147762
21968928
73430898
175093742
40942518
3256004100
39530187
250912539
27468198
36711678
1339931490
163844242
14091091
2525192749
12701122
188046098
6374602
1080509366
31098756
228865533
124224165
902073294
1058520120
552771206
1899132355
65498129
18905287
221135570
2478575461
3223636273
57729693
262370738
14503762
626748749
16980861
17546309
1375557360
233714191
352107436
108617810
33537967
89820928
133448051
325059115
469018069
1173223909
80229195
2438965003
336270997
259918701
1061385474
2329198700
15109516
404588825
1371309236
545452448
28131035
2905395872
182471847
9703702
3290070855
23170359
27933731
223369888
823690
1362385646
338163218
89495291
3178439389
1531180616
486818565
16793426
625733800
22799769
174784115
869566921
555574599
322754909
33772097
2505989906
242919645
114988834
547033983
84462210
1087818049
25396695
31208869
101533889
87796774
568213777
1886724180
351700729
480733809
16462179
279700389
47975879
126690173
134971995
19254425
566778380
343447762
21196759
100025583
90773725
48181208
16145097
15461733
27969576
27911608
40860228
107175080
487103858
36277433
115418121
2885163310
228973781
2459007403
1482996290
1860751524
292522235
410462891
41826337
306304790
310535802
2926243261
539102185
21655638
281248805
52477951
3215461769
46241244
2821422052
2388059510
1595762384
29205600
9637692
223735077
486852851
17101559
20178810
3072039913
330446303
146313855
330450038
404255340
124173185
39531351
3038812465
478823671
106510358
2698714178
2706695424
2654863098
2829439361
2253454989
2258525942
16527321
3229180886
992405322
2533850426
543852784
3239187872
1360071031
975036013
21839339
2914253972
2320773038
3160129758
3179558306
1853366077
2867934963
19255087
3221766175
2734639110
2768959837
2715861667
80917007
500391228
1051295658
224833801
247471193
285361479
101802390
16226278
449850217
18191927
14695985
53176629
15991761
166723722
15854702
10069612
369522480
108993692
295919318
50736055
3114678006
14228893
544588004
45901089
45892466
33917044
48361925
18811279
119433131
312907926
212373772
203125613
331193355
745524548
142383345
726989917
15612654
20609518
22650211
7713202
15035484
234399791
540122045
2863228577
14848513
26278266
23685919
537484041
1253283343
2993709282
419056602
2883845719
944748631
45901705
2149739394
352503542
761688578
448993631
1201844335
48039312
14704220
204806197
617194378
40710757
21684013
18487428
18949061
30917614
350441901
3017779794
329889056
804683322
22334293
46220856
180200031
3040075543
861579350
62640737
309800939
3164516635
21724904
2720895919
153646564
1531265618
2828445091
15896189
267322386
522611392
1861751828
1979039203
1603419038
1603381488
369245377
369232105
249722522
18215973
78138151
475988505
1530850933
2207588833
2732294497
15234407
1536791610
91939180
1905187032
15110431
14505838
3131037265
407013776
19658826
49752556
107472023
16245822
9469592
2966570782
250188760
2372574565
15954997
2963702414
2793178890
1115876126
1542372750
200176600
2695663285
1364930179
14647570
500704345
58550415
132961448
6385432
20571756
1636590253
64939634
65717105
3011760630
38516217
17816786
2997280100
3238099875
22120818
2304148388
2992612435
3031513968
21229746
2274979322
3153355980
426307932
202294396
237770636
1249982359
985420748
68862767
14111333
2770199512
394052258
2981142362
466807381
22975967
236960387
569693945
2874675185
64806744
2976527217
115401198
2177134880
1177568318
52505843
43234621
201264974
481267959
284112637
2516078544
119902519
2169133867
50703368
3038568722
297505251
562356136
24538779
247334603
1074518754
288331742
24704715
2194422338
2191234399
290712556
191163755
3015927133
15518170
1015990590
1329910908
836886865
133106057
211213265
44266660
2294791879
211019367
44134466
21245462
284846208
63128621
17823706
46501951
69086725
19626342
578396288
80361996
23825685
1615463502
49012699
130273322
3023203484
137734165
123648382
15007149
1244676392
42660729
87808122
237465409
25608197
14266331
1343240256
1114746092
15084169
1852923607
106535653
2388234230
33796954
47436444
2155280203
15985611
23850967
176496701
306274018
2472741248
2966834027
111999673
17787705
1210476625
332307234
87059766
44709303
233807420
989617279
65707359
65647594
1267272410
2177550252
2842609205
22277343
167065108
1019909521
18939358
436383009
28898833
1336976892
124556472
15012352
281593711
785414496
231510077
1071777608
19725644
2968007206
28123862
52758395
15473958
18164420
19802879
43166813
228902303
521620617
17580185
606045267
15500649
556051103
1302422389
3038735174
193040482
1093115371
1563980180
404520082
2702590369
1068481578
15435815
15851898
2273272045
237814920
66605892
2561827117
2991084490
481055193
38209519
2293934922
236906368
98907691
415691534
22060843
77833277
22633199
17217640
2867899557
398088661
44196397
351005763
243337600
34743251
13298072
1235510143
243362336
86977818
2385569222
7402662
2557507771
71592321
14437914
9855382
15675138
196201414
1093416458
17011177
932447784
22789766
49488548
34533967
317084008
28206508
42744543
21234856
429943747
20786352
389686975
22005283
25570115
67025968
910820737
784387046
2511408984
26777550
449959102
23453250
222666657
2398066861
16245927
153115607
256113470
198959733
69073724
15957612
33600887
32007916
102455692
1112972713
1330457336
21870081
120173240
2460152456
2424343326
19000678
409275587
35959223
2340677688
1074129612
1410590874
50078958
153784150
61206798
20725054
515822213
26805062
72631996
16580226
15862891
16817883
1613223313
2294040522
41688184
1250499829
43380004
1004941218
468732147
35829796
1563773425
1852572565
511402689
2862577383
21918310
23103488
168502762
22053641
123948990
17897744
2241004591
119038507
44988185
233783568
1140648348
1673410580
331247872
1937244786
544633210
86336234
61555301
14135426
22501380
48366585
300378623
20536157
52660746
103065157
8487622
19674502
113420831
115979444
14224719
131574396
9979202
44682276
89472649
993930212
1392282998
415255183
19428722
745447032
19250369
161791703
23535710
43910797
970207298
113834208
324715972
368992130
249844732
2961510368
57556312
18090660
18480494
65698096
365111367
2420509765
5031151
410148207
2375757613
27964066
374054950
161411080
29472803
189253902
28648617
2882413844
7356562
1451773004
388325606
22327593
43164132
112763422
71070614
410216127
42869411
2312829909
615457503
2511439093
16955870
2432213029
182010998
1376602561
255375540
1225871989
223610479
32496392
267282047
41690216
29483720
15973777
249738176
16583468
7004382
235217558
191610496
24913074
44177383
88806753
20600214
1225814342
2787238026
1077278274
809352228
80102969
17494010
1210105310
18734310
20303706
1880674038
231175831
2400137766
21436960
208442526
21121491
1634105167
89245686
2780644163
2828875124
234473177
74832199
18331149
2370993674
24195214
31122582
20733349
291964511
21771466
26623392
62560043
128645212
31957561
33289381
138725262
36029913
1603839048
95262432
13491312
309155780
15976866
1365966151
594917351
22158430
111070575
830218441
15691595
1090002997
20747881
49421426
1080844782
19608297
116692211
93271408
1852211576
603862409
948570098
231563177
474426378
407293615
30352558
631463894
66418545
88330463
364536855
1000855854
20002401
142721190
257743277
2786278391
41655821
98543618
2303624642
2201547072
157062725
17781165
17060015
35134063
19214284
518853859
499014804
67393806
93957809
53401432
117558735
58928690
51405063
225482653
187252290
2374131416
1249668542
912796771
161705350
15906463
566717749
460362674
50692326
27098495
735403568
20440823
14634449
18741631
65693427
19093936
108406157
68477603
47757476
429295883
69059625
95310256
19221998
266261719
191168674
34670905
59256282
770996976
208142151
18999734
61605255
56492892
41185511
314216196
21029229
94216936
2790471950
1676148842
15727481
168304304
83922884
334878657
19848867
96699263
18031980
254406046
21282305
462415310
602083200
2190898868
1288984250
319136763
59803409
506038952
256110867
50393960
267399199
15808765
85365067
27048645
19394188
93693932
19548166
59163123
193872188
74186243
183252495
613639032
2293131060
2282950015
17066312
20108950
17786280
495341020
80439137
62398189
188045648
1352769600
151963505
21336725
22162854
118251928
1116999518
431822166
291903997
54065433
474450662
57143856
308431510
200238293
447352151
465661837
197567344
1154521495
1360559694
33602654
17912982
2189819502
26580825
1308288198
53403776
369697377
260396714
37072633
245904540
81135640
81767823
398223182
977163781
950256079
18774477
108684761
112562633
158409394
365026785
564310083
1357874214
2400497438
47386266
25939733
156134957
935186269
606467959
486957134
829680134
189253007
18914520
237389400
297656558
479674626
17967675
438476222
16057477
221112237
39764277
1388363618
195594470
53414525
544390925
80361637
39543135
74303324
36729329
35412382
14966720
15769264
1650978164
80067359
2209168976
43148252
17412224
1198566602
43053652
278544778
511028448
56811387
44918155
242935670
1161268628
275696608
2360165720
96783382
2437738657
2666830945
490859038
30912937
1525875367
2336046722
254686885
479722456
572031173
81924558
286243546
363786012
78037412
24560882
398157436
15893738
1300416956
305357714
2514332054
2726582431
876616244
370808273
958906567
138099955
133856774
155598923
437743172
122158961
430959550
16150440
1927960976
349247019
920037457
87510722
581307425
2424070194
166252256
14074515
44873497
24752484
44615672
1900893728
574834196
7152572
1278551376
39580052
16894706
28206945
10828932
361568597
741150194
1449730524
31439710
381553987
42871498
87966767
98663446
17027323
26517117
20562637
215353178
835930770
9637452
25053299
624413
18639734
20402945
15281391
928986258
21323268
712800368
22990943
1002161534
20201515
1068499286
68756238
15825338
84380842
20966296
164400261
1054208065
1055982882
1198086744
53686042
159588456
529555640
50115087
151479311
146260448
309070309
19452594
45485234
172513063
390532230
23981638
1000889779
394315706
229646612
352504584
1000872986
394991093
23484972
301437096
290207067
2426157121
2462629020
43348352
17596396
1551684146
1179751495
402971755
46487080
53560093
52779944
16132460
432805092
19320800
16132097
16132497
16241710
132230537
16241795
16132328
48382524
16132528
16132510
1697501107
2169461700
35793331
325190347
1265324029
391126298
393562221
26074296
332640909
115749048
66369181
15647676
17629860
73181712
16228479
18030711
119561610
210934002
113450047
613773305
1072904330
31310158
16129106
106597684
8775672
19611483
10126672
58951876
54885400
53147516
72198806
18137749
22012091
188019606
214757209
43420809
284759587
479920635
113088367
15112248
85396297
288848282
33530012
1920312920
1767741
14677919
35773039
2281043022
402170643
369505837
1093090866
278776049
255719070
87711816
2161742624
60693203
31128529
325830217
36719281
1281405877
42924141
36960352
66369206
221891955
234826866
16196492
1388717779
468826038
14616022
293131808
26577824
54546430
14615871
17451742
1754641
240826569
16184358
28140646
15346615
15110357
48034548
4898091
67358777
32359921
34713362
91478624
3108351
15754281
14587949
36686040
15764644
16789970
73238146
950783972
67673600
29648224
96878836
22845770
624033540
552166372
80715478
417607477
33998183
1393155566
43920155
17381737
1658050266
18195065
252651298
15111215
17527981
2562043405
314953076
498968535
9484732
2250948913
35950271
122174004
41723152
31801993
40302336
14342564
156033581
20437286
76348185
70837868
1344951
86697288
935594107
44783853
15134240
146569971
14499829
65137109
19139963
248735463
33933259
21317786
14159148
9624742
384392601
26538229
331703548
120176950
481382240
24898621
104289141
1206227149
612896910
1604366701
2471121096
474232856
112740986
761783018
11348282
119438028
2276389710
314723694
237824829
462137401
371418272
249682311
243850557
55291323
31940756
18198066
78408666
19948202
61853389
28668804
20867568
94178441
28147271
1561297867
36771809
57625403
1342861723
308573576
17814043
110541296
153149305
259403099
29307196
244608972
23088018
281129299
14173315
15012486
28785486
20150502
115710058
1263090828
1548489476
1692135547
68999404
2303751216
89686722
1135388684
2274752227
34956945
2353652576
352504084
45970086
2531084822
14985677
17200105
502026942
126055245
2884771
48144050
14293310
18597641
1963162166
428333
1652541
2467791
51241574
759251
284233669
735700651
2362940486
84700448
47390131
1058862440
20339143
97299311
429425950
198374745
2296457786
23842744
875492376
132952337
30241380
37776794
86171975
37703508
84126669
33657166
16028241
19658936
6519522
16669075
5988062
1947301
26792275
65392243
449139957
588551150
36424132
44917831
20638991
1056790982
53619788
326911100
166702261
26081859
312134473
23115037
110807539
16654276
221871555
17002419
459304843
291818712
1071971822
146617841
23625556
580158855
20704132
593904677
216455549
33669185
15520732
22582817
101287698
18743568
22699467
36443442
538671723
21402911
621479711
147595411
36792270
35884033
91407565
25399868
1267602756
199427424
448372273
115929070
1071950852
197546231
95742368
159143990
23274387
19945609
16132022
122155767
331244103
93914412
939091
23779091
176147970
35014307
133832049
358386541
96869063
211726701
114885308
209138950
96854089
36381920
483010877
33490420
954239270
50870890
20709695
1128932642
19759749
18741652
41483740
18006036
39522848
309823307
36190699
23800643
51183547
163567629
87542929
463132556
109477510
25236833
287919579
69080066
16029268
455278761
26344857
515990309
242873057
28869095
584012853
77851299
522678949
8731312
281294439
24180931
196264627
33911073
53192639
17349956
599379835
156646851
273526571
373791638
22375725
111379758
15893884
476213099
33683331
1339835893
584988532
887241948
18523090
161969197
26420906
476256944
303861808
111635980
29293808
43963249
95509152
15008386
16086446
69343589
18777618
15614141
226634176
807095
121243855
55360231
16017475
14246001
267332891
45690680
117200263
81430045
18293999
93774590
277040040
17451031
14766869
224285242
117839957
224766531
263269829
130703239
12674922
230611723
15245652
102518393
20602459
250861910
19032473
76386268
19407835
64417485
14384907
50325797
80628196
176589375
15756268
8216772
19686644
103952733
75939860
16313592
54295598
28599820
30313925
813286
14984637
17227291
14825442
15183303
22812434
17993906
15361570
8128442
