614024449
168839525
59679060
78518882
42825759
49851003
393508693
26619399
394205196
60169688
27891247
2214989863
257087249
99602691
41133007
244298132
395137405
425495663
97085999
22798974
46986335
49579516
21041553
36771787
20107851
348630591
204447314
883633951
18231517
158501124
26347535
21807406
29407646
48155110
171577269
410811820
365008377
23840866
471291013
34652440
16082939
374806739
22505918
355661298
41150410
23825303
633112069
163542081
30164878
2321478247
2918383877
109682938
41153511
718360129
104559251
14145839
963365737
3212855751
197672998
16190105
28590240
64931592
40124643
67051145
14928123
55334414
870523070
212317885
341230706
885381829
84963209
457228390
164955852
253376196
59365092
160102507
120012177
594772286
587890310
611805163
50303602
2471161556
78134115
61640271
28453669
75746433
547031380
37010605
1395803407
15908473
43651307
46185434
130967186
47274463
1191845912
319029017
89602531
492863727
45588200
33912889
34212052
89604232
1201536654
34139306
33726864
2428023374
147668048
242431682
347398815
2413021902
2614658743
263791041
159582860
128653544
1102382648
1327520587
65694282
14995883
386340887
117561682
135248376
19667512
250749960
620480641
284296658
85912024
10069612
1523578406
15147042
104576097
22789766
18332380
2586463982
21255863
1873940736
23696533
2575376876
3256867188
314143252
33634433
262885366
175280579
213419797
1167156666
282780964
245076867
503544748
202418454
524819976
69440018
594262266
37015204
824157151
1639863013
1704867433
2414829866
716818530
1102347902
2918221603
310560319
612969813
576551536
18510489
2462368758
631481692
2535897718
565946472
16441940
2383192292
68783970
42980426
2178638689
59900070
16801671
9589252
1101626341
1100877248
46232477
36196298
51520631
36136553
243217334
7506962
97503010
153558139
114875442
51241574
86129724
476256944
15442036
539409469
221484024
108403720
15727697
373490841
507529506
22584849
2892396098
21807663
39659687
369553654
2376207828
39298589
342806058
129679132
270033955
1340093874
45626822
54286057
23555025
2484632473
178095983
51472015
47790669
186949533
1517234466
475294870
95270002
265705962
171722417
70415274
21308157
145001560
26673200
823860
28796289
23992348
1051127714
108376246
14631598
19918047
22706629
1138427912
278192411
15987296
50039961
31385797
184880418
185684821
419083055
331152713
805572546
191214724
429528371
1093090866
1536791610
581423490
208692908
16888571
9890492
627864602
2458567464
820236583
39580052
1393155566
20517132
15134240
2444415840
44873497
188019606
166252256
146569971
48148030
15113565
17409240
2485930448
153149305
14339587
80729495
16613128
22027992
39384517
36686040
2695663285
3044993235
28602948
17961886
231510077
163486896
2258136878
259821309
6604372
483281206
41405412
106196175
62926312
1188452407
214858932
96405362
16405372
233546048
36674959
120181732
18802261
20468730
400267036
19809471
48117919
531490636
1969278979
17509945
41615372
88761654
85369984
1583942378
184885872
377451849
21249110
15203806
22137291
72478135
893602974
2753087959
1623730970
114541323
115534963
10943662
19125732
96781334
49729058
17813820
245412130
614542142
48038024
18179659
49553300
47377747
286803620
219041869
31573542
84243761
1687026697
17501225
119075406
14526877
16172991
94438457
20776190
747184058
235307346
330489670
234186830
313545488
166145409
19785811
54622050
26141091
15947333
21836421
116341480
41627437
21702539
70709534
42930296
15724082
1552776714
15485643
73257410
72954989
93553785
20067828
121166620
15871277
29228904
144432548
21220931
14007532
108617810
103087786
138478972
108420787
22129280
15633209
108189101
85131054
397495529
21854543
54222784
197224643
17685638
53131125
1124107250
545601180
26524027
201990933
185349940
113120733
577236899
33454346
408195377
46927338
261918703
45265448
2251001292
78623653
23455653
749375898
1539675883
17878960
14305039
22830647
12859772
347395654
745447032
252296570
849735667
17907987
58504135
15159913
16960002
18652755
88750092
872421781
12916102
1483533265
29565306
332987887
40001502
109095324
217911687
2846892880
546383985
118829062
488658732
246515290
378230440
40298282
123627147
126499977
22546609
1151536879
509539214
552222384
64420220
38693661
1223524447
16213840
22827012
109076946
384915512
81645801
157570094
16651352
39408327
16073043
44536683
61820944
243822289
11204932
11488362
25491788
15271305
2413485524
2851242277
1604597522
38602009
223541728
48179352
329191991
1673626550
112265447
399687563
170090195
312762912
49802474
19567638
523760282
323501117
17184245
69139435
2382667086
442321178
28166836
36218435
6819732
54453600
39293807
182333863
169243418
38568574
69750383
17113116
30815935
48231631
40284401
244701234
70442821
408777266
95297779
1924098218
1583642803
1452690620
86158995
16441600
553136036
66450049
14480618
151682694
245587865
36388506
19672182
37651662
21789288
54606467
378749192
21590299
150793102
90728698
322658287
325814138
6112442
12654802
19387386
385544032
145781306
69004966
9513912
16374678
17036898
17718497
20642650
1509389371
106291885
23034547
420006601
20871935
43166907
868645364
160372794
31157580
15676455
388456346
231819250
336172993
1620806917
132986633
47404357
15360434
76133715
77852581
24196684
15727317
16369359
21634627
118130765
15780280
398288010
66768858
36260866
171565750
505460403
106514937
13067732
26133429
17093839
86240588
119010935
45931428
12272322
224320485
12354832
17314616
89820928
27101698
243215442
19164430
14146919
163995093
21696279
45604374
20769514
221153484
33919343
16441088
138479037
196186298
2563644096
266352128
123978251
183735745
15586341
183351903
221529403
48393459
15936246
19849635
16149614
370113964
208163898
168674628
168684891
16172747
61817626
778365522
17436250
339332911
23979328
22895484
48022843
61127668
69811836
17685447
67457780
317980134
243872645
2484564181
38707559
285286838
157690631
113193523
443297726
48110818
12811862
102718971
18208763
52121568
14343727
151205768
56847039
609474243
81187683
57794401
14427403
308148436
407013776
42692687
39155029
349394162
21252618
64916983
20336988
247852986
53222666
312243603
26731754
280299519
159655293
497455568
2550688357
39786248
28902856
89220865
93502694
104684802
285751151
113724175
11930482
29788083
830920153
82509878
370489880
16018516
148450829
108755439
398399795
137806147
336710006
19847765
49733381
19216998
250912539
191469176
66709517
222622640
126401831
106135104
27540791
1373441167
943814922
174102868
309208358
1157584921
36453852
360080772
175121836
151444950
377016559
820277156
66446988
525419131
211218767
14471411
19734832
24484939
189129306
105925025
18772897
80111587
45371411
376234071
18858254
20280088
217550862
997684836
16753660
14849562
16930125
16252199
136300373
1055911357
22485748
108710418
993972252
21534951
33972978
385438570
16081831
11771512
18963809
69185601
2180755986
26574515
54986149
16314898
14228515
35015136
14948971
15686484
20634119
28227336
29191233
492549223
204459963
27850077
204458046
19217091
20203396
72433559
204442549
16137142
78368586
23083223
15501934
18822640
18459813
32463610
263955214
25690402
50559801
461320946
52795858
526641040
913664130
34126592
70345397
25235198
270883192
10252962
17379685
9648652
19587717
61218621
148889733
21688902
3279398308
2981062548
17840988
355774321
152142811
18784453
1340946444
521536232
49543764
3075707887
1535189288
115749048
915192416
1357751690
2201782562
911416572
1433624131
1586695783
3220858736
177640585
21466569
1416500358
2290180315
265063846
75639698
15778911
22871598
1653246264
2153476724
34438597
154688160
16369269
1327401170
2377732207
19186003
398088661
19195094
27055034
40086005
16387054
197183834
257091348
20991766
103927659
109446583
15989554
114887629
617382180
415144269
16072058
263879706
243337600
598792759
117031630
23621827
126946608
437729436
288479787
142849883
369602017
164369297
1658296032
194748042
103018203
20677966
1368318278
86673362
387313554
308751479
34666476
46470122
1602201199
1004956382
335399984
38287098
157731496
193392152
107183997
193771633
1526221687
68768097
14998358
162508604
37071089
46414821
25550105
49442241
1115549485
19074004
382295194
21700536
1480484899
351778031
94388823
14827461
6487292
89792919
19362149
205466200
292656663
437073906
48862075
20777464
191626759
325566165
628694346
28052497
289180556
44077871
21948470
22069915
167833818
2444056339
30130169
25536902
34072567
89271570
104613204
254807416
17167147
45399148
39520275
43532023
15837659
1058816246
17051495
21240100
16036843
16584900
2191008007
25252261
80938336
32250464
14933101
27058347
50666744
22094233
17468513
34397928
36420992
280630251
543771912
124224077
46483270
15739951
18943546
296349654
24836750
564691087
36520893
29818717
138510294
14602051
16226071
15481070
75541290
18580511
20464117
1855143636
117886196
16247719
174814556
1325697511
1244109098
16458072
17141933
35869256
1864511924
17027157
167146473
67441706
109612550
33749123
92055121
17580293
372951044
599454226
78693573
16413730
186536574
764422008
554205029
30780335
225226797
1365085326
18441863
17825891
21146211
22730280
75600769
79743108
136550204
16125224
33222598
56440142
46557945
570158749
24448794
31072476
1499493152
529523950
529724032
60388900
321797990
103961877
15781389
38036043
23105781
747876121
114050808
115564212
115204256
26596727
118747545
2458088684
60610799
92407522
62639813
41488991
42144884
49700792
285900556
45659780
466772573
202924869
41416662
17474017
74877557
418444977
111170910
15919256
1281405877
2171536386
6519522
2293131060
1275136292
1027156464
65163785
19362341
307912317
30949256
23648179
48269483
252249233
88441571
9249632
1613223313
414331122
23794763
284664892
86410628
135931182
14177942
23043294
38254095
267938462
24913074
1855419356
128698420
1140648348
1531521632
249348006
30216513
29501253
16583468
31801993
48177456
59580931
148086041
20100810
111635527
190104068
1200043633
78683259
915514734
239905257
436873679
1246599554
486116568
36495091
126373221
153944899
307826868
80419959
1020699344
32488919
1618657392
274408837
164759805
24928809
234014087
293051222
783214
35785401
119573510
22952132
335537750
319689712
163162704
40924038
8539242
271128404
144756663
14708747
110213431
64839330
38516217
148809273
18920073
277165873
15876713
325830217
52070270
18480494
1222257180
32774989
330489425
137898380
84365914
1089859058
92186819
17011177
172021526
78408666
25609632
402957663
45499651
115554440
90942023
463132556
19665271
52066462
1046657701
314037743
21019697
51178084
351130417
78653568
143539634
608395879
1080844782
63623126
23593446
158398519
942156122
153897948
122132474
293131808
122174004
432676344
776664410
575766234
339852137
312134473
48086014
569244581
29293808
233783568
14377605
77017567
19608297
22669526
111635980
132201224
260396714
384913290
80628196
15099539
14275291
96695061
249217178
17612289
15956067
422737714
150135224
385702678
426041590
21346365
14197213
351065668
161319475
239581574
17167550
18363255
201906207
16246715
16563576
19629840
18871191
85850590
25294855
132981520
34022952
227418209
160720376
93765144
2836421
6753582
153486399
168502762
46733238
223573404
48066316
262800581
164774931
240812994
23150308
324666584
36235480
19669596
5392522
85396297
16669075
140519774
164007407
34972633
242892689
245516606
161791703
22012091
74554942
38720373
20202182
254383946
292990703
16345427
260419014
26862045
248735463
409536938
26353466
21337440
108693015
301443136
33589577
82649797
58503762
163633469
21429103
17392425
78717907
18512590
11348282
14984637
144332836
26418770
14411304
403699671
110827653
10228272
1917731
121817564
20071932
460279209
14246001
16302354
14885540
210926192
287750109
21684013
142721190
14625398
20097362
143944832
27921148
21931396
15675138
48823671
14700316
37988104
192955168
44034613
14615871
61583656
14226882
86697288
44783853
380530330
304794994
240334048
377949581
16930378
12133382
44988185
9300262
15922214
498563430
15769327
27881800
14955908
280548474
175102610
15647676
17073112
6577642
263939159
197567344
14240875
14695985
74601093
18137749
40302336
249410485
155669457
372300596
15554922
56681659
73765154
115979444
352640525
97910289
12804312
16568741
15754281
30313925
119250381
75116146
191158014
297454462
20545793
193732179
31122582
221792092
258900199
31128529
133832049
239949176
33563161
43963249
88806753
23501907
161411080
29727480
36948268
246088673
26849724
16664681
17070113
15764644
33530012
30912937
