1305596696
776664410
2916511563
249153264
14437914
2490047168
2356979686
3301751289
17009186
2976439714
2162837798
10840862
388998313
2306799014
161791703
2234972310
70448977
25129903
2332302746
45346408
2494583114
3061939177
21670035
109579534
73303753
2978291435
30458631
2953922782
919755206
2584532660
2849866511
261937040
890880600
2966765501
462581299
154645304
2750127259
27676828
2953713339
2929491549
2373833821
2962813893
30111381
17308891
432839599
2800361878
1109487926
2788397736
116341480
351168359
43931505
574747315
248875431
310198019
15431985
912608010
2374251944
2598004333
1319033431
36963918
153556557
39367703
289360252
790936130
730922084
252336843
21121491
124048322
479610380
2238014047
2339656890
267320064
3554721
78369108
610993490
216016310
16834046
924168733
702075626
2296620883
2253968388
153949442
15777711
197567344
282093902
16967845
315002901
24195214
87251660
20788669
1051127714
18807112
1490867575
110545675
7152572
44397881
21755456
27791516
1426237976
31137489
1068932467
17596622
240354679
1613575663
1631305070
443991036
20109973
394089187
26777550
260028095
14420319
12354832
139867672
17353735
379779760
16686673
221792092
46648807
91147014
112462595
726586808
105014755
19606528
155986074
20503281
1081913461
1060370282
993153006
981029708
115979444
239864273
76338222
29442589
19301188
485072519
259395895
17340781
995193054
17513304
18215973
17469289
17889737
51241574
1099011115
346885718
499109830
809914358
94366606
182946374
637125024
131204770
1137600571
153607592
109280446
250784170
16878156
21034324
17233201
14517538
118557233
82108123
1104202850
59331128
1117578102
804514651
347923213
355626945
31310158
120750710
14856348
407013776
256164050
756285384
138479037
15954997
36681590
17545645
18164325
175576528
575669567
76816669
606493284
201882918
164007407
242926427
292277197
596590423
614482020
575779643
27744185
16175851
567865993
23647990
202749922
492706135
347931785
22017005
272542662
556264628
54705922
17390332
173984997
47652227
27302376
347930923
347927750
48711058
10964262
20402945
36175803
161023696
103934028
16103326
174355863
242727646
15324851
15745368
232992031
14270650
216407505
316539075
399198215
214731140
388468632
213634439
339852137
381736092
18166688
17086147
43958971
39753738
107102609
258900199
113458454
18407246
63169388
126709292
278145569
65069643
57740527
27935298
22233644
106582876
43920155
37666708
27029537
28406235
13804112
35829796
7126672
253689889
256261166
23176276
317226055
16930125
16424044
263454981
6519522
103018203
19261752
39155029
44960116
116319448
24476251
238321369
200125847
15987296
240760644
137407124
234837632
29766367
29487664
15029270
69160674
248699486
221431452
54664781
130600206
16045956
14410652
76350004
136300373
137466464
8542882
233842454
95268490
16114093
25422177
25488521
25423718
123695469
87498687
159147860
12788332
202322586
44177383
89820928
92044650
186881077
252115520
252819323
22528309
15210284
45604374
224320485
234022257
15281676
11134252
15394954
8548612
19616327
127861493
19781646
14676527
7512602
23759533
71048920
23790666
1367531
43172500
85918070
20690379
108701892
15012486
92306201
82173208
19358607
11856892
51108164
80303389
17448662
26933282
9532992
50325797
8839632
11857072
38680843
20795482
21612122
21922449
27737970
176638012
30253471
110451417
42871498
2884771
14677919
54588816
20436059
24752484
20179628
101031085
17451742
46747249
40887490
27258345
41832460
130386693
116904880
116573375
144989647
227088228
13058232
12925072
142067631
222878264
30050899
28113052
124224165
31127446
16017475
84457849
807095
18678924
18916432
19658173
16477702
56763589
15207668
242376736
15264675
26051676
84119348
22799750
232268199
90484508
238269188
14344823
75124560
21821892
26848907
193794406
34340464
234937222
234053893
16581680
15356407
236541422
216083344
3137331
12726012
23976316
234822928
225921757
221447516
19367849
14194973
22509548
60984835
37461389
6577802
20015903
24735461
22527499
16256269
190328374
18566912
19739126
17976923
23124635
63073834
218349372
18277655
17494010
72198806
23617498
25856989
19809707
20629645
24922395
30225037
173948255
14412533
9532402
18956073
3108351
35474809
21766435
90406163
13062472
12414302
160667346
20106234
17243809
18891923
5561412
20608910
9300262
5741722
15918708
15922214
14669951
2467791
813286
5392522
26792275
10168082
5357812
19553409
14159148
30313925
113420831
15450996
15675138
5988062
15224867
428333
1917731
7713202
