3236268728
1392282998
2966570782
15922214
30768622
233783568
16548855
19629840
7259302
281282774
15830436
2157198914
18982396
14266598
15212187
17375281
14630443
151291412
15228276
14769239
5907272
14050550
15081378
31212216
19539716
21005767
114887629
73333278
88704452
4265721
16132719
16316895
42980426
28796289
32190652
17525510
21634627
128763579
24457744
34113439
15368117
20508720
21786618
15458181
48038030
21237679
16302354
17090066
9836992
884658332
128604687
95965719
355204428
49697450
558769636
142983770
55355654
486821128
385546738
165998897
114881944
32262791
179546580
40302336
385081441
45322812
330592913
55896443
144921326
323282617
70483346
29803620
15750214
77032777
222554961
333807350
325830217
232914203
187311982
25704351
19824430
21696279
59159771
28448216
273519750
258900199
29205600
63202045
14128974
276297661
263815367
270154678
30216513
84119348
153486399
248735463
198980151
234014087
252249233
239949176
163570705
177974542
257246996
257128937
256879843
33530012
27512951
24195214
30912937
57405911
43963249
247486443
15160884
23593446
246088673
69487701
242426145
240812994
75124560
168502762
23600262
85322445
82453460
199325935
14984637
80612021
193732179
22669526
85896319
162069635
211315162
15764644
96204614
19891675
13058232
12925072
165791468
240376533
15220768
157091561
14862639
93887052
65647594
33570294
13028602
65707359
16406712
17794287
67168554
18984347
15505053
20284696
100690043
49356739
70309675
17641427
44177383
22159136
23480020
35905452
37933880
68609130
67406327
48115928
191712619
34761747
41445718
41186732
15774048
196335093
62324697
232446836
21314071
15737457
22012091
19462341
53130511
7794142
156487846
153251103
14370819
14146966
24769507
21122578
15250836
14266637
14770470
6092972
17568771
18572035
9026292
21430455
19045427
15478685
15672402
46985065
21407833
77062281
21735063
24247270
15368940
12340562
14193124
9749692
15441965
21230289
18549385
4559531
31503322
13507252
197004139
48177456
5692122
15265641
7860782
6371492
86112023
14426645
15121219
64340775
24712487
24431892
15743485
125184430
16245831
142849190
30686025
21619519
16129920
15691197
20818801
18344104
130617778
14246001
9624742
30313925
73238146
14246040
23026568
69489370
60828944
29442313
38712914
132201224
47412499
48086014
148453195
15954997
18829123
15022633
63169388
33563161
21312077
119250381
19318314
31801993
138770045
21406834
82649553
36948268
16197321
92186819
29450962
24745957
140519774
7356562
133832049
15361570
36686040
158398519
16583468
14135426
237112418
