15694406
31496394
177716773
50060529
41913115
28823794
36191695
16437135
28839471
17239307
78364135
20538419
14857964
14924885
65434819
30313925
32494737
19126166
37052671
19309099
26962574
169376808
34956567
16018834
21878458
15496979
33236873
208179565
229153780
7515542
97351674
21226437
29235028
17007478
18235003
28152330
15771003
15050354
41409829
169216744
43375706
24143255
21901715
15369276
21922197
30911403
15657024
107481633
15951223
14748679
14304373
40885943
402029058
272542662
15281676
15985455
15428227
7713202
23976316
10102032
18166778
19658173
19739126
15394954
16056306
22509548
19929362
6577802
21329888
32506723
18811140
18916432
85606078
38495835
44401911
50055701
15745368
7039122
154591966
5561412
18891923
10168082
5357812
7402662
78369108
144986277
41445718
60688326
88784440
46016028
17800215
262756641
18170310
20052728
15573154
