27245742
151967898
14261617
36406881
26755480
34969929
16261445
91478624
626654014
15970567
19913621
15821824
1487846678
2307771108
12859772
474974313
140286364
56401482
2300278368
2978291435
212262370
94197072
35474809
456994513
260071267
76793189
63768590
2962813893
17331579
42924141
250912539
256741399
900441294
20537468
615493731
44652433
1111714945
25091723
17850279
301549400
26937936
48054535
47438401
63479442
217550862
2269294274
2665995175
58562226
22170482
122212010
17983739
141084952
17061263
56749157
223970563
43919633
22055109
342894187
240393970
14282169
1099978790
26883846
15933690
56470183
12469012
18958999
10774652
46681100
14669951
166990746
41634520
38495835
15976697
48459553
245649240
50434933
17168586
281715255
225101746
454348100
48446605
1377224900
222590451
1852819452
19918005
15537701
15458694
2571582085
2324199656
835748772
63851406
14335880
29465136
352826898
22703645
18216752
18079569
21213276
2585382418
110541296
2348606856
2458540418
34274380
33139729
2374466629
16420741
2178635148
407331310
18647752
830071843
588293183
17218406
16031509
125196011
482419349
7152572
17366486
101802390
586893482
322754909
444362355
234540332
2304017702
13014082
49969221
1517872886
7563792
284672007
25512454
90484508
107441863
15428227
30694631
1134337693
174355863
2359926157
16297707
7402662
332902458
2361452546
15159913
1061292174
2467791
27029537
976673389
1024922220
987982706
633201646
1363292538
116637690
118199829
2375559542
2315769980
14448110
3135241
1327889154
130600206
63174700
65370606
1085329698
252819642
142721190
42930296
57047732
18000662
78408666
180201001
64215237
323394995
27048645
109065818
14749606
106135104
1853114688
126401831
19216998
18648926
310424310
422827850
59676104
605601141
2340967118
21307076
18592146
21426423
7039122
15418817
14199378
70424767
24946880
19477006
40994985
14760150
21870081
1566692262
24198769
20437286
906782533
20179628
17134165
18978553
611919697
14692385
18139799
2253968388
757832485
15647676
66369181
18197328
31310158
469440454
935033864
95973441
388555493
950328072
14345062
39249305
325830217
735170720
26122639
45445747
21252618
47739450
1367531
16113700
485018010
86129724
615443591
440168523
21333396
116505994
20182089
733751245
16157855
46176168
113420831
31127446
368992130
18492940
46131997
76348185
21269970
10840862
197496309
26810716
364564017
106597684
15450996
27027979
19416225
19394188
20733972
18791763
50055701
9130702
11134252
65106660
10168082
113047940
80136311
14344823
216881337
216299334
46674564
227682918
19417492
112047805
244268646
118756393
46002396
27744185
296024456
8775672
104299137
54885400
19611483
200542610
10126672
481676119
18611256
5693842
11856892
17074440
20608910
108617810
554468819
369031482
333692333
50325797
135931182
270371400
233842454
14246001
20957491
85634177
1917731
15504954
40532337
1556456478
5357812
272542662
16912739
84620376
36452050
28628850
50376557
31124797
15169032
67924943
14592411
31489620
110445334
5692662
26307302
18728980
27311044
237750442
122207745
48029066
21010214
1578791610
25916881
23970171
14529929
240363117
1154894353
12726012
15513604
20797842
16226996
339730304
24037404
15232635
16318652
573916220
15987296
26777550
394987486
228832530
216468967
455764741
29747434
402029058
1491005960
104893909
46724483
20688358
14587949
425134612
36588739
1058051748
186894262
518644221
626983614
23951197
15850297
282093902
18805303
20209807
18317325
234469322
1499993378
550401754
1058460818
339822881
237348797
1137600571
78431501
966442267
18646108
211420609
17524010
960962340
87777131
9300262
15675138
17544524
19291441
428333
14173315
1209417007
51241574
1092757885
1511502894
115462350
1444015610
1305596696
88750092
39308549
804861259
26324609
30313925
11611052
9624742
6577802
22509548
22528309
211530910
36654245
1069124515
18956073
80354695
234797704
40055348
26653478
12788332
20015903
17539497
43171801
288308178
1065995022
1051446626
1071900114
976969338
37760670
10878852
15600527
15694286
19658173
90651198
234022257
16311797
278145569
234057152
235312723
235190657
110545675
333533135
1074480192
1074412920
17800215
1405337395
224294785
1058256326
233761277
13218102
21829541
78369108
5561412
222953824
15371292
15637375
985130323
1089334250
1366180765
457984599
16187637
179588796
407906910
14884201
1155212191
233949261
89017031
18906561
44513878
29466408
16198573
15615783
37004385
5692542
15101583
15679641
32407848
40818079
3108351
1045853744
432766911
1060487274
52052011
240385577
1058807868
124224165
1059240924
16256269
19036725
213634439
851815652
18030431
26596727
15207668
1077121945
1060984272
1090002997
339852137
18696134
162069635
19918558
23600262
252249233
993153006
963480595
17198100
1060370282
1058345042
11651202
975200486
234053893
248699486
237781383
281540744
236899846
248850174
234822928
234812598
239871673
233693291
15281676
193794406
155642785
241207373
314335929
37007274
19929362
15751083
19926675
81139286
295685416
24183358
17896154
237312687
22055226
161743731
18566912
249288197
23976316
26424123
34340464
20053279
74198348
24735461
15856366
509726800
377534571
28176898
35829796
22527499
85606078
18916432
19739126
17976923
18891923
7713202
