19576571
20474813
110914548
85131054
17090029
2295040861
23030211
80617430
47739450
173925279
104299137
234540332
45445240
151444950
15901113
14049145
453319164
14412533
136300373
352570175
12272322
24933645
19554219
14849562
78716886
61734492
59676104
463765807
14480378
21768766
163598915
375662595
18678924
147649517
87584353
76133715
142721190
16140124
15837659
1917731
46955476
14046504
130945778
14717197
75600769
17766477
14769239
15906481
13524182
250784170
15922214
98543618
230450027
14007532
21220931
224320485
92079350
32007346
15675138
24926288
27436134
261918703
103087786
103022986
5336752
21251668
14620003
128659076
108617810
199836680
309883487
97370449
126401831
234186830
313545488
54622050
33653195
245412130
28360658
105187267
21901272
26596727
131599699
460618806
218347440
19148372
125212215
26513860
56387045
11856892
205392468
15724082
58908090
37036297
1176994477
14873782
30223587
24971644
42958829
111961276
91156911
21600144
2317351705
488484173
360846426
113440497
19618184
97474887
131640883
247033019
255719070
2439177534
2282904271
78674271
15828276
77920769
165204211
15695509
87473031
121544946
14323791
14768117
22894243
55896443
64515574
39279393
16073416
245984358
109257354
239931382
38156420
22737278
15334380
79949872
95740980
15776381
56475632
23247996
121881405
1416355640
11620892
92183278
39800314
13778512
37564255
272566480
485829317
47348884
167623637
16809083
22283200
39461439
35850114
308729752
225571767
185680080
124540289
28138045
11884102
211258358
59507002
16405372
19734832
52282776
27944885
40604512
468499741
82509878
45371411
154909422
1969382257
81003238
39244570
35003377
332993870
312243603
53222666
16018516
204599219
14343392
18208763
275136185
183735745
340346010
38232102
15391102
13918492
17906632
14980820
14589511
149180925
14856348
14293310
15754281
14511951
807095
2467791
2347049341
15446531
15950086
18622869
23768237
16125224
14276218
21148783
14677751
14517538
16955870
2561646679
15753057
258885469
4207961
1115148079
265993392
17773720
11388132
942156122
197533433
28599820
20552026
17086475
90309830
20707070
19716781
312798944
109304513
46647072
370911790
30313925
26244262
34707392
399727138
26043719
92442206
301510973
389693939
61853389
359984234
273583665
38516217
20159808
18489785
87965559
57625403
16789109
20708051
36682507
22197119
39389304
19478277
38450968
26458435
23633216
22146282
83684370
41643124
68474107
78954866
76075844
54661143
35777188
44931767
63840938
85341683
22977590
95041414
69622885
33563344
21484607
132726028
76091295
47630965
74626521
23500675
17519389
44691553
21807933
69093338
20000753
20058011
22635613
124456344
25840281
16312540
30285028
15940218
27658353
199122450
204828392
21328972
27887646
14951123
36471524
173793379
59226421
17142019
15599873
38282983
22029935
50747106
44179271
47711596
34354986
175468818
46684174
140075932
34941726
17661546
25119699
18167298
148374341
21713372
178036567
153447068
129834485
243724127
36451990
54256505
214586140
24731218
237441292
164859182
30283072
46669448
262936900
272796671
71546979
265579018
271086864
22481727
187964782
16439779
16889736
14240875
15963598
10389902
15794057
23609587
17168956
37721714
37965812
31138753
16999795
17316879
30267826
82649553
17539608
28644864
33147262
16452307
19550279
24920395
19544895
18907371
22946533
17193952
19395722
22813359
142789634
44988185
14425965
24806952
19912304
91416716
25104308
216891824
65458533
159125878
159145105
208668757
126061182
15458520
16129880
246466107
30227658
22641280
79266480
30013792
41622841
71047638
43920155
218982890
14441010
82647279
96224375
84129093
34659692
63125746
159189614
176459714
217464155
241481855
18197409
181539411
22696149
177285187
21093914
17924196
96001741
25127355
90947238
261234528
264257996
86070538
159190603
158572591
117841559
18018782
183351675
15973881
18584536
253284469
23114836
197553681
19155089
41966069
226281593
159215334
80113196
17410438
158570217
159207387
17998985
305620929
299743215
292479483
87695025
122131645
259737128
28127444
159191479
22066201
290135058
136371136
48819814
158770609
100252554
327571822
127180851
182179592
117664991
19066998
20722363
118744775
15769327
25515760
19198755
321406068
128895688
317949707
333585533
335265714
130214290
252005440
198902989
46758449
318477143
54885400
169094888
372994560
20717232
225539878
17365632
39542611
75068011
41146726
20660088
206229851
414031263
24938310
78908972
17095845
398884823
8861752
20180101
17902389
16572648
78908249
59863421
27694585
52443555
19940003
22952419
18081913
17972308
36003748
19075173
41608251
27706099
16785032
23618466
17074440
22012091
18917699
20818801
108452299
14897840
21397043
17111646
106514937
49793110
15824288
36098062
39575290
20100423
109328493
36681590
78408666
132278386
18137749
109071031
33909155
17599655
20437286
32012825
313487008
182000140
50860249
169332143
21004632
10286782
21014087
14269760
15309072
80924527
43166375
180408529
183322512
29205600
77933310
222516924
119337537
41445718
95816243
249314086
257970457
123691015
76348185
48075643
58718806
14342564
19539716
15223265
5031151
161414795
247486443
14634720
14615871
46084578
111125168
14505838
15862891
16029780
19940791
3459051
17596622
20068053
18775362
3554721
34113439
18224288
18995389
18947754
22019881
51456146
78697740
74825576
18168401
106447749
214553168
16573859
7215512
17793878
19711765
15231520
242431231
161296773
270361579
115769727
38720614
18713552
11505162
