491427715
2178784170
15922214
15918708
54096130
2768804292
34245819
21125002
2385392388
20476004
277025540
237862863
2900964441
2996801
172411747
2155491151
299618258
1536791610
3188995035
1576146247
2868990450
42256447
1554484550
16125723
486788669
24974525
102154357
2361873631
485757615
56564230
1944330036
3088959267
21589386
21009142
28327049
124237063
19608297
248495200
340321763
69337453
2233630358
42692687
3027286779
156702003
21351094
138543801
411194625
12199652
377534571
161801527
41533245
1714172228
197133937
188170681
1131917492
246357149
225056299
74898593
46557945
18939358
220725970
26436875
103982311
18244332
61614264
49969221
1080846060
467933652
958730238
605948782
389838536
373114918
205957928
304472530
17910012
22148866
1110934758
123125728
224320485
491577673
371533890
24746518
32704473
544022064
23848444
17045783
46145761
435688687
215762256
596017726
2169147115
168673083
137794015
292935209
109287731
126171100
776664410
1027156464
1262814457
1055685948
1009269193
303861808
1077121945
1090002997
65452230
991821667
248699486
1128514404
293131808
995193054
1083448909
20545793
15954997
19739126
22012091
111635980
98910693
297632458
372394837
2414864478
1286690466
68587400
1922182573
2214367500
8108972
47412499
72732934
2341073138
632218748
1488366140
81915651
39530187
328674944
116550147
14576889
1080950516
19546637
20002401
1064206014
28387668
143147204
20533399
14223341
256208818
108376246
1051127714
14987379
39294556
67447369
57228415
598038429
1081186788
14192558
35773039
54885400
111446002
57471560
15210284
108783481
343702505
293155569
2285866472
14615871
161791703
268871168
856432010
1072467470
1068470480
41115709
185001539
174720707
186258813
187995168
21465523
67667071
56694539
188155542
58094952
161443677
18050271
349682072
18050342
16881223
18966253
15091360
21239304
15079226
15033934
16064148
16297009
15769621
18155454
18997068
14634720
19802879
22894243
15828276
107175080
143923948
16826617
15165493
17781165
16580226
10286782
18713552
45577446
7215512
24919888
28646364
24898621
166252256
17881345
74741722
159588456
34743251
11348282
17471979
3459051
13201312
9890492
16029780
3554721
17596622
19711765
38516217
17787705
24881081
36771809
47447248
17345673
26875700
109659449
17451742
54546430
16958346
28657802
57625403
1342861723
1530850933
2382117350
1935707503
16172991
1357973798
50325797
21313053
213449717
553863817
193732179
479872233
312974099
68814545
18795726
55685994
235259799
540055843
16132846
41231058
73422598
135678842
150686538
102722975
44177383
34560957
121895791
143531834
1474863740
585314173
19199030
28599820
80637651
1074412920
300553995
117965095
16545692
395435620
1536759720
40026905
1055730738
72978389
352012627
18735343
216931610
227109533
382776432
1632065964
29467516
390236785
2442343560
153223304
90077282
17599655
113781741
61698230
26801449
20891290
1089859058
245451804
292990703
1243902714
2305622017
2168607896
16686144
2328937074
17405063
244627772
2377336010
207647918
91567640
75424936
153151911
1312742882
2347049341
183478977
259395895
543809313
15511223
219350591
26846919
114518421
2215000656
2248961000
16244050
267029467
1129826424
62644597
50446312
417252547
199793570
14505676
17006036
316455342
76369773
268602677
50137416
477359406
14514804
17889970
59661348
575641112
16072058
16240525
16519380
1517267136
964795610
381725263
304462541
312830012
445784053
785414496
18499709
805004869
21148783
36683668
82071751
778830600
1161102342
62633657
786106988
1852671169
410373517
15985600
18640724
48073090
126754314
24738403
463132556
391855271
78408666
356621371
257132400
107230896
19019298
59450153
364600706
1465084728
155697552
76038760
84391982
1072382221
1246763515
16187637
29336401
1488011401
255719070
1067147959
90513723
1058717720
16162149
183130040
34113439
234361966
407013776
54645160
367219398
221792092
1707321486
83932732
104615577
19788918
23728471
33530012
116846609
114876836
620298978
40057701
470280160
64247830
304238096
1092979962
954363313
1134832688
48000835
915514734
106291885
103145154
247475307
48534208
1305596696
1222257180
1260172386
1061385474
1072453910
1058917562
183422908
292594517
16878156
533356624
23261937
199822685
24221330
874344601
163570705
156333623
381152398
339852137
24913074
38254095
30216513
385429543
249348006
161411080
19318314
39249305
234937222
33576489
84119348
227088228
22812434
111635527
168502762
1071840474
24898829
713143
27922157
17011177
63913500
1507243626
25249717
15840909
175193015
29944407
1613407111
30931945
242944499
69382700
1410833198
65477580
19564105
1571456322
254330081
997285801
15859768
1340093874
61530243
15313776
117881847
18762518
17036898
17994722
17611688
32186559
14304112
23258618
21220931
16578864
272022357
81688954
1337811576
370606971
86776195
60694159
161010673
15987296
380409714
1137600571
32774989
1392282998
37837907
38282822
28468549
15779344
39419489
1339835893
36590105
16566133
64184612
146539179
22523087
57107167
328679423
761783018
18226591
28416309
82480613
294728278
95418595
10126672
36681590
16017475
6450322
1071102246
50993027
466158683
942156122
20873135
14786217
10340482
120181944
20068053
20517132
72772318
28366099
1077833624
231510077
623934032
528971570
241404222
1103772978
558711824
1314792548
15201308
1401114007
467077650
177764604
377691911
192955168
23105781
1093090866
19697415
1330457336
450453720
9867582
123639299
1055907624
289072583
312698496
23107306
22162854
46759998
82905728
172773534
1255395306
47771556
82649553
15856366
221793778
242892689
74294786
17432885
523982530
158495061
1074129612
27532984
101624819
211621326
15764644
97509241
136337303
16233232
55327075
33534293
1037321378
318593528
89499375
456053754
576387800
432771620
198626308
84623395
582931822
200226529
15134240
20739038
362197703
19665271
264326387
16321957
163827252
1134292500
1060984272
612117635
1128781184
467823431
55586971
102179167
196736622
29205600
378384833
385647436
430452305
86626845
19312262
16228479
15109516
610178264
17958140
15008539
73452506
1276246074
36610979
954809738
447723471
628632969
497477966
505100985
19824059
229316547
173321172
40260612
1260743556
1140648348
404132211
1120393412
83743851
600097847
252278508
193778145
79232746
32664506
634016873
43146002
441185909
30020556
18886090
18950681
165746688
38707559
26057667
7356562
92391733
15811202
156063783
60959750
58928690
374116636
50344100
389840566
312134473
22053641
22509548
267938462
133832049
88806753
50452197
937723303
950783972
1080844782
20747881
151192050
25459679
94642812
319294242
113474827
16303106
15737554
37991052
113420831
14664610
8953122
30313925
27745484
9616062
16136867
14437914
15521972
15920055
38285109
22664368
17200375
16934643
7744592
21798919
18622869
9601512
30000832
19679341
15754281
107258201
44665149
54338860
17546141
45013924
16959428
28127547
14481439
16664681
21895262
45735508
14576841
45695341
15811193
87760251
16422958
18814491
197533433
93932440
17220934
1917731
18337564
19193200
33309104
17137971
15456558
15535860
161669450
260874284
12133382
5392522
14677919
34713362
51241574
28785486
15164565
18665800
1652541
15012486
807095
15675138
2884771
3108351
14293310
5988062
2467791
759251
31611298
95969660
80674260
16301612
18354504
93918310
338660808
20326085
16739786
23089557
9233092
16374678
23782357
28457505
18247597
14148802
43963249
325830217
813286
