1119798144
1071434628
603076619
1093222639
2914163523
2953494478
1342180302
69075521
37022700
15852536
37990165
1120150770
2494824367
772213226
2670909697
78403308
2863210809
1051127714
467823431
250188760
23593446
29201047
18909919
164369297
40302336
486694111
1262099252
258900199
242555999
92186819
33563161
111635980
33655490
2560169238
2730150631
2482022082
2951574214
2976598347
2976606250
2382685057
2975091705
2964526557
2964222544
2962994194
2914515430
2964287128
325830217
3105629478
2964949642
2450336467
17539497
135931182
83999769
221793778
2978291435
554845069
2852998461
2933760046
2953974395
186881077
55038792
18695134
221792092
381152398
292935209
82453460
153486399
267854863
163570705
161791703
2856787757
2750127259
314205957
2966765501
2965083477
2847221717
2862577383
2869746172
2914571740
2966758114
2696643955
22812754
24234881
21213276
2359926157
15647676
20600214
239949176
193732179
240812994
161411080
16129106
234374703
106597684
10126672
54885400
15113565
31310158
17409240
2953922782
2973870195
2930635215
2929491549
834069080
2966205003
24745957
138770045
249410485
17349191
20004513
64496398
562214891
47798449
3033282290
87464349
33750798
1444015610
1209417007
1051446626
131184459
1281092058
872126700
600194154
423630200
20957191
171598736
1071402577
221162525
73303753
247334603
76649729
211588974
600463589
296361085
291756142
202206694
382791093
233737858
1061029050
212262370
216503958
193872188
2962813893
22930958
23620660
153944899
199325935
210926192
111635527
80612021
156333623
1060984272
140519774
31611298
168502762
1382011333
150078976
278124059
85396297
50452197
256203380
30971588
239905257
93950784
185802351
41663292
21316042
27927378
1504398284
356374174
38175224
79770312
1209468236
516629984
339945368
20605323
312659456
58875245
393562221
253604734
54655632
92430910
38470516
81140486
18457947
84419752
17523457
16670445
25332870
15824098
22839628
22203223
20405560
16160352
60323026
512174178
14892330
1463270089
23599646
11348282
5920532
7212562
15425377
22536055
161023696
160946337
18148907
20627332
1054071956
104465061
2394957648
36084073
63720288
729101677
17375039
106348503
34308692
25582420
323367132
14861004
60678524
55010620
962756540
41657673
16475584
17493398
40356855
304043568
28603812
33583496
14955722
2964174789
1623308912
917371014
15438913
27048645
2293131060
2194467816
29197155
588293183
1198527756
2253968388
950328072
38734554
475988505
136337303
15945641
78626483
7684882
44199801
2174649348
266133081
242772524
1058807868
1048784496
432766911
1849261916
239964567
217543151
240363117
224294785
234469322
49457533
15163577
237944147
912608010
237862972
156703580
1578527210
30875418
249219716
555474658
198526130
234128524
252819323
281540744
237781383
234822928
235312723
240760644
241207373
234937222
78431501
246769138
48366585
18773159
234797704
37986651
1289319271
262756641
78143103
246341769
1305596696
249339682
993153006
1071900114
11651202
46016028
584012853
1089334250
351860222
32012825
235251868
1060370282
518644221
1092757885
244268646
214620546
20078596
377534571
960696949
235271965
1045853744
16438430
410555080
248850174
1074101017
42442665
975200486
727242919
963480595
1137600571
935033864
842245886
282093902
95506425
339822881
211530910
1155212191
1065995022
1128514404
252819642
1074412920
1131917492
1060487274
17951850
1072382221
233761277
1074480192
976969338
1058256326
1058345042
229197216
237814920
237763317
233842454
254082173
248699486
234022257
137407124
234057152
110545675
455080677
234370900
51228911
237312687
240393970
237299871
135575282
234837632
240376522
211901075
243797058
37094727
14845376
229592356
21323268
85606078
234053893
45575287
61083476
6577642
211420609
17045060
292972175
455306401
402719755
237750442
301549400
154615861
19268706
19739126
18915145
225921757
233693291
236899846
39155029
136577442
19394206
239871673
224391627
22090282
10691752
242926427
32753000
118022756
16274588
18991439
38254095
242873057
236487888
233949261
240385577
234812598
201079432
19112923
15745368
26820795
103868633
23775782
213634439
235190657
114388293
20174209
8839632
115724271
18060563
81191343
112508171
104598468
15754281
18956212
140467433
22047070
16890518
67882820
75367781
142716306
26487169
131546062
73181712
193785644
31464977
23022687
19611483
88784440
39312508
16184358
2884771
67358777
1652541
813286
20179628
13850422
74588583
27015055
19417492
48115928
21010214
50055701
14434063
61220477
15463671
16311797
55329156
131204770
38495835
14749070
25053299
13796572
91478624
1118521
16334857
11856142
65691824
18218858
20402945
18481050
28140646
14800270
15110357
142270044
117432835
199649024
75112137
96150467
45233148
76465979
100993730
43888148
30050070
39344546
85626984
20805177
17313150
28337697
22003540
12432922
125775026
72198806
20546536
20597460
14384907
86084103
15160676
20109973
19803365
16072676
87063281
8161232
20522862
21333396
71294756
33222598
21612122
15369355
20177097
17513576
63150856
27245742
22012091
46817943
113420831
69773058
89820928
25781141
38970940
24904117
16051471
99589232
119250381
92079350
47975734
37007274
124224165
18566912
50317463
9624742
30864583
18226567
18983793
143798379
50393960
35474809
19107878
5988062
79292033
190328374
21313053
110445334
23970102
47739450
11611052
16827173
14216123
16317406
11856032
28576135
108617810
26777550
76452765
15075753
14857525
117777832
35829796
18632666
30043495
15450996
21878458
14730894
759251
18277655
15988710
46176168
9532402
15931637
18492940
23124635
17074440
20209807
26778110
16721061
45332516
26533227
23331132
26233680
36681590
52470438
54624876
16807010
18906561
22517990
18592146
19726613
640893
16157855
84620376
19028248
15731751
20608910
21220931
15727817
10615232
50152441
18170310
16689338
114896223
130600206
16032925
119784192
36654245
807095
37920978
19553409
18791763
27311044
26424123
18172905
21619519
7270292
11856892
23134068
18678924
57363366
15923226
35218566
22129280
20053279
25086658
3135241
55677432
14246001
18216752
5741722
114607567
20713061
9508922
5693842
16056306
15751083
33977070
18805303
23976316
17800215
15428227
16102244
15356407
19394188
18166778
55235265
22509548
28176898
5558312
428333
23121519
24773493
32010840
74198348
15281676
24183358
24735461
23712174
23970171
28652194
34340464
16256269
22831059
21329888
20088666
15160884
16350645
15985455
14141323
19926675
161743731
28594128
18916432
15012486
76350004
15600527
12726012
18061669
32359921
16193528
19659031
19658614
52503751
65391175
17918065
14344823
14669951
18767699
51241574
22528309
19658173
114756202
20015903
22527499
27676828
14904437
18030431
18956073
29898014
17546958
15394954
11134252
17976923
9252212
60984835
23103488
42924141
6577802
19929362
21269970
20192403
15856366
22508473
14275291
41445718
18963842
45502249
19139963
5357812
17513304
26946495
15922521
15210284
1917731
15922214
10840862
12788332
14587949
15918708
19407835
18967498
20467163
23951197
16424044
14662354
9300262
1754641
7713202
15207668
10168082
3108351
1367531
7228682
15675138
17993906
18891923
2467791
