3353670647
240393970
539503990
27027979
18805303
37007274
942156122
2975350155
2962994194
292990703
1074412920
1206227149
76350004
20053279
234822928
221162525
21572351
239964567
22509548
29766367
234837632
259918701
1430830393
20419776
2975091705
240363117
2301933414
78369108
75077416
22508473
240760644
912608010
237944147
1055730738
135607702
15394954
249219716
237312687
1177437224
240812994
26051676
248495200
211565418
16424044
216016310
2970279814
1941510667
15600527
17976923
3044993235
278145569
314205957
47798449
84119348
224391627
2966758114
2962891515
18967498
2382685057
17800215
20770215
2933760046
550401754
2962681881
234812598
234053893
507600771
208147891
2914571740
234906311
2964949642
1080844782
18727106
237862972
2847221717
252819642
233842454
51228911
2964222544
1510746811
1908143071
963480595
2962868158
89760535
349195650
2853309155
2963445730
1134292500
613725908
17544524
2966205003
273401647
190328374
240427862
834069080
2978291435
15356407
2966765501
122567777
18166778
135931182
17494010
72198806
266133081
20015903
234128524
16187637
142814103
161467464
80568825
264455390
7713202
2932617195
2970462034
2852998461
56747571
409388225
1694044105
14587711
326929954
23659017
21163774
2964526557
2750127259
2953494478
1074101017
27676828
12788332
233949261
28176898
235271965
237763317
124224165
234937222
384595648
213634439
2930635215
2965083477
236899846
19739126
248699486
2929491549
2953713339
2862577383
935368364
75367781
1069210506
511273886
1137600571
1322558402
1209417007
15207668
1138688364
2953922782
23970171
224294785
234469322
1058256326
1045853744
110545675
1058807868
252819323
211530910
1623308912
401142708
63796828
142490217
2861616083
518644221
236916916
2253968388
960696949
1077446982
1444015610
