150078976
14275291
32515106
66182591
24879395
2180480845
65987618
30971909
3018910586
33998183
2196784676
979132934
861659689
2930065685
43230633
515200035
134984283
482295376
2598223326
3238596565
38917331
20818801
22451948
571202103
230602419
3241628945
407013776
1536791610
30309242
15207668
18916432
19739126
15428227
2962868158
243337600
398088661
27821842
3092210673
1485630540
17296792
239949176
2151370080
344387215
1262099252
17074440
115979444
2209804279
37007274
60919240
613627548
15346615
297505251
75052666
1385858868
16129920
494583213
118747545
237862972
134899149
113745340
2975350155
2372355726
29946265
33248363
16535283
15737554
1259839165
27642087
17758502
14858856
3044993235
25560255
3024612938
16506355
18023140
19784906
1963316418
31880180
202270507
28471924
18973663
2330783750
38441030
20957191
96075697
893496121
156969952
16045066
16545315
42117366
122467925
64758072
23434446
2791807137
23710418
73181712
18812301
63262233
17629860
803197015
26637348
17006036
432766911
1917731
15922214
186955148
522473349
1056590900
15507433
22443383
43112612
34404843
21875099
155585373
460695026
84704680
301549400
311137717
87510313
309070309
16375096
8953122
20517132
1072585873
26051676
20467163
294084341
30929600
151963505
74294786
192955168
36686040
1262814457
164369297
1083448909
75367781
18137749
122174004
384392601
61206798
208692908
19716781
246357149
22053641
33563161
24195214
364415553
305216911
305620929
1089859058
267854863
1206227149
14984637
236511574
1155335864
74508260
227088228
1134292500
442824717
1128781184
47412499
19918558
1051127714
1027156464
242426145
150724371
1072467470
19318314
510516465
1009269193
29450962
25781141
50452197
404132211
18909919
1058717720
1339931490
232992031
581141508
467823431
16583468
111379452
2433737761
1061385474
41017380
937801969
153486399
48086014
1577849532
1068470480
82649553
39249305
137794015
995193054
252249233
789244177
163570705
2293131060
231510077
1880674038
199325935
237770636
75785294
1243902714
148453195
1531521632
267938462
303861808
245451804
38254095
19139963
385429543
26953478
28414093
248735463
52180914
227894751
33600887
9130702
27048645
64808610
83922884
78408666
17346287
1074129612
71028773
29221344
44442099
132655244
1514213419
935594107
71019945
119521385
588305393
116877154
462143773
32007346
15822969
15174710
103130238
1260091734
851555820
17270262
21696650
2402106482
2399755206
370808273
213634439
124224165
2494843728
256659681
218351413
211901075
244268646
237814920
248850174
237418907
960696949
17976923
236916916
234822928
1489418226
1260172386
1135486501
432771620
242926427
240427862
2249681174
402029058
622028546
373526339
1702565276
117501995
293131808
721049510
28602948
15442036
476256944
34274380
234906311
16129106
10126672
8775672
68814545
322151423
16017475
389759292
20600214
33537967
2303751216
1392282998
15667802
19665271
2272531993
14377605
38477209
14466538
14676022
1410590874
196697157
1660627124
26775504
102863360
38734554
1327472702
36991354
407979755
44427293
913664130
82156764
43638469
205864193
301551634
16729099
6519522
15554922
14499829
29293808
432676344
65163785
46774667
170329641
48625268
47163481
1604366701
20355261
36525254
21872907
339247518
461244889
148996807
390169704
512466756
142798198
112835750
50325797
212029835
915514734
590583109
1691723509
15808765
31583882
109713967
17469492
54311364
15964778
40260612
1037321378
60685572
151106990
463132556
1222257180
14700316
161801527
39816737
1158276974
15947602
1206233820
17967675
1055685948
16834046
1128514404
260396714
22509548
1300283461
69231187
16153562
111635527
80612021
240812994
22812754
114550714
153919023
168673083
317591872
449087519
178232020
161411080
153944899
239905257
235373000
36654245
1023020557
210926192
761783018
915265088
119250381
272004287
193872188
55907582
486895422
31128529
20747881
776664410
1080844782
316165422
355906128
1486029566
211955846
26060210
18509466
787373558
1339835893
902051148
17787705
38516217
15007149
485394274
109025212
16619904
1110823440
22029553
35549780
240401764
36116203
14800709
17539497
131144091
80176051
285125151
278776049
18713552
224685124
45499651
281530541
164007407
68999404
17596622
54546430
19344825
757303975
1017637447
5402612
5392522
14345062
1330457336
9300262
317377395
112740986
76348185
19416225
14505838
20867568
14199378
499062920
1068499286
20772763
250784170
1140648348
19824430
222953824
57065141
10069612
110899711
26548315
16742806
133872807
48177456
32774989
17341518
9667812
101883011
19611483
16228479
76452765
255671573
516699539
151519500
36681590
238259855
937723303
191477653
91127293
21313053
20436059
1064206014
2884771
14511951
51241574
759251
486694111
807095
16028241
1058520120
80628196
281593711
1077121945
262756641
26946495
1071840474
1090002997
1072453910
413466731
14411304
1080509366
19608297
54885400
44615672
31310158
310310133
19726613
1060984272
1058917562
612117635
80349445
17831464
15324851
1055730738
36771809
1092979962
742143
224285242
479872233
249787913
970207298
171598736
93761782
21684013
91180720
558769636
126171100
242555999
76456274
83901492
154287963
155642785
65707359
1071102246
12133382
22523087
1018547089
516880804
278124059
24745957
31611298
20002401
234014087
221792092
263815367
125445568
30216513
82453460
249410485
84119348
369505837
950783972
39589819
494530927
1055907624
132278386
785414496
36683668
64537766
146569971
309805602
13493302
942156122
11856032
17899109
280306582
9867582
45998531
28576135
78445977
378297843
20597460
60828944
813286
16027546
43910797
46016028
7334402
48802204
16955991
21844854
59031230
19608273
120176950
939091
120938867
22642788
56864092
384913290
19891734
389840566
23819099
15724082
403579485
1071500606
555512624
109390273
9109712
333720818
45891006
292935209
24431892
34972633
15022633
1947301
29205600
37557953
991659607
16698389
147467535
19685455
397507908
20568127
55355654
20552026
14434063
29442313
247486443
19249019
436113845
73238146
7402662
180642995
22812434
20097362
74487801
135404280
83640764
429350258
11856892
15220768
63279722
1093090866
248921104
596687292
24109099
36948268
13491312
17477340
23231179
31801993
917353183
78977315
20545793
63807293
288751432
312134473
39155029
441547115
66369181
233783568
393601398
58928690
23600262
93069110
337284290
37973856
385102404
252809199
45506293
16878156
156333623
111635980
21406834
16160352
15954997
7004382
161791703
18695134
18696134
16789970
16371731
33576489
40302336
21312077
97190495
456799145
127922192
28599820
246088673
188019606
242892689
14345113
19943507
365018692
21220931
308264941
258900199
102842330
14468916
105967173
21171746
16187637
22669526
14135426
31122582
7356562
115199214
24913074
7713202
9624742
244655353
14412533
36719281
16298415
19766305
65686302
14246001
3108351
325830217
18622869
15361570
840631410
15164565
17473443
343422277
118859229
16348549
43963249
22012091
140519774
339852137
63169388
40277246
121597316
18927528
168502762
108376246
249348006
193732179
129671656
47319131
36511031
13201312
34113439
5031151
15769327
24752484
15939889
522667751
60353143
50777767
19366143
17052432
472461988
16031840
18816614
41912481
110509046
108510027
14342564
67502424
10433782
61782928
243283798
114822250
36538802
19418459
249724351
155669457
156782260
267457429
215125644
227341953
162069635
22960438
85396297
80150239
132201224
19381678
214697672
131879129
487088554
9632452
254193549
42950596
21010391
14750983
59351939
156820760
70838114
10772102
7136152
32995184
47632905
138510294
15837659
23033984
18759029
103087786
137466464
114050808
57768217
15931637
456868302
194666149
160634056
32465053
108726910
26596727
19186003
1025521
292990703
304455601
348549244
97910289
352534407
49544940
16252199
196290799
104856166
153088185
518759309
18963809
70526457
37968533
754485
24196684
142721190
13524182
18624536
57077129
38283975
16194469
33530012
240334048
114914841
129616820
24776576
113420831
29501253
114896425
94603103
276546430
78623653
20560294
15463671
89037284
13796272
30313925
19172412
19773060
64887310
247424157
196457498
13134892
14426369
18157078
249021999
18813482
30912937
58963457
170101301
138770045
167507135
22509598
44195184
15444203
150796358
19556530
33034334
96811224
15934316
23500125
22705189
15764644
88806753
20183126
43287941
107336320
59942584
31342834
15742946
110853906
36445431
161416906
126137766
108835587
47402168
20882527
25199172
25138790
14555853
117432541
25162697
85634177
29358191
17164028
121221625
133832049
52476085
29837342
14093751
19136198
92597889
115592823
14111588
18149301
17738722
7743602
72675971
106433730
34437253
16478529
23496213
