21410791
24920555
64321755
1730716639
18784030
17066022
1120432734
22508473
157570094
3307394543
89549779
3018670151
55677432
29766367
2863006655
2974648323
2951574214
2975091705
2560169238
2964174789
2863210809
2382685057
2966758114
2916086925
3044993235
46131997
180507825
20217019
2976606250
2964526557
2929491549
2847221717
231108733
834069080
2966205003
2966765501
2968451607
2962994194
2964222544
2953494478
54300515
2869746172
2696643955
587100576
2962891515
314205957
2964287128
2914163523
2973870195
2962681881
2862577383
236279233
21059255
41533245
2968007206
2852998461
2861616083
2962813893
47798449
2976598347
248495200
2853309155
2750127259
2975350155
2964351843
2970462034
2966570782
2724095695
16160352
17907578
20092295
30912937
38285038
74294786
115979444
151963505
232992031
236960387
245408102
254082173
261852987
282093902
325830217
329761746
334894942
344972339
463132556
515822213
584912320
789244177
912608010
1061292174
1069124515
1074101017
1499993378
1849261916
1880674038
1883356866
1908143071
2293131060
2433737761
2482022082
2730150631
2914515430
2914571740
2930635215
2932617195
2933760046
2953713339
2953922782
2953974395
2962868158
2963445730
2964877294
2964949642
2965083477
2970279814
7744592
1364858569
553863817
292594517
2557507771
2572995327
2695663285
778798705
15207668
88552881
16221481
50073507
25603356
28049266
68831926
245954283
386860814
382459930
46509183
20294333
15433847
68524740
460542403
52445396
26608065
44992399
59146086
76646207
63580177
112869950
31573377
76984842
21697637
40961354
26244293
551233934
316723819
2182611914
25360324
540373294
17004586
123623487
517791743
26266094
30999071
19682187
23201727
2253968388
15808765
787869362
962981876
18622869
14676022
595515713
1023020557
1604366701
582070020
1531521632
136337303
171253113
204991039
18999261
17187236
1392282998
1339931490
54645160
23348578
294084341
1137600571
25430081
761783018
1071900114
15116570
1077446982
518644221
1410590874
1058051748
1262814457
1260172386
1128514404
208692908
1072008757
15856366
1289319271
1209417007
108376246
1155212191
1206227149
950328072
1135486501
1155335864
1134292500
117777832
1060370282
1045853744
242772524
1444015610
510516465
613725908
19808819
935368364
581141508
976969338
20002401
1305596696
114607567
41017380
237348797
960696949
1382011333
432771620
787373558
968650362
1074412920
23593446
81139286
309363964
1092757885
148006729
95236960
242761889
1089334250
242555999
970207298
16473577
1262099252
15745368
18915145
20597460
150078976
339822881
294126378
72198806
7334402
346637907
1074518754
229592356
15603311
1058520120
960962340
245451804
1009269193
467823431
1055907624
1068499286
1074129612
21111098
33977070
24183358
237312687
235190657
235312723
240385577
1058345042
1060487274
1058807868
1058460818
1065995022
1058256326
1083448909
1072453910
1072467470
1055685948
1055730738
1089859058
993153006
776664410
1051127714
1410833198
38289217
389840566
584422694
71285630
45880726
54352672
15868551
9721292
10025982
17837341
17623512
182624141
185781582
16228272
22798324
349256818
361537184
515774075
19562368
389635747
23072931
19345264
22205619
31534060
30329599
38488564
477257374
166632958
65271985
18563796
29546733
13115682
28217223
15925421
61887527
42918364
52616719
552256740
21145256
14269985
213834064
15446773
21894502
15251796
44406241
23354172
23835272
1243902714
1222257180
1140648348
15751083
1080509366
120176950
61853389
19948202
110541296
78408666
15647676
20437286
20179628
76348185
44783853
166252256
73181712
9624742
66369181
37094727
1061029050
47747074
17513304
76649729
75364211
1099199839
7270292
76456274
538185166
88784440
1096059529
1151590614
135297032
17494010
115733549
8128442
233737858
234374703
413466731
476256944
242836537
33537967
117501995
1074480192
171598736
211588974
29442313
247334603
19863977
435500714
19726613
600463589
47975734
57065141
13218102
1071402577
221162525
1068481578
382791093
20113797
109287731
278124059
224285242
20546536
18061669
291282549
202206694
73303753
18170310
266133081
250188760
158470209
262756641
78403308
244243985
555474658
212262370
249787913
291756142
93761782
19028248
15324851
264219447
15442036
60828944
29201047
132278386
172858784
296361085
293131808
486694111
1071102246
216881337
1064206014
19394188
942156122
109071031
150737366
851621377
995193054
584012853
18773159
1045110018
14845376
234822928
377534571
34638973
310310133
1058717720
249288197
935033864
404132211
250710495
249339682
20467163
88806753
211901075
236479311
28599820
432676344
295685416
76132891
1072382221
963480595
77250424
1077121945
381736092
137823987
975200486
281540744
249219716
235217558
550401754
950783972
305216911
1051446626
82453460
155724750
155642785
11651202
76350004
240376522
246341769
242376736
245516606
13491312
26424123
89028052
364415553
150688795
237862972
237299871
21157904
30216513
19069733
111635527
234128524
1060984272
20053279
479872233
222286905
210926192
239949176
252819323
16212113
22545491
442824717
234837632
18632666
248699486
20209807
233949261
33655490
37007274
92186819
402029058
1128781184
233693291
162069635
237750442
402719755
84119348
153486399
558769636
19891734
22527499
148453195
14904437
22812754
278145569
234469322
76452765
246769138
193872188
10615232
242926427
84620376
107545479
198526130
153944899
234014087
234937222
24195214
516880804
193794406
19318314
18216752
15281676
132201224
22523087
239561508
52470438
305620929
29450962
164007407
242426145
227341953
317226055
23600262
18695134
23124635
17896154
7429102
384913290
161743731
240363117
43910797
252249233
18566912
267938462
18166778
25086658
240393970
155669457
216503958
18696134
236541422
221447516
92102359
299883942
190328374
239871673
339852137
385429543
236899846
28602948
39249305
24745957
51228911
18030431
234022257
70756980
32010840
50152441
384392601
16056306
15954997
31801993
381152398
75124560
55235265
26051676
249348006
20088666
168673083
40277246
239905257
15361570
27676828
1048784496
211420609
24773493
258900199
237814920
234053893
242873057
21690931
199325935
38254095
14984637
42924141
237944147
21660348
23976316
110545675
137794015
21329888
124224165
937723303
17976923
52503751
217543151
219429281
18967498
48086014
137407124
15600527
50452197
163570705
17800215
5558312
82649553
26778110
237770636
111635980
63169388
15394954
34972633
221793778
1037321378
19407835
34340464
19926675
21269970
58928690
235271965
20545793
244268646
19929362
16789970
36948268
140519774
15160884
18277655
240760644
74198348
267854863
36686040
78445977
16102244
85396297
48117116
17544524
249410485
21406834
18805303
15428227
40302336
126171100
15764644
19139963
14135426
303861808
56864092
234906311
248735463
18909919
103922067
292990703
133832049
31611298
33576489
23712174
233842454
21312077
242892689
234812598
22669526
14275291
16256269
33563161
23951197
234797704
22055226
233761277
119250381
224294785
213634439
312134473
221792092
158398519
29501253
31122582
20015903
241207373
24735461
15356407
225921757
25781141
1058917562
26278266
158546408
1061385474
296245061
22831059
240812994
19658173
49639096
7713202
38712914
1092979962
6577802
24913074
43963249
18916432
22192142
5357812
234057152
252819642
164369297
240427862
211530910
74508260
161411080
22509548
156333623
122174004
168502762
236916916
161791703
292935209
248850174
112740986
115111016
237763317
138770045
80612021
193732179
231510077
20552026
20097342
23970171
19739126
229197216
235251868
18137749
16583468
188019606
37920978
22012091
1090002997
38477209
813286
