322699008
243337600
398088661
22878374
2847221717
12859772
2869746172
822328100
59184319
2914571740
52779839
906782533
1710530342
2964526557
2953713339
2930635215
2932617195
349201704
1910664816
29519977
17961886
17967675
515942271
47954642
106852355
2953494478
18482836
2690842873
10774652
2787147458
61734492
263758909
266830495
14620003
19216998
343171266
2966758114
25124390
14659350
126401831
184860130
45604374
148491506
422320591
2546583638
37481291
116498184
248791522
285717433
2382685057
227767527
370808273
228841337
15907798
325606633
501121873
4952941
1101311772
33313162
823948430
22301031
1158271938
1093401661
55004670
27965474
2994090833
2964877294
234361966
2786564756
244347644
2560169238
1531265618
22242298
2962891515
2933760046
47440513
2862577383
2856787757
1383059977
2852998461
2953974395
48012011
385111151
2776903243
248884036
358483132
1260128821
300552750
38496530
245572815
1846004918
885105738
2241222288
16547587
432766911
398640527
52574110
172456124
36776808
15896580
21307076
13804112
356803295
1583642803
206255858
23645920
217014680
150686538
772141338
38442231
58491562
1214448954
15567780
25321854
1967216306
186516470
103927659
44776017
2193259544
2314691984
1061292174
1382011333
1410590874
2178681566
2329092852
69773058
112047805
108985543
16073416
136300373
14842061
47739450
1542184387
115718513
87271106
14855740
20657852
131538331
61605255
1077095640
326425512
558109095
292935678
1392368760
172082230
20437286
809117442
22789766
59238436
331036671
205299497
319829219
7228682
49855286
935313834
1499993378
395261452
17596622
26028938
21200219
34274380
42337890
45399148
14266331
876865874
19920609
165749392
18956073
14345759
17906632
409719505
1267940407
18588778
1473110280
95506425
906126888
1952467494
2253968388
475988505
34704753
74495334
58836276
177709612
65706775
32464130
362321730
26338995
237460752
23437121
776090545
246989901
12648652
273540698
40553282
1390240988
109446583
34022952
15678150
707729347
187907410
36260866
17449843
16832800
19289340
22969926
37999041
34739408
31448660
21918310
50446226
261962339
13262862
53127197
351133674
16896485
621523
624413
15110357
91478624
25053299
4898091
15164565
14606079
69181624
22685200
33514869
14511951
22411875
372575989
1652541
742143
18665800
14677919
212320989
216299334
7270292
227837742
158470209
15727817
622632507
236026761
34310801
197224643
547860279
14802885
158414847
271725689
104297367
148922055
183972216
39355413
14153020
435978700
21702539
17703587
95723227
32839493
16844119
180091895
45230192
58869220
293267862
70118472
244627772
1272660614
186299824
512354282
36890646
23817772
107463521
19324057
87416722
179245596
786230298
314287177
16145738
774393817
417515176
23492901
13566
19219492
222194340
17471979
18580432
59331128
46955476
15341467
517876210
16930125
345411403
22627662
254312341
48581849
149318741
377094047
206886565
14940354
42930296
16930489
381772290
106791920
46131997
5402612
14138785
7587032
228054022
20182089
15212187
13023332
1098503005
478383774
70709534
103065157
463212716
449056680
117809503
299790272
479067937
19554219
13850422
17112878
1051127714
320789928
159870717
20132589
23937508
24439201
41272328
18772897
450941680
940368062
18767699
80678758
80940214
1444015610
24926288
87943060
473358068
1134148494
19195094
98125608
48459553
69329527
69860260
43996908
52419540
47632905
16081831
18909534
14560097
27939337
114050808
18643437
124560631
90658536
172071566
88822794
1314491
16005749
21213678
16072058
23911915
28181835
135515077
301014412
155680896
450697476
18418121
71609305
321600487
37721714
65450075
14352112
21312077
15650584
20002401
87063281
22812754
24745957
135931182
331816614
627400309
19677673
22812434
55349055
93965901
4369541
455764741
344864408
16721461
23594885
246357149
96885392
65440842
540122045
32007346
80568825
17066782
17197344
35773039
19038768
33660256
12340562
1433356862
356334842
1060643636
15040812
19948202
110541296
308573576
232890140
20109439
1375289149
132912934
92286566
249743596
23074394
15446531
20474813
570232108
373526339
217284148
16312165
114859756
107234268
14708747
1407889201
356278148
126024367
20833365
16116288
370684712
264279467
208061293
21661290
32724108
98719359
15281779
449850814
1421181866
776049583
39419180
40927173
21313053
119395532
2836421
39414608
330592913
158426909
205864193
409456907
91180720
48802204
16042794
93876666
285578853
290317816
69193833
44988185
330579721
21443773
257038465
118747545
21394764
247530626
203296606
342072272
15473958
14857525
394223948
8839632
169596992
342330158
28376929
15815453
326255267
266927095
2195241
26538229
330400536
246479639
17659329
16193528
105929549
15097615
39800279
24362769
137466464
15173059
7764332
234826866
845457938
164412502
36047098
121208305
5695632
135173872
21316253
17060020
242907470
80617430
104827711
232235048
16125224
133947893
66460911
15200378
22485748
18812572
1055911357
24824450
78716886
179699448
14980820
15159913
20150502
250628030
19618184
27029537
14165170
15765991
584139171
20747881
90252949
15335534
1339835893
11384102
18029328
16504629
63150856
519682873
15957636
16573859
25545258
243236799
326301436
109257354
165204211
1910771
15768704
120176950
18963809
42692687
108189101
82151660
249384564
140286364
167024520
56440142
20957491
14213413
21431618
258885469
33919343
71048726
15394528
104914594
49960226
413466731
6853912
19674502
126171100
123327472
163598915
21268897
135344405
16192197
52112689
463765807
191477653
74820061
14717197
170034104
35474809
14335880
35027698
217550862
15676492
18963842
65106660
16698389
272542662
77032777
17168586
14007532
26520417
23232204
21768766
166235477
146167871
25665859
292549803
130945778
18146481
384910109
129879105
20776147
997684836
7381772
14354476
242418441
15739391
111622423
70708097
17004618
159302049
976969338
1138688364
1289319271
234573331
1131917492
551195347
301549400
950328072
1058256326
1069124515
960962340
963480595
935033864
1048784496
1058460818
613725908
935368364
26324609
114388293
296245061
36676406
17539497
1137600571
47694175
33222598
112526560
92079350
15901113
12354832
79743108
18978553
40996975
98543618
18189134
111635980
991659607
21312961
210926192
234002627
384392601
132201224
242892689
115111016
133832049
56864092
34972633
18696134
168502762
234014087
85322445
18909919
258900199
29293808
373600871
164369297
381152398
155669457
40302336
74508260
385429543
198980151
305216911
267938462
404132211
402029058
151963505
153919023
252249233
292935209
339852137
317226055
384913290
312134473
292990703
309267226
381736092
402719755
510526745
234906311
193872188
89820928
21787198
15727317
20480549
475286355
44960116
25781141
16583468
30929600
109025212
82649553
58928690
208692908
135575282
11680962
20252855
11856892
14062180
14238142
1917731
29201047
20597460
15007149
19659031
39249305
227341953
5391342
87584353
115745371
85867265
601354650
274596432
83668232
114878028
296060169
1058717720
1080509366
331982016
292972175
1009269193
1051446626
1058345042
55009164
114896223
244655353
555474658
22258367
95431448
615443591
3838621
14849562
1330457336
272991363
55355654
164007407
244123121
1074480192
83901492
476256944
15442036
224285242
278124059
150078976
249787913
15324851
538185166
1262099252
78403308
92186819
600463589
1096059529
247334603
115733549
339822881
365530059
944917346
19028248
1068481578
132278386
970207298
109071031
1151590614
93761782
76456274
33537967
7334402
346637907
16473577
1071402577
109287731
18695134
135297032
60828944
1099199839
17494010
72198806
382791093
1061029050
43910797
250188760
94154021
486694111
242555999
244243985
242836537
293131808
35567751
234374703
1074518754
291756142
1090002997
612117635
28602948
1072382221
1080844782
968650362
19808819
1071102246
88806753
303861808
38254095
950783972
1074412920
24913074
248735463
942156122
245451804
249348006
158398519
1128514404
1243902714
193732179
29501253
1222257180
30216513
161411080
785414496
733860720
1089859058
36686040
1037321378
108376246
19139963
1305596696
1260172386
1135486501
432771620
28599820
15361570
584012853
20552026
50452197
85396297
140519774
31611298
1060984272
1058807868
1071900114
95236960
41017380
1128781184
17198100
137794015
1077121945
11527072
29450962
249410485
1060487274
168673083
235373000
26637348
76132891
1339931490
53941120
36948268
1058520120
24195214
1071840474
1068470480
993153006
1092979962
1074101017
1045853744
199325935
518644221
582070020
581141508
153486399
912608010
1092757885
1060370282
242772524
558769636
148453195
48086014
167699332
1155212191
1335517206
159596067
776664410
23593446
28423263
1154894353
239905257
377534571
156333623
1058051748
1134292500
80612021
231510077
1072453910
1077446982
81139286
111635527
1074129612
1083448909
153944899
1059240924
148006729
46016028
1072008757
47412499
995193054
1058917562
1068499286
1206227149
112740986
22669526
851621377
117450157
510516465
114607567
975200486
550401754
1089334250
1209417007
267854863
14984637
937723303
22012091
364415553
305620929
18137749
442824717
1055907624
242426145
21406834
75785294
232992031
310310133
78445977
156703580
1045110018
966442267
138770045
236511574
1262814457
516880804
1055685948
299883942
584912320
163570705
11651202
85365067
109074367
1090009730
25562002
19667766
28468549
48029066
17074714
17064466
202845710
21941658
578456999
633868204
756862771
18773159
22677427
117821436
1418935861
122423146
55123211
372520662
104299137
628509444
216503958
10491312
72257171
33600887
160561302
375679431
9130702
183654975
15829436
357919952
335996055
82409533
14587949
104921182
82447152
116067096
20267484
18475772
27114180
22563305
105174965
15646174
37940492
61853389
731364674
18090660
117821354
374116636
301112153
18247062
222622640
14555125
17171111
175097133
84075775
254082173
5693842
16320634
21251668
7848802
93069110
234186830
1364930179
17006157
1065995022
19987334
63174700
136550204
544393839
189258194
196413591
431580008
779065633
67685432
22508473
11838222
234370900
14858000
960696949
166990746
26487169
281610530
56413858
172858784
6577642
46002396
7309052
479813224
19611483
148376661
22771961
12685742
44935627
294902433
7356562
159609655
15918708
188342608
1055730738
554510603
30258963
607289206
39155029
90077282
21252618
4207961
184136149
60919240
16250929
57770539
43409523
15463671
123738314
15826822
37723353
282545479
500704345
16012783
599329617
70258299
733751245
611853558
16311797
14662354
787373558
16261445
48677784
23080711
14688489
18915795
17291393
254117355
21619519
97474887
224320485
22831423
17997175
16261513
18873711
154591966
44401911
7039122
313545488
104237736
16630062
325830217
567562934
44062801
7744592
49140008
11611052
349380723
59676104
14268812
188478027
131204770
2884771
409394423
133294368
546135718
324095750
5447242
14989516
213182436
112604826
103087786
15735191
20742269
75367781
460677016
118756393
19417492
18633493
44104395
5336752
30864583
19186003
14870670
282093902
16424044
21612122
245372368
460486951
40349928
489993730
18776942
381189101
275572403
18056015
97503010
47438401
27048645
22517990
380581302
18736652
57428429
55338463
557806506
111544484
543544595
470500512
455428250
12726012
18451200
22523087
16303106
113758100
14377605
14434063
16017475
354933574
16129920
27901418
4119741
19268706
15976697
35218566
14159148
73181712
9855382
30313925
113420831
15764644
9624742
222953824
115979444
257234051
26607712
18314743
21121491
18215973
21111896
519931920
46176168
378362303
119881360
26942962
17524814
71070614
367886281
84119348
19836712
19863977
20545793
448314243
232287587
113127789
201145649
247416314
17061263
425505686
17959210
348106758
36553332
37281592
46681100
85131054
42869411
17910554
15689503
18822612
15224867
76043920
86129724
18020081
5815162
19107878
18097821
71294756
29216764
17409240
139817960
17066992
14692385
21674448
20808089
11018442
158769098
18983793
43919633
23970102
40116885
21525246
18805644
21010214
259395895
14730894
44209472
110445334
16031927
131546062
119909959
136337303
476050676
52992670
227525068
68465437
164371883
38593139
290091690
98797274
492684333
19521569
158129535
16371887
83603750
256178459
21220931
71323944
240393970
43920155
256113470
119899270
15931637
45270436
243894841
249776822
20692197
16157855
44177383
84129740
10840862
364564017
35002876
35829796
110974198
48205983
21301913
223970563
333048973
113047940
5741722
115754870
25101996
14839147
371465104
50325797
14850576
10228272
10326832
18906561
26083271
239949176
82653001
6519522
114756202
37184169
99645483
110004599
233695891
150110556
24852012
224391627
83932732
176950935
17346287
233783568
298624363
214263265
104560169
59987813
14885305
214272447
106514937
5120691
20402945
18949452
4970411
1367531
12133382
15012486
14437914
28785486
34713362
14293310
5746452
4641021
972651
7402662
287413569
16669075
73190286
14803701
237418907
15113565
16187637
20776497
143798379
18170310
16625082
21301933
18622869
15731751
17993906
28652194
233737858
17093617
30043495
3108351
17277458
15754281
807095
759251
15661604
39308549
15513604
18678924
108617810
16789970
50073507
15399512
16097702
428333
6017542
26533227
61798379
23121519
63812059
73238146
57914321
15523018
22055698
16725341
78117854
22988010
52758395
202206694
21269970
264219447
117537998
88784440
262756641
19726613
243797058
13218102
133439172
73303753
76649729
216881337
296361085
14845376
18632666
75364211
10615232
212262370
20444463
221162525
211588974
18216752
18915145
229966028
21157904
229592356
5558312
266133081
18061669
47975734
21111098
37007274
77250424
40318829
54412900
235217558
249288197
76966145
10102032
245408102
250710495
241207373
281540744
37094727
117777832
240363117
19069733
18277655
16102244
41363507
14904437
15281676
224294785
240385577
20053279
221447516
76452765
18166778
19929362
19926675
18030431
55677432
233693291
34340464
234128524
235312723
249219716
16056306
237312687
18805303
16256269
24773493
20879626
240760644
237348797
161743731
234057152
17674136
236899846
236541422
246341769
21572351
155642785
198526130
244268646
252819323
33655490
51228911
235251868
70756980
70799725
235271965
240427862
211901075
17544524
137407124
19658173
20088666
52503751
50152441
48117116
22831059
25086658
314335929
15856366
21329888
18967498
32506723
236479311
15116570
234469322
14275291
36654245
246769138
235190657
22527499
237814920
233761277
74198348
237781383
24735461
85606078
242873057
190328374
222286905
9532402
234937222
213634439
236960387
240376522
248850174
22055226
234022257
22703645
26778110
26424123
28587919
50769180
51241574
20015903
18280993
29766367
15745368
17074440
32010840
237403203
9252212
27676828
12788332
2704951
14345062
21425125
237944147
237763317
17339339
22234257
16190478
242376736
248699486
239561508
24183358
20209807
23124635
17800215
237750442
193794406
5561412
28176898
22545491
15751083
218349372
20467163
237299871
249339682
19616327
813286
18208368
55235265
21660348
242761889
235289157
60618233
239871673
78431501
20796447
233842454
260845829
18811140
303603582
278145569
304575492
25169797
91179070
95419804
36117128
233949261
37419748
78369108
15646547
295685416
17064390
236916916
211420609
19407835
26596727
200542610
300884653
18317325
23712174
201079432
169667921
234837632
16700729
248543501
305653987
61083476
16827173
27744185
18172905
48115928
76707735
18122308
16032925
15210284
17546958
55394190
3135241
15210410
19658614
20094138
22051241
159588456
153784150
18164420
18194898
25565646
50115087
11348282
84620376
74294786
25159286
26278266
21186125
16624174
106597684
19568273
78408666
27027979
54885400
66369181
10126672
36681590
31310158
40923348
8775672
28576135
166281051
14527393
22718322
24782897
251806802
22192337
23455765
185852508
23844157
23517712
16259594
12413892
87431232
44089820
23757495
19345085
39384517
15647676
20097342
18905115
23951197
288308178
7152572
247723476
18646108
37764422
15302642
14420135
104198706
7429102
14216123
15731368
9508922
14412533
20608910
15416505
26792275
20733756
31127446
17454769
16581604
10168082
5392522
1947301
5988062
23103488
19739126
20192403
15394954
19394188
28113052
12272322
20733972
42924141
18566912
50055701
58379000
5357812
18915709
60984835
20713061
11134252
197496309
234053893
242926427
15987296
17397143
49105595
26331679
26120621
18313199
24652356
17062230
103678590
17968719
16672076
16476596
17411918
91396422
20174627
18141863
14836282
38720882
15951223
17897492
145160124
18192185
26565370
20969617
18274719
89055713
18648150
18727878
11841902
23849615
16151355
17217914
44767773
37071272
53266952
39207632
34523410
74176402
23394127
8512722
48009187
22435261
44502354
71150976
7126672
19599446
12765522
28817252
9915942
15718014
10292132
89286554
118803704
12814822
17058879
36101055
19775740
49138287
22047229
103348972
25446308
20488388
55329156
20294206
43243022
17193201
86235125
14178874
20786801
17387589
14414604
65493023
35022147
241960868
18994290
22341950
34425171
44769565
28768235
220530686
14104027
142383345
234822928
16015621
15923226
237862972
37428721
22296258
42609957
50017875
58415867
23567128
30401595
61391072
56679400
36452050
33316877
14840162
50317463
19850687
29350302
25634203
19114646
15886750
25770408
56532503
27943433
26089178
61897213
22956220
27311044
30801601
28826602
20347670
51964801
15153236
27157127
27830610
18791763
18497595
49697450
47033922
226407740
273795671
221397417
280185497
89609429
280234212
17992453
265682815
15909372
72129678
269084357
148349406
25029390
260807192
268621713
20538410
125497063
112062206
123150166
16385605
27754737
18332578
46034063
19039055
22089053
44035242
27307053
43311708
22233925
15950463
30473755
21227726
21596751
19786336
37023740
14816063
26733956
20347310
39982256
45387353
16272370
24278642
11102352
26539097
2059051
62336688
21436506
34793128
9376622
9283282
21496427
41648040
14728782
21044127
28478793
55991727
15576494
21707592
28162811
35654845
13253992
44403079
37357729
56923315
51077441
273274289
16509580
16156047
16232940
89787930
272677062
30974710
15600527
77017567
18058317
21343653
16090230
14821347
147956779
7900962
197163896
243951377
191688736
26277713
267293976
151077858
269282091
33778988
44208886
44771744
70171397
43572699
55882303
19885377
239964567
18217624
17896154
46557945
76350004
23970171
10069282
271412809
77917863
175525908
8953122
16098881
22248992
247465656
71036272
217327603
65577676
116766949
15274836
21797269
18323740
32155953
59804429
16735025
142721190
240365217
226633929
237770636
20706302
8542882
43786425
234812598
26051676
126644609
264458813
181800245
18953266
123921744
40336162
74400041
39567648
68498034
119315975
15226143
42954553
91617894
28321424
62969197
35671474
39295587
17601606
252621609
62349072
263954983
5906762
242564359
43955137
13058232
12925072
18267091
15574960
41533030
38003948
15671214
15273001
33755606
16856670
34049977
33306199
14372509
40798864
47174445
16729059
22883967
23026604
14807294
46734259
17971670
46940882
47073286
31048444
11922842
16042788
19667078
21501255
21053747
39796592
14569735
24100116
24645354
15726358
16373550
15736656
22957295
18572616
15887107
23711425
30230172
11155742
30621351
21040094
20527575
18087450
36662949
31059685
32538728
60348546
49273832
45982224
77568863
58410535
62928539
37191821
53221588
32924010
95205720
39538468
101358518
42016373
73774016
142824614
59802676
37928750
134926562
55992348
30681986
230981077
110545675
37877645
213795255
256646862
31563456
18294521
18727438
30906163
186393791
239674697
257170128
21873714
15948219
16071078
16278563
70769866
19734025
104238833
193684094
14625865
124942059
49224286
17107316
28611120
40875530
36183582
21873058
19288813
25941604
15809321
34678937
19766278
15693497
20833525
43293391
37080099
17173475
53229950
77651007
91038197
21209087
82411750
18240417
108688171
91700439
97962058
128049980
87611901
45641358
73099646
35132974
41517468
15978475
18019121
16360607
28426047
25946686
5511332
38433502
127919146
11999302
236688242
124816474
31697041
63754981
17830801
17070787
19632485
114854440
249327947
261289053
31181080
151071624
119184934
70478508
53673505
86503110
16682379
18221018
34537273
20113397
18108950
14637609
255696250
191621740
17955879
173973998
17008328
260393868
14065543
18176907
245248304
260515787
15965143
229565125
83235893
75567037
21172128
22272027
14750858
68730426
72326152
231898286
105876392
105368621
16272976
16109950
15753362
30563759
256342543
254775647
81079357
18534190
188162041
245419752
182128532
198300240
17002464
29230651
14363739
16974191
25341828
17025312
29638506
15526287
209107302
121089646
177081110
85742782
45640578
15958265
41758974
19477654
259091000
122483222
104727439
43632419
39839935
24533117
23920295
257235676
254736843
223583827
23278212
14542355
18837690
36537864
17964653
15583262
25833825
199689043
89024005
26248258
229735822
30428249
23129734
180232514
221452291
25393674
17295912
22816138
37238868
20417835
17527037
16029177
206627186
14176902
35767916
17226172
15657528
13396002
251695923
41404738
19478383
191958788
44070037
23135992
21351432
26863393
19396560
252115520
148393922
12379282
235258843
22509548
16833212
34993057
31565795
22403377
45187586
65589378
211809239
21081237
162146576
97819221
67447390
54493958
254777469
137796394
36588739
40088181
157771777
50501766
22528309
67323033
23777184
33621649
14411042
16697527
21757798
121917101
118282502
256799206
22187339
213295223
256744995
22279047
256637300
247039533
76799248
18972000
17971429
254742760
89814216
223935697
74454029
17381346
13111362
207501788
16703058
18105459
252819642
9105802
186881077
75612668
182464464
22202313
129095614
223602640
58330347
83662443
38279493
14468043
158354454
31088235
160514137
62758291
16306404
30677694
20459347
23696410
127677915
86308324
19499541
33193756
17525155
6549332
16079330
182477041
52358292
15871505
149993722
254652624
253416518
225988631
117638103
37435717
124836843
92385374
15092872
250393938
171208027
18865635
4193371
248276923
248053828
14913540
196195951
20043247
25455114
104277864
246456414
226250754
16006551
24464020
21123009
17433632
25108095
17699523
20643650
21631487
9486552
16568788
20023047
18101925
254247743
53935392
16810321
15847001
39183389
229197216
34698840
233557728
45450902
39836499
253354004
253149069
252147819
235719973
24196000
196517253
143736989
109237155
15753988
39744200
37635895
21838451
18073211
16186916
17227545
22276232
40159637
39511351
58525147
41715854
18872519
252937918
230632759
17855061
229969348
229137434
106800773
229969947
234797704
110938136
53112612
50353673
10691752
26217173
19276257
74591797
57669623
37376499
14850076
41013370
15707714
15243880
20079353
239395973
50729420
237338977
180846357
251876164
250746267
245892191
10974862
245188974
226273650
224431990
196614964
138908346
106774952
52118721
38406300
19475281
49675495
28923013
18890707
183860084
41970321
22542275
43266953
177046539
104349316
96550754
21917807
15832929
22233470
24852546
52405458
179787619
21846304
17491145
16600574
32774989
109441206
32885891
151100153
41947451
3137331
35243343
28263009
251339050
212672791
63796828
11917112
73448937
16437135
15187032
14946895
110521236
98282126
45745843
8493872
54645160
30467603
17678978
202720442
173334693
58602902
15115172
26472440
23038458
6577802
15985455
18916432
212600506
18588822
18399354
30050899
21821061
20635633
16890518
44325832
18695901
245378929
22169488
98944905
15984306
249327401
5283382
22456513
248894471
107584562
46126764
18793575
16130949
214578794
140979369
16886150
44215945
220582239
172920948
16692057
33401666
19408986
17100255
49964679
52316850
21057434
61269661
91127293
21166022
16672662
21978906
17316061
245854316
142300344
30045475
15572307
21238440
17907878
53678140
238415059
237019973
214057365
198841830
9427572
24186110
15747938
12896172
15932085
38865377
172819114
21857709
127636369
17522884
45188977
34758299
160682917
79368271
32265225
23258618
15693025
23134068
17078632
14562259
33977070
21040780
246968647
246089288
245272138
244985138
244366417
236487888
233601235
230937942
230635989
222206854
219429281
218906989
217543151
196416528
186187675
172833512
24929765
168485883
118557634
34113690
110863694
15207668
17266434
16632200
124458035
124224165
15029174
15759387
14344823
5496932
41445718
17166210
50434933
14934964
15763092
46813718
17976923
30027177
24946880
15075753
16753058
196448272
99846498
104615577
97932552
18658082
18978469
54322836
192051010
136682183
110918004
39363633
30754847
18697188
17920055
15481585
121787086
83455758
4087871
16815644
32156297
24369882
179205824
104570561
37461389
146570056
14669951
14554106
238321369
225921757
195783230
161791703
155954102
212695625
119074030
100330043
56024295
52789108
34287054
86364947
24468364
24017268
23976316
17777458
17513304
17120599
15356407
14132503
18139456
37920978
71281860
15961546
209792690
26604072
15922214
9300262
41634520
15675138
2467791
14529929
26007752
21678365
14738157
15160884
15428227
7713202
18891923
