2615822984
940368062
17477109
547969112
123623487
855532387
2305577436
15092752
3239275789
116981397
26120621
459084679
389592243
1902151532
18952278
2307316123
22545491
246769138
902755939
12789462
1599088340
29757322
275596863
94847203
73273862
62191196
517950290
23027289
2993859854
221597517
2172290095
1358042634
564008314
2410109210
615541871
442043812
1444569792
3243492242
1373164837
2441091258
23081497
100614048
15742985
2425104132
2428440420
1575858080
1635778980
2557380085
71293306
159615116
197843161
2544331459
1314612402
1038289909
2546408312
2156322162
16224698
1458145814
1308201361
1308169411
359403242
2229071815
16272232
18624182
41272646
3073015444
403863528
281796440
2510717210
17832208
2916103574
242420369
138859067
18294596
3195485544
615558156
109636042
2349166578
184876259
31479747
36459535
188335086
44653060
7113852
884648612
183767243
210710868
322083217
28594261
1125335904
74166474
27938485
293267782
1388223884
1220205126
18416839
262348056
787869362
71107667
40838218
70233532
52188496
56179256
285159912
97266339
1185314916
166348464
320293368
947502896
587220238
582245600
15552221
33809150
2376022939
15587355
234050183
434634299
29825108
88480888
453510440
1864694396
42027861
91548157
2494736924
34144959
251753170
351124183
889781113
65874258
19017604
114965288
93288759
2472706947
1427628547
3145925459
15496979
3149805223
318727728
63813396
437697168
88772059
16491993
93685812
3091263742
1686088537
561771173
2732549042
25826256
71729434
515925619
2923606582
2367650918
3040253278
183166373
1405337395
61531021
3224970997
888621
37540072
2994714359
885696506
1906012495
247870043
411902451
2856927247
26951798
29869592
2915722919
1902725179
574170966
435853580
29246575
63216135
525651238
433098000
466218562
373538220
3141400096
3036796520
3038147526
3131482570
557119447
2548373420
28479161
993585120
37788615
17552494
48425512
22283723
482450423
25635800
18868355
2401958576
3047643877
587450353
889356049
2409506570
582990400
1304810694
27354920
180507825
54352672
137071057
1129061124
2919903991
2756404803
3072004201
17004586
59267119
212025177
38060487
67938753
1873356978
15984496
608866252
889736204
563898079
2255516156
251449052
534821780
588597181
529638758
582059179
74303349
1097268498
334389274
51740855
132999206
590990242
571483825
377207363
2359999549
144712576
242770475
19418893
22117936
2964949642
65691824
461759120
1051446626
308623653
2292715213
40357641
1963571004
3011540220
427524867
416765077
2734813518
1126021314
38189675
14226680
2314096422
3247147354
2816395922
121656624
48120511
28461190
155920652
2976598347
2962891515
2696643955
2964222544
344972339
2964877294
2750127259
2951574214
18773159
1058051748
76132891
237944147
1058256326
2847221717
1069124515
242772524
2953713339
235190657
2975091705
281540744
2953974395
1444015610
2964287128
1849261916
1060370282
1058345042
1077446982
1305596696
1623308912
2560169238
2730150631
2861616083
935033864
2966205003
2862577383
960696949
1908143071
1074412920
1061292174
976969338
254082173
2953494478
2253968388
2853309155
834069080
2965083477
2914515430
2929491549
1072008757
148006729
1045853744
2976606250
2966758114
296245061
2482022082
1883356866
912608010
249219716
518644221
17896154
1155212191
1060487274
935368364
33071728
2292074120
16104643
239843089
74919901
498857597
44067485
2308650337
36567100
24565826
2779894847
1401265242
341780973
58243825
52505728
39105479
93104246
464758759
47183184
250738056
74144130
26581895
518023834
16949224
14404161
1317327973
19817295
160292960
930293492
241140071
2372292854
37016616
155294875
189427379
356929299
138609858
172344918
3024187902
188848722
960962340
1009269193
2852998461
242761889
33523953
111368664
86662638
38484012
86645849
113572649
26142902
122363710
84918001
139172034
112269409
20607656
74005078
131259293
118753202
46388868
394459668
108510237
613029150
191875554
115840899
34716851
423282754
594081905
421710835
551421187
118207629
805461324
470349380
816604596
956055421
893938944
158070529
898773788
461558727
23164874
1668012048
1586574121
151777403
84450394
41241219
19979740
59521836
356269876
410128456
20544211
940228459
71604979
34990445
285565876
159572620
365112577
83694031
19862640
364474556
103057647
382459930
357791899
81716555
1938505303
1284896953
18569945
84123029
18533363
2284652364
725217518
2475878778
249417414
40716483
2573743956
110238041
2555979271
2467277552
428880240
2750449487
818059567
2642847487
860355552
1213483770
2783325186
2804624138
21722846
2806218330
2792902649
235674374
2793343192
423132928
940083685
2720592805
582001306
2920192669
14802820
372115590
14222589
3020365226
128023967
3040361455
3008639797
394478412
2159784026
111547732
31037273
375998907
2416513926
18350598
3094352882
244255050
2650363777
2848210629
3184255578
62874548
26607003
25112933
26608065
20010127
18124230
209953034
257360989
242817935
182915334
313375573
50448580
267299134
15085492
441369114
1518085254
19984776
141166120
50836715
1290622915
796527092
1564145335
142109172
1345592382
1666951951
1504456658
1707844807
1703451366
1711511576
35047311
471759353
1202758297
1669240850
1670437104
1544820175
1861333046
1959549236
559454038
1247581358
2196213498
16930489
831270818
2300352800
2292773491
1270281115
2309168041
2437340664
2437487341
2282425778
1621314966
2169055376
1519512270
2468205217
1561446386
1722240577
2596660052
492684333
343171266
2275392128
2320261902
2845359740
2845443847
2845473247
102137910
353526656
2303860652
3081675987
3083078099
378128766
119224032
2180854327
1720379233
2546407742
583875731
61311357
1427486203
360324255
2841200087
2434153393
162847449
104342107
475463113
465624910
424510679
1317009750
1071360236
107743610
60712965
42961846
1883939408
1974495078
16974394
119783622
95555486
401389464
449125587
275110365
19987328
411205135
550581242
754061730
22706474
18069486
2654306395
21108080
324474992
104598990
1347376730
2411527424
2429756048
2974803017
269042627
108401498
490632980
2340695821
73506221
2411056724
44763938
18461227
2595010674
402886771
1635503748
755672142
185841079
73027400
99124339
2179225128
1009887008
74280725
20823648
90359845
6245302
3158051042
1007822544
308174015
3030957766
20160893
264361128
1290203400
1868997518
14130020
347971482
1340076655
1888528062
40029338
2252842038
109383034
2174203453
68768019
234981376
813784075
2565853348
2418209232
5539902
1720527314
17373826
2330576286
2766859003
1969390802
2400958227
1095703939
19983868
26100391
2792478338
22741691
411024392
430065374
18032392
164160570
63563043
40834201
31285973
701274655
600764475
115442677
64183867
24498342
29327863
113194083
2263503506
595945923
628142061
375475983
96502351
49721208
48468804
51740030
1741626139
125817028
2332411441
23031727
398454264
26071396
3058894022
2868353169
175908346
70511512
91121937
349272422
56153941
3164925309
37125853
158237784
394392730
433115617
430130014
1684207818
287861586
1684212174
20217019
106096290
56925346
20478883
112860751
221843070
139510899
193017887
44655711
158427758
179183600
28006232
19992596
278240853
158494010
34715823
22154680
18588822
130354634
14463151
137472360
101918522
164054177
69122101
212250771
17494094
50751917
19093746
14600495
16154568
25755336
16029338
284994524
38805559
46190093
28450388
54987763
15702490
75339427
71869486
16232959
241524650
245200338
18348932
20220277
47195545
183292208
489772806
478263943
477339837
460266087
478192195
474225489
474002777
73401417
605449487
617564012
1143339926
275073573
104893909
81203564
465612062
862367420
270340503
545987764
597041913
89093397
377537482
1730716639
23636362
450963453
15916674
24192269
1532793774
2329044390
608826805
54887383
65183859
49149829
271432134
20289191
1485239826
14235272
254777469
84921665
2497264310
616780155
24171238
34784896
251191524
522526229
352562099
56735159
120300771
317279246
18163042
26596727
42930296
2559111110
94197072
43173060
413466731
82649797
18873711
19808819
18576537
24671555
85796380
24506246
406255275
19489239
58562226
432557320
271441733
15029174
26424123
233842454
975200486
234906311
1071900114
1058807868
1089334250
1322558402
1065995022
11651202
1072382221
6577642
249339682
84620376
963480595
240393970
17091571
118756393
38495835
263758909
50055701
733751245
457984599
23022687
1092757885
32007346
576863961
770120310
24904117
1059240924
44612148
392810019
254189974
292131326
531524384
531525569
248850174
137407124
26537621
15515169
314335929
950328072
1058460818
1048784496
242873057
235217558
18956073
584012853
45842973
19173787
202396203
34713362
20402945
7597712
29458079
248837329
488679352
172414996
220081296
186646579
885149478
59822164
182121005
27676108
80940214
48459553
21434408
161533318
71403780
17090066
110545675
282695161
415836996
144918041
18294521
64723403
144986277
22047070
26946495
450697476
16051471
64594059
30049463
16790565
555954766
34947683
282093902
239964567
309267226
381736092
402719755
402029058
550401754
20686232
20791372
17965110
112047805
272542662
17926668
23258618
19784906
56492347
21213276
14700316
54445020
353922759
61235449
24725278
187940165
100330676
306241620
415103320
41445718
30329599
366825119
47975734
361447933
460677016
529973619
131204770
216881337
36683668
111704438
4970411
14857525
15762575
14361155
15181912
16423253
362688424
14698733
41190559
39288218
19556746
16664681
15754281
20182089
17469289
21301913
65744750
17878650
23562007
18026634
201079432
36644927
145773758
46167816
106837463
62571158
15164565
20683289
14173315
342887079
115256183
333692333
56401482
12889162
37666984
233737858
88784440
339822881
22946048
34523410
67356654
240376522
14828860
211530910
211420609
37094727
15393337
15560653
26565370
30875418
19349317
61391072
16051808
29063765
18978469
40653668
15182074
30253471
25446308
17813701
10102142
183310120
12765522
17235172
296361085
82657929
15951223
15444711
143798379
18497595
149269179
23849615
18915145
234370900
5496932
55155523
26089178
20776147
20060878
218975278
25073877
15772453
516770202
288369615
246447524
20061706
235289157
10911792
28811251
198526130
68270085
18451200
166632958
14335880
28628850
14434063
11856032
93069110
254186356
15234546
14745164
20378448
16180004
14413466
11384102
7702542
20745469
9624742
17291393
12044602
21313053
28785486
14728168
221793778
15537855
46557945
104299137
21307076
47694175
33655490
14845376
2884771
15220768
16125224
17004618
14515799
13673392
173999134
47632905
8839632
190328374
60680268
451586190
14738157
260581735
112907328
93902203
33480171
39449681
3135241
16833526
249457483
233642393
36042670
16859939
83919094
15576494
15782794
55882303
33824416
55885084
25817897
365284921
27602545
26587639
19605160
14787341
268446727
390422166
24689908
40623989
18856444
7259422
34757132
20617222
362875460
29452554
59801837
29620256
70468535
18466403
67012920
28909360
63039818
149180925
15912113
89820928
14437914
15279429
16012783
14790432
18958999
6519522
79541275
1769551
14677919
17349381
14654552
42460019
45994332
16916799
235271965
4207961
17910554
23946892
278145569
102805859
11771512
15075753
19805496
32521584
22233925
229966028
14615871
45190383
16467567
16364399
16073043
150110556
22109355
59130623
21768766
252296570
18313747
256113470
16925437
128707668
69091913
171632862
15450996
34927577
15224867
25113905
196168350
23962719
31896742
14730894
16371887
7039122
73206697
236487888
234797704
14587949
203226736
132234491
113763245
19679854
18983793
50434933
5402612
16311797
372897308
63599088
205751192
49045755
13393052
1917731
122212010
69749781
72955172
30497289
21829541
26122639
337837911
14774189
267938462
29766367
13115682
14662354
7684882
18622869
19416225
17093617
79743108
16630150
147855564
85606078
15954472
61782928
14614786
357582134
16227442
44935627
21604766
21354621
41124675
377083162
18999261
21730445
19629840
72936647
56535795
56338089
22170482
58875245
56724209
25586746
19308401
18583823
20077105
20634574
54446384
59233606
18927538
99110076
22033957
55355028
158420771
18804691
25505732
19160165
19187416
27099428
93687464
41587357
18163893
16726385
22915667
16386887
93946789
92563743
19980678
15721408
38766496
26652016
136250134
35829796
288308178
85131054
14075928
224391627
16045956
24439201
90077282
98543618
18097821
50073507
237750442
18061669
339852137
99983754
63489388
18029561
244167280
318136173
380581302
148477475
54183570
38260036
366755225
258366201
213767557
375764830
23433993
19663876
40711814
19083676
122396513
114916322
259802031
67406955
85395596
52419540
18646432
111070715
67039363
54085152
72614152
49827406
290106314
21130667
16952753
9721292
89549779
109631779
20110021
19109461
15228276
23921817
17505090
16810496
34210203
16150440
91400555
22696550
44992399
37878451
14308014
17623512
39325158
41485528
39607885
33534381
36808847
27055095
24938348
29546733
17491002
101815678
18487065
23835272
24983393
21435703
342278244
23125615
27689907
21878458
16160352
15762819
4923811
23103488
15159913
29216764
14246001
14688489
14270650
21901272
204386512
23973440
64448274
59307126
25726636
14012082
54981001
378280964
110346479
50376557
244128288
16140124
20295222
140289561
191477653
137466464
18780213
28676476
19354391
18909534
224320485
121312996
35027698
43409523
12354832
130945778
33222598
112526560
138479037
27234253
20786801
23124635
92079350
22956220
15463671
21536398
10840862
136300373
45479651
78709964
377016559
131658818
17491153
368918608
84135023
23359363
22264171
15705830
93905795
6330762
150747404
255765664
46472756
153883005
43360303
48245681
8934762
18683964
15739494
221563863
58683409
326208966
22924446
20461521
46927338
261918703
96405362
233601728
233999760
148771088
24926288
102171691
22547819
6278622
17340781
158565222
105929549
160674277
169586280
53127197
106514937
59676104
20474813
19417492
234022257
17409240
179245596
18206410
95621217
19539716
17850268
14068794
41272328
281647098
1501471
33049529
165148025
70813085
15738163
20508720
93652097
26782124
245601473
79115393
369809566
373311804
37314407
23220731
376343078
37696896
374860078
90408018
20634611
234822928
217205092
232613178
15726358
22166856
28248847
17392020
302414133
20444463
100363105
373559389
161781825
68133579
195897926
21693060
119048111
15769327
17251787
78699094
44401911
17119688
1351671
14224719
11702412
16187637
372390671
89519316
128586415
47654417
16007460
108200472
17044233
86763368
32995184
38976390
309883487
15309064
373822040
14433444
25105436
113214730
29096542
50064327
248735463
132201224
351666422
208262176
64033016
253186785
46644822
273992516
16789970
38626964
213713264
142715397
44438256
22937104
313575255
19734708
24703826
26023481
340333435
5976482
189180763
239421648
18703385
274325894
18111592
342931674
21350370
20562637
167480070
327538371
56779441
152891078
115510843
373212334
39049160
373091237
67935352
269564321
17346287
15439190
143896190
14763834
26533227
91038197
22651743
47438401
43919633
14703188
12925072
305620929
262326533
372862603
361312031
284742585
35002876
19364382
369586717
70961675
364564017
10615232
87798068
309880676
38098454
72547151
284613054
99945284
248699486
250710495
234057152
240385577
234053893
70756980
240363117
51228911
233693291
233761277
237763317
239871673
244268646
237299871
124224165
252819642
213634439
234469322
245408102
24852012
236899846
299883942
295685416
235251868
222286905
218349372
241207373
221397417
350695912
22081525
89273569
275339022
233949261
169171954
369225945
39328779
295927729
30313925
22508473
132333315
25138890
370076582
279634424
351861628
344516847
96442308
42081431
116534252
289716353
166536928
215287647
348556458
33530012
371118053
336160087
18594789
16424044
15724082
237348797
26820275
15988710
234837632
14717197
16017475
235719973
221447516
115485051
15727817
240427862
20245031
46681100
37007274
15931637
237403203
35474809
40553282
16787084
63796828
237312687
237781383
17220934
236541422
13524182
18967498
237814920
43963249
4119741
10774652
247723476
14511951
71294756
50099768
234128524
15075999
113047940
16129920
15012486
75367781
15689503
15923226
15458694
12272322
225921757
234812598
24063730
76350004
16887628
71627462
114756202
23492750
25589776
78369108
19268706
14245378
1652541
37764422
27901418
14293310
243000634
22055226
20269833
13493302
342130924
352462668
15210284
14334532
17544524
26472440
213182436
259248305
21982720
113420831
51241574
9252212
28819823
21301933
110445334
15731751
5392522
76966145
15745368
20776497
15731368
21969829
154591966
18678924
20053279
18906561
5693842
21612122
69773058
759251
16827173
18812301
40116885
30043495
47739450
46176168
5741722
17078632
807095
6017542
9855382
17546958
18280993
428333
209792690
21674448
15675138
15513604
21220931
14412533
14345062
15918708
23134068
22703645
31127446
9532402
21619519
15416505
22812434
18696134
78431501
103316756
16157855
52070270
115749048
110512213
44945918
213795255
231489753
8940342
14862639
16446177
13
14514804
742143
14159148
140485778
130600206
15256077
16815644
14430181
15937190
223970563
22055109
18208368
16366471
18963842
65502117
42924141
31081124
24234881
20718562
39986021
52992670
141084952
156767309
47720065
16193222
41019773
28652194
14839147
56149176
72579376
8953122
18441863
18146481
17611447
19107878
16072058
11856892
18723427
19740592
108617810
34109146
21010214
3137331
17995040
2836421
27531338
214144960
237862972
236916916
195039023
19719579
208361818
161743731
2467791
191613738
107114063
56413858
107128390
23480020
16340501
5336752
16297707
14989516
16989178
18378801
15728161
25101996
20020759
1025521
15647676
169596992
182824991
97503010
33514869
114607567
48029066
29546945
2425151
16245822
147649517
16336478
21224756
20180321
122207745
18915709
21509894
18834100
221162525
18170310
18545786
28147238
76773857
18791763
40923070
24905240
104904750
17490662
24438725
40041652
3108351
27311044
18805644
15987296
17061263
76649729
19028248
18020081
117537998
78084813
20252855
142321780
18924570
90484508
114388293
229197216
20733972
44177383
85794542
217469201
193785644
17454769
23970102
1367531
19553409
108351678
36681590
28576135
31310158
8775672
66369181
21186125
10126672
2704951
28195764
103060329
16031927
65493023
238321369
236479311
217543151
240760644
239561508
24183358
11134252
18216752
22528309
60984835
36654245
10168082
19739126
5357812
15207668
15281676
5815162
11611052
46002396
20852423
41634520
28614262
39308549
27245742
27744185
17918065
50769180
9300262
18646108
113758100
73190286
15922214
5988062
65146567
16032925
15976697
12726012
74198348
23121519
25086658
19912734
19139963
23970171
20088666
33977070
23951197
15600527
17513304
23712174
41363507
26778110
27676828
21329888
32010840
22527499
16721061
52503751
46016028
24735461
57868674
12788332
18891923
14344823
25381869
17049840
19658173
44951059
76043920
20796447
19069733
55235265
21660348
19616327
26051676
5558312
20467163
15751083
55677432
19407835
20209807
40318829
32506723
37920978
18277655
10102032
15428227
14669951
18317325
48117116
6577802
16102244
17800215
15856366
34340464
23976316
19926675
14904437
28176898
30864583
20713061
18001922
20192403
19394188
22831059
15356407
15160884
13218102
18030431
18905115
15116570
9508922
7270292
20097342
18805303
16256269
21269970
8542882
15661604
15378621
20015903
18811140
22509548
16056306
14410652
17227248
5561412
17976923
18916432
18166778
15394954
18217624
15985455
