20015903
76350004
84620376
249339682
242873057
213634439
1074101017
1045853744
234812598
2869746172
2862577383
1089334250
550401754
1051446626
234906311
1128514404
248699486
1623308912
1444015610
234022257
234053893
36654245
234797704
237814920
190328374
233949261
15281676
114388293
22527499
235251868
124224165
237299871
18967498
15856366
224294785
34340464
33977070
23022687
221793778
2930635215
234057152
244268646
252819642
19658173
2933760046
2730150631
2560169238
233761277
1058807868
240385577
1058345042
234937222
237763317
252819323
236899846
19929362
15394954
219429281
15600527
584012853
240393970
12788332
16187637
114756202
234469322
13877002
343171266
217543151
20733972
17800215
2978291435
248850174
2962813893
237348797
2253968388
22509548
15207668
234573331
78369108
7402662
1137600571
37920978
237750442
74198348
161743731
26424123
295685416
32010840
17976923
5357812
19739126
555474658
264219447
299883942
23712174
18916432
7713202
