191589342
291756142
17539497
2786564756
2560169238
2953713339
2964526557
2933760046
2929491549
2847221717
2953922782
2966765501
2962813893
2750127259
2962994194
236960387
834069080
2966205003
2953494478
2914515430
2914571740
2696643955
2932617195
1324891934
245408102
314205957
2965083477
2964287128
2914163523
2853309155
2862577383
47798449
2864384387
2852998461
2953974395
2750079643
2463231110
85606078
14587949
1849036435
1137600571
249339682
249288197
29766367
41445718
544461626
1366994324
1653186608
544349775
113041591
21613782
30447734
130194029
23516976
14982083
26156484
24710700
1060370282
16472929
74149566
26804882
272129962
35673815
18244244
64800805
238706098
21782431
50463350
32542266
362055175
21922584
16285710
29739264
104838177
100367386
16550142
395418510
550597853
567173953
237862972
935368364
18956073
20624714
12296312
139782438
15212187
10168082
11348282
16440677
2194467816
34402366
93898319
18061669
114756202
19611483
8775672
54885400
10126672
18458348
91928673
66369181
807095
49304503
3108351
16669075
6519522
78408666
28652197
19304414
579077804
71582798
224294785
69057140
7402662
12673222
14107459
201079432
248065930
64533011
975200486
17366486
1405337395
52779839
135931182
14803701
136337303
1418935861
1246763515
543632214
344201516
12788332
1045853744
1074101017
1065995022
16225298
28676469
43398438
22548614
36681590
55076952
21269970
17930728
278671632
278145569
55396775
102487643
22485248
47413798
153535476
5496932
237763317
242873057
244268646
247971267
242761889
247935725
69666298
23609799
62590119
15020143
132047442
238321369
19392245
8612452
50434933
18583383
235251868
35824566
218975278
20563513
40665170
58639241
61299332
234985706
13871102
21236667
233949261
31611698
16672662
97594214
235289157
236541735
15762819
47626580
16859117
221447516
237351262
237418907
52866550
40615400
234822928
51424810
83917784
82670603
194246661
21316821
209792690
236883857
234469322
52789108
217543151
211901075
212262370
30773016
234812598
118702592
55307236
55914930
217099888
24852012
154591966
76043920
76350004
77250424
113473917
22545491
124224165
7713202
5561412
18217624
15116570
18916432
14904437
15985455
17800215
15207668
22509548
15661604
15428227
8542882
76966145
6577802
15394954
18166778
20097342
28176898
16056306
18030431
12726012
16102244
23951197
15356407
19929362
14275291
17513304
20015903
16256269
16721061
19616327
19407835
15600527
27676828
19658173
19139963
21329888
20467163
19069733
20796447
22831059
21660348
19912734
15281676
20444463
32506723
41363507
33977070
18967498
5357812
18891923
22528309
19739126
25086658
26051676
48117116
26778110
23121519
23970171
32010840
20192403
73303753
55235265
37920978
36654245
74198348
66526516
18277655
26424123
37007274
50152441
76452765
52503751
78431501
18632666
18943852
117777832
63150856
71281860
78369108
76185102
24735461
84620376
19269183
68986943
15773898
24183358
18566912
133439172
48809111
93575832
68834620
63650107
161743731
21509894
229197216
39834947
110893482
26062385
18915145
88784440
142332083
106733567
58883032
211588974
14845376
26324609
59969802
112651673
19828669
136526394
146099856
18060563
117150125
81191343
99645483
31191969
25645556
91578313
17544524
69086398
33655490
59223077
51831703
20115740
112907328
56469022
38978018
116616867
83884063
27044466
109552764
116604329
101843722
103868633
112508171
114388293
56944812
113763245
211530910
78387677
23820360
18056015
102777642
97963837
26809683
45994332
70799725
115703194
39258707
115402745
22983019
75339427
119884464
77839894
97171189
20879626
50036176
76445672
108959334
104598468
21048033
18229117
37094727
27775884
21346398
50918998
80956768
19188991
97803194
23775782
68277792
110545675
125139645
74759245
93965901
47341545
52470438
17896154
70756980
219429281
224391627
225921757
234057152
15751083
10102032
40318829
15160884
18811140
228772249
22527499
55677432
18317325
15856366
20088666
19926675
20209807
24773493
34340464
23712174
18805303
23976316
15703576
15383439
39274679
15493728
29564977
123738314
59551092
133368415
15676991
16194855
17391442
38431540
188305796
109440495
28240319
16637117
19326390
14475481
54322823
40919153
143240580
46211403
35766445
63483129
122259804
14981817
92449229
33981209
115578482
99169192
163903231
17976923
24539426
