37938191
242098934
473331671
116503304
364740516
28161251
54024404
264268489
48980630
1090002997
222286905
1074412920
1072382221
170026568
1065995022
402719755
224391627
2255182597
17513304
5357812
1072008757
22508473
14344823
1209417007
1058460818
1071900114
237944147
22527499
117777832
1089334250
29722241
1058807868
239871673
23970171
19216998
232948247
234469322
53952452
15918708
9300262
28652194
14345062
18317325
36768711
15922214
14517693
124224165
17539497
309267226
242772524
114388293
613725908
112047805
27901418
71294756
18773159
108617810
1305596696
402029058
1092757885
1138688364
1077446982
518644221
15281676
296245061
14246001
301549400
998576058
1059240924
1069124515
1917731
20562637
34713362
3108351
14063426
9855382
20402945
15110357
4898091
91478624
1074101017
27744185
1058051748
400849604
15305539
86177206
24887407
29291829
14839147
12831882
369685126
16960812
15893535
1128781184
22983776
23712174
23951197
14275291
16371006
1051446626
32010840
339822881
19394188
239964567
282093902
20192403
75367781
41445718
78369108
16424044
114756202
14587949
30233254
23023894
12788332
340545070
9508922
15210284
17198100
509726800
240363117
17819471
20713061
35829796
14845376
349073564
123314680
88145645
963480595
1060370282
966442267
1058256326
14738157
18646108
221447516
76452765
233842454
20796447
18217624
78431501
19929362
242761889
22509548
26051676
19926675
237299871
20467163
234812598
218349372
15751083
18030431
237750442
17800215
19407835
233693291
24183358
22528309
34340464
234128524
234022257
16056306
235190657
237312687
15160884
20879626
234822928
234937222
22055226
37920978
240760644
161743731
201079432
17674136
236899846
236541422
76350004
246341769
21572351
155642785
236479311
198526130
244268646
252819323
246769138
51228911
70799725
236487888
237814920
237403203
233761277
235258843
237862972
240376522
237763317
236960387
235271965
236916916
234837632
221793778
211901075
233949261
234053893
237781383
17544524
211420609
137407124
225921757
19658173
20088666
74198348
50152441
17976923
36654245
48117116
22831059
26424123
27676828
15985455
25086658
20015903
15856366
21329888
15394954
15356407
20053279
209792690
314335929
295685416
235719973
249288197
17896154
114607567
242926427
250710495
299883942
377534571
281540744
248699486
584012853
254082173
960696949
975200486
23121519
28176898
270379514
1076539734
404975403
8953122
235312723
242873057
18566912
18166778
18805303
23124635
249219716
16256269
15600527
235251868
24735461
229197216
18916432
24773493
52503751
6577802
33655490
1012749108
763992516
33977070
224294785
240427862
84620376
213634439
234797704
190328374
18811140
32506723
110545675
70756980
211530910
19739126
37666984
278145569
935033864
960962340
25500953
21027294
23976316
29766367
214620546
240385577
18891923
252819642
15675138
7402662
240393970
15207668
15428227
5561412
7713202
21048033
237348797
217543151
15116570
