3167345284
15924848
441006770
151519500
48143526
42716568
21878635
433149322
35305446
1499671212
233842454
188019606
23140783
2729582012
2891395424
22014577
3044993235
1160991912
2966570782
1134292500
217550862
282093902
20002401
2828301092
18796055
17298253
632564429
180600516
512616040
91122542
621238952
46713710
2562059712
29442313
20281013
14081659
224320485
17066022
42692687
20658469
109375982
707469228
16930961
14692385
2445570205
1092979962
2382099205
228859501
419159101
405048602
467823431
176589375
30668994
27140592
61001737
454317568
296954953
204103556
105187267
16081831
16794533
1683911737
269503360
1710530342
942156122
46741592
18909919
153919023
16831745
130879815
28416309
395456717
16070900
1428526338
216502866
72734966
156080302
1382623963
2293131060
1243902714
1149340398
24878961
763977163
66720641
759512060
1339304132
56372844
633976799
97503010
179177548
63169388
273401647
58539410
791536639
53584026
408960601
384392601
1660317788
17993176
44673415
108702396
234499723
81661065
119989222
620346633
87961134
208908158
1328123624
913878614
754993
1420428246
337491274
70124848
1617889951
15401543
28374839
153245004
132702644
292004152
226646684
12886922
1446243444
1563043188
31137489
15518969
26920801
1504692590
333204792
254590000
1876531430
59212066
18939563
23635842
27048645
65551087
103087786
16441088
70709534
16187637
310946362
280645154
221792092
381152398
35829796
31611298
993153006
19611483
75052666
18622869
15650827
14173315
158426909
252753547
389759292
25349101
17934812
2836421
338504042
1861540530
16930125
613676582
340564819
865033830
28615829
113420831
593083543
15764644
1267222915
958254517
21786287
226704051
136300373
14007532
19345926
19343934
861994051
37479195
20796192
218966591
154667432
612295112
27181289
18749239
389840566
376331385
1503894823
166025625
985732712
17518920
53279922
885023108
82677928
1851666176
230784636
458853398
216231432
18728612
59206483
12363142
418999353
81725200
37734504
29756629
29880238
898921808
42930296
16261445
937059116
225426968
741323725
1848027254
274309899
916830950
1827782569
191283006
349623603
1837503656
289342314
1108128654
1730232223
274708766
15582333
959687432
440645901
214097043
52638646
35563931
108349229
146152602
1729247923
137492822
49147881
286973865
454437650
21131654
1458346650
50349408
18891923
18970657
62888320
97286436
30380250
15675714
78408666
13775902
15443282
126166612
218649078
16070316
24942528
376456418
960649556
19195094
829713356
21279636
1023091826
113114110
425967837
17799686
14370357
19983965
34844710
38287817
128614510
494867610
1570819243
770554297
935656958
38662810
82933637
39515894
22143706
43963249
40024095
496299287
153576594
807095
30313925
50325797
15183411
17074440
20608910
2467791
16129920
14293310
51241574
15012486
23077071
34026956
16096056
16380351
14482396
67041692
1702539968
1226281657
18783184
1051696140
9300262
51599552
15675138
405880248
1601378053
317378810
1023409790
1089303715
449764971
19730151
14592723
1659755281
19359975
813286
27583286
14355312
58619336
1630419126
181601629
507707516
41733527
494439595
122425966
1357793240
1671806863
1498965571
24746422
1063190647
262280467
876522625
35985119
197945940
15620255
40863280
19600217
240427862
48365316
16398389
135551023
36089906
1400824856
1662929678
1224154908
14801219
47402168
1072453910
87246148
21865402
509175227
108701420
1338309852
1477836877
1644153938
1444422896
756279702
309734283
1636499642
25545388
31427924
1514682320
519610901
50476750
28399594
1634140430
540122045
615801454
254190829
172839899
397426716
25726636
15824511
161344057
95682314
265529710
894294193
23383323
481491957
18332915
22724328
26251434
878742907
423610904
33632597
225436777
1437255296
39322371
1160613054
76420352
317922781
1604039839
407492426
81149350
1431438115
516915321
10057532
15487521
297043425
1623282788
246609643
282140191
1115342545
266128869
1225410018
565659632
34553489
80107627
44418576
48421851
254639264
28008317
67153853
46648807
1046657701
30793240
1250471654
51579203
27878771
1472427870
95698752
229993947
1323456060
15446551
796757245
14377605
264386210
15663503
183062443
65482899
1114886305
20946636
14993272
907018699
600533780
47655467
240753648
180689783
263359642
606696386
225210154
16035350
1269960494
224382700
633855519
407473708
1324919545
72750421
337922629
17633159
23300815
17879144
155034777
615254074
108619944
344709911
72831557
365754040
33773371
60956766
362986770
32474693
124356463
176540672
36978718
23009867
571799870
157427143
466835426
137419335
733074835
106524140
15519990
324133138
242973461
1276668294
5990782
279272025
304758109
172972627
93723445
302136293
77889726
787037258
173190525
491647540
430432989
793019270
763901310
19608297
45474657
47704085
315543864
109452261
1529165911
22012091
42734224
246111199
63894176
34484670
494407589
27086783
52503751
34547206
15394954
254226686
1304851824
116588778
598947276
86364947
591876117
147945368
241607291
709312934
410412278
327769186
263317354
106816456
269602845
109025212
15019534
1002244244
148041415
544580640
858646280
275492561
20196010
24901614
50731463
15091614
1131478512
30512179
53968134
52052011
22025982
224045953
235251868
78696199
101235029
30437038
945122066
545812541
85914443
45413198
231954529
1474574514
276024563
24823728
38833974
65453528
28206185
816365708
594816753
41136031
700297718
82424723
277561341
1080844782
1410833198
56011472
1917731
386080888
21527658
976653578
14275426
22028462
460349284
22839066
233693291
36681590
37461389
23497555
289999104
211254250
473590922
26906565
271980714
78634719
361878649
320837515
15210284
221793778
17428585
38254095
375750054
889691144
1064304546
197520347
360854810
28180262
26859662
252720238
577690047
48149896
236441117
519712692
221177108
412807754
1247794189
246544374
1441888099
1441712096
21880098
27027330
20455033
36421895
19785811
45692603
76350004
234573331
809318251
1426121976
14925517
29896002
18166778
558556263
24736682
510516465
29266155
601198929
19845663
1279149812
1155650070
1048684898
181192996
1398630738
1109679128
439726865
1242371852
546556331
191891492
365670565
15211430
24733335
24985445
70808576
32833445
309267226
198512068
36246939
130909631
26596727
576794467
45130425
157800635
153533359
1377487082
7807292
25249896
263808560
103991688
18538833
48386602
1385901901
14145823
224911283
25331223
26016883
332961120
418266154
858111194
1393599296
41862453
266420236
28145694
21685295
15361570
463132556
206721200
997758559
232390126
480056408
1365480714
10257792
92433581
832365432
22650398
1114644384
1342542188
838699962
67658615
320960101
1362002911
61853389
17737025
16547587
805188312
885990338
804861259
1277984012
24480616
437728454
16299621
62889983
86143399
216481299
498188645
198252896
15429154
153123282
20630629
34766454
26778595
563876590
309850642
772310010
615443591
326255267
22139417
36169202
377640000
278615850
1336829238
728738262
18217624
85396297
14432546
244770087
15007263
80889502
16089186
372903539
65664369
29189538
171968009
128360328
482394512
24541047
21202724
107564573
14529929
15163255
521275399
176448620
87486126
111220552
465649641
11339192
40024222
202792077
21542518
15224302
45148245
33082635
428333
1268138012
789642884
44378787
114765374
47912735
261365881
322204438
37526845
45682457
288873580
80890381
17144765
107207846
36742686
7334402
1055685948
516880804
14135426
17513304
33537967
248699486
118730543
47753447
9229732
21698023
