17369110
46554393
20913646
18967498
1209417007
3290505615
18983793
1934952858
2411176891
21542518
12296312
2647725030
384964905
23505547
128439205
2962813893
22650398
282093902
32107209
32441546
78369108
35829796
1322558402
17906620
271992176
22528309
1138688364
1708824259
1058256326
1060487274
2899441394
74116896
272898886
2734697740
26777550
1228240004
714675594
1134292500
1080844782
12203522
2833356624
16940343
1219869492
906235340
2699239290
1074101017
2250698204
1260468481
256282114
1517188412
136337303
131999354
753503606
109065818
2440384993
188875377
2746741969
1022902610
217489910
18956073
156632093
160667346
252819642
103623225
981029708
216016310
15505945
1155212191
237814920
13491312
149650519
78685011
233842454
935368364
217543151
237781383
234797704
225921757
236916916
236960387
19358607
47652227
236479311
211530910
242926427
20687458
15210284
18277655
234053893
239871673
85606078
8036392
223970563
33576489
20015903
22527499
12788332
295685416
25712048
40971018
28176898
124224165
211420609
137407124
24539426
125760909
201079432
234837632
38079675
1917731
9300262
237763317
235251868
236541422
7713202
256178459
19576571
233949261
23970171
16329426
23617498
237348797
15675138
234822928
114301185
89844957
19658173
234128524
26324609
224294785
6577802
240427862
64576818
234812598
18217624
76350004
15160884
205266100
248699486
273992516
48273059
16990802
16899135
20733972
126421148
23976316
8542882
26051676
18891923
16275936
18963809
17968719
208022163
127861493
233569290
132948271
19739126
47322953
28173785
110545675
233693291
41445718
81853097
18916432
14673027
41569084
30253471
218349372
163610064
19314298
14836971
67928246
14344823
211901075
15207668
22509548
108351020
18834945
15428227
16321813
17976923
18785472
17537786
165145192
22417633
236899846
234937222
57740527
68482261
14354042
16453340
16907474
19927280
97465315
46209505
