75356465
42924141
2327900527
559732442
2847221717
356148150
14629513
793992
96881014
3010738531
21202724
115806192
16031528
207505475
1378571647
101160161
233842454
1328017519
2187682004
2750127259
2992112003
85606078
1650568368
309085069
234053893
109579534
18967498
237763317
17976923
2861616083
15945699
30228125
22528309
2291336810
163876555
2352806036
327131716
1406960815
237862972
2398494938
175196998
15675138
7402662
38473231
2331206989
26273471
1137600571
1209417007
1444015610
248699486
27676828
2929491549
975200486
633904818
2903196521
1055685948
87770695
39397148
25545388
372903539
131240515
15227483
19940347
91478624
3108351
51241574
2467791
9300262
1917731
1074480192
216881337
65664369
103436011
7713202
15207668
13000872
15965292
17278675
21055577
15926431
705641258
27879601
116536613
15650827
193336106
21797359
36074495
85586243
33967196
419581788
50718154
15613920
545423099
21092676
107207846
176589375
2363743981
1169138184
1131478512
50385277
58166411
13001192
454298667
14801219
17348525
17144765
38745089
448577707
1262275046
21930338
443326270
374082479
534863473
88759080
516880804
1262814457
216481299
33537967
14135426
17513304
76350004
245511321
16133240
75367781
234573331
25770705
23912630
