65631067
7228682
15839947
19216998
22047070
14669951
41634520
326819985
15416505
269932970
56070518
36948979
19292986
23970102
50769180
256113470
17409240
17454769
47341545
17275727
41445718
18023140
27619575
19337214
61853389
305670332
368366215
12886922
164045545
119110363
56764250
93539280
83675402
325150082
76531086
49456823
344830218
494095682
166646215
23536403
49749838
27213859
202646145
72861525
561190611
21102126
134823247
132161491
243320087
23853998
56762547
146250466
51480241
27619235
455872282
67389102
15357910
102673774
59012899
198521070
15444711
902450426
620097567
14213413
22848739
1262349751
299798272
16028382
17001533
313537605
15736836
113463312
17365337
1917731
1429761
1322558402
145392059
222953824
851760890
37131012
24905550
370056430
78620801
71368515
14410652
119899270
30864583
799068428
161047259
14261617
17539497
39510422
16669075
16297945
1058051748
15075753
16311797
31310158
56401482
16789970
43147234
26596727
1456740577
235190657
1444446630
1444853400
40942284
34898995
15137295
593234552
18958999
66788149
710630689
960962340
733751245
1138688364
1072382221
314335929
30313925
9624742
15428227
282093902
239964567
18773159
550401754
191477653
18216752
584012853
975200486
16031927
1074480192
85365067
15381918
15210284
51241574
116099364
1288967479
32069292
54310979
61846432
1430692574
234370900
334727749
23335901
74241914
18146481
65651571
110065495
229966028
1077121945
30870308
48809111
281540744
11348282
44168607
20597460
14385055
50702694
215440345
966442267
311369630
107807966
411735317
404198285
305009858
1325539358
822005197
39308549
963480595
418991627
15356407
620298978
10840862
1092757885
20192403
42924141
7402662
23272358
20713061
10102032
52499553
292935209
15582489
16462068
229197216
1051446626
295685416
233761277
246341769
29766367
234469322
240376522
22055226
211530910
233842454
23976316
249339682
240385577
33977070
41017380
15822299
27625423
15111202
36654245
244268646
360080772
1060370282
1059240924
1069124515
14851290
102136286
389017497
15751083
242761889
237763317
88806753
993153006
1058256326
19808819
85396297
1260172386
249219716
81169237
43901189
14244252
22509548
235251868
15675138
16256269
48117116
117777832
16102244
234822928
211420609
242873057
19929362
234053893
19394188
20015903
23951197
402029058
124224165
15394954
240427862
252819642
24183358
234837632
60984835
16424044
221793778
137407124
137794015
233693291
18805303
19926675
28176898
17976923
15281676
23712174
27676828
26424123
15160884
22527499
18566912
26778110
15856366
19658173
237814920
55677432
15918708
23970171
114756202
14587949
190328374
5561412
16187637
234797704
113047940
20467163
131546062
32010840
52503751
10168082
25086658
246769138
74198348
224294785
216881337
29216764
287413569
18916432
32506723
1209417007
6577802
22528309
1058460818
1060487274
242772524
14344823
11134252
18166778
19739126
78369108
15207668
88784440
23022687
7713202
22508473
18891923
33655490
12788332
37094727
935033864
1058345042
1045853744
1058807868
20209807
209792690
15745368
37920978
20545793
14529929
14275291
75367781
61206798
234573331
237781383
