1965538634
84165462
2420995746
19683166
117777832
211901075
234128524
40241160
42665784
15662133
600097847
361366446
107124407
148845723
185340210
41628280
34743251
2289877968
2444415840
163498605
398288010
2641951495
1237837598
299883942
2953713339
519626701
2482022082
221793778
62907908
402719755
224294785
976969338
44196397
1206227149
1068499286
132201224
404132211
153944899
1083448909
1074129612
111635527
231510077
1134292500
162069635
22523087
231108733
148453195
252249233
558769636
153486399
432676344
33576489
1072467470
1061385474
2968451607
74508260
18696134
3122099613
122174004
2964351843
14135426
1262814457
1045110018
310310133
248495200
1055907624
242426145
442824717
364415553
82649553
937723303
267854863
384913290
510516465
24195214
1080509366
1058520120
789244177
56864092
1009269193
305216911
137794015
2433737761
1128781184
1880674038
292935209
2724095695
432771620
1135486501
1260172386
1037321378
312134473
236279233
3044993235
193732179
1243902714
267938462
249348006
245451804
2968007206
950783972
303861808
1071102246
28602948
1090002997
2888894904
111379452
164369297
596680300
3031864453
2531403990
3045330801
164896135
31801993
33563161
16583468
36948268
29501253
190328374
479872233
242376736
161743731
76452765
111635980
242926427
960962340
1128514404
23970171
18805303
1967216306
1077121945
337412339
33642556
787373558
235423765
551091063
974335820
2314344200
2517855912
14981433
757184948
2962868158
3027286779
1564367299
1526069430
2970462034
3018670151
2293131060
2975350155
2863006655
1436471696
722840028
2896471042
2970279814
2966570782
2916086925
26166416
906182803
18267544
78966686
2480087918
858020924
1018222248
92062715
272019676
25091723
26278266
1536791610
114785533
31395001
90930144
22139417
22650398
33600887
1372523065
12296312
385537687
92602618
385498823
1963312058
2293082700
1901212753
2244450386
576720407
2371122726
2391609504
20386194
211588974
377578077
2402347309
2233445545
2892981330
288868375
500704345
2478591991
3027016438
551111135
3039973197
3015558623
462934199
3060293483
3332786481
227042554
89527828
97575435
3092358747
1219774933
31127446
569075497
150686538
369245377
1615463502
26847645
120120773
335996055
1202405814
16172991
27114180
44673415
21768766
21252618
79178084
50446312
25104363
42871498
31143957
15840909
16017996
20814874
33201624
128611423
73481525
42711801
342724172
236221098
487760032
19038768
15728161
17881467
46557945
238706098
25159286
32858804
9130702
24112747
19667766
17717287
27860702
550401754
41124675
15739494
301628954
49105997
23124635
47448886
117821354
374116636
17243582
81155662
374541137
24789175
1339835893
28416309
33660256
1433356862
1531265618
461515145
1382011333
119048111
249722522
17162499
50406326
132761938
281627499
1444029422
66450049
743871787
21114659
2248872301
1683318644
117439544
202265195
2359926157
56838279
242907470
269998043
2853601181
1658097494
2557507771
245448820
2312829909
407013776
2744944531
997882110
190360266
18482836
240737740
68498034
45828171
1222716350
47455112
2419974696
3045133275
557160794
2285584044
3030994923
402169710
79792176
18027501
2218031611
2315990437
17983461
91928673
314216196
188001904
19948202
53088507
466779713
1283502264
1113703837
70853334
2483587724
2266676155
1223021719
2444513581
64808610
1594856778
2469760843
1029250590
49686679
17539497
906782533
334835653
2149880550
27809607
2868128846
2366055008
1524923144
2725706620
408751885
1281405877
428333
1604366701
16424044
23103488
87108741
1636393314
806832314
1072585873
16034696
577244848
1482621686
33537967
33222598
42692687
11680962
258885469
38496530
20508720
54322823
339024811
19186003
189129306
43409523
743752520
14802901
258805021
1055685948
240289399
50325797
214159640
1051127714
1531114608
141015117
19555827
15170346
54546430
1092979962
1089582170
1531521632
1335517206
1339931490
1410590874
1134879673
41139314
807219943
27048645
18476455
16362895
761783018
326350188
419889137
402029058
837915486
44628727
382881841
1330457336
889994564
322359282
185758605
111416652
288314478
1278501324
333418196
43333663
235179894
20402845
974893268
72186070
1255082786
105897044
172367925
216356915
553085517
239900946
78412327
111638186
543750459
1134326634
556208514
237304678
897755468
819763970
389840566
518644221
1080844782
917558683
1058717720
942156122
61083476
1058917562
601188656
15822969
28433993
78623653
205864193
467823431
281593711
305620929
26637348
389165168
1060984272
84894473
285756661
23013996
344201516
1065995022
15985455
14562874
1074101017
1045853744
226222147
279166443
776664410
35014834
105542379
221764786
40576792
126171100
13749282
59603664
1055730738
950328072
69750965
18177016
21312961
760758343
26777550
16739711
32007346
453198254
525964192
41422301
979379492
524524080
34972633
330351641
76423405
262311280
37507269
609239899
281882548
78644424
762767006
54645160
18990471
36559326
17346287
40277771
459516741
27868377
951460836
18594295
562236995
201733968
408816873
627701805
19351669
42644564
55308417
580292083
78726069
601060199
256113470
18487054
17787705
284566938
581141508
153149305
35130985
15022633
16160352
222196210
127683479
213634439
19739126
17674136
8542882
234906311
227088228
278204903
544251697
16000856
395030396
9262982
128997720
527713182
17080541
23593446
78445977
44873497
153865861
153919023
53176629
115111016
277855863
545343307
549358486
18982280
19716781
245516606
22812434
133832049
55584584
47402168
262683443
24183358
21789463
19891734
76649729
165051133
83932732
15987296
250808064
20163184
8208162
108376246
533746875
292990703
85396297
23600262
80612021
18775423
546963902
91386983
88806753
18090660
191544107
69073724
36681590
39542662
102455692
21213276
249844732
15113565
19611483
368992130
24913074
103897538
21312077
30601983
20552026
31611298
138770045
18060355
22669526
93898319
61544727
29293808
373600871
229919067
247334603
44043034
74829020
14240875
45573874
95456280
15012352
325607198
292552239
61843868
84077400
48366585
16888571
16899221
16096735
174793500
59225745
14226882
161027376
58113946
361321755
44988185
62343633
28796289
156333623
112740986
239905257
19318314
538235538
539361039
96036717
537651077
158788504
539270592
471656800
52743620
28599820
385429543
384392601
232992031
43911503
54726180
61659834
50395272
72452809
74817485
56794642
46742996
80053753
97471690
47668147
64494331
39777654
50308521
85379862
112881970
67069571
82438126
83215532
174300791
11232892
197022957
87961585
200122432
16990489
177969366
18148466
116089987
20607330
28725464
191095018
228878057
227831448
71037146
226880876
44662278
205386933
284065572
284557154
17623520
308679446
295844886
221514468
309871803
480698465
116447874
37068062
38516217
183793818
15460572
36771809
98952413
469686183
19824430
103916669
28227443
26778595
48399119
94587153
88040819
76418707
252151648
242892689
263815367
12909432
24745957
36686040
15954997
16017475
22812754
30216513
14342564
7713202
163570705
381152398
246357149
15361570
161411080
82453460
239949176
234014087
125445568
34428499
110752638
51268723
388916221
58785008
38255477
23007302
59348230
19211764
22933975
121449019
168673083
63169388
247486443
41445718
14984637
237770636
18909919
151519500
282093902
20192403
37094727
36654245
252819642
83603750
20209807
10102032
22545491
15675138
53997404
288308178
367010290
7004382
164007407
210926192
365638802
75263172
31122582
405263501
403898931
216759906
371592845
14246001
24584915
180375197
17836903
41031908
418998278
240812994
200182361
152945801
168502762
248381921
305145458
171171733
529711416
94366606
40955044
163892139
538142527
71070614
15210284
538514355
259328555
407814752
170418648
526231370
522647012
165939990
32455818
24329142
16187637
106135104
113724622
281226218
203360455
18137749
221792092
516880804
234826866
224685124
115749048
38036372
12272322
8953122
14377605
53715420
14676022
139808368
28176898
24539426
197594920
5988062
35829796
135931182
44519274
115979444
20449296
23484039
36134667
48075643
15234407
29955221
73238146
148529707
288751432
82453323
325581008
312885918
87161871
245513048
55355654
166675759
92557448
409486555
26780957
53442330
14608930
27558612
177586079
282743058
256178459
16635505
19786967
316654916
14695985
233783568
480872337
250137107
394741838
14199378
334098784
14987728
30034124
20999272
218982732
15554922
362055175
291903997
35816920
15586344
451867073
315755096
42636999
239871673
20545793
339852137
155669457
258900199
109287731
119250381
234469322
76132891
248791522
10069612
413260397
40302336
352534407
248735463
286506215
266262480
56441201
109504272
65436175
39267511
113738079
14874583
44468807
6507762
20796447
75124560
18030431
22831059
16056306
14904437
20002401
158398519
25781141
48086014
29450962
30929600
301549400
77250424
50452197
224391627
136042190
16669075
38320343
56480330
46131997
54885400
8775672
31310158
10126672
331273950
17773461
109025212
13491312
16554942
26441991
15854702
41449816
59813090
49697450
39249305
325830217
319064662
78369108
38254095
17171111
343450898
260845829
38507478
171237070
26255864
60906301
186459341
314772187
154399787
108993692
20565591
14615871
18191927
17544524
21660348
234812598
212262370
169963553
15649433
14159148
61206798
61853389
20437286
36410927
121868317
116505994
21684013
74294786
78408666
86697288
14074515
73181712
76394802
19780223
161329769
166252256
27688281
101595798
52714526
89681569
23092890
249677516
76091017
16613128
110541296
9624742
120176950
20179628
66369181
43920155
21242180
47412499
54892361
102457773
28576135
22012091
249410485
151963505
188019606
161791703
140519774
15764644
21921364
107185577
58928690
30912937
182030696
224812773
118804269
199325935
216503958
225221807
105281388
126416534
143630156
84418263
126186324
17602348
201803812
108727604
41688209
6794972
111126229
44517308
44615672
121804169
16273831
23102942
25841161
28661122
57366701
71367769
22418604
14815803
156362684
156396932
156385167
59495616
33526570
169087009
90432287
23477243
69620387
26871797
26792275
15922214
9300262
1917731
35773039
3108351
15012486
28785486
14173315
113420831
31128529
7152572
38530021
16924755
33678724
44405217
90544675
813286
30313925
15918708
7402662
20692197
23628021
5990782
43963249
18635613
5508672
20444463
19923361
28029138
28509772
36484419
44609264
23957673
34333745
89346959
80111837
82185735
109263378
25516855
111383033
126497067
41747748
104236471
35673815
26545777
100367386
19576257
27873569
19468097
14296451
45239300
16013053
18458348
