533478608
27756540
90657826
82959058
255700782
118747545
16753660
24196684
54368958
311497771
136300373
42933865
16547781
246504840
390985197
17859965
1525163593
47779368
85606078
15020143
21872782
19278030
474974313
18557573
26487169
67230566
1487846678
13067732
601188656
1087628484
2231939563
467793021
357466934
246918753
15223636
1259950116
273097675
59860452
59195027
52057674
36920083
15514047
65704628
14266331
38208569
114756202
736133383
17433272
23376077
423633898
14845376
31122582
239964567
288751432
234573331
7152572
418991627
75367781
16977023
20179628
76348185
30231097
71049346
22186148
455764741
57325816
460708976
35816920
16789970
154909422
22771961
224320485
1962899658
140132626
107441863
20998647
15309804
587690406
59500657
1712989190
18956073
88331710
15922214
110445334
1543830679
1531265618
41634520
18253013
1058051748
976969338
64800805
14246001
39308549
72198806
16160352
121795745
243337600
136550204
14870670
33919343
16930125
16072058
114887629
106135104
20094138
189129306
21111896
8953122
36047098
50073507
80617430
17546958
16125224
20150502
19618184
95431448
997684836
20747881
20086360
15647676
220009727
16807520
169586280
161023696
1530850933
14335880
7309052
23092890
19993635
16635362
16664681
1324839571
14344823
136337303
838757880
546135718
47392689
833496728
626983614
138152026
10228272
103087786
1070943116
16244789
33537967
614542142
200542610
21907662
61122731
31531388
15917384
87943060
1322558402
120176950
30313925
27027979
518644221
963480595
1289319271
266133081
296245061
1071402577
10615232
21269970
299883942
76649729
264219447
555474658
236511574
93761782
14984637
1068481578
19726613
1058256326
1155212191
1209417007
384913290
244268646
75364211
18632666
510516465
29293808
294126378
23951197
305216911
20015903
56864092
1009269193
211588974
247334603
76132891
339822881
600463589
1262099252
78403308
1343151932
234014087
281540744
14275291
1305596696
236481275
17198100
229966028
463132556
785414496
1260172386
1128514404
303861808
942156122
108376246
1135486501
38254095
479872233
126171100
1222257180
5558312
1080844782
19394188
16056306
83901492
21157904
18061669
21111098
296361085
217543151
47975734
22831059
18317325
50152441
1092757885
975200486
51228911
20552026
242772524
21572351
24745957
76350004
33576489
63169388
23600262
22669526
112740986
1055907624
33563161
50452197
18773159
117777832
935368364
232992031
377534571
20053279
249288197
20002401
22812754
21312077
1072382221
950328072
935033864
25781141
22012091
389840566
19318314
24913074
16583468
18696134
111379452
58928690
404132211
1068499286
584012853
237418907
402029058
309267226
550401754
960962340
10102032
240376522
23712174
1058917562
581141508
1083448909
1154894353
239905257
242892689
29501253
339852137
7356562
235373000
36948268
92186819
132201224
28602948
233949261
242926427
234057152
41017380
18967498
201079432
237348797
229197216
240760644
236899846
18277655
18216752
234053893
26778110
15394954
32506723
252819323
1058345042
314335929
960696949
234906311
242873057
235217558
16102244
613725908
1382011333
1061385474
1055730738
1077121945
24773493
18805303
15356407
27676828
15160884
161743731
211420609
237312687
37007274
84620376
236916916
237944147
235190657
234837632
249219716
1074129612
48117116
252819642
17896154
1072453910
1060984272
1071840474
776664410
1068470480
84119348
24195214
164007407
36686040
29450962
14135426
240385577
246341769
240393970
234022257
1037321378
1080509366
1058520120
30216513
39249305
153944899
237862972
76456274
109025212
242376736
995193054
1071102246
467823431
937723303
111635527
28599820
31801993
252249233
254082173
432771620
138770045
161791703
789244177
787373558
26424123
34340464
24183358
210926192
25086658
19407835
20209807
234937222
234469322
233693291
1060370282
1072008757
1048784496
137794015
31611298
85396297
1027156464
267938462
245451804
227088228
235312723
22523087
295685416
993153006
1058807868
1060487274
225921757
23124635
111635980
158398519
162069635
240812994
18909919
23593446
161411080
248735463
193732179
163570705
168502762
263815367
88784440
18170310
17800215
235271965
198526130
237750442
231510077
237770636
234822928
193794406
155642785
22545491
432676344
13218102
24735461
15751083
17513304
15856366
20467163
19139963
292990703
80612021
82649553
292935209
36654245
234797704
18811140
246769138
22055226
237299871
240427862
381152398
249348006
221793778
385429543
558769636
5357812
15954997
140519774
48086014
249410485
33655490
237781383
22527499
222286905
37920978
23970171
26051676
1090002997
1064206014
156333623
950783972
1071900114
1055685948
966442267
249339682
233761277
242761889
153486399
619420793
133832049
239949176
74198348
19926675
19929362
168673083
20545793
22812434
1058460818
1089334250
240363117
241207373
239871673
612117635
23976316
33977070
78431501
18217624
402719755
1074480192
216881337
233842454
76452765
1074412920
88806753
180505807
106889063
356349993
25897466
7313362
297053549
1060805353
640893
21213276
615443591
19658614
1917731
38496530
46557945
6332292
16081831
15210284
52503751
20608910
219429281
14199846
57366701
68730426
312800783
171228400
46131997
22062516
20600214
398928429
20444702
226222147
612896910
17093617
172016700
20465058
1137600571
263484898
248699486
32010840
15600527
28576135
66369181
12788332
16256269
37094727
256113470
190328374
11680962
201802474
191613738
16097702
14213413
15724082
35673815
870165824
137407124
69397283
78408666
22508473
15987296
213634439
68154622
165051133
26596727
260270113
16906530
562989744
27048645
29766367
248850174
278145569
18166778
235251868
21665902
97503010
516721966
25562002
237814920
968650362
18678924
64533011
16187637
126401831
1051446626
193872188
425889480
5496932
1058717720
237763317
15281676
28725464
103018203
102716915
3135241
12673222
29518744
19195094
16547587
25110115
37526845
257091348
150686538
804658778
211530910
140965646
14836282
1092979962
427547952
287822090
364967265
235675169
466538826
20025352
104615577
110545675
15985455
1025653922
41422301
18566912
1074101017
361434318
807095
5392522
51241574
2884771
3108351
5988062
1367531
991496851
104299137
79743108
33222598
15918708
2467791
47332960
17466186
39572791
15483453
117857570
534418109
15446424
229592356
22547261
16285710
16550142
20267772
20528760
20192403
7713202
15207668
28176898
17976923
22528309
16815644
40653668
18916432
282093902
22509548
209792690
6577802
19739126
15703576
20692197
238706098
333692333
19658173
124224165
224294785
14587949
73206697
15428227
18891923
10840862
18060355
14214070
234370900
404422077
139738464
135575282
56413858
35002876
20562637
14096763
54322823
37269037
9300262
199325935
234812598
211901075
216503958
212262370
1045853744
16635505
17544524
234128524
