244128288
14426645
85708242
260769990
30259920
69321747
18387265
69701903
102550007
89727865
23489557
27730633
636534384
19722253
119974603
26611034
47427860
454919764
191960759
55369728
2151575330
21418647
20707070
23996721
46699647
357162119
323246304
2727878125
29213260
1147837177
16473463
25366078
3247926267
3100549074
111448928
1460902824
76864521
46659377
23903538
20414658
3122099613
498153047
429063580
393005076
25975036
18244358
22692199
17842366
16333302
387926246
22061951
60801758
197567344
20113372
1092248911
245408102
33983012
769998804
17672825
904687550
2774641472
252858959
104524102
3027286779
599692280
2456845627
1134148494
15846407
3096443551
2250579284
1327520587
221135570
2837991784
2729315310
2835418081
217543151
12859772
368604480
2612776537
971223818
21507276
16273831
136297538
525419131
630513742
69281027
14466538
26818542
274581613
78647926
81142015
75367781
826507357
440366515
2465283200
18252775
17355480
410216127
305189255
19023793
139730062
33452217
349296252
38477209
472156260
63966574
2432177731
81942994
3044993235
163981893
2433376839
360273761
197191016
17022684
31127446
18263820
87584353
2853309155
2962813893
1567028114
19151451
2694100451
2327568690
60349138
2444812036
579907037
34530178
1712989190
1428373796
833910751
206185603
865641799
247114704
2375686638
297745485
1881457993
2201940263
531627880
132496568
314287177
21196759
2494736924
1080602371
35013862
157064188
1223008262
2557507771
1137600571
148491506
13484442
358756843
35586563
213182436
22967278
1051375868
793889478
2784318184
76391719
2530478948
137855493
2755076490
981648852
1613223313
26996716
104198706
515822213
407039290
7429102
117501995
1074518754
1262099252
150078976
224285242
2962868158
231108733
2916086925
2970462034
2968451607
2340948996
2964351843
54300515
2970279814
248495200
2975350155
2962681881
236279233
41533245
21059255
2968007206
2966570782
1393155566
43920155
2695663285
2458567464
308573576
1342861723
307969991
146099195
15097615
21135085
148359098
188658020
242926427
145745936
1405337395
209787354
97699036
388381588
426431631
2744743236
105225912
40320058
2244362226
177320509
195712305
48605066
129962786
120153772
25581439
309978842
65163785
2876948663
346898382
18287836
249902490
22037660
25472674
30274144
28925253
164134367
68330103
28620188
19688173
21040811
157102563
27949795
46735424
20517132
14784550
33530125
2616580429
2651798455
110746729
2216675940
281221609
104565727
20606739
44193418
232557786
993651452
163463670
233282091
1428811136
18548948
426350198
198008199
46049439
14800298
772716769
2699445343
67690947
32861321
11695472
97675435
369258678
393808160
115267089
131496039
401067161
90031684
86444491
105133847
37681531
120465093
55878127
1195828692
133711220
357533790
10301842
50917497
63551372
1148287250
24481831
2647874664
231104964
1413439514
2357200508
60743126
1670906430
335104222
1581289837
56828100
131497030
43638469
44988185
534675241
2781577435
930761760
2576038115
253905769
30576894
21248584
316898388
331780500
426808277
480852540
191313355
1145795275
140554112
1287196506
1393447572
74556318
1662427441
1088188122
1689978074
17407282
226924838
37083276
394021398
1732651002
508153443
859441063
175815271
2415807147
28609576
22197058
1280626788
535636081
586315458
2650717745
2254659753
213158830
2209271438
1348732656
2302662496
537207691
2544595776
28261526
69618054
28590240
313528238
53853197
35936474
19923144
1059194370
248900032
93876666
1968867944
2609775320
49733381
20688358
53702287
543424384
275584723
191849753
20596281
106597684
16129106
54885400
10126672
19611483
8775672
39384517
14625398
66369181
15647676
22506222
16613128
11855772
16076032
16244449
18776942
21783950
72631996
39580052
2165590886
1128218821
201490075
325269109
33936754
34713731
257242329
33235771
30239268
42101913
1589992518
2330712260
15987296
38516217
637273135
332368475
235665149
243615943
856886640
59224704
160352400
390229294
246478393
2488283953
219429281
20015903
19107878
58487610
474232856
112526560
25911044
24439201
21252618
19354391
863640523
29471556
113795716
38848610
253615476
1059240924
160561302
23768237
2392564651
55261443
33222598
46557945
134870834
13067732
345158526
23466918
347395654
142490217
26133429
160674277
83462293
138261295
17553400
17340781
20769514
147467535
14245722
23097748
1604023020
22192142
19891734
89028052
137823987
227088228
1880674038
31611298
47412499
58928690
46016028
153944899
236511574
22523087
193872188
155669457
310310133
1410590874
2293131060
74508260
1473041006
221095854
1009269193
1071840474
789244177
1222257180
599377549
2295040861
27649741
73453532
20214495
15492359
19608297
273174220
224320485
134975165
16896485
32359921
19407053
17602585
23827295
402243759
325779774
47455112
25053299
7309052
236908536
617936301
703441560
617854798
15603311
36449013
95342764
617825073
15209135
21879831
18925538
942697818
26781439
6185862
902552972
1306359390
582319021
167024520
420754836
74568060
200035592
204477098
15689503
254186813
630768374
459619958
462511197
1282240460
591370559
596759438
450092294
2249666185
459339281
405223312
22879254
40366842
1246567549
1487718806
2541999628
1394399438
106565465
16191051
132992832
139574248
533401177
1343080386
2195612851
41338503
23986856
15458197
9541782
59799101
76392970
573788425
50687788
17448575
19464428
30973
398942686
17475575
89084561
94558801
17137891
15681343
44438256
18208763
53222666
340997626
82509878
212262370
16149614
204787914
199407240
370489880
617602505
97134220
183351903
68784901
27058591
29442455
100248020
164273824
17897395
17107316
114580428
380991678
295340389
25738970
769777867
126724416
194538554
68488258
227046371
419078359
18179659
7957852
26957009
17789142
887204432
19790970
402155622
588928358
354270363
809597690
172673214
8357192
176474993
2434434464
132463310
44404134
245415463
114482871
82877759
18069710
18389940
17908925
1240378932
23232204
17144765
369068622
139381276
31464192
49729058
244148756
143745416
155934445
62639813
21901272
109377487
297046834
19001226
39800314
10943662
78693573
1428569954
25513747
485900153
614542142
111689606
253761367
570169435
17684717
143558682
15739494
745447032
398088661
221563863
29598035
92055121
19426551
34104616
285252127
139930250
14920785
268439864
15513604
216444984
49686679
87712431
24138795
60693203
22812434
24886570
18086960
18863815
5558312
908834276
22821175
15617668
16380610
20541338
18939358
240135871
218982732
294084341
18033062
46740920
18142856
38709939
50517206
27943891
48504743
15891115
62971680
24429991
16098642
22085184
40260612
16630362
3135241
14691200
581141508
243337600
16032925
213634439
11856032
16815644
13850422
14849562
227837742
23990483
71294756
34310801
3291841
291903997
20727819
18018384
14840869
12378512
34676063
29484644
25341996
15220473
63296944
43192807
7402662
9855382
67418441
48115928
36947388
85634177
83932732
14497313
21904217
15291335
203162990
20255162
23560015
18173624
65289126
17135038
47285504
104969057
391037985
27042513
47786101
22940219
75974281
24606439
28209292
238319766
19671129
229943617
38802447
18632666
75364211
47975734
1071402577
1096059529
42168783
600463589
233737858
133880286
202206694
1561274491
555474658
21157904
29442313
234374703
264219447
229592356
18915145
266133081
43910797
242555999
382791093
1061029050
486694111
15324851
249787913
109328493
109071031
26946495
15824288
15963598
92717138
36117822
17839398
29455548
1135486501
749375898
24020586
526784196
92572677
140286364
103022243
285758133
233999760
233601728
19089116
329891483
15430418
190360266
246789509
261918703
19693661
19250369
19923789
2193026041
249384564
747876121
245386255
326208966
46927338
58306501
76381104
70992183
58683409
743871787
96505646
78623653
148771088
16337264
18954306
27347950
288873580
176589375
65091778
25408081
745714848
563924098
88750092
16410452
1256732358
17277651
18199523
237435487
27225542
352570175
167503730
61734492
292549803
371800458
20472454
59676104
262799941
20003749
136300373
14843435
203141216
157959441
280630251
109257354
16753660
77920769
179546580
110004599
165204211
142896252
39279393
167494170
48075643
1465386630
20436443
206487352
118747545
257798575
18175442
2438839411
15635101
79244319
26754354
15815453
44681022
7381772
105290756
34349891
241201385
494414113
36047098
342330158
38527998
330579721
966638065
103065157
997684836
235196204
18174520
229506034
19734832
272566480
43283406
21148783
211950466
229308403
1055911357
38258735
139478204
570158749
584139171
22485748
222559058
16930125
106514937
1179152294
148474439
226686893
59331128
16807520
143913804
113440497
468499741
28376929
22167981
174701293
595804886
14270650
133875756
117576644
321574462
24933645
25689448
15826822
993972252
1277968200
329768150
18528216
66267332
23332846
326255267
330400536
19186003
116341480
21431618
18686907
47448886
34371118
442319975
245983319
1583642803
325001316
21316253
106291885
79743108
93069110
18678924
36388506
56483220
5336752
16555985
102789488
26535379
59868932
14677751
322658287
569244581
20928192
20873135
58581480
6112442
104662796
31532083
12654802
114887629
21359564
27993391
408777266
736026282
70442821
73738640
21769509
50667179
23105781
151164515
11864732
87271106
16441088
16340501
123327472
147666113
146167871
59145948
426031367
243033731
317176953
305547898
138479037
36510873
120233868
147649517
168295477
135931182
132589871
375662595
37281592
168684891
33915226
633166200
135713596
168674628
16172747
341118458
61817626
14552725
21769429
18450088
243840731
40375110
14021902
168780835
21768766
14517538
19999626
261289053
208163898
811377
8981182
16573941
2557521
113211856
180505807
20998647
685513
30018058
52484614
17800797
16425197
151287528
33657099
19709040
13058772
86390214
19380829
2425151
20536157
14857525
19546942
19826509
14076329
394216985
111124064
20229325
603189188
355321621
3080761
13215102
14892220
25701904
15553222
191561031
36008477
14799177
21246105
10671602
14199378
196318875
18815810
22150977
27048645
18784113
19472585
19247844
22515362
25092348
23482952
28370738
25374040
23643957
25103000
35821471
32432308
15592792
20273398
18777628
132598775
60642052
14434070
2172
9252212
296056368
18856867
8192222
133064408
10774652
16745015
890891
29465136
717313
2890961
816653
13213122
8936082
20562637
972651
275686563
5695632
16028049
42072985
34956062
15431914
1018921
18206547
11612722
31402454
14693499
3952661
15752446
2488541
12039612
13657922
17498747
8960722
14709647
15627208
22795270
8249832
17022537
23764675
15050354
14354091
16543775
16227765
14095883
41416662
15937533
14708814
14946895
7972552
15163577
8695932
9830752
5692542
10685542
43805270
25354366
16550142
21780652
8861752
21328656
15369276
6039302
15726324
14955722
15615783
14247572
14411304
16544024
8795772
15926431
83894904
17977219
14352556
13115682
4170491
95431448
11877492
17348525
14495726
8940342
5513142
8216772
15679641
12811952
8861182
7313362
9763482
17469289
16664681
89787662
158474145
75014376
20793816
42712551
28145061
287750109
80374332
267399199
79320096
364415553
305620929
11333922
16639736
2992751
18216752
26103389
69427169
73303753
1099199839
60828944
18695134
9567972
29201047
250188760
19918558
15954997
13491312
21684013
21690931
14984637
70526457
150724371
40277246
29501253
111635527
86697288
151519500
20545793
49639096
150688795
56864092
161411080
28599820
153865861
115111016
34972633
75124560
15022633
39249305
103922067
148453195
132201224
216503958
234826866
36719281
65707359
73181712
221792092
111635980
92102359
29293808
153919023
373600871
15012352
384913290
164369297
40302336
442824717
516880804
939091
7868832
317226055
44783853
24959108
785414496
17539497
1045110018
1068499286
776664410
1068470480
303861808
1077214808
69066533
1134292500
1339835893
1260172386
108985543
26637348
432771620
355906128
87510313
1023020557
1281405877
1206227149
16228479
1135399020
377609596
17907578
1072467470
408816873
1707321486
73238146
26283468
340613443
404132211
21062652
1861751828
20609518
502281810
2382117350
2347049341
1071777608
486821128
14499829
37710752
18829123
342863309
14293310
44039298
15485441
18963809
15693493
1262814457
491350825
125453969
19834403
192594805
271073165
17409452
23831682
23053809
5120691
27830610
169963553
25098482
102700680
25390350
27860681
2253544608
39511166
214821759
1158918746
148650438
1177200942
21159536
1117858609
18213483
1367531
14700316
35127952
17137628
26083271
31957766
9245812
620298978
27989078
23613479
236699098
157140968
32959253
25365536
2367911
23617610
25589776
40076725
32205532
21681809
2883841
22179997
26291588
15755096
16331010
7768692
1496971
816154548
62323061
24165761
15446551
267262235
33884545
35785401
22952132
23585395
40924038
12133382
17112878
18805644
450941680
205392468
935594107
87443435
14412533
13524182
16413730
15463671
142721190
278582590
32453116
23450558
1071102246
19921435
35187768
1335517206
85606078
28331519
19028953
17929027
27558050
379408088
1906234147
405728790
310072711
57751453
270013816
28602948
463132556
403246803
403255314
403245020
181561712
264107729
105119490
29330030
84279963
158314798
492399548
209708391
274119641
18091904
29952857
79650494
196795202
34507480
27260086
23375688
21111883
17919972
21447363
184910040
338084918
26565946
128990079
35094637
33990291
18018355
54951973
1642087500
19248106
27195114
2476873176
18133405
24966423
191504048
27406401
342327238
59283767
62432717
1921319066
30782495
25110374
24967668
342057401
7334402
239905257
205302299
84358766
256881576
23151437
58598187
33960482
34082810
16684243
16581604
370808273
603030543
46713710
233675476
197962366
284584967
1084710888
66515223
74580436
373471064
130649891
3963481
97474887
475286355
2350490634
31801993
48882164
18247062
788524
16973333
162069635
22451867
783214
15532569
796604636
132752344
17093617
234571348
19719380
20015188
9890492
19716781
15769327
11347122
19418459
15939889
476256944
33563161
15442036
107146095
34402366
28479007
175102610
63169388
24913074
1652541
7563792
293650396
2097571
18639734
1877831
21323268
1070704921
15724503
67700256
49698503
227894751
172779883
17965523
156651229
16343974
1344951
87818409
14677919
15164565
35773039
40550745
466703095
1665531
54311364
35415477
19216998
151106990
26792275
21114659
17469492
20437286
17919269
21764343
16816021
2541768512
20474226
86364947
34989015
16405372
202646145
33856511
221702605
621563
197378511
143039548
78874095
53374143
24907913
21405623
101896529
252124716
23602600
16045268
12413032
217076406
47348884
19616718
1241621185
164691705
38500966
15147042
185397767
204881628
12331222
44873497
22789766
245424983
176830107
33954145
357563992
387743928
59238436
2272531993
190694087
37709816
107499905
247791913
781508904
1339931490
16954803
19790992
1214410454
240927396
1284089072
306465057
53503202
29600366
259201085
778255610
318144616
567654529
134971995
2349173934
51361775
1128781184
455662560
66023967
2433737761
259403751
331783175
15212187
56810507
153149305
74294786
14587949
91478624
5988062
5402612
97739866
807095
26585095
17346287
759251
78408666
8839632
19948202
42958829
18812572
17134268
1243902714
1289524746
19294174
17931773
19756722
28164096
21324258
30278532
15131310
19195914
82094440
29546945
147286112
613381029
467823431
39008044
36948268
2467791
5392522
109025212
1314153752
937801969
22842014
718692223
297067961
37011248
44204446
86264257
267939827
1155335864
18891923
456806128
3108351
15110357
11014272
171598736
1754641
18949452
624413
20179628
67358777
261852987
20402945
58579942
61220477
244268646
85131054
394134197
193794406
12354832
240427862
15220768
38970940
14185317
161801527
205864193
30244233
757303975
413466731
22831059
26548315
15862440
18766459
289643326
16724361
16145763
15617631
1588686306
60216260
5357812
50393960
404185484
69181624
269697944
242892689
113012391
138409823
102673774
306238400
30929600
14055301
72198806
412360172
93761782
17494010
20818801
33933259
247334603
33537967
17899109
68999404
15736836
75069067
479872233
4207961
15224867
384392601
23348578
21308157
16129920
165888917
252249233
54299209
182503471
312134473
245451804
48802204
114547989
409456907
54208274
158426909
1140648348
30912937
278124059
14676022
15667802
50452197
11856892
140519774
14434063
17074440
32774989
1531521632
85396297
41017380
273181052
787373558
169066756
20552026
16711026
14074515
14717197
67378554
336229829
19195094
16669075
14345062
16789970
16955991
210926192
18909919
112740986
942156122
57656488
18510860
24195214
462143773
220086346
15160884
51480241
25781141
1072453910
995193054
937723303
1055685948
46817943
1083448909
108376246
395296194
612117635
1917731
1090002997
50482949
151967576
10102032
73416019
1080509366
1027156464
389840566
1058520120
33977070
1089859058
231510077
1092979962
76452765
50371921
1055730738
1061385474
1064206014
237763317
1080844782
126171100
1037321378
1060984272
1058717720
1058917562
1077121945
1055907624
1074129612
45406248
74282530
26051676
17800215
239871673
22527499
233693291
10069612
17529492
19726613
108993692
18967498
45573874
83901492
18061669
14695985
394741838
86330984
1339477459
14240875
239760107
205437050
18227519
42535683
21220931
89820928
244655353
356885109
614441689
50325797
254186356
131144091
595515713
1111940934
15893471
281505853
16409781
760505420
16332498
16477279
66181933
84395206
111200288
20457696
88769457
36706727
21883851
27124758
39053993
1332903595
30073040
91933457
603798545
91180720
42132105
59031230
15361570
90500638
18587457
970207298
24529035
23552417
14845376
29493065
379869831
76456274
146569971
17011177
15856366
25753206
33655490
356382421
1330457336
328679423
27147528
17471979
15649433
16742806
26551204
242836537
240363117
16672561
44615672
33558897
16190898
207560742
30354991
14874480
15952856
97245137
80628196
16898859
256113470
16913253
10615232
16302242
15809249
285852662
207507805
2803191
115733549
7380872
198526130
59157393
1429761
86141342
27368199
232268199
246769138
21685415
376906404
16379018
20259954
18008053
34976385
1051127714
50826280
1286312880
17797249
103394588
44168607
126398501
19268706
26278266
38507478
138600717
20733972
48809111
221447516
122174004
17629860
234937222
950783972
147669829
19362341
27793335
21674448
50374439
17845781
158398519
19568591
65626424
109287731
195838034
41395061
19682187
27901418
336578501
1220285708
293131808
742143
166272944
132278386
110827653
22650211
259395895
21728303
188793260
172858784
887988392
15565498
14975341
16424044
7004382
15754281
15012486
21862217
18622869
15441965
30043495
14962779
45671898
1093090866
14173315
7744592
114497182
164412502
15808765
15007149
339852137
19674502
108617810
242426145
494583213
7713202
17006157
15745368
28785486
92186819
249348006
309427136
193732179
38254095
44177383
19397785
21406834
20002401
14377605
16516167
16017475
21982720
14304462
76348185
16583468
16303106
15351451
267681808
35153069
439664927
145897099
143149420
44982218
297466603
25276374
30040512
344749616
19991186
38274501
363752961
184616830
33794337
15747938
162616280
318540905
30340103
87098861
25812129
85609693
921541544
31122582
17220934
20608910
31128529
148529707
813286
15918708
28922763
16160352
14529929
10228272
331257023
51878230
794865584
486797820
24490057
18358190
58252606
17499960
242414823
52743041
715052108
17468848
294448414
35670796
298059168
519108399
26357536
304676801
120176950
39155029
59159771
55334133
51241574
17487795
14342564
704809364
46911323
349956631
216834759
736641408
102181717
75347500
755271126
44974748
354399766
341632900
719927696
37783744
138569790
563783958
598656541
36214614
168323802
193192630
722676439
757179368
23953878
491600359
143663054
284357195
728708694
291715984
526512037
30585666
494613056
621515582
16474026
80552594
590296680
417931267
353344209
23032310
38955093
617424403
570112664
24091004
70993251
615206738
770895781
18873711
10025982
22006412
23632545
247348563
56394808
617137009
776200801
266113843
32592708
23817298
22255182
776261246
396044297
778537046
58884409
308769257
295466696
36778900
130021022
775042428
17715225
780234025
134864782
246357149
771796675
573916220
361631295
27138392
496625831
620539561
716551320
758492214
409684589
240933776
58922146
31556745
540874836
737188538
50059964
32673296
797463038
24053603
531792014
48148330
99553061
17750784
267331713
59157280
48834856
16382909
780753403
552611896
724227330
58115655
475200981
26122639
77664666
578992254
253787913
730981260
225049496
392722992
631688690
584912320
18221383
742210441
731235714
249784991
116631373
64769921
731296482
630769999
102761112
514828563
583043731
18436199
535181994
774831756
454185721
230026280
26122189
379187983
619304756
15969145
141123720
739351160
788127800
170607689
751654788
788081918
789923017
430554520
151217360
406974565
87929564
607420464
35824051
326551457
325018698
360249485
36573744
785524634
726797300
578767451
801598309
805033068
15974559
42719085
82119397
794911183
774030618
68782270
278564397
444619403
820903712
405674682
232216093
57181256
253281321
404207687
15969285
19097379
238610781
780352448
796493114
45381821
131359673
330203212
381874511
17798031
294466158
811450890
233238234
507968415
59956410
34364212
804692942
15724087
206803921
128515854
597878640
138555525
24140494
556792889
583108214
603261446
714116287
823704900
508006873
466952405
17136795
195876415
715270453
296490583
103245828
236043672
332862299
17681451
25570413
23795336
493427523
15666852
163795427
146538068
19488177
21928822
320102975
221394278
90280824
31637577
346153355
59947923
16209935
365119416
204028731
189806241
17312357
558251172
194173879
77808205
414252029
48618454
35372517
17348637
23966894
27580851
31345344
96424552
25753428
701589774
225907142
128797934
73402256
512464150
197655763
132905013
24292794
32260931
60685889
211215801
271099715
505880731
19416649
58213373
124896632
244724820
36748078
86338557
346818511
16618278
49435857
14615871
515422592
187657428
166001916
24080250
64391558
374331440
328734261
119110363
338445395
194269297
89114700
66345287
107483388
39623234
15997373
19244932
478189025
36942867
242418273
341600081
43369293
18656865
18621835
37154934
170328391
98976956
62359786
17206803
40161518
280624169
385755961
16006330
47785637
215451918
176956930
25238088
331919457
27109121
466880540
67146757
178552338
15294551
48897732
285249780
336592844
331681951
178534630
230263282
280707360
22532954
428576097
94813128
345741212
38502411
328813061
121196560
339270636
59939460
16878156
34274380
16564324
23103488
16245822
14073029
330592913
14511951
66727905
166252256
558769636
1183041
15227791
19725644
8963722
16817883
194347664
618362387
293709920
76091017
54546430
7152572
110050237
21444680
177569824
20279249
33530012
40228140
552269374
38740666
125746565
584482020
14802013
240528105
389198122
16132719
33550622
318039669
29355860
23888133
16224367
63716960
174098184
22656089
43078558
29775001
105814154
569155012
269413623
100920952
39353733
81428340
16252960
150314589
198573640
375320330
35300950
50694471
594317937
583987793
77099241
34250911
131042222
620604622
18311533
26665987
23047096
271149836
20062705
27234909
710743
20083388
21111896
20772763
63246339
350429629
550112743
52189673
122309663
261124580
324607592
32366278
410324714
122165841
455102293
18290748
405402671
47554499
528446358
120941602
366540611
265095211
17649291
18293219
14348157
364864616
60841112
473637671
410056274
15651835
627587320
736946342
20468251
97351824
98543618
15473958
19608273
1106501
29582511
16698448
24796125
406318939
492653643
119182046
46307835
90796444
319100065
128562346
165791468
386329142
17285562
634290914
273163401
277740242
317495602
154130222
18479178
282152145
569038096
25435411
22250215
142849190
14155422
113779850
577589955
532371908
516023524
419190719
384507614
65698096
364423298
296402544
175131510
188814265
32208576
264959898
37218673
609668412
318881526
259094582
16036941
32680990
418227580
324489515
460475288
18715544
139410233
264876558
19938595
202670158
147657826
78063171
19038210
26822709
27151743
32820923
35284567
200636280
236192196
269871152
269992592
275359350
564947096
83969342
335894359
40781725
38589801
17049258
23083404
26589987
19900778
52422878
567296084
54963857
389109522
154255539
633841085
66885034
15837659
18231103
322897229
115497691
185931793
16210522
49698134
279319647
21870081
13393052
17789578
402957663
22162854
17006036
16259172
24471793
453118815
23605505
18871587
234797937
292990703
316601451
58685588
39583267
15554922
28652194
26336913
16297720
7356562
389028352
52863923
17461978
58503762
37469127
166545476
80366372
39605560
75052666
11856592
23080711
242911974
70771229
238259855
15675138
163589845
16187637
119829799
166200173
119421760
10929352
15138475
288751432
55355654
342980966
46134709
19670455
17171111
250850171
104872956
217550862
15922214
15210284
9300262
34092929
376955768
33576489
107545479
78445977
18696134
28582749
164007407
30216513
385429543
19318314
267938462
305216911
455872282
432676344
80612021
82453460
234002627
84119348
267854863
22053641
33998183
325830217
278776049
369505837
17001730
325053164
257608211
42273458
231217903
125445568
208692908
161791703
168673083
16197321
21312077
23600262
22669526
22812754
24745957
59884592
156333623
48086014
82649553
263815367
199325935
249410485
229873610
22408312
250690720
33935000
16506946
260396714
31855526
148322097
370149272
16116288
369232105
171813900
38725365
14216838
23705843
16707773
41219840
24263009
402797279
87272043
39292124
59010637
104908543
298018860
361975104
141084952
18936639
133379712
75309435
38228095
136338779
381152398
22317133
296306823
352557959
70001261
32780218
54244175
14642816
220517115
134234059
28927026
32698959
73458781
15829631
16334281
139536424
114085676
90560569
23634358
300240728
248768262
21761662
112549655
139805236
281593711
35048177
11540532
18137749
325182017
60919240
59855935
26878188
48177456
216832649
292935209
226299107
32129142
259918701
152873024
76027332
14468942
7802902
18084583
20616741
18219010
53929374
282719790
61200555
116324294
15524229
150736368
29472540
35616518
23574986
41210267
17092923
22109355
24164338
258900199
131546062
113298560
14246001
172381818
88806753
246088673
18483704
90420685
33542901
16523186
17004618
34942350
89547441
21585811
34049155
16118671
22685638
95270375
84650505
137466464
136550204
244803875
67194113
16560657
65029857
47436923
18728203
20530177
22201145
227373977
49715850
32472273
11026952
38950551
36683668
104609172
20659839
9624742
58665809
36957490
39989922
20317002
25061812
18062030
20524416
54424058
22495620
16861311
19169363
22546609
15960831
26500119
15353789
74241914
15896464
12699932
41169223
61206798
16580226
27670481
21228708
2836421
222140591
16170253
30313925
232193350
20052710
11348282
14938312
25708791
15360434
15585350
16331756
14085040
35879028
33995409
232992031
23593446
85322445
20597460
229966028
22012091
235373000
237770636
133832049
15764644
227341953
142419647
248735463
168502762
153486399
14135426
29450962
188019606
240812994
138770045
36686040
163570705
233783568
237403203
235719973
70756980
37094727
137794015
20467163
14275291
15111202
17770086
22077368
63262233
116099364
26044411
15727981
23995748
115979444
43963249
29828364
239949176
21688771
21425125
42389136
14159148
113420831
428333
5741722
