249410485
474464413
23213815
484379263
2437340664
234780055
141313671
58877906
20545835
19611483
1614157532
296971297
51422251
16125224
66369181
15647676
115749048
2359926157
15864671
17629860
277144196
121546530
337853736
252219312
44362613
2253968388
455764741
18247062
602199246
2236759669
21301913
250912539
14284612
136550204
69773058
142490217
2746299102
614542142
136300373
193128319
47421744
16435792
66697103
861977203
405593161
2362911416
24171236
14617026
14589088
24926288
44397959
31923416
23753779
21098575
17061263
343358379
201389881
20053279
246066381
267186597
49700792
2966205003
2975091705
2963445730
162019670
2953974395
2856787757
2978291435
19559089
2933760046
2964287128
47798449
2914163523
2863210809
1397501864
489823939
16370676
16563015
20448216
426802833
586076931
36691154
997684836
1231303752
586191770
327567853
564111558
18952304
368533204
1151287537
16445311
18697188
1137600571
2860938676
2786564756
220886614
90993758
2382685057
26822539
167664010
22220447
340081801
2412738884
398088661
16187637
233695891
1074101017
1444015610
1849261916
966442267
15075999
104299137
20165052
321357159
111689606
217550862
245412130
20109439
22799750
43919633
1375289149
22055109
1487846678
71023061
1074480192
1058345042
1305596696
1092757885
242772524
1065995022
963480595
1060370282
107441863
46554393
143798379
88024943
239964567
301549400
1131917492
252805688
343171266
428333
807095
26585095
14293310
759251
8839632
51241574
1652541
28785486
266006481
15012486
86141342
14173315
42958829
33938397
42442665
28652194
385111151
108416848
27930559
237048219
14213413
131546062
15510241
234906311
274596432
1060487274
968650362
1089334250
1051446626
950328072
33655490
211901075
960696949
25517146
255109294
235217558
86129724
402719755
19924270
538185166
215021528
18812572
15724503
218936411
18767833
382230093
246341769
26487169
18983793
247723476
217416964
550303938
16228479
11856892
110445334
15827806
223970563
56413858
14662354
7402662
50055701
389028352
280693341
27744185
56401482
65091778
89460898
17078632
77250424
237862972
23134068
23121519
17074440
14730894
39308549
67653749
93059585
14955490
4170491
16438494
402029058
234370900
309267226
47739450
54412900
26424123
29766367
23103488
381736092
248850174
17454769
38495835
235719973
240363117
18317325
314335929
15281676
250710495
551195347
22703645
15513604
21094888
21619519
221793778
155642785
14904437
18915145
16468012
18280993
29268287
14845376
75367781
242926427
18277655
35829796
42388488
21684595
193785644
245408102
14857739
156324077
127635993
152018565
310310133
237770636
70756980
91386979
474135011
236535680
224391627
221162525
20733972
20097342
21220931
156703580
3135241
23689478
5693842
10840862
46176168
32493227
85606078
23124635
235251868
168673083
14268564
27724697
62588834
90484508
237403203
14410652
640893
15661604
117777832
20280088
240385577
154591966
22508473
19616327
15394954
10102032
179783464
219429281
26778110
211530910
237814920
18056015
41363507
222286905
237763317
236899846
114607567
236960387
234057152
161743731
240760644
22055226
234937222
234822928
20879626
40318829
41024430
109280446
234837632
20192403
15210410
21329888
237344177
19407835
234469322
246920802
27311044
18646108
65493023
41634520
48079753
16211061
19022786
241207373
23951197
224294785
254082173
60984835
18805303
71281860
237312687
84620376
235190657
17896154
213634439
37094727
235312723
132204008
242376736
20209807
244268646
246769138
237750442
22545491
218349372
234812598
20467163
237299871
110545675
242761889
235289157
239871673
78431501
16446177
123108647
20796447
233842454
17227248
76452765
234797704
221447516
264219447
20092295
21336862
296361085
26533227
21111098
47975734
15745368
75364211
273783912
216881337
18061669
18632666
211420609
28587919
5336752
2467791
48117116
88784440
15751083
15116570
3108351
15922214
19926675
20015903
16056306
34340464
37920978
142332083
233737858
216104792
7270292
133439172
106733567
102561212
262756641
10615232
125746882
13218102
73303753
19726613
274836564
213339899
21157904
26820275
117537998
111671288
5558312
238177562
21269970
202206694
229592356
76649729
14344823
18791763
15918708
10168082
18216752
52503751
22831059
233949261
234022257
14275291
19139963
18030431
20088666
14246001
124224165
18967498
27676828
18566912
15856366
285171880
249339682
91179070
291826010
295712099
295685416
235271965
240393970
19929362
74198348
25086658
234573331
41445718
236916916
252819323
19789294
31127446
15675138
9300262
237944147
193794406
236479311
198526130
1367531
20713061
24735461
217543151
9508922
11134252
249219716
33977070
76445672
28176898
18166778
55235265
193747484
42924141
77017567
34601973
23712174
17800215
5357812
27882000
78369108
278145569
16424044
114756202
12788332
19394188
19658173
18916432
237348797
21048033
20081623
134926562
85334958
16256269
24183358
32010840
24773493
15600527
161109486
74482441
37516417
19647449
21572351
27224821
168931107
40154548
23976316
36939152
17513304
17976923
225921757
238036545
233693291
140457190
239561508
35710241
15075753
252819642
229197216
7116142
22509548
235258843
237781383
26051676
146423284
234400240
18217624
271075290
15356407
76350004
23970171
15160884
248699486
218205069
14669951
15210284
246789509
18168068
5496932
45994332
114388293
69086398
202937522
55815964
22528309
16336478
45688610
195898927
18811140
24852012
190328374
31191969
36654245
6577802
32506723
78403308
15428227
19739126
18891923
5561412
7713202
15207668
