16228479
1536791610
9677372
1131917492
19716781
246357149
2229105296
37144376
74858756
2163248328
112740986
72198806
30354991
11347122
19418459
115733549
15939889
15808765
60828944
19318314
476256944
15361570
250188760
2592023390
40011881
50128726
876350460
942156122
599454226
369602017
16302354
36948268
14426645
48624862
46774667
17006036
22033999
11382292
17790274
46729604
18948365
63262233
49056498
148453195
20182089
80628196
20097362
15675138
19884282
15652540
133832049
245516606
55355654
33986037
38254095
385429543
248735463
7356562
15764644
24913074
16583468
292990703
158398519
2467791
16664681
36511031
10433782
