557209040
19707399
18034569
2726589637
54014802
142309893
312659456
1056893142
565182134
3089006640
2752463298
2912949700
1631209590
1862303390
571179453
3193032539
24635900
3132896047
16874341
2329323926
820271760
1909801087
3184262509
876537512
3011666491
82657929
201845082
502426593
2508754267
465695764
1633219500
34157818
27509649
30971588
1003074138
2856278282
242875975
169635024
758328048
25148847
594782385
32530736
1164038592
59885749
1855898148
528768308
266364148
29320573
153987214
27025577
19738507
322282509
28201991
333737865
183505636
991381788
2290012998
128573629
275725571
2339667145
1262423234
555226214
2244240457
222182067
1340785868
2726661050
802925948
42734224
54111299
3093246293
950341686
2284022539
22914905
20752820
1249982359
831037357
827346259
2912025355
596864454
2316408943
1158830714
195806875
7302362
138609858
950976000
104851268
78403308
235217558
37416239
2426131484
2891210047
2955485182
1074480192
2856787757
2294628337
2863210809
2962923040
11651202
193794406
225921757
2964174789
968650362
427924855
301724361
182980123
278176278
23891201
42530118
237449040
1918179919
184786000
24211733
423630200
928830631
96813576
2754388228
2836736098
82033951
63178732
703540118
27136386
1732285346
14914467
2325795967
48747323
17815224
27779882
28603812
60323026
85409266
38002196
34666896
444114353
210996287
88020840
614863323
469194846
2595642319
1186357471
20116001
317544003
15200302
14559169
711038328
212331265
1015106016
1700584676
330542838
555297559
2282470404
378694632
2315537748
23105307
21034105
92430910
45764086
2239491
2747557423
15481869
29263488
14385676
119837703
1668177566
801367260
14861004
71114207
1539644984
26911611
37952291
610371036
2364276787
92061319
7612242
2247765384
319887853
16824724
19991186
106507775
189274827
491620131
426171815
1099067732
468855237
381042970
280082858
78898839
104342107
791700517
126133014
17166210
341724149
262970655
219010139
571730162
1444015610
213464765
2352629311
52073076
760051560
263814129
43757055
11265832
729983616
41663292
310535008
18958999
86358005
15212187
78935628
58544447
350987862
79254642
314588877
15381376
1877961578
757010210
292127427
52847728
28739394
32505840
146581128
58035830
168549364
1284231355
19596592
618041113
200588491
51241574
40553282
1580651702
235254468
75438998
448273625
372474781
90721451
364251908
522594399
111732948
53619605
228854682
138805685
62979094
18888577
39533358
372385167
140286364
21344549
175527475
232898716
40972429
191527002
87044545
584172319
228565815
136710052
385540074
242360090
55106134
211990186
1549941037
119481835
114572150
525631358
47969454
78308338
200371688
265403801
19328445
114284396
248795362
27313901
196313328
17237133
22990420
891659473
69490281
16693670
242944499
49768643
45250792
616609988
16993872
95739941
1251623082
14371679
19479076
169559775
30218683
277836658
16439096
33773062
284814718
1214311110
111915610
343828599
28026512
156961877
339353410
998599110
169332961
32902214
875683255
536310643
33535221
836498466
842671308
103912406
792075264
247107701
24686271
115095051
26805609
573997627
810303169
898783094
79228319
1332103027
1444447663
178823995
185804066
1344688742
7651512
532407705
265394730
1025045688
874740812
807538286
42492114
33320422
1396241845
731616690
44934157
20622396
29810098
1400016373
73916451
527231472
175549277
1021934658
247517295
1031613030
15976207
15853002
353730821
281287135
292098822
37425664
418367658
259771758
372627035
30538170
29234480
620583354
382725522
15586228
1488401292
82091669
1550915760
25289453
377396202
76742510
1187780665
339220504
91622378
328064956
437883375
333182259
495466358
385759208
21111098
235312723
76649729
20957491
245799031
216546917
1051446626
47991586
272734509
90253160
265179170
631397010
250778554
797195905
53999460
840163897
240425781
309747055
533861025
217543151
211588974
229592356
233737858
14845376
19926675
16056306
382791093
1071402577
803633120
357499205
46893587
758784194
1483804087
630475886
28594128
407865516
16475584
14955722
41657673
45947548
6817432
6039302
97503010
2836421
32037432
1288967479
49908558
382710389
1247651756
1096059529
18061669
238177562
23620660
230461043
288616969
198595399
317255989
20593149
19191105
15951232
58313900
18805644
88784440
189523048
39050914
20281013
555474658
25025852
386092483
221162525
234370900
240790556
75364211
600463589
264219447
27964244
73303753
262756641
296361085
19726613
15745368
216881337
291756142
212262370
430810054
65878241
266133081
114896223
202206694
18632666
38734554
20452840
303895811
58281459
289627056
339822881
17583249
55618046
146343029
38240778
153611571
104861909
43578084
171367109
145713069
254381083
21598160
21353735
29094978
30872825
17722324
20272829
17943859
19609126
69445791
47528467
16904954
21248582
169353356
28436023
48843421
15092872
16619175
249735664
162502808
45365969
255073963
253712581
240663096
255293170
243447275
229960176
224752979
135159821
247465656
253849413
24232415
35150454
252819642
22955400
130348483
30238011
246424950
134289193
15690115
19242929
201295178
29764564
17087824
97373224
254742760
220771967
53127197
24922326
65369591
30315822
18879847
256061622
254775647
18972000
25116742
14612738
24113919
16557756
86528180
255113764
144679019
166891393
221821251
18173452
17132286
102158788
243257230
46302315
253634698
136358583
50839205
42422390
251016332
251018524
251020305
251015169
251020166
60699026
249372498
253775395
242450561
41276006
38933094
202777090
254276217
40270250
93189203
46019540
15166887
257020498
257958739
21598595
163937907
258221696
201411292
34707255
110727994
41208975
23773497
235248941
236576910
233312635
40466136
26863393
186218824
168199625
234399548
26316100
254174408
82649797
206506295
20798090
46875696
18080832
182506572
259397506
259420367
73929665
163996395
17740969
165979210
254384712
60204660
25163231
21146211
259760826
259809982
181590690
20469722
25719595
183240600
221905354
16808675
15931637
245183525
78369108
14545416
85148970
90516236
257092003
231898286
260396714
260412146
243797058
245408102
257799434
241988988
33615877
16425672
217901533
86948027
16686746
255345614
125142692
261067333
108083058
96239648
150109029
107457073
38712502
49289658
261390008
66124619
261838099
32649796
176830279
156186406
159692706
260723180
154252277
188750314
236992650
52057155
147666390
30350364
173098355
71806254
38019398
25119033
32593871
22721394
33665052
18183592
30116891
23203023
183015373
29050853
86943994
17324534
196319163
16233578
196645290
16096720
20046015
178247710
15088398
42921216
22839628
14778836
82453308
116820540
21459028
77747755
15891345
6724252
21894634
17684783
158354454
52714526
19041983
23526197
146827827
20331332
56734958
119128884
31185990
60480296
103716556
41932411
16295454
42448257
23203100
133443445
156424967
159957050
149965942
154917353
17614763
33767440
82294198
18317966
154248195
133736900
67837889
161478167
111491071
27942814
161888942
20796213
23334749
56937536
158175125
162351779
18423729
64036409
162212796
154789633
64755578
120948961
77355386
59164794
16330196
25458574
25136956
28279720
74457500
149738158
58127507
29871408
163391653
14552094
77811801
14345344
41204530
41662692
20693007
151202705
145467474
164449791
86594419
158052297
27739413
19055310
33828713
158477764
23979944
103122375
83757861
54302457
198279827
78902429
44380440
193369461
193262165
195297121
169680131
194685027
169683216
46469610
115760155
74482441
135166789
19082879
25125528
197857626
75398827
77241120
50827378
32110246
23195603
41141258
41471330
138774153
140228770
49029763
190328374
112243712
182679780
191208249
163916520
159548642
90490354
76658220
116498184
17907878
95976948
14276152
88976164
136378375
35167707
41476066
184182609
41748800
166489073
15300388
197508973
130664911
74302001
165342086
116343974
95509114
69091605
18836111
93552029
126527658
22036654
16037443
29244564
16425432
43566068
186126828
19525588
55321133
36631782
58673017
52772370
55917883
180293869
18384365
116818176
44484745
46496515
67806422
15580688
136526394
17495597
121537837
34976869
165158649
47192568
24360859
56787333
154574062
19791236
50304737
80478134
17269069
139843106
15139068
24941897
20392572
51172170
15471853
161743731
15176091
166185604
16789179
30932922
23774262
22614637
80763769
43622225
85208204
83897877
84209918
84984677
70450621
84737017
79043124
47382057
15927167
16142297
128582929
23807706
43562823
157795885
115490133
109065818
27125217
26543162
140583118
133059015
90277521
144988269
17985224
14893450
127361278
148336187
143857762
125435306
45595903
25350094
17884446
16290820
165859431
146183647
112921460
53145132
18274622
148850621
46761734
20709978
105677658
154591966
169279712
26444955
59455169
37334464
169117945
32410828
134926562
20822875
24448865
70192269
27252724
29849245
15099295
170055177
16932845
172944385
174310887
19359721
167475590
14144549
17118279
170522127
77243814
112765894
49795003
16125550
148264065
18888847
21316253
62350493
15496979
166281763
55838072
136300373
84755719
33755232
64498325
36390094
160775727
133233399
18060563
71358042
24699128
15636435
25161859
122212010
15233851
41292079
15248180
28125385
19301478
65825153
74890142
16390838
17340186
139926420
148411256
169561374
14212363
109916051
102802129
14507407
107654634
173991719
133035332
172096687
173055021
20752841
107262663
101068703
17485720
59143682
171331201
20609172
16191477
101016959
166839399
145945207
143663597
58319463
112532163
65146562
18458942
4923811
87712431
57338140
109801252
11883722
19907542
171562065
29715416
20031255
100820607
24186110
20744708
23351437
162441890
155785670
54003634
175308390
174689844
99589232
168700151
23970171
49023873
172823309
13829772
15173859
166624120
40170503
63767714
176176955
15235184
107773300
40173703
23199374
15837791
21916557
128242306
83924678
133408060
8134662
63187645
169934363
176646411
18967498
33612193
176905080
21093964
163075337
141722238
25960558
76601805
164654668
30864960
15342708
94634039
76982605
34170355
161404797
163987185
21333396
84483672
46141185
18561348
149413936
168830539
23819580
25392173
119117526
127906163
114473364
18637643
18890707
177993707
87348177
13518652
178000032
23013669
151070666
48611760
102697985
15153358
130945949
172074303
178441153
26225949
22090340
112589314
154372670
16086967
123314680
17351843
18499066
17094138
14889142
14398876
70476832
26051676
130600206
22675512
16044407
112034697
170503014
63871166
19928833
20159016
75316454
169497926
15770658
38749256
173862721
21763530
40367637
113763245
23819676
42060376
11702412
17921854
82771452
177222991
29608023
29583476
110538332
143521095
180463853
38026405
56866173
39278288
180389279
180857528
172920948
18573533
63728054
37960447
173967790
47513945
178942613
176897559
47891535
90082121
176220171
82763138
34777050
53982156
33898667
181917581
61880713
167823860
112016316
18036861
21382668
10069282
182051832
180846791
143473276
32769020
83476954
32885891
110787426
149954544
15036089
40061991
16317890
182593177
166412773
40180873
69065230
17779539
69768385
44526609
133439172
169220792
48115928
53767782
22081631
38190956
20923307
85671989
174823316
18205674
30464532
102558395
34374892
45762728
122218777
20757621
125547569
21478415
16570043
21829541
185010335
16157075
20414128
22731953
27330763
17375312
15694426
57527518
28240508
112800584
47676826
14424780
159196401
28260830
19242010
174807441
170432851
149799081
15212685
58343035
138977055
171569791
15506100
183102763
20912474
22676962
182953882
21055684
185417277
55440384
24219344
88335997
15343285
9755772
134836988
178290224
3588851
183709156
174369590
43011759
28826602
185272462
19719579
176613004
152616481
187287965
29729158
74590501
18399817
153699396
8162322
20883609
17340781
57006550
22454856
19772636
121179757
96991398
15896559
21762497
98404087
106795203
84139823
20468251
83662443
50911666
49929523
90059826
135036971
123309919
88186553
115595287
52084716
5656102
19805776
167507135
15810707
45332516
17443780
17453567
65680611
23477869
36211093
142303389
118971952
21619519
15731368
165148025
21520419
122259046
19077055
23900329
81972784
189545290
69279097
180275339
134914770
190384856
59676104
42372322
34148490
149989833
66821630
19395652
17212269
63488350
42228475
191150652
40909104
82943170
14660096
166994141
161070930
8403632
94087890
16305508
18566912
19540645
150207683
29693558
19239394
16409758
191588518
191600701
186148607
53694989
139938016
191764290
159481288
188061406
19663141
148086041
110637026
43425301
93102588
20732140
14689023
1899701
174202365
146618220
119236265
176932409
116198288
183654820
15333188
19894935
58095604
91153933
16232940
77825599
192342400
97051462
19808638
16183601
188895259
155255362
19495105
112541584
193040757
192936564
193075666
169500764
193357005
193014914
70739402
193170402
49369528
191683536
193428728
189268615
55829535
186881077
22537548
117656867
45089125
86674810
179486571
193737474
146400298
16533277
21872211
52510250
75786471
37982748
182883116
14892730
97298155
193907351
193911712
193975281
194004858
175068499
58583381
20258816
186387412
45633322
33759116
25106863
91602058
187805032
143488972
191162512
163240195
28039217
171736027
113449888
192662752
194445105
90274670
35188524
8081362
27486528
6323472
19987919
170910111
193761516
14081282
189712083
24598047
26535140
114851426
36047917
194663051
27702107
90343284
21404011
152903908
108381166
18811894
42940560
20489920
181294327
39798632
22527499
193179699
49478865
153902907
26068591
190279281
164554326
31850757
24589199
24181374
24050513
196413591
35730238
13093372
46061168
8519682
188370009
195986446
69991424
193146078
17754733
170419864
17495705
50836903
40165375
145773758
32234804
26517833
93974225
28969421
6830032
33882374
196202253
42620459
197853678
133894361
29362582
159362503
22039366
181385359
37273635
140453734
95759236
15516637
104727439
147711469
17564591
22842742
82729057
40923070
46176168
38466578
85606078
32313389
85884752
18918638
58655810
22971131
46662081
20245031
151465649
15880302
22984882
20061598
95983197
23016803
34159237
123849432
19000137
23971881
53300521
21208615
19844253
121620626
42831302
21409682
140623616
53029778
16328138
48080443
152731098
26777550
150777151
17026971
123421771
102451529
27671624
20442715
16999825
151546694
5508812
19319123
33062085
52758609
127550371
27080739
17088492
33712902
15029270
14051425
14140703
136550204
38223881
131631395
25435481
139159867
14788277
154953000
20808999
34537273
41351252
69792836
34698840
59589963
41147062
23482214
24528558
103408534
83867118
18905287
134886958
36991255
76773857
64784531
146180438
103609577
52190807
23425865
113024338
19914661
28150104
156116901
76125515
128235400
66015224
39505426
148440851
46933245
155595618
16624088
104301127
26287562
133549021
17262924
17964225
17365683
15008539
149685907
31598405
21499315
18678924
157431756
73448937
157494202
27780889
155620446
18000480
157561625
62553762
117590354
21086471
154221986
158237784
158438984
158438219
56803066
80163296
114617358
21232966
92915438
93033849
144734398
14569867
146565494
49619982
146299583
136690837
19650336
99627921
13018052
125077440
19035730
69513348
75224020
36618857
74144130
23006666
146644017
98935550
137712043
147689570
23385466
39525554
15579774
130488561
61026691
52506776
40598145
96818184
49809439
140204028
21903700
108424611
42656344
28577601
47857697
147345042
46381467
56171815
145373943
143087729
41875840
139856569
109422535
120507271
146589739
21711790
145347398
18037907
61029455
42109537
60735083
114221849
76543806
45359964
89121408
125448135
36473875
77373628
26594419
47470008
122143620
67447390
31117008
116616867
64380091
14153162
143779492
22242298
20318442
151004465
38638608
16430893
111906159
88916552
67923302
52848409
142124113
19197868
23350990
19378957
24591634
21705449
17142897
972651
63774674
28135590
29009313
138125357
22565696
112919403
45656004
138240066
117267404
25886186
124051732
21397356
13262232
26965287
124798323
42913132
26033108
131648282
137729640
57073953
104377412
116279069
21509894
15965216
11176532
81193371
19666511
93932193
80047096
139538107
57786057
27142234
17597022
21138602
82471403
130528819
133830853
23166140
20064928
104284556
99003928
116245806
76229368
137397162
49248817
73785734
22541401
16940885
22276374
39318257
133255583
16081366
140304687
45668022
26714962
43531808
130003817
132865864
23670658
38433502
23379353
31097149
34129655
98437258
16725668
141687885
142443267
24603913
54931722
33619695
137814540
18258975
133286878
19624861
20462045
108854929
143471417
26576749
56505990
18169370
58658319
47307498
105181623
117155100
27276907
143953011
15320603
21316491
18820362
44769565
25553371
18832833
60921816
20704003
15898569
76244630
123910334
30211622
145373802
16329058
39274111
52035695
16672557
125828125
84199182
29649461
22393358
131450499
44946241
97280062
15021556
39442532
145871345
114483078
72874723
19663069
18534287
19784264
22962407
130600581
145407079
115237195
23805301
14587949
44135367
59574317
12439502
66472036
85626984
38711343
18481981
21812698
22159063
15718014
127061269
14816566
55329156
14738157
15075753
18905115
120295432
15773400
21493360
14079425
32944550
37069805
111822811
25292876
19518544
108464277
20599313
21969829
137215059
120280509
134959266
90679406
137071057
29252017
119777820
20280992
113237435
58386023
132635315
110080356
48482750
19202126
15923445
111765658
124389409
41412836
137927684
102503323
14203107
98264759
91612876
15661604
14904437
15985455
28576135
27114180
10126672
21186125
20192403
15160884
33977070
78816575
80314861
18236339
16514346
64603531
14728168
22837109
36375705
33116130
17132684
15605972
36686069
14219447
25725286
17372990
11313602
42265227
57849550
37907293
17995040
14177487
91405696
110884414
25768885
131320321
127928496
114988333
16161404
103628594
136619873
66882835
136682183
62535715
18860060
127960099
75111782
100516580
40159637
18323740
133759686
28764153
129206178
10971502
39943905
108470002
30344064
135929930
41362731
17867694
67020315
70375651
133343254
105224141
57288884
16404285
17201928
74198348
17800215
20877333
31486940
129959452
107443213
7901202
134870834
18634085
78085699
106800773
25163050
21673520
21828156
12768202
25767155
87175538
60622849
133266449
53112612
74684214
125540913
53400533
127359799
27559439
23233464
1734381
87839751
22151523
94014518
128614871
133502135
25262272
97870435
133731607
15753553
36588739
114102708
39340449
24914494
16404712
25204992
134579320
33892342
27744185
16446177
36077707
57007376
22276232
26889413
23112668
18539631
16224500
23008116
19079151
91258333
19606515
128608886
120577829
133400890
7535222
133414680
15014405
45658900
124655048
32530781
108216310
28934465
17926342
132797397
124275991
123563640
37682130
38835427
27181317
8840362
63634244
17809746
14505174
18447312
119925974
69513559
17957383
131671949
79633819
32699706
95327065
25322711
24134009
82089224
120943265
131376641
18027696
36815578
15854276
17636405
37573775
19920550
9500462
41176869
30736021
130921358
65114379
26577666
71918006
131750700
102250802
61783758
54229868
26075847
131839804
15471922
116316865
19673697
18953266
132090946
115356578
22196379
126836393
30851296
18441541
78776222
45932925
15798100
130755122
14920914
35819114
123347023
31457007
117998655
46203666
34434801
88414939
22189918
130954892
22022528
110611375
31891798
106804211
25965585
91640029
15729760
21377785
44217028
118428872
20788790
48827908
121561180
40463045
17738896
95373130
16234553
20608910
21271480
42724842
116963247
35782352
33572764
16635405
86679261
98637769
79704961
58857890
46719826
23870788
21361003
9376622
17266434
20781968
87276081
17958041
105572712
76897863
48088063
91038197
89787930
19666056
128175237
113057657
66197222
103008033
40521062
112385503
37080099
117509692
41697270
108184778
16306024
14676327
29317397
41023330
22374816
17184873
18391610
14055668
33874521
29198561
17162209
29410488
31151462
17924287
25290722
17641086
25675024
21883871
17430331
22017358
34009294
20168939
32214938
42721743
42742144
26003261
17235172
10102142
19245431
18978469
19539739
20060878
24190626
29063765
22946048
23515063
31717842
20459685
41119349
43999463
18144612
74522684
111062763
127086509
125059102
15705830
87504275
47863844
19311664
16617864
6238742
15619617
31643493
20251654
21797269
28027217
18713283
92951663
14165438
125724451
45673177
74895726
97962058
123738314
90689902
17957984
31449275
125854958
103560785
124580310
18262412
20347522
19968111
46917899
119474346
34149133
126034294
126027425
16428731
15360995
122188397
63567012
24645354
9903262
14116024
20920473
71904471
126049770
15503170
41612430
111072893
124794340
21793058
30950272
72906858
15958265
18379407
126327405
73657657
24207433
123572182
72105347
15827021
16686378
12797822
90466289
16480221
14287627
22887909
19655923
28295912
95689513
42721759
125822033
15081460
84717398
83526631
30117478
37340599
126393683
122835680
33981571
18863894
123734322
119734983
127723420
15750251
37772162
120230665
115755195
127964576
46921207
91674148
116921689
19407835
128092499
86131028
16437252
7540792
128239640
121782200
68869910
22136453
127741393
128293091
84272776
15780348
55581659
27347518
26618468
126099940
119651234
116497713
128127489
116628927
22097803
128598500
16803093
34340464
26831147
109137600
24298528
22643800
27550683
108085194
128565152
63625635
82167518
17563655
118808418
93274289
40634780
67453149
110588557
17184065
129219634
14933838
21631063
115474755
116784750
14216438
65981979
27785393
15998421
72577523
105906217
34838260
28875977
37070277
19172113
16668756
125142705
28994305
124852612
105393814
60815584
114276305
2080931
125166839
16164929
121990777
38196876
41406139
42935247
17303210
83167502
44127294
32184368
26227395
39588759
14272318
19398122
29482660
39193773
22650398
16873057
33222598
20121072
18371238
83234491
19745574
23091853
71345517
14353479
25823212
108729290
49224286
83008966
54213588
18124483
27118792
25573554
16054728
8025532
89884566
50918998
93552356
33779278
42893717
41664302
103393938
101058456
32774989
16434858
115166212
74386702
38852949
114864896
44137600
40510796
16742053
28412695
84154091
114415214
24641590
18664838
82725074
19028248
27112263
18131106
20498771
15927033
21627601
18019121
108204931
74629643
40529163
89894243
36541952
115147045
44944097
68862380
55236591
107667666
114060287
109023283
114013234
111444333
34347501
115962714
51184098
116221874
52885183
116623894
63982883
46101479
65388593
15641893
47210526
106465257
76163900
86345714
85634177
96911809
17823769
116270630
109126346
66425686
52487389
15360796
77250424
21157904
114541369
16039333
20441260
116810855
117276555
9283282
56910690
114911723
16311797
79588982
21450142
15950463
66882814
75366723
69641276
57419716
87566177
116627322
113444881
16553209
101879021
50924117
23979889
116560730
114756202
16489831
22961199
24778046
21787198
118151659
118294143
29099111
65919549
63363638
29281571
33406154
108617892
111328008
1917731
77377974
105298867
114665862
105421856
100750346
42481696
46802226
18248294
113445218
20077281
22940574
94929565
89636411
45469134
21104773
17297846
17271761
24666455
119385325
23064628
75632874
61446721
119724939
119755888
18573018
31464977
18156308
15808765
47434201
119848048
119444155
120982574
42959221
20539024
32250250
15723749
15449410
25763891
28478793
44304625
120684554
116075284
120344549
121918096
14345062
14411610
95307860
24713160
115773894
15460793
105431239
113591776
102535687
70761591
119991364
28934830
122831971
15715665
121553000
30221394
43108099
48748399
61540700
91349433
61928545
123389809
26002875
104345996
26601050
16030344
57440948
117854067
22918287
121534796
28448216
50290561
117432541
121465655
66126399
98309019
17296375
17158807
18082622
120242976
124274498
115751296
104998003
123669368
111132474
9545532
23707913
15987296
121623390
24727699
25679581
76975191
52727984
113823078
107846501
44712022
19423348
120994924
117790388
17117399
121625094
41251209
89208983
120701620
15886750
53659187
16637788
15245652
124458035
35601243
61120062
48424941
14720411
44066750
89483696
19622684
15473825
44541642
74090453
83696620
607043
118371836
69584077
20989094
21780888
98921660
80148288
75344131
119959775
87807978
59916471
116069545
91452925
31561219
8059162
117791724
38961184
19473742
121061877
9163182
16693566
40399691
90860604
50128726
59302814
119065316
50772334
121142842
14393955
31838293
16441196
121467921
50434933
20819456
22268910
102555461
16402648
19422069
29634049
66874836
28721451
22692515
35771205
16313934
119902065
32079624
34023198
46915731
21327825
14248956
22179437
111965072
103955356
114249657
15698349
21157704
51117369
31175661
16483016
102781133
20989531
7039122
101686868
20197197
54356562
77321766
105853740
20812660
106689502
31115789
69858555
112647181
114152596
17929759
19983731
111454070
58359125
99169192
92819365
22059613
50162016
33355551
111967791
31463883
22695018
112488513
46708838
20110844
16684772
110542280
21791168
33925764
44379764
59312276
24223162
84500813
6428532
93575832
20732463
102270343
8953122
17660580
18795453
40834277
67875816
69102823
75378219
14468043
92803792
70543611
112930824
17890675
44135635
13436432
111484973
41321910
110667073
100966579
19750571
22740127
24167403
16160245
104272006
18034923
35442524
3128101
97472404
18496787
87623620
112322957
90402884
19147690
112670086
30255122
20883180
86428515
23487123
50450277
35751972
45970002
49114457
64567208
86608815
110371419
26681519
21821673
15570565
18964110
78001958
27968690
106849100
110457588
57338327
45450902
14608899
89709482
23164472
21050804
104062604
46258284
16753058
14067081
103990094
111033357
110696122
110694888
106808753
104636359
15519845
111084568
16535689
24557446
101635796
38459769
101078671
95593041
110910357
60113766
21435512
43794627
111173597
104741910
90252949
111666259
91127176
24431287
14601329
42304448
111656753
108677687
99570156
94913795
87761094
34157839
44403079
101817740
74905098
16823899
19299772
104917718
41186732
15735034
82717359
19847810
95871473
93076620
89258170
20265127
23688084
25535812
98490748
33947164
23028288
34513794
52537790
39342103
19553409
25172565
90021188
97076558
109475168
43719516
25291725
70785183
108599886
109290844
17104919
101855898
109807012
18750234
109724344
14209540
26298714
108792488
47961289
19378927
109831272
47905029
18592146
38470516
74515918
17527916
47322953
5392522
59486472
18456694
18001786
20775769
22802278
9915942
2704951
23176276
15755812
19253237
47116722
14644411
89936112
22796227
20570337
57220787
47631364
68388413
17716548
18466403
100642969
71598162
21225598
38100957
64928098
19303795
30186757
107922931
15825184
78996857
40933773
109318678
6798832
22321520
40814571
108779641
57022600
24735461
18091773
26138376
85721185
92102012
21306518
19466441
109623280
16911864
43623734
34797216
98780789
97502132
15855438
39367740
49986081
15311654
26686524
82179730
100643590
14904433
21266972
18533317
24968815
106594410
20701910
67159815
22107113
40804918
65086245
64111799
44436205
30919821
105326402
75308256
106725708
91934010
23354464
18345919
52497651
30619189
81964784
15351784
74168842
104858726
47695751
106921373
16168027
35016138
106934483
42546015
106003079
26793433
39417946
28740137
10076702
17192613
102439502
26503700
23115481
19351157
19235973
19787579
21836276
23101002
107284130
44292587
74176402
1139251
42608496
86152780
57340681
91423538
18902153
36450247
107752889
47172011
23376077
37087551
24801554
107843575
64193927
14127518
19524281
49135957
78480657
96622049
107233363
40686816
100987905
37222728
18946913
15965143
43523810
25248195
24904821
59801837
107514329
18639902
75662468
26749459
25513822
45561607
104586806
78983046
73025531
33488169
36487845
17996988
27908051
29508176
24948527
17964788
45697551
19598173
18646108
58379000
16752446
63077720
17432280
14725110
16845580
3761241
61113285
16856397
18411715
93972900
105964145
15966576
80686105
30528119
62354028
91190419
104638794
97279051
33480171
94612298
41783271
16981405
27046546
5506992
58415867
47874612
82197695
106455931
94475540
97473671
15146659
25223454
20342022
5802122
85459762
20449643
19264279
15789884
25101354
52954696
98636881
15199401
19331079
38742528
42338301
21368402
16084075
96443740
15075999
40116885
22703645
15600527
17495624
30791681
46154017
10742132
30098812
20595631
27018005
6519522
46438940
38736974
54989273
90484508
21215165
28556811
20252855
14465607
20558899
14600977
20624061
22407423
22798863
22415585
50193495
46221673
29060747
22425776
28358128
18251257
44772466
84381139
71627462
18020081
19394188
18216752
50055701
27311044
16031927
65493023
27689907
17872744
56413858
103060329
15360434
16073043
21010214
62905050
17818461
17963725
35474809
41634520
87845216
88829806
85639087
55089660
27680830
21689022
88984423
28643717
27715055
21407083
20677133
24120644
37678400
88049318
88448522
88826962
20784353
70585826
87941822
18415018
17272677
18410701
18513241
89222289
14161555
19611378
43899252
84955957
68729482
19914548
8542212
48948631
18854356
65025270
67918699
50657154
36931557
89273569
30267409
89077991
17784983
21247089
6980622
20345603
47399568
26286294
89841823
67462508
87599123
12969722
61905803
26087120
89292254
18452329
90116420
19926983
19893559
90751695
17830360
23027134
17857740
90636059
21167235
19445776
21647011
85925784
89590675
16619311
18102933
34927577
85418520
64465025
43813060
22541451
19026201
91361442
15782045
56572514
73361765
91587865
86437740
62680330
13010682
90911152
18219476
86817344
81931297
74468193
19950642
32545745
7455282
72269607
26235866
21404194
19728647
92854623
40613978
92317957
93286824
66755535
16789978
93679001
16100610
18946713
93931872
93443168
14262212
93944882
23840216
93755855
16377693
74264587
17486985
22883776
38261241
71400733
8055812
92359556
91129416
24184717
54591286
79293946
24260405
21975415
31634051
18767426
90968475
89380195
48204005
93657038
19828037
21526341
40410751
34311369
25226477
14643170
796409
84152520
14744961
90947260
51801949
23375037
95273627
15211266
15533253
39308549
65681422
29779072
20948569
94244311
40314279
84930864
23552457
19555172
19258589
18030811
41436776
15443553
34113690
93963674
59912234
16999873
68437232
26778110
28728905
57275598
96040607
19325534
15468555
95303408
57647745
18138360
26116426
92540537
65929222
17402815
96401517
80382463
96282464
16845443
45575287
37219414
96800896
20164861
96856027
40511297
36785104
20790583
17368164
90902803
18614827
56707997
16623835
89792783
97056833
17194296
22933388
97096929
94889850
82817938
42492309
40644258
41651152
23705983
15092117
16137716
97344439
64330454
38003359
21246638
87049095
18615174
29432733
60373737
95959073
15587077
30315367
96842391
56319146
80624540
18066534
96988378
93910945
86494668
17603649
84606980
37668295
93876666
22402767
86826943
51236404
96899214
17806725
37308907
63749707
96910207
85055224
17602541
70986916
30346767
94654073
37922956
19114646
41196210
16704006
97856658
99173953
17844954
55108970
99546661
35860455
99624410
21812341
15655520
24613220
26423464
15293169
15296714
93912898
17197427
44463811
89970922
41150037
17999962
22452997
21739931
45881671
97552861
14287687
101016555
49620730
101090429
74036350
95581316
99490299
21421178
100584274
76101865
70788259
100268608
21252116
14282169
93297635
19688235
28652194
101881112
19555083
102172717
50637124
86198852
15871277
94366606
55287342
14910894
76434083
100114214
71415215
102721302
15256077
23870467
28276927
38461301
83932732
59841920
102830961
28263009
101932409
102725889
58278439
103073663
102136286
103087416
15174710
43311708
101852818
36954788
101606557
66137053
75726459
19877600
50726030
22157706
51973328
103718802
81731408
57692403
54674137
70001195
53439641
15791066
58528442
30103051
103934206
102181555
34784896
101849069
44713313
98212454
103884388
16643311
64816476
99587448
15815676
27897429
104566304
92406343
33399551
18913509
49992096
38578312
104607942
16952438
27302049
41382884
104947507
14668277
104994769
85929581
19693935
13133342
50285914
29327290
17469614
45967789
62964416
38978018
90921212
100394250
18130251
26820275
10285152
25769477
35002876
61361950
15093646
95712017
76389524
14238675
29473612
58905170
91455339
62268269
15824098
55076952
9300262
21313053
91127293
30468755
14078808
28165440
18552407
36699061
21708724
86963854
15893733
29163678
36493048
16633555
14454226
44911488
18399354
24044964
25427177
21490571
29431826
18970034
34461415
40854592
21883088
23247996
57221477
62447206
30098441
87215647
71013253
85353353
84068062
66799868
44445440
41603943
87363176
84383825
9500542
18606772
72565500
76455013
16827173
16974191
18153673
20204051
62387220
68454527
66111131
84818291
87451589
15726663
87724052
87726404
21783847
19366401
17312173
34831444
77544390
82717376
16045527
16156419
80925603
16814727
25381869
21707592
65604207
15752013
87323580
67332767
84655443
61533850
24773598
60600381
55134787
74522015
37106105
22026322
50151069
17835116
76037709
15564815
23584382
18737226
49488860
20484152
14197476
17078422
19237918
18583823
17915672
14687806
21757399
15689898
27444964
13960742
24303
48530263
32340002
9728442
45285656
59141515
82683747
79781052
15112131
22548166
74211736
17641457
62781966
822697
57377665
7166582
52611324
26834515
15590289
82447359
80385737
17013147
19204124
47263673
50682463
14950685
16213106
73403844
28178127
86235125
36574486
71035071
23913169
48124610
31616836
46102030
79283671
14377872
61802928
68785518
17519773
21461301
47745785
26608633
15969125
28562234
15811874
6024312
64807883
16598023
54424836
22931765
43983834
22809560
53932212
32640928
72580029
23375171
3210141
15971670
19479061
20073530
80111587
10031172
14729794
26812918
18865635
73186935
5526202
51734914
32859095
69640017
48479045
17049118
44661033
74485002
62324582
68471280
25167362
74585303
42172576
27537614
48599806
31136772
74468240
80302466
34642790
20607533
21454872
15556287
29531485
57919648
50857128
16928718
41677388
43707995
22278303
35639918
76048953
28543744
35495995
21256691
81399468
15904673
47714767
73680467
44824098
25091500
43328096
62266021
13206842
32843369
81397578
80393729
15778433
15740256
41175010
41904514
29592578
30807250
78477745
49709611
15741724
28205442
18524690
21604766
30043495
19114986
35099804
66243557
80472766
28388501
82266785
82238965
51192889
18544425
14485734
17762722
55495745
23760680
25147233
21493024
47400310
75588359
18782656
82653511
58041024
36471778
18389499
30491639
43315437
60913007
57768217
82161632
63796828
18150451
70527481
76188685
33663774
66732534
16681146
65229898
48389713
37321672
37692417
19146776
18809436
20268667
78592777
42638402
21603066
20246056
44219965
38965925
83717374
79300393
28367989
52763281
83726637
47431329
83978119
39586644
83573929
15035484
84137213
23028892
16333424
47752415
19428726
23202327
15803768
18164995
84343383
82519388
20097342
61295382
14730894
18818533
84614825
14409191
18981785
15027796
44522505
24207615
83153008
25846423
21461289
21022846
17926402
19864625
14332618
19375618
16098713
19837231
20595729
19197093
30323648
81117785
17582899
18313199
67743456
49038014
52108410
85426108
26528359
11292302
24903444
45131750
83667871
85583208
39921472
57072835
85634199
35882686
12814702
18957026
30235194
48353677
85824219
19730552
14659663
59147095
85921690
45348432
17762733
19465634
80135471
73923614
69177224
19822269
14761182
22030565
22047229
24897718
84109673
34082620
59493962
22062151
16840724
17936337
19490170
48043422
85883768
86343252
11688022
19557015
86191856
85307535
85333410
63948308
84389322
38381682
15959560
48566603
18436296
86674797
86735933
26303757
18883262
65499704
57482691
82980405
86163869
25097560
15973881
10132902
24610862
83603750
34597211
29898014
18220755
23745502
2676901
82680056
6742412
75132589
82643763
82192659
81165648
82158317
19079110
54762769
80468930
18915145
18896251
80913719
17447412
19302665
57019421
38249473
21207603
68037077
38487892
81107148
18280993
75401066
29235589
61921660
22047914
32126815
61860779
51964801
52470438
81100233
26816589
35298962
15693992
15759290
25855495
22384880
26653478
66374038
79775694
18978553
57428429
22029476
45653560
20656637
15274064
40868557
76124778
70462373
15180653
31463567
21127694
78945684
16468012
4388251
15116570
60410450
79848537
14436634
31186484
63811288
36474819
14782782
71892383
14437435
71014836
16347138
75336706
75021478
77049723
30243263
54970306
15302809
22680893
76906391
17635773
77233840
54640555
76466380
27274887
70890338
17034291
24599012
14920863
12797
17390967
30155403
55653355
28416309
46960312
77266994
77901255
24723092
78121926
78150562
39839889
77454264
66524895
23947514
27845025
51199835
14912611
22044671
15653936
46560358
44883813
17881467
44559711
32485396
74477942
22831059
42660729
55235265
14915538
66798264
22059342
41173885
20467163
19785194
21965254
71129590
19677553
16102600
24183358
16679842
78688269
16950822
74825169
78715457
60475436
7100612
34367366
44752416
19607827
19843008
36588028
19112266
62782498
754874
48594340
18317325
77017567
57976073
72220217
14804615
19563355
16147105
68493615
54630464
61638534
79201552
16225921
71560259
15639019
16935159
23509051
4511661
23323482
17907072
22715186
21651702
55063094
79191796
54769979
79801428
20319987
17752368
35023862
15716138
21278626
22280971
20118767
33785845
66382657
69384059
19834064
60680619
32991125
53631791
39186024
73562215
23973013
29815244
74848874
24061661
59991155
75141534
29897206
19754122
70204372
15097698
75364152
71939486
75347500
43632419
63312155
15693599
74691193
51775699
16196264
72148408
55677432
71589684
16804088
62169810
54735456
6023722
61006898
75445968
17991993
74732831
29616462
75690416
15726306
34926323
14532688
42661295
22217443
32153802
28248148
25086658
36372950
71580636
58630954
14180569
19378475
51843099
17778734
16661603
15788716
29722241
64488585
21760131
43923842
54598826
17712260
47681395
18948075
22936237
54142956
30111834
27891007
55455838
71151048
51031582
21334429
16441043
14699356
33800557
19447551
18429703
35769867
22307039
75334996
73695191
20088961
45965415
38440084
14580304
23196689
38526971
20812249
75472088
51220138
17390332
40610047
54613724
36952421
12399102
46313486
49577208
59138339
37137455
25674713
29987346
73516226
14521664
18058317
38232012
71271440
70293693
29378052
22875103
44195577
17878576
18704035
7496712
29708119
24315645
50848248
30253471
22251316
26598302
34546779
40653668
15966258
32897038
17468027
32316201
25770408
16045956
20794199
22047070
16982481
21754151
23134068
13218102
10615232
14293310
17078632
21111896
2884771
9508922
18170310
15416505
43432128
61372708
74272880
11134252
3339861
71294756
17543946
49324978
17148955
29309901
65365682
22033991
15994132
15976697
12604182
73286597
43986327
19567425
17227545
16860329
15985852
33823550
27092243
19952124
32538728
68319494
46020901
15601676
73149558
17371596
45597727
70812966
74836824
74873982
64029783
20168605
73321705
15856537
19471915
62514523
20809436
8542882
37920978
18163042
20088666
21165005
40460165
14149257
15471040
26776130
22071549
23979909
15207668
54210166
50325797
19647677
9532402
6999982
73198063
15198871
19056347
16672662
20786405
57271670
16424044
18963842
30013509
29766367
55421408
16700851
21307356
21434408
39348527
69915597
73540811
16296683
15289230
15406238
64815596
73261677
48665235
73887273
33341173
41683723
71422845
30481611
46912812
19576571
48281545
35620742
26596727
72592195
14825418
17098873
74033226
70132649
14089912
23712174
9717322
41989539
45116965
69699492
24426634
18471614
70992473
18030431
62288040
16915269
16793287
21878458
31253964
40045792
27126486
22720965
37001094
23446511
14811839
16407822
21383230
60708653
42100162
33104819
18844859
5065051
70570157
40299387
26261118
21578875
18800493
64864291
23283834
54951191
18166484
23765823
16028750
24033978
19018610
72881914
40216955
21686396
52888254
29552405
35964896
70847389
24378293
69433229
15214193
14607890
21674448
52140667
71382819
71200003
60494107
71553097
26523876
46343596
38869744
59924621
19220217
39989516
71392901
71897004
54419873
18882723
59339901
51171118
71895824
37461389
15905092
19121926
68828412
31301038
17513576
41404738
17880985
64914137
42691308
9026292
21739588
36677338
49853083
20455522
15623301
41741358
16729099
20145383
72905835
28725013
60488957
22959321
66793640
17457788
22411843
18361558
33219626
65653558
26749154
48800072
16168407
19354747
64650911
25030471
65929039
41536017
65659252
49184365
49175000
20572304
48009187
66033859
64027252
18559385
59996393
16477905
50416517
5469742
55629060
66798171
30363347
19491594
19320150
16469970
28143833
60984835
66589598
23049130
46789060
44267597
67050705
17164028
15724082
15421002
67102922
20849965
39848365
14246001
67513530
37618833
24736925
16120273
54186720
14402508
30929637
17922886
36174865
52789108
52112689
67667012
67703421
56532503
56343182
30775888
14407458
15593959
38585250
67685428
19165867
67838005
66808490
67999235
55824028
60197268
47313122
16036700
25890573
65056071
43112314
9629292
65442011
62259622
68459216
60453854
30365631
68757822
18496709
16739711
15945496
68893901
21678709
14800483
18203300
15704971
28008943
17912420
68559350
69075379
28417656
48169260
16640175
15924025
50438243
3594701
69289442
55581437
46392396
2232041
29509730
16969200
36788724
69658348
55293773
52446754
19154280
48372776
17146078
18922453
24038802
35558088
19738104
37772031
15859633
61866238
18379329
70546642
19837921
70747854
22434994
5902792
70778921
41911725
39279939
70799725
15459455
15477298
30959927
71003105
67358823
69364147
70888268
29865139
14254065
71281860
23595220
19491260
26808497
29539256
40456570
48820031
17786785
58846963
16811358
59147830
55961037
59483557
15159913
8184102
62874856
62022785
24626830
17376797
16624180
46759057
48566172
17297292
64768612
8609012
15725659
63780009
2608911
34402366
52504374
33209919
14664990
10996072
24971177
58872421
21402546
35758513
23963536
18191358
28875195
16833640
52538769
60802632
65219421
20634551
58593632
65086149
29372154
20961677
60452945
23145794
58299186
52667258
17546958
18012982
15988554
14662354
18614130
15937952
18217624
50317463
15294551
61831433
62896785
22914032
21866825
59566436
23938764
14178874
28261387
54672223
26151063
16374829
23816251
42081985
57989310
59894139
47736933
58667990
17218336
16602995
60155066
47413798
21311155
58694247
23303238
16703058
18050035
18364070
59049574
26430264
46202434
34438597
58662380
16406180
33690619
15314458
14520944
18695206
14326436
6750202
58262280
24299082
59656343
60805365
44881028
60913760
19537848
24045503
40570579
58473698
58870802
17454172
8890092
15675138
17885813
41819076
16754047
61241133
61233571
58828342
6577642
24233549
44209472
61340600
17034691
15005906
18945415
21906576
14364337
39143801
21920807
61598204
8006412
59031664
20784972
60712965
59224953
43274920
38532589
32699575
16795014
59819661
53112255
16688613
46729169
15786716
20639161
50510629
32753000
43598363
61956770
61975639
29620256
21040094
19783509
61870750
14365627
58619850
17906346
54302898
62100159
19890714
15522251
17488851
15218282
58604074
49200674
42457330
24764239
58708914
21137449
20825340
59328687
62471192
22868427
62568349
28347876
25625060
62018564
53519827
60160573
16104083
52928122
20001502
14939688
19241860
17235959
62821250
30047683
14725649
16426463
24428520
20667606
17757005
19135465
15637398
30050899
57116047
63168032
5507542
19907963
63249121
17830282
63032497
39111975
46562374
50418064
18949053
63300884
18449266
39278442
17527466
13857392
60794014
40855374
24448750
13800492
62979068
18011486
16934927
17885483
56495963
17726384
63645312
62538319
15121461
46812786
31491392
16816155
57331899
60927216
30277082
44702959
63975507
63981997
36348484
64222826
36183400
63660834
41826663
15281253
43966872
44298140
58524265
14428305
18324765
20435808
54446722
63508394
51249040
50564129
17099823
24447182
44418483
62437621
36264632
19211550
63441262
49698090
62562236
14336929
14749923
21572351
16650570
19929998
1367531
31434241
61326841
25391017
56707165
58623027
60463743
26770098
47011752
24603491
43416057
50074977
46577149
18276100
41397594
46385004
59341897
19375469
50557131
55484467
14572490
56843066
15786922
51171093
35762860
17373252
17685757
54296512
40759346
29534708
59468083
21896273
48365949
17466186
18442180
6187022
34856097
19042769
52180223
18000662
58588824
45861760
52458489
28335307
21777676
12084362
56401482
14788430
55248982
18750999
16593188
22000791
55006379
15816459
15732704
19561844
22806961
39773613
17850012
55485159
29923771
17841740
54925105
15969874
14584859
57063085
14616459
55687166
15031183
19786080
28212707
25609030
52088733
15024479
51682281
23317539
32537213
24848046
46184745
15617959
13406702
21508121
21795901
13067732
24379484
48380041
19415802
15491840
57534113
25224927
34675554
15918708
21921150
23754973
26336132
18645586
23498154
20247181
36674105
31326588
47775464
28172806
14814513
54589218
21279445
22296258
21612122
55722849
57993863
26165656
43433925
22098166
27968673
18729424
18170356
23247679
43742675
30026100
56873859
11650762
52804453
48537678
27042679
17292351
56283934
42412168
21882339
27545529
20907995
14920143
14344823
20020575
45868996
50257607
58851593
7799412
58857312
45021742
55836038
21717443
18682127
15934324
50743889
46717886
57741987
23198118
58852499
48783352
57806275
19196344
15118901
19508631
26774751
13383292
18176846
23303145
35243343
30944238
21797251
57513784
46261430
59198421
57970669
10168082
20713061
47800807
41019773
43352408
15207198
10290582
3137331
640893
28227443
20955875
47391454
41212328
17199619
35031924
11364482
16003243
37760670
50332426
18615651
16387124
30782538
27043398
14389132
34942224
48238120
22655210
18021621
38091010
56697268
39787282
15617497
14090948
33905871
37993654
16072171
14412533
23779000
39146772
46831247
23622995
53981494
15089635
14976464
54230879
28771516
24826834
47167911
21359628
22516699
50729420
42515706
54454996
14781738
16530619
33986037
15521084
42029279
26537081
20256700
54722289
28649856
54222623
22017253
55002000
41445718
30945921
19468582
15809321
43421313
16667912
22303358
17387589
26248258
19201438
17370676
47556886
8251132
47720065
54801697
14758669
55023824
9342362
35888942
54573060
51200196
54011853
30239274
25794229
53948893
33972168
52873319
12765522
29642575
55479541
31439826
49702654
49196062
55355452
22225649
51868132
18566868
39854313
41901853
7730052
48823055
19609948
14110710
54566442
34854289
16732684
31236444
55758985
55890314
55027576
27763028
15891841
50088781
27141086
16475268
8404572
15166261
40244638
22526995
15919256
12815682
16100257
22894543
50064834
3135241
18182408
17454769
53079660
5561412
7074742
15029174
5357812
20961161
44845302
52113039
54120705
20574803
16510899
17279840
5840532
16087391
49105595
15786177
41259788
28710939
15694150
15732013
16265112
51490249
28165628
46367721
51581751
38340759
15694692
47805019
18879504
14132503
15727317
38115896
32562930
39232867
20061937
24802697
44607047
16568788
18521452
50419569
46557945
28686667
52114486
20872131
18753327
47728408
39262734
32750216
51453941
43865898
15681761
52394970
15749725
26571580
16399221
19620585
15357993
51498271
28099234
49019252
52713165
19307093
8855672
52770980
35675712
11155742
39424870
30348720
47733110
23208648
21261628
29257094
16593823
9668852
53136583
37221831
48573475
52779839
49726391
49173194
27627968
20344756
16266663
41724168
51541071
20808855
36430321
29532063
25520683
10985382
47924258
41600371
42608206
42352153
53753099
47716686
26038346
10662522
20747290
14204513
35761278
21332389
46441055
37414818
28748118
43170383
17970341
23985464
21346670
16458905
35752227
36707772
10688092
38510989
17672430
39778882
42159561
42185689
37498199
22918999
7126672
19316480
7548732
20866321
32347422
19319446
23035691
16360607
25546058
23510252
38304180
20517132
25777475
29481563
28332443
15603311
30387616
19376519
18444665
6997452
37757695
38457808
21879553
43022466
42984742
38776196
43192774
43216590
19940334
36943279
21703263
17930061
43514251
23874024
16230577
20760167
43376269
43651761
40415434
43913924
14632446
14650810
38734989
10307212
23926510
15368990
15302379
21113849
19658173
30064940
18345986
15554922
43197903
14591943
43052912
22306324
34030690
16833122
44477435
44507353
25630172
33484268
31377661
27646791
41177688
21301548
40003183
5496932
44706450
36921540
5568292
43953685
13262872
39880191
19184955
2059051
44924381
19260735
35067980
34273717
43367554
37886216
15739536
23882268
25453667
18111483
45334322
45369448
15503347
45422258
14572312
18266688
41164967
21793662
43404382
42698415
16930125
27443457
19597935
16898332
21284925
17513304
38613109
38867950
18511594
30035057
18693598
15359578
20538410
46034401
40451580
41406133
45920157
27676828
22949852
5693842
18213420
15021148
18373853
27335898
46209409
43708157
14429106
15666749
44527654
44412245
27448302
22926755
38109656
9755262
41405553
20961799
43970397
29145243
7081172
36944381
46446051
46577132
42342417
14737294
22985525
22068041
15605342
26493804
18547191
19373819
45867106
46316721
16259586
19352070
23109126
46977661
17154984
47033922
35566153
20784007
18257848
22228991
23631885
15328811
47155755
18038834
37346577
24205962
18185540
21658543
24182716
15948219
16286316
46048042
22935257
45877227
18332578
31639151
18696887
38452629
20809904
47543898
17333580
47617764
30958308
47616515
15759387
47632905
16651693
14258765
19766924
47630175
47688440
17928925
25318925
18815766
29388019
14154518
47554425
15892735
47521512
47004667
46810705
46589764
35460892
42899672
22984781
24162977
14857433
23861321
41363507
28932274
15555306
35035003
13028602
18510869
47124361
40542228
15790305
16129266
18791763
14332427
47965912
7334712
20017624
47684894
15641528
19631308
5038361
21891923
18250906
48368390
22052172
39664333
18480494
41722806
37656827
5144511
21918114
14574913
25531114
48788773
37191821
48803851
24422240
16018516
48878852
18770222
799302
39701676
47238678
14231597
19238116
49086853
27518942
17934508
40187868
32670504
22224641
34221680
28324751
24742936
32294244
36140127
14609276
34287054
14738635
49859887
17379989
34798766
21600614
50029813
20703914
19576733
37905211
19660266
19711550
50186367
49848618
13361922
46692927
50029551
46773291
50287380
29174698
16911432
50501291
15693765
50577509
38224598
50647738
50396784
21403022
17350628
50055300
50743360
50797853
8312462
15018315
38730807
38237450
40255120
40239101
14790751
15602331
39568270
19926698
20724120
22441557
19242703
16511294
20455071
18883213
25311341
47408390
23993991
22042189
18621632
30897433
46565934
50088743
21381690
41175033
41491917
418753
19199660
14914521
17980762
41138748
35462020
40975183
23798386
32335092
16320366
15486321
16417712
17277295
21842781
23132145
21723296
40183396
30785698
38849991
19364382
38886935
19948022
33988265
39242624
19495176
30875418
22637118
40917384
28562041
32441546
34994129
31445581
23132871
41025748
15056527
39458319
40971441
37186822
36584559
41109264
14143421
15180419
19913907
40953655
27398985
32766026
22037129
27205412
41207697
30529390
11464012
34402475
41377639
30976189
14871912
15675570
39803436
18381561
19546155
16339967
20153485
30232505
29454444
38438541
17073619
39279743
20105402
21166022
16332522
21553504
39207632
28190529
22960846
41809365
34795583
17669731
28496805
38383108
37849222
18010843
21859521
36748333
24624694
38190005
18289929
36390361
15160676
21857709
30540463
23784443
36484736
28220385
23028261
28888699
22509598
16873037
16072058
14150613
24265220
18052560
16359127
24410481
10376152
38629419
37424314
38711114
25919258
31190651
14984637
34361050
15182074
36905938
16432677
23664161
38945674
16481781
17502682
32281887
24517961
16148602
25132875
39078238
39150586
20836892
31181743
38447635
39193943
11274452
25288188
15175458
39210707
37810522
18913597
39341672
35654845
39381831
15023346
39182096
33937468
11315892
38429399
19336661
34002554
34524983
20485703
39510422
5484532
18226567
37701664
25986324
39478891
15750443
32728481
16695937
21242518
21918148
6729142
26607712
16558212
16000058
24730069
19409837
38369519
20353621
16313279
15852015
40269823
25723974
40140233
33938170
19286059
40299103
16933490
22300305
32433584
30872934
8836512
18943852
18192185
31342834
17862442
34654588
34452190
35227424
37080738
18010191
23327166
18045593
33315047
33426638
17890121
15487691
18959234
24113784
15948919
18912298
16934976
17190346
21632362
17132582
25645556
16719995
22740009
28813260
34490896
26353885
21448423
15105054
34493115
30239133
7001092
14286806
14964530
20295383
32719468
34474421
21459990
21815283
21136619
23216878
25502060
17001435
29290722
15383439
15898536
28123292
34924366
14433444
35027698
34523410
18401107
34296610
24475750
27168489
6802722
15430772
16337999
15330682
10131262
24420496
30498930
18393629
14737790
25713628
19295880
15979396
35290839
34501597
35311151
35487791
29479847
17373076
24855046
17272210
28655003
12788332
19097379
18178768
35639015
21966756
11490472
18882883
16080996
27730570
35602648
15692982
25108760
35884520
27105836
35917159
18608450
23549121
24703010
32018156
16808846
3246961
24537453
15985545
26847387
26671748
32626056
21970787
15258230
28030540
8484662
35911351
36454809
17655804
16027841
36403186
17791977
24596557
15855640
22990962
30027177
33840017
19359889
27816559
22304013
29623456
21400473
21531592
19923778
25813630
15135065
24159062
21827882
19596228
31735427
19775920
31407663
18985574
8608812
16004455
29443725
16131819
6092972
30089403
18393955
28987044
29751128
33827020
19724592
36183582
36661114
15832611
25425855
15700362
14461832
25355260
37000133
23159576
27240103
22883463
37207932
17651022
36857943
23022698
18989378
17954563
16119129
15731751
22817739
37567120
9355772
37442122
23355686
36386525
1781551
22776851
36218554
18980889
37108426
20870713
17171915
21355783
22894275
17911939
22823767
21225135
22704422
20253410
21251668
25092148
20512172
17612289
26339405
17477109
19315933
18467691
24647148
19410676
25107102
20200860
34008235
33668969
15793440
26089178
23213494
21111263
22630773
19139391
19827717
26037960
26062206
16149189
25983399
15497928
20841089
3803171
17037940
21671808
21214718
14173310
16689723
26078152
16676303
5171141
22833402
17394956
26333537
13401592
24823749
17355459
18456014
26407969
22436512
26417654
17094311
16076032
15367337
18741448
19930545
16351781
16405291
18909534
24898171
26481205
26299078
25558984
15458694
17798364
22824372
15664760
8664082
18888940
26568142
12387532
18706883
14547451
2347691
16175983
26292129
23856053
18069710
18981233
24306098
17343664
18737697
17621767
25782929
19312710
19920986
21909248
20252684
15458181
23862628
26837501
22520715
19665583
21511202
14605624
19000963
19383411
23551460
13524182
22137077
21706721
16231145
16224735
21032005
27122297
18873711
27087987
17918869
17979132
14050039
27225894
26459660
16716948
17583170
24678755
23255247
15266094
27510294
23205727
20072229
15186859
17451055
7764972
27500004
20341962
16556093
16314918
26780982
17934084
15763092
26946495
18511825
26688719
27785516
16051808
18125737
11537382
23957206
23461896
12294952
22026877
12506222
27682473
26052784
27928374
18166778
14344786
15447306
785340
25855011
17924677
18739385
15762819
28176634
25355891
27157127
15065641
21515994
18825067
27218074
24171425
24486406
28118245
26521728
18935696
28374594
16659622
17365811
22004597
15506002
18420886
22636350
16862018
19686924
17454938
25910039
10494822
23849615
20209857
23834675
28394129
17512866
21519387
28886632
28920723
14857335
17627001
22303418
19850687
25298932
17913982
15503074
17498331
23165680
25442298
20813112
29088332
19344699
21764004
28656296
21951328
16645321
15613664
14602346
24592453
20621911
20694543
18640054
15995454
28481866
14229390
19945547
17030063
21789755
17746790
27098871
21152918
26424123
29625770
28770809
15560268
26688378
18079697
22455606
5336752
21792495
24020308
26879734
9667982
29520332
18772999
15088185
27612734
15945457
29929730
29965371
20494362
16445626
21947732
30170812
15020262
16296111
19912734
29175111
20992358
28604756
16064507
13754172
14258117
21059384
28724879
22156971
21431233
28159908
16915303
18640821
30217058
17760824
30950526
30558597
30107125
28909588
17767146
31125779
15689205
31149439
30258984
31215807
19387955
31157582
31274417
25153138
26505763
23608047
29049990
20113397
21412157
21846304
27951009
26565152
27902559
31404372
14779245
31530976
24517363
26170323
17664394
20985284
31197355
16365431
12962342
18943752
14133773
12089362
32127349
26884606
31196275
13398412
23272491
32200130
24737373
32253634
25352433
32393576
17534957
16950994
32475674
13510202
30957365
22175810
29797819
15730075
32536885
17924878
32726850
32963477
29252890
23394127
21973063
19605279
32683007
20917178
21332950
32691203
5558312
16942907
15923226
15393337
19463177
16807010
22850970
16793128
32674491
18064453
16365826
26590559
29412913
19111943
15902990
28176898
11110982
30094108
15670995
23006553
15300282
15711730
16335480
25437558
25871441
20121960
25526966
21279472
25345883
19723180
19593572
24008780
7868832
24645573
18110126
18217970
23696410
17479847
10691752
22686277
17900421
15969768
18986865
25573938
16887628
18056015
23638014
19113374
15807367
21539367
22884336
17062230
21263584
22928400
21496427
25702601
20241874
25510555
16039421
25755336
12388382
14747825
24548317
25816715
25833641
8349572
14550649
23505767
16697679
14955184
17066312
19326390
25835828
21891977
16366085
17025312
22381679
16175071
24832863
8514302
25151320
18484170
23976316
25162697
23090391
17114709
17887154
22797147
2236531
25219964
17448775
17460268
23938634
25305957
23866548
24448500
17345782
25027577
24390598
22508449
14250867
8144892
22875081
24418143
22228020
16472688
10196452
23215813
22129760
16173676
9692782
17665848
23126986
16456648
16608612
23331246
22255439
11412892
23345470
21100829
14552083
19317717
14559887
21457205
18085986
22568967
4521191
23398096
21705478
9366912
15172810
23238859
23667572
22381132
17998911
22300068
20492360
22088765
18172905
17978110
22038869
18314047
24223620
18993395
6397452
23718501
20434870
15938122
14185296
17074440
24279161
22280086
24018103
24189610
15772664
23721972
15537855
14736234
24429904
19817615
22334544
16558252
20410788
20491874
20816218
11431282
22509548
23543589
15876673
24509959
16090916
23863635
24531879
14129299
16366397
21507362
24141358
24687840
21758568
23625951
9407692
21755504
24002899
18820811
15841335
24534412
21408115
2118771
609293
24045096
20830711
22871680
23120241
19510412
14628475
14887915
24872449
20999272
24773493
24706355
719603
20160951
23258618
16030076
16144361
24942795
19536617
15074133
23337781
17651571
18776905
21327648
19926310
20023854
17327783
23457200
15208207
23485638
22138134
15121029
19551619
23458577
17366332
17198896
16297644
22012743
17529817
21803575
8245262
15798029
23545095
12726012
17874629
21083625
22904913
19032307
20151096
19589235
16123467
22372931
21895203
16018470
18805303
17013288
16911853
23103488
16545444
18746658
22313888
14327933
15745016
17976966
22337137
23067178
23594885
19097555
17993906
23253889
23775057
18422904
16134672
23804347
23770293
18804691
19831514
19822143
13733492
14414279
23036506
23803659
16188150
22330423
23951197
16102244
23087903
9689662
23965474
20640029
22553509
23737647
21778016
16070427
14741349
19124561
18959546
19377535
16081011
17517970
22855005
21911567
16394558
19560297
14417327
21706855
22306592
14828860
16062865
21624954
22175157
17180964
16509580
15829579
16542798
16066468
17193919
20466643
18954631
21144663
22203223
17908359
22267234
18208368
15249011
19033167
22699484
17419891
16046374
20851665
19110100
17075602
16671570
16212541
20769931
22689427
22508473
17134268
15110172
18767796
15443575
22504543
15853310
17291519
22807358
17838040
15856366
20859013
15394954
8512722
22824169
15441117
17809868
16265372
20020286
19829186
20644064
22721352
22836622
16408050
19038256
20724080
13194572
14364163
22278349
18754645
19720264
11384102
19877680
17033503
19317857
16163776
5455682
14355734
17709499
21394278
18497916
22291534
23039550
23071793
22797598
14532256
21305855
17106112
21899007
7713202
17074240
9468372
5745332
17511633
16951485
15693497
19168235
21541548
18981935
22993662
23072387
21115857
22938375
17039413
15969043
19684235
10267882
15209059
20078596
20546536
20053279
18836142
17993908
11421572
22859119
22891236
22521806
20058174
18223470
19289780
22186693
15297551
17951924
18190395
21650577
15356407
12916102
22054314
14774189
21955183
20362705
18308416
17830509
21209458
16900618
19794705
901731
11771512
22026489
22087244
15691324
18906323
14302349
22062646
22114786
19739126
17580757
17297544
19624332
22164999
15433333
21406374
15852651
22120359
19362949
18162363
16702140
21010784
15282122
7389752
16279854
22225988
21136403
18880288
16244674
16611035
20651754
17910554
18176907
20446756
18833283
20407895
15615814
15255493
19333719
19500327
15053383
14757325
21765964
22400347
16658638
19608167
20589883
14947842
22438376
22441119
19989665
15937684
17219868
20939231
22197772
22421153
15944011
22052791
15651634
18728374
16015621
17976923
22544812
14416606
19155477
20323539
15640552
18683734
17506198
11680962
14478408
19163684
14156039
12340562
20494894
19004716
16261445
21495579
18816025
15048191
18251118
14511951
15475387
20438123
21827276
17602996
21301479
15207654
19614264
18789002
14370968
19500592
15428227
16604409
21981003
15934170
15755677
15234546
20682635
17139736
17788259
19826286
17027358
21504971
21849464
18287912
1510521
14614843
16330790
20006363
15650882
15300473
19949959
21807334
14203569
18598219
12134692
16904438
21821316
7626802
17827531
7277042
17703420
14538938
10929352
21842312
15449985
21821061
18087450
16340139
7900962
21661290
14958868
21030736
14938840
21397043
15901113
12354832
15136688
17388080
19586469
18060953
18775851
14529929
21765792
75063
16057615
15185380
15707714
19087309
15378626
21312683
3333801
1759181
14944304
14248176
19264047
14901312
18221018
19552558
16605755
14620003
21726024
21329888
15684580
14081940
16128157
17021844
14150637
16134419
19609871
9486482
7702542
7144842
16101182
20596957
21674267
17620349
21390191
16565260
19028187
6620762
17448965
16951541
19679854
17765549
16108684
19153195
21599212
18747953
20827669
21638117
17606801
14300117
18194487
20623510
15694556
19557449
19124291
21483180
16479176
21045292
15046037
11120172
19436128
21369688
21369523
21556145
21527343
21400133
18846423
15727817
15210410
10235272
16150136
16336728
16002507
1050111
16272350
19627094
21382856
16953473
18261845
14364006
16893035
15731588
20017714
18549579
14726357
20969617
20753689
17839969
18228454
15648031
15154248
14325968
16203371
7889312
14722589
18451708
20846326
14963773
14969353
15462053
21364668
19120401
21365570
19612749
17820755
21368184
16023714
21368948
17877527
6215572
20604754
21252385
14909863
15823108
15456075
15922214
20725572
17752112
15936259
14448332
9402672
12298162
15878890
14091601
19995133
21162054
12165402
19790489
