29823990
31243509
16037146
2341013774
743378858
398860795
529559926
317990054
20748652
467820803
2518811616
2537346955
312060814
248327522
309233640
22615053
1132308337
85748955
1673381240
29077161
85661005
20806622
1686766890
36967086
84135139
27882000
18558957
14085916
115121793
333457314
16032407
74452760
16340668
1487647490
28710463
62632267
215752889
342796524
514288035
1428034788
469746757
1487564340
352328481
69401213
167993590
318532951
787578877
400109594
1259520006
330665532
755408142
1264712851
222521750
211008407
539378683
242879192
23659927
366277569
485845730
114787419
27955679
1472671172
2254326737
51791895
213318891
2841521530
2798617000
2533807902
16408708
1869598704
476390447
1286925638
49187334
385242081
266378541
2853626451
2518928918
1077871705
1337149196
1378499550
2353846273
2864010963
1949564712
2393417348
267278350
157210816
25327461
25182677
34116559
338093858
2780477770
718832244
188104291
33367665
80871637
3056251510
350345618
1069294140
25556278
173943458
1093000532
50328899
574802098
733436738
69291324
1071937579
176973670
308736858
2435518230
31024031
2285045635
57141380
303931802
22917418
2853876231
498105004
2740986106
1725695378
205346781
2962868158
155987003
1511639706
65804256
16424606
322754909
1536791610
369697377
2293131060
533542371
66578012
1009269193
611593682
222254023
3001865523
1222257180
17539497
342863309
789244177
16028241
83995799
44380442
1604366701
2227578845
449075629
2722911236
2699733072
68401751
2457190910
2359926157
75367781
1671375223
9624742
52422878
6519522
21870081
19658614
1531521632
2163381542
707210321
16081831
108985543
140286364
16930125
242944499
224320485
326255267
15901113
15931637
16073416
86129724
136550204
56440142
31127446
236026761
301014412
261023298
135575282
407013776
17824322
26596727
85131054
18678924
14007532
14842061
12859772
5336752
47739450
18816166
19186003
21693060
584198802
16246688
115718513
249758564
16698389
46557945
17060020
14529929
18963809
14659350
258885469
14412533
2367455070
1430336916
18622869
454397012
9532402
15212187
1961241410
2361649158
2279419892
29903601
37154497
1528081272
1467573324
261011094
957342212
115870301
386181267
24167884
1078655346
27370183
30248579
477332043
358255143
488647605
249261503
616151588
25089046
20272034
1455280657
1689662568
1613035974
1951073599
1955199438
2213738768
1308304430
104781434
507746950
486831124
25547397
33925985
383468318
35372029
56395379
153108462
31231059
262911772
355848548
156008949
56860245
165086088
301632825
551344989
58683136
517956961
96906997
15193037
22687313
718807968
34922962
28434898
12704562
731327370
1074578100
36929523
621169983
44019280
18527874
84583240
2337241194
2314616834
2295368323
410216127
30231097
1281405877
197183834
1157552748
1029500419
2155546512
44988185
586076931
252805688
151998528
15827806
41422524
16441088
80579719
36771809
207660339
47837269
26953478
528949429
1631159347
1925264377
1917314606
1900720514
1614054846
1707321486
9252212
13850422
541316442
285800245
259100812
25517146
26575682
136337303
1678342003
13358682
487818946
64808610
84318793
83922884
17346287
124163000
112763422
135931182
16370676
1666334455
36939152
1135486501
1128781184
1068470480
1140648348
1636721196
1339835893
14261617
1116717613
212288277
1410590874
20957191
18023140
28471924
20065440
21783739
809703974
234573331
343549161
970207298
70157127
1093090866
17134268
16435792
1083448909
1074129612
1080844782
1071840474
1072467470
1090002997
1058917562
1045110018
1071102246
1068499286
1072453910
1064206014
1077121945
1080509366
937723303
776664410
1092979962
1055907624
1051127714
1037321378
942156122
1055685948
1055730738
172858784
467823431
389840566
1061385474
11527072
69066533
1060984272
1058520120
995193054
231510077
155049169
950783972
1058717720
305216911
80366372
432676344
787373558
11348282
211533089
325761595
467520901
778391425
224382700
95259311
20436059
61853389
22882864
12704612
39166646
96857244
25453537
22631071
43349698
32506723
18811140
190328374
234797704
6577802
137407124
36654245
78403308
538185166
303861808
292935209
245451804
463132556
24713181
120028102
164663711
323032180
19626707
18789873
19819089
121865456
39583871
44916082
250952285
28178400
28331375
28348505
20685982
16809362
17409240
288925783
374160270
31310158
10126672
54885400
8775672
48079753
26381051
94002691
8128442
29201047
20597460
18695134
244243985
247334603
171598736
43910797
278124059
117501995
234374703
249787913
253132497
16317406
242836537
242555999
212262370
93761782
250188760
308721230
325231436
292495654
413466731
476256944
435500714
515822213
109287731
486694111
59771400
60828944
17494010
15324851
224285242
15442036
115733549
135297032
57065141
14125897
83901492
15007149
29442313
7429102
76456274
84129740
132278386
109071031
22523087
156333623
227088228
198980151
17006157
84388888
30929600
29293808
325830217
19934409
80612021
38254095
221792092
232992031
78445977
267854863
23593446
18137749
82453460
164007407
92102359
292990703
339852137
312134473
153919023
252249233
373600871
384392601
384913290
385429543
164369297
40302336
442824717
479872233
516880804
317226055
612117635
15537701
20165052
33600887
141313671
85606078
147553165
256113470
150355880
233693291
270154678
381152398
170618342
309696288
318074123
263815367
248735463
71303498
78330986
104615577
83795099
27048645
245516606
111635980
25961939
428333
239905257
293131808
124196924
86330984
18767833
291903997
260845829
193732179
288751432
234014087
250850171
19292727
23995748
258900199
15918708
7898902
20201361
126644609
19632485
163570705
103896637
148878245
27114180
78408666
20179628
21014087
15909372
21909248
20600214
19611483
28576135
36681590
168502762
18806239
132992832
65608842
19716781
17074440
22669526
98944905
23753779
67194113
210590520
210679476
88806753
63169388
7356562
31128529
7004382
61206798
74294786
21684013
22053641
21406834
18909919
21690931
33576489
31611298
22812754
36686040
18696134
50452197
23600262
19318314
20552026
34638973
22192142
14135426
19918558
58928690
112740986
116505994
70526457
150724371
108376246
40277246
29501253
111635527
89028052
92186819
24195214
38712914
122174004
20545793
21312077
162069635
151519500
151963505
49639096
24913074
150688795
137794015
56864092
161411080
28599820
153865861
115111016
36948268
138770045
34972633
125445568
15022633
39249305
28582749
166252256
24745957
148453195
30216513
48086014
208692908
132201224
216503958
84119348
227341953
242426145
239949176
242892689
161791703
237770636
119250381
199325935
233783568
240812994
85396297
153944899
234002627
236511574
28602948
33530012
137823987
210926192
246357149
235373000
249348006
247486443
168673083
17976923
29450962
16438494
5741722
89460898
15675138
73181712
74533951
21098575
12701532
14882842
4170491
19891734
20002401
21220931
46817943
15922214
46016028
1917731
15210284
759251
2836421
9300262
1367531
14511951
2467791
807095
14246001
22812434
107545479
59676104
43963249
30313925
21619519
50325797
12272322
15210410
136300373
17993906
224685124
82649553
16789970
14984637
140519774
31801993
22012091
15764644
75124560
103922067
33563161
47412499
115979444
16583468
13491312
14904437
44177383
158398519
31122582
133832049
153486399
193872188
25781141
109025212
15954997
15361570
16160352
188019606
30912937
66369181
41587954
21224756
