24164958
369697377
87712431
3166779483
3152187652
185721797
2841523005
5558312
120124775
2176682640
30239668
15844989
1645107139
125462335
140628376
541060226
32444366
107221826
1160967998
1653216145
607332953
2811730225
2353731720
2904205373
111778335
634053957
2955485182
2891210047
2953713339
2964526557
11651202
236511574
235217558
2964174789
2962923040
968650362
2863210809
225921757
2856787757
2281308510
2458567464
1657865659
450941680
205392468
18776942
17112878
27901418
247440363
322603418
221563863
581038093
44682276
222666657
17033995
14266331
2359937696
117445602
151106990
1137574873
467606583
1158139350
136337303
145307850
487620060
48075643
268592123
27225542
145853899
614441689
361342191
34310801
1176994477
599329617
412397169
90484508
583012961
1221959101
516699957
1058749962
115458192
22204173
11856032
1375289149
78403308
16815644
538185166
72887570
13850422
39308549
17139736
96158349
16081831
14270650
594843477
166355068
186483660
34633347
17426969
157102090
1330457336
125115830
21213276
453319164
15808765
19719380
74768410
160946337
154992002
33972882
44873497
33663014
87036994
18137749
1074518754
469479557
294126378
1074480192
216503958
44401911
26548315
69193833
1017776047
1071402577
15416505
28197598
54208274
475141195
20002401
14587949
404867809
91180720
19611483
342803375
20467163
21406834
20546536
229966028
1096059529
18915145
150078976
18632666
33537967
1068481578
1267940407
92186819
1061029050
132912934
282735852
217543151
64492144
12133382
20113797
110827653
38507478
18915795
390343176
474232856
133448248
493738498
620298978
83932732
104615577
541009321
379268704
16441088
352548417
43920155
14856846
242944499
517217516
67034855
1092914581
26777550
935154169
106465257
884845801
970207298
38401099
415291510
53039176
21829541
21157904
38477209
18034072
2884771
163598915
266621477
5988062
140286364
11680962
188478027
531627880
136300373
384070699
15210284
2836421
8953122
939091
294728278
61853389
71294756
51647111
77278502
64491635
131144091
58541611
540998923
21111896
18812301
79743108
19604954
92079350
191477653
21111098
69181624
24813788
280536457
14669951
593753383
15931637
73238146
106625234
479856992
8839632
21982720
59676104
15458694
61220477
8775672
485101375
278124059
233737858
76649729
5741722
14293310
18622869
11856892
16930125
74521793
73181712
66369181
89820928
18456975
45671898
14074515
7402662
30313925
14615871
14173315
1652541
16031927
24763873
15754281
224320485
20165946
9252212
16017475
431024029
273969007
73303753
126732376
486694111
36665547
325830217
14529929
113691591
93761782
20173935
16187637
6519522
13524182
113420831
21619519
292549803
55940991
28785486
15918708
18678924
14412533
9624742
65019140
29442313
103912851
5357812
15442036
76348185
242836537
266616688
40079426
5392522
15012486
9855382
107155038
224285242
171598736
23122140
50325797
599369531
33660256
834525002
16669075
459753862
52484614
17137891
358109148
146115076
51221295
414900957
244243985
262756641
197069367
264219447
308721230
121210309
15764644
20179628
166252256
742143
15745368
7744592
16032925
17546958
18646108
169203819
19268706
18805644
110445334
93224770
223970563
373023576
117501995
263688828
347916741
23363572
81852646
37215614
7713202
292495654
250188760
46554393
59555381
234906311
382791093
556548240
113127789
278585795
41445718
116718533
207660339
495060691
17564591
600463589
760292653
21162600
21912428
97503010
14246001
39254024
237741677
7309052
296361085
54279993
121595495
1367531
323265833
294069836
247426815
759251
142180263
15324851
116559622
39155029
555474658
64491233
75364211
33971020
64168773
61208587
53069222
138797084
15886218
256113470
266133081
64808610
20608910
6017542
26295602
49965503
9300262
15922214
54215969
23167656
67358777
21550778
3108351
623408612
1917731
41449008
35134063
807095
488770532
31310158
469643365
161733560
242555999
486974453
243797058
109071031
88784440
700153740
295873487
229592356
89512654
172858784
870413582
733500296
20677966
85408168
25903919
428333
258831459
16891026
18401085
17962391
20600214
237546081
78408666
15235909
14838763
2467791
31782450
27872334
16259734
479901378
221162525
135895585
240427862
251724335
109287731
222472413
85606078
135297032
413466731
94366606
312800783
132278386
234493276
9665912
211588974
435856987
441994050
442427770
445223651
17465025
57065141
431824806
110176970
463006980
25324521
26306421
349037474
19288341
351704053
362766143
109257354
80939788
352534407
119406397
188400233
76456274
338515443
24183163
336049789
293131808
145687986
132196606
260862886
34173908
298003438
110210633
330474542
193794406
249787913
223615814
59771400
138479037
187359617
202206694
277124730
100040512
22771961
54103759
151967174
64728348
104299137
102424766
17994376
88309377
156644222
72530367
14219877
16016490
18162611
89005413
78384267
77889726
57156137
15675138
45447169
76667636
68329185
232445555
233668345
16568549
15714370
42826584
18873711
17494010
233345779
145460377
249230723
50425043
80628196
255506881
208061201
46439328
247334603
17074440
20280088
204540648
14314090
104507032
259314379
18009532
51241574
44412954
21780652
70938405
65737346
62016492
91087040
106119641
236027393
58524142
58504073
48348473
58495096
38669528
26740273
16668236
61831467
85307695
14344823
30340507
36100756
45234649
60828944
115733549
22978395
43110090
15961784
44170811
17475144
18640872
70667943
20994777
46176168
212262370
43910797
18216752
19726613
13218102
9508922
7334402
14845376
10615232
18170310
7270292
15007149
19394188
16160352
18695134
29201047
18061669
20597460
16789970
14125897
47975734
26533227
8128442
19028248
7429102
24905240
26820275
22012091
72198806
84129740
20027851
21461625
16672265
19925980
19773907
14799689
8854622
150110556
84600378
16641194
23263482
83901492
58498428
