14662354
15764644
130945778
1604366701
1101377533
138857460
24484939
115718513
278068492
105925025
35474809
442319975
33653195
1385360156
28414093
236511574
2435938374
432766911
2786159164
235217558
968650362
2932617195
2964174789
16434028
20408570
237462451
168702322
2790083005
2330527741
365833553
970207298
1262099252
21406834
172858784
1099199839
1096059529
382791093
1071402577
600463589
117501995
1074518754
129879105
415724713
455143617
218542998
2792649534
2375533844
18776942
512174178
119829799
2411400990
393562221
450941680
205392468
18805644
304606344
18949452
122207745
15159913
14615871
26607712
61853389
18058609
20436059
193794406
161461979
30478990
1409048714
2875322925
484236767
171930775
351116372
1940585892
701821488
628709039
17790687
20801445
15463486
20259954
80925577
466784942
130274805
18028893
21787198
46176168
25068806
266830495
15320854
2488541
92186819
476449558
58908090
21702539
179147359
216503958
1465102206
46485024
250643559
156030129
2693501934
22771961
288395206
17301273
50729885
164322125
16626059
30263491
935594107
465852139
97284620
106517902
219350591
27225542
224320485
84445191
15993122
77920769
110004599
46417885
118747545
117882437
109257354
179546580
48075643
115768607
25592559
40035101
2355345282
36960073
15430757
1490166420
1395437750
19936078
237459851
1952657472
321545100
321511831
904766222
118811962
180071026
197869713
29065602
704929722
950704974
14069515
17331872
27929580
262697431
1299984960
150078976
111586376
250650870
519581609
22499219
145682886
729047262
426802833
2255182597
21878635
512148270
478309266
1283876034
11435672
810360805
1728890574
1194714606
1327286948
1323217434
1329228829
271550934
789057738
82397469
612938712
20685982
1249418526
243247252
23794763
44195577
36771809
76348185
85419268
384509378
25087685
2452044030
47954642
111689606
497455568
80566260
43611261
745262641
722290578
480725605
1967269490
19291081
100258828
100256921
71037382
544419630
367141186
120153772
19948202
1498472820
562065724
215779968
52920621
7481812
427739204
32122029
32588528
321752402
309175671
183713243
745861123
17855764
41186600
278594647
30865460
257438624
22671375
148811789
237366040
564641263
15937898
14385531
82982175
478640951
16887509
67618564
22976992
36454943
15298502
361966039
1454084527
1283485777
27048645
544274293
109672027
59623722
357276755
138548291
435459186
108985543
50699969
2202128858
136300373
18686907
155033035
169586280
106514937
117205821
16358332
297532865
64916983
106135104
39308549
135575282
1472329272
240665149
52112689
6519522
20177423
261918703
109639153
18873711
251496437
224330054
1616035418
189129306
39279393
1513986206
190389502
93069110
14246001
19107878
15210284
15394528
45604374
21842781
16018516
207660339
16249259
875580120
121795745
18993104
15946841
303805889
270025453
479674626
285382390
151200240
1169018407
163598915
375662595
2359937696
301014412
56440142
23071859
57698612
44166798
95431448
18139461
40918816
31126587
421106282
425961990
292318503
84315225
46673418
47659161
98411612
23429871
380686373
853305349
28652197
110463043
1169490955
448267742
44134962
599318374
614542142
19037532
245412130
192908526
313847882
139821790
126100568
100036590
1418226576
76451973
219367232
108055772
108189101
57751453
850356445
1120680044
372468985
242944499
308642071
15727317
353083517
14870670
14345062
42958829
11856032
16032925
19734832
16815644
15458694
223533689
19914257
13850422
79439212
1022198988
778520790
18772897
16566800
1311711541
52031475
817590846
737790757
817542625
870631651
233696188
759940572
759948366
125839769
757664948
817503636
20506012
27950833
19031962
102455692
31395001
61250271
79743108
55213845
9862752
140286364
14153020
45607222
352504548
104377689
475988505
48754031
16636428
136550204
114887629
5336752
112526560
14270650
16072058
12654802
48125246
217550862
388468632
407013776
86129724
2170792588
72570335
14592723
18682378
1381726244
36512429
849233594
87492662
198724901
26241106
22497476
352534407
221162525
40553282
87978365
19186003
89268380
15012486
28785486
224781765
14293310
22650211
19608297
282735852
15754281
86141342
405880248
997684836
2836421
29515247
21927612
31453604
85131054
15724082
15513604
168295477
65468167
78408666
18915795
5838072
1267174027
548620211
364932994
240790556
49327279
35218566
17291393
218975278
500704345
16441088
22650398
217543151
134297728
35870854
16056306
48715454
593995051
71276285
41034631
19608273
59331128
370272343
16081831
15922214
20094138
16311797
32530590
14200203
19543588
35027698
39155029
14552725
15621384
115743417
18097821
14437914
156763385
21301933
69773058
17967829
619374514
147649517
114896223
227343193
21027715
637143497
259395895
291756142
40116885
382146121
49743510
492778623
901792928
21768766
48043084
384910109
780919700
1068481578
272421501
18227519
1877831
33222598
9605422
20251379
234082207
1061029050
98940604
16664681
8839632
14173315
17134268
21307076
296824622
52793956
351236488
11135842
19543821
191477653
1917731
12981892
27311044
813286
104299137
50073507
333504347
20402945
28145694
15675138
743102318
50853133
89559258
236992650
18486243
18646108
553578963
21910641
20164739
471994138
58780949
43581352
83358969
46131997
15739494
31516565
31639623
334989877
115749048
538185166
346637907
283130017
247334603
33537967
435500714
555474658
413466731
20113797
7334402
21111098
266133081
16473577
75364211
57065141
7270292
15007149
43910797
339822881
17494010
26062385
29442313
278124059
41363507
242555999
476256944
88784440
76456274
224285242
292495654
135297032
18915145
8128442
250188760
26820275
20092295
78403308
15939889
19863977
72198806
20444702
308721230
262756641
171598736
264219447
115733549
486694111
15324851
242836537
244243985
249787913
229966028
293131808
60828944
18695134
15442036
93761782
29201047
109071031
20546536
20597460
15745368
234374703
16789970
109287731
133439172
233737858
18632666
202206694
51241574
368995325
435824969
302757648
30005269
454202089
316101740
24905240
16031927
137466464
38602009
236821093
216881337
351275173
296361085
160403212
16187637
12354832
9300262
30043495
27901418
428333
31136598
76649729
807095
16017475
21269970
18678924
35770135
16893035
66386087
252296570
21619519
244222141
310244677
22978395
97474887
300417131
201279343
42641933
25635850
156736243
20605217
23085284
759251
3108351
30313925
22251316
7744592
20608910
9532402
46470581
212262370
85606078
14587949
14975713
135342555
21612122
138479037
83901492
1367531
34274380
18172905
15931637
18509265
50687186
20621899
275572403
61762853
43920155
66369181
50330661
36986792
242797777
229592356
116067096
243797058
62559223
2467791
132278386
16930125
26056521
15387938
16419280
5693842
95071420
15766082
12272322
211588974
50769180
18451200
17074440
14529929
15463671
15166261
47632905
52070270
104446737
21251668
16157855
63004503
47694175
31127446
92079350
16371887
21111896
19541375
108617810
89820928
11856892
14434063
21422478
91386979
16456599
97503010
50325797
89346959
24929765
14944533
19253385
16003092
17943892
18035686
9508922
5561412
47975734
26533227
7429102
80111837
5558312
16160352
84129740
11650762
14344823
21157904
73303753
14845376
18170310
117537998
18061669
20444463
19269183
10615232
18216752
19028248
17093617
172979014
44392839
88676174
19918558
5741722
18791763
14858000
14424296
16155952
17549707
16020181
19054602
16877392
14301961
18781497
19652082
14971415
14397625
15602331
10260052
17281388
15564953
14177262
7690912
14690021
15722534
1156271
16376605
14344990
17908795
15911596
18689093
17882140
18063179
17962543
17172564
16984402
18763840
17132192
17970170
18579436
5530962
15957808
14240875
18912701
888751
111743
18954231
16514291
19050398
19003298
15162524
16839313
2143411
17579658
15863765
14284942
19312670
15905263
16669075
14248658
16075150
17158163
14981770
17947221
9298752
19371702
19263478
18921016
16483555
19575320
17542142
18559404
19044015
11996312
18922205
19627859
19570755
17454606
19657189
19657967
19656525
17387935
19666614
19414880
18645404
16825198
18517522
19780573
19820106
19881319
14183820
15692253
12930392
19538472
19688060
19691185
15736155
19394176
17070307
18802064
17993004
18190518
17767644
14787239
16012381
16188675
9907172
16808289
15793651
16649341
18946959
17500495
18281189
18288876
12860912
16538284
18245548
1565151
856061
13348
15731368
14514411
4916651
15080617
16278294
17148800
16538186
15705682
15946645
18726074
18724930
10073012
11404822
18609944
18638661
18267225
6793212
6489902
19397684
15163993
15841335
16906706
17454817
17872871
8729092
7510172
16952739
15346572
15866174
16067442
17967025
15345320
19285756
19350937
19238689
18420659
18485673
18603652
17068020
15246615
16174727
14176981
17422407
18153048
19334875
7228682
6997102
8859092
9252212
10168082
11134252
11246242
12340562
14412533
3137331
4248211
14912925
19394188
13218102
