3239346701
17907987
21406834
58562226
15987296
2887506849
183767243
1652541
21427812
25562002
14434063
18767699
16815644
13850422
11856032
15458694
1917731
217550103
7402662
568337499
52052011
10183832
62917505
236511574
2695663285
9855382
43963249
27347950
1074518754
103899602
297053549
38663867
92186819
1099199839
26548315
234786485
14529929
17112878
371968805
18738694
724521750
997684836
2194529533
17100518
970207298
1208969952
95221019
309267226
2426217830
252140004
36406587
168309239
119199684
43996908
105925025
329746058
916935650
47747074
1267940407
69181624
23651810
10069612
80617430
2836421
14695985
55015443
432799563
52073076
81632144
142896252
2178638689
859793215
27860681
68999404
75069067
121817564
1093090866
757303975
5741722
14677919
1330457336
18812572
17060020
17134268
361974780
16056306
217543151
7334402
172858784
150078976
221162525
1061029050
1071402577
436873679
319689712
152142811
16760131
14226882
131889283
152920910
486957134
993956222
1048486346
318176817
14266331
84502405
102707404
78403308
17301089
1888334216
18510860
55355654
614542142
25300308
1060487274
1615705128
193325576
117821354
615443591
298045466
42631254
512354282
114547989
1548158070
16028241
360957637
22006244
365063147
479843758
11877492
22160119
48114476
1615463502
450941680
1020058453
1530850933
6519522
11886142
461515145
36683668
73303753
115710058
221706364
453319164
15549482
15164565
1339835893
121540651
18576537
122994639
266084123
377949581
351065668
272028877
14159148
25098482
54311364
21114659
26792275
555473643
16085390
16967845
233609943
130928879
23322088
82643763
322975218
729177876
18486586
348267241
44964969
61853389
19948202
346909226
49733381
37347561
17049258
22518192
133448051
21870081
19900778
481080347
59175902
21338412
105212657
625262322
84685733
551408706
110195330
36111903
205097210
336731613
292071258
257637289
246615989
242107076
237590404
19455115
169785728
174668520
104851609
133832049
85282028
44457827
312055077
2467791
44457228
18038892
369505837
18528834
18481050
16184358
19213066
44458347
44451594
20801445
20179628
151914805
34274380
8775672
23092890
110541296
66369181
35773039
15113565
14499829
78138151
86697288
238239780
21416670
104237736
26278266
114050808
67378554
19026662
54546430
15993122
44509612
222666657
117501995
292495654
325231436
322603418
19824430
19397785
20437286
16031927
16669075
17899109
19611483
85606078
44783853
759251
244655353
54557154
34713362
6450322
216881337
253132497
18058609
18159985
143890340
380530330
38477209
22318481
19028248
13218102
229592356
14845376
133439172
172470598
243797058
329761746
74294786
24905240
20444702
18915145
233737858
233696188
62383743
37974496
47703620
241207373
117537998
435500714
15572155
939091
197646173
352534407
20444463
277124730
158470209
211588974
15764644
18216752
19394188
16317406
47975734
19726613
486694111
333449489
199346583
226228655
407039290
92051542
14140370
57673909
20113797
20436059
476256944
33537967
18061669
15939889
517703317
165204211
110004599
109257354
46417885
39279393
14615871
197567344
32009466
84132603
222953824
57065141
352548417
361342191
109230658
12133382
342803375
18085058
66244381
289099943
16311797
19416225
413466731
409486555
21104432
20109439
80638910
262800581
114889732
194173701
259873788
40155457
26097041
285222374
54226122
135686901
121504426
247397264
49660570
130571406
15862680
19609379
282601299
89731752
389011466
17310027
45869233
50399834
41880322
213295930
15174710
372489653
63619227
174257775
56699946
63003432
123653013
21228708
97503010
293131808
173999134
119525215
14246001
212320989
308721230
37557615
171598736
109287731
27901418
249787913
87828912
14511951
22012091
15922214
22941833
15324851
74508260
19258235
325830217
15675138
278124059
40201103
50325797
15864446
48568150
242555999
43920155
20776497
108722643
111379452
232193350
120129682
330592913
21220931
70771229
64489946
46678824
227418209
90746809
142721190
15919256
138479037
18776942
108617810
71294756
15918708
24362769
28113052
21619519
16129920
21307076
52070270
17074440
807095
15210284
11855772
11856892
8839632
224320485
89820928
14049145
44317593
56164952
21696279
93761782
109639153
238259855
12354832
9532402
273547103
286345557
70796663
209290784
127944134
89232373
51241574
158476411
30487036
206810018
214756276
33194182
21425125
18227519
14413999
14345062
3108351
9300262
4119741
16072058
56692110
48847011
14377605
47455112
85131054
28265605
121208305
18097821
47694175
18028893
21333396
16006592
14717197
20608910
111071616
15689503
1198481
37759047
39921231
21782597
15119529
39520162
160933348
181369918
242944499
244571543
122095830
31406352
31532083
252695467
19578141
259800864
19561082
15248150
19615832
242939330
21011811
142475902
119830208
273600139
240374921
30038266
23840234
24481438
118751047
14787713
16083576
18391051
15755669
18917882
35778956
188883946
59199114
16258689
7952522
15785277
214140713
15163993
42641622
15824967
121516876
16050183
237871545
15898362
15485844
22547672
17340177
212250453
16340501
112754257
14628868
211643692
252197789
247832362
14221917
14689197
14495726
17498747
118770011
118779917
202874176
16164289
27989791
20524105
34677788
21328154
14179819
127544605
24751297
21021385
204799586
19950069
240818975
240816365
11344472
197052458
17494010
247334603
15973392
250188760
242836537
234374703
172510346
244243985
135297032
76456274
15442036
60828944
29442313
132278386
109071031
115733549
59771400
84129740
224285242
7429102
15007149
20597460
72198806
43910797
29201047
8128442
21835498
34731150
18920073
159124223
33530012
50437613
14727040
31169220
19272796
16160352
83901492
14466538
9624742
73238146
104324860
813286
30313925
15808765
18696134
31801993
16789970
110827653
44409004
30645298
16104258
