2469824964
3077584711
52771120
199852173
21155790
30313925
813286
114109088
266623821
17814938
1536791610
197496309
400207122
3288891581
237485810
2412914988
2359982887
31324473
82657929
30929600
277124730
2316173688
42813400
2997521526
41758974
2370996384
2874030911
106549239
60435440
29259675
2992440550
1444913180
410031518
2244571921
2218163916
2194529533
2375533844
2335427250
1249982359
2810327085
2812345274
2926162488
553747537
29483786
2964174789
2891210047
2962923040
236511574
2863210809
225921757
2856787757
11651202
968650362
193794406
2955485182
235217558
15129348
2418020888
172858784
19195094
21768766
2834957761
500330093
2281198964
324740742
1284878172
2646600954
2437046546
23496432
2296893932
253445705
281702961
426909329
146569971
627294573
26607712
352849799
515822213
935368364
2612307559
352534407
123430097
18348239
970207298
272022357
139790901
114872331
1539900882
16018516
19269183
867554168
117489658
1472712367
2375880661
17625196
2382445597
261838928
2376090204
2535809822
1195037058
2296582538
2375971986
2312314543
2434471014
2451998454
432766911
17906632
34951296
235455915
2329505418
1020058453
735108120
509083356
1952605712
370946687
41694302
1548629166
1905006026
1579258074
2434317636
1666634756
42442665
2148104773
2189073337
240135871
625020214
261918703
52848990
219507091
44682276
226701731
18825339
203226736
2375871829
190890578
2255182597
575658149
42763957
23675293
199704145
153879900
14412533
17139736
7597712
18678924
12354832
91038197
19431964
20420497
202290363
628985326
2254104464
233842454
7702542
21406834
1949530411
9624742
101637413
32060379
2303719598
743648240
30081945
16347349
234540332
16113700
716080776
1924408244
2228810119
20378448
18956073
33537967
1405337395
432039670
342307993
55038792
17838390
78993374
46002396
1736757840
19417492
34535455
3135241
2178937507
1962728996
418991627
1560939302
15450996
10168082
332373764
86177206
1487846678
898251204
16366471
69297657
20272114
18323740
50769180
15976697
628709039
10774652
14669951
27311044
47739450
457984599
39308549
69773058
22703645
112047805
735457279
137721212
27744185
14062180
143798379
196168350
110445334
47695057
344809261
26571759
428333
759251
5988062
1652541
16592310
93288759
253369950
3108351
15922214
16664681
51241574
2467791
9300262
1917731
116270630
117803435
344788804
44992488
158831815
89005882
44991932
389034983
746123654
38938889
348118097
23516236
50095875
482403268
575700512
21268897
162061647
14717197
979508749
70234523
336159376
378044353
44696928
325206450
331368487
14218129
40977196
14910546
71060165
15982119
993908156
1428441589
743923429
242807741
20720255
117854550
292668630
5693842
274212343
125377853
227665931
1025185082
373129771
117165632
314242899
23149936
509137530
52731258
425362054
123184953
414058483
71386234
27768497
101897967
28408052
48836665
185273641
126682309
249235444
126407919
393996644
111693032
148459964
937983109
24818228
4389861
875620362
16366755
19001949
17564889
103997196
16914062
19001855
19126741
69061044
72629997
15944862
24025753
594913757
68826347
74547619
18915508
17576291
79271991
25125528
1074480192
69362597
22266893
37719690
15005511
35567751
133020762
111052499
39834947
44160129
28687376
1249418526
1267940407
271596741
245891006
1096059529
382791093
16056306
1071402577
346637907
14497719
19215794
380373855
34017525
41363507
480969463
217543151
525785643
20446424
23022687
892233667
292495654
16473577
172470598
229966028
339822881
88222800
435500714
70781547
73238146
203237651
309093128
432854654
701821488
332007527
24221619
117189286
336664037
28215887
133006781
50055701
222601890
302407424
40553282
18916432
22803648
117177789
15764644
15572155
532625744
7713202
70720482
5357812
240790556
7334402
250188760
294126378
57480200
612303844
386092483
238177562
413466731
20546536
26533227
76456274
29201047
224285242
115733549
17494010
8128442
21111098
7429102
59771400
15939889
278124059
229592356
237528012
18060603
48405258
22536936
23096273
353266557
88728106
33772857
18490135
42720019
28717902
76350811
66218170
493569257
397747940
22818099
28083041
136102032
597951953
82942851
134925725
30005269
93770440
231931315
22480852
69135680
77820945
377658379
44274514
424427064
87578672
78720281
99146492
188491595
79282286
27520861
45949528
538261629
110365246
54563489
30895248
375510007
403883441
78992984
112235358
146321899
147732594
210197276
537596489
121552852
114896223
600463589
78403308
538185166
242555999
29442313
20597460
15007149
20113797
16160352
57065141
72198806
476256944
132278386
18632666
162113704
117501995
43910797
75364211
26600398
240389735
24769236
28148994
231831983
17613674
67979502
34353217
15148014
148439696
18228308
39582174
21254683
30021450
33936298
7270292
117537998
20444463
133439172
18061669
19028248
26820275
84129740
234370900
9508922
9855382
19394188
14344823
109287731
308721230
221162525
158470209
15324851
242836537
244243985
486694111
171598736
249787913
60828944
83901492
18695134
16317406
93761782
15442036
293131808
109071031
247334603
234374703
262756641
243797058
233737858
21157904
21269970
10615232
19726613
18915145
76649729
211588974
88784440
18216752
266133081
243186921
5558312
14845376
77085985
555474658
47975734
73303753
15745368
13218102
18170310
212262370
264219447
296361085
24905240
216881337
16789970
17381131
292972175
22831059
202206694
