34113439
3233704903
31127446
21619519
41814169
71294756
16017475
18622869
69181624
17074440
14529929
15224867
127147940
373545909
11856892
3028926672
135575282
1525053150
2356811959
1566383408
69297657
236511574
225921757
462258917
2778767905
2401689745
2458567464
50034138
130274805
1111940934
164412502
14412533
259395895
105925025
121214873
148761090
27674887
250787978
113362456
112907704
38448605
172466813
366038469
499976872
64916983
21877897
633980404
59157393
453319164
55355654
113440497
176093993
16311797
1428441589
296020481
1323110707
57111966
281669945
31310158
299373263
785414496
7309052
39879120
106498703
19611483
8775672
10126672
16129106
148529707
1588740504
970207298
357606935
231891960
15808765
1289769902
435500714
310542720
52836058
16006592
21307076
15724082
85131054
14270650
47694175
21027715
50325797
92079350
18909534
12354832
14007532
16930125
108617810
142721190
997684836
16187637
21252618
15463671
16072058
27055034
284742585
103087786
199312265
309432919
27103620
185281457
197454977
296439380
61100634
277087033
22891564
432836173
19347960
33435693
1249418526
233737858
31122582
1167020264
78995028
241133253
15554922
17171111
208692908
759896773
462233049
25136092
58203982
27347950
153445269
249674727
486694111
564088122
18963451
75364211
18881645
26390322
555474658
229592356
29221344
16261445
238259855
243805548
490986919
552066959
48038024
53178109
30008146
50046202
17049255
51745167
14266331
33537967
293131808
102480507
476256944
119166791
20929636
148865701
291486075
413466731
206250891
314216196
92065500
66369181
245891006
36719281
6519522
16134125
111196951
63467291
19838886
110482967
322425353
97481307
33086126
16311483
3554721
64173297
18713552
337742544
56440142
116505994
133430077
38516217
38691916
46679143
51241574
86697288
85606078
2467791
240362373
29680350
56803967
28640783
14851523
259873788
19257358
134865043
50654477
234544891
179986764
92629518
48445479
34944266
56441263
61310939
140511073
258659928
309775416
173862174
69376385
22993523
20946095
19300330
31540323
140286364
92572677
33222598
15689503
14268812
39155029
11384102
21768766
16081831
21612122
46176168
12272322
17006157
224320485
24439201
90077282
21220931
137466464
21696279
89820928
18678924
209625125
24054721
14592723
36352119
54885400
29725914
18846918
30864069
15824288
16665921
67052124
47356175
17795406
38224088
20480396
20068053
40057701
18480494
176609040
36685819
18247782
44177383
104324860
233696188
277124730
9855382
115733549
117501995
15442036
29442313
278124059
308721230
221162525
16473577
109287731
158470209
93761782
242836537
244243985
247334603
57065141
16160352
15007149
43910797
16789970
7334402
234374703
20597460
29201047
76456274
20113797
83901492
113420831
67378554
19674502
44615672
76091017
23092890
15647676
78408666
166252256
9624742
14342564
110541296
61853389
120176950
20179628
19948202
20437286
44873497
165910933
30307206
82126371
89743502
14613770
14586896
107186085
16721886
264270684
102707404
18587395
21534973
33214721
50592573
121779702
27802464
18723114
59771400
6330762
35815947
15923226
277664754
276510755
107158897
159220260
172470598
37926783
17995955
91396544
52465134
124484985
201827325
108567729
14802636
50144015
113008013
20077385
201381611
25284990
280506664
194661190
211602449
171161708
207503325
19079225
281133804
96722599
15163993
19052248
271470420
218304245
30266551
101859227
14246001
19272344
38018289
52211737
285826149
77276543
30864583
28159304
286335608
16329437
47995678
185684821
17394323
70787185
16030383
316500327
29077741
19778327
23248942
49809439
67325576
296295145
54567061
154534734
21203888
78900966
174307994
176856083
297998735
193356081
88027151
76416937
190890578
227345723
18172905
28903462
50443057
29764564
231454510
73238146
111123938
305736876
42926057
31464573
35649878
54550645
85846161
271632308
151310719
157678232
310912187
311660412
222542409
212251343
16721621
61507052
154203155
251201890
29968620
260865625
314050035
25364041
46662081
20620141
85402250
217550103
310344577
33205490
22905164
310394634
246141753
190186085
287756446
21731161
76420352
77920769
58758269
322989049
35633761
21669972
322043132
185709908
20527648
275098108
310050089
95067357
324171587
43797909
329314185
243337600
328974744
32070022
325830217
23848174
135297032
171598736
18695134
72198806
250188760
197646173
18023868
15136081
142894598
83919614
109071031
132278386
42318672
159228438
128926679
236842868
114604151
19107128
19359256
46208343
234904800
68436677
23608933
17366527
50426819
16297206
34002638
59885000
115687921
18275218
20049975
15665625
74621009
23545095
16234705
19726613
84129740
17093617
14307764
253132497
17599655
142393896
242555999
119421205
133420458
217077840
178089726
14615871
813286
43920155
29447487
7429102
224285242
8128442
60828944
30313925
17494010
48724141
237770636
15324851
