3086975121
168730037
256174452
2923534513
68060037
514641546
5392522
2836421
42103301
3070114339
89792361
58544943
18030695
23963131
17108702
937599889
35966552
347314936
34831969
47747074
1093090866
1536791610
3290070855
15441965
14695985
80213342
45346408
166304936
2511408984
21768766
28348670
1514213419
455080677
18223105
2726766451
3178023294
28381412
16061946
1927615975
325615084
21774410
374222612
300969036
25392173
557280690
47404357
742184443
22508206
47285504
169146444
222666657
116486374
22047405
280604607
331703548
521900487
413260397
16583846
34687493
16675107
19019298
14926825
91378530
20286125
289630087
23845798
199416114
12137172
19421806
50393960
21417247
31295043
386135734
468865546
14293310
91478624
26550996
14610645
16645335
36784717
14062180
34713362
16380122
1228238532
17522019
277124730
27103822
40058325
22080148
24167314
23642217
14326765
232193350
16095572
16374818
24953891
353693355
232177822
23132850
2655144517
18734010
524713741
191947759
46427083
57111966
24795283
23493483
1120067796
13192972
148491506
19677939
180945362
24737373
18148907
160946337
161023696
558644976
74869002
43368063
34421618
54624571
346786440
22546724
25103967
22090282
17652955
1636119181
109317263
15582894
69154842
822135037
2426245478
3108351
17135615
18690119
9624742
90244478
2412017934
21153119
150078976
787523802
2458567464
214245942
21882601
24089555
50718079
165885802
140457196
1855560534
48122050
211237220
296521334
20867568
3064630738
18678924
19782176
95697765
179602590
82394105
252777300
23785621
608284979
33450325
3452941
77920769
92581777
41225640
158520264
31128730
18167574
41488578
17224076
23642374
18999188
18193396
151108333
23632902
16567922
16514376
380397716
39621524
13304022
142896252
30090092
116523429
539273113
1436747498
16669075
16115979
2471723629
78654092
41655821
3554721
5031151
19683238
32774989
15554922
151106990
17171111
268300227
14746298
7797322
281530541
380946467
17494392
38516217
34113439
15210284
22079341
27675185
11965052
39538640
22074024
84426342
11175742
426334212
2173418911
18487694
242926427
17976923
12763982
14342564
80366398
67378554
16245822
2485930448
26286469
259878262
1410905906
35356736
110004599
19608297
48075643
21447349
40338609
19612617
11856892
46417885
573149116
14999172
113222894
20179628
101043870
15484056
21789463
110541296
314636730
70732225
759251
30332995
153149305
2467791
393562221
1917731
62547887
15922214
135304832
435500714
21249203
407013776
17409240
15113565
17490974
89820928
241133253
2720189334
111676961
221563863
25165002
1058917562
995193054
1068499286
404132211
61853389
132201224
1530850933
58928690
628709039
81210020
140286364
245891006
109257354
39279393
17831464
87985449
17045260
16954081
15079397
84459364
1061311952
459691119
46970693
393815471
305649821
39155029
1077214808
113743801
325830217
1604366701
1009489969
1342861723
20517132
17487795
308573576
25598610
2194782380
14266598
188417388
16580993
18326207
21681207
31078404
115460799
29221344
29774968
16619904
44615672
2438374542
2328937074
373017693
20545650
395379436
25784895
30059943
113099736
123656376
22953981
125719207
43920155
36771809
76348185
166252256
413223602
1393155566
816653
255784266
2260197309
66369206
813286
30313925
14178003
31198756
49773837
90614279
16086928
51241574
807095
15129727
587725632
9300262
3934221
19430999
8983922
16584894
415134285
31560075
10648962
14352556
15808765
21406834
1099199839
1061029050
1068481578
1074518754
216503958
234374703
224285242
970207298
29442313
515822213
7334402
33537967
172858784
7429102
57065141
16160352
1262099252
236511574
76456274
92186819
20597460
15324851
171598736
60828944
18695134
249787913
109071031
242555999
486694111
278124059
109287731
247334603
43910797
72198806
15442036
476256944
29201047
292495654
250188760
17494010
16789970
132278386
242836537
293131808
73238146
2654291262
