555474658
217543151
22582828
1249982359
62605366
2955485182
2862555526
235217558
968650362
2962923040
2964174789
2856787757
2863210809
117209260
244590857
313955119
380438227
269942488
17359420
48939663
56599807
713117358
794789954
101823277
189305766
50935533
18922205
2527363889
17322958
1284240746
25411140
2424340500
384891260
2559226298
2798688358
1206018998
1262174743
309795080
2494824367
17537636
2864455155
125134415
47372912
2385722732
2790649064
69406354
2598369368
17872596
16062453
1488193039
176248860
2401883418
488889320
844118372
747879246
1206386233
766470282
70111775
1019338706
336210564
18225066
17276646
57616144
534982519
34340669
1917719280
112379003
2787322550
2857897853
323308707
1911000746
20975060
2831994733
2771382629
748238688
23958097
176990238
126672946
33921006
17029186
298168007
888953791
1134801565
17446550
14483921
390156386
2885622881
2433601897
23207971
272388054
2171339563
86465494
253632910
1921135694
117738709
714785822
15419675
18747675
2601658315
14026372
474232856
334162338
246532340
1920241417
18112189
272710377
2400631
149027223
234879892
89237846
52763281
2485701836
2426217830
33617185
377578077
1051446626
2303751216
18165866
1711130059
1217197813
199370863
145298319
1883843406
399654097
390899337
31608390
171336411
30587219
177301898
40030048
410035079
270420572
339822881
78408666
325655146
567895083
16637457
400986711
1260867956
1619023974
1155068606
2167153722
460670123
15212187
31417497
1497211892
126402403
853598491
110985688
133559471
197714872
184241421
1615463502
16139049
10929352
29016548
18270066
295948577
28195764
270607198
85723759
436799072
58562226
525690571
1428441589
1073162082
599329617
136337303
69010873
1093042399
118914425
1092979962
28417331
24252468
23098595
20592530
21213276
54409770
993153006
407982776
1241724194
22256388
238286421
775410804
221793778
1069316485
1066616929
805027038
298146486
48794931
271441733
622250219
23695641
589528137
87026997
25918955
270572492
573929008
16910090
64784661
109093090
737453995
90481612
15354756
153836083
14682554
24276699
792302694
69678987
56418371
40192571
26782291
17334672
312740259
628389559
17050594
15988174
19037423
730799437
37663573
742372146
583973254
284357195
752505157
48084259
19717082
757605252
362917518
19152616
780986708
215007822
788988757
202238386
19188848
210132438
22422168
18145068
770308129
469648505
807253855
32036738
737509724
67105749
45915756
39424828
522157793
808366656
741546385
123972371
19302840
743444011
28652197
14229903
26245365
444377355
423042798
331283041
54885400
159113258
172641184
22657202
472511075
432797602
80695582
47776907
9624742
78558366
116700378
34651758
292656127
22581041
50742607
263936580
36352119
30864583
15766082
29246239
22339298
36383926
25979455
19658614
21121491
25103967
22090282
6332292
18614130
141356377
21247089
78403308
14336929
110499962
41643844
137823987
15954997
9545002
85606078
21307076
14717197
112405785
52660746
17469289
15210284
17469492
6577642
171513512
82579983
15987296
118756393
48115928
46182216
211420609
233695891
246769138
236541422
237944147
248850174
235251868
235289157
37094727
193794406
239964567
237418907
16887628
76350004
197594920
116902376
41144996
53197137
306304686
27477243
19615559
6017542
16378486
20245775
20466215
34713362
4970411
22799750
241207373
24735461
14075928
69181624
50073507
238177562
28652194
15485441
17546958
113047940
16303106
115485051
18280993
18906561
19083161
89820928
33222598
131204770
17291393
289099943
138254967
46643938
106512830
176198550
97503010
119145064
17172311
58187747
22139417
27048645
22650398
20467163
17513304
277158447
133448051
204803220
44123613
266133081
12195522
23607000
296361085
29707786
52487389
50175736
292972175
43907227
19492679
32133118
16273831
21093785
14700316
19058951
16153562
67408662
131538331
21725866
109287731
264219447
133439172
244724428
20456100
90708110
14116873
91418218
103432541
20809529
16056306
18915709
234022257
9508922
6577802
46681100
18646108
19805496
110445334
103060329
15501934
21536398
21010214
89224491
91427364
87617095
24182732
21875537
48596303
25226477
59699309
18654217
37787101
23072774
47659011
50415286
30490931
15715842
17289455
16374172
18729306
41839803
45445757
91383735
39068513
33046065
30239133
23483807
33317923
24462381
29237993
17495624
18941080
20327189
104207738
153836582
90252949
54930784
105947716
168254115
15749725
75370484
169660328
174289352
34705780
133233399
50000303
141385879
177704402
90484508
20111100
148074359
63329447
69049771
20468251
164527203
169306034
74810537
40071821
16670675
105345807
120825024
18170310
99645483
74841347
34318229
198394562
63794808
195558488
193847043
188915424
20458841
74482441
197558403
110554958
126527658
76658220
126735138
24418530
37151264
18094839
8880952
56265569
43882090
16704588
16381558
15997041
25344734
46727968
28336157
49049354
61336057
34254287
38090709
55540658
36388194
27258672
19188701
24375424
20770172
19405603
16870126
23797863
26889061
15812413
20096977
14869449
7917942
24619328
5667002
17582409
16104602
14472002
16020654
28984990
29095728
22590409
19781118
52838398
21400954
23794763
130500436
37666984
25645556
199718966
18479513
44682276
222140591
266214083
15116570
16686673
29723477
119782003
54299083
38711343
50705139
23092890
16659634
22060403
17233331
17974880
18943852
8542882
26946495
16256269
14275291
60984835
20713061
3135241
16031927
5815162
15513604
78387677
15745368
15368065
24242107
15906868
36198563
31900907
24546865
24631305
56493814
91130013
23551460
69324314
54621739
5654712
15654541
61496228
36481855
60678378
27904366
49720839
114511353
14391192
72668126
37612716
46382917
6039302
15288936
15032862
235283301
227745088
22990962
48447677
18200760
18257134
10318712
17028405
18009926
10613072
19294280
18148466
19979090
23555906
24247327
21807755
21034105
229592356
16789970
17494010
18695134
36948268
245408102
237814920
7313362
26350330
13749282
18990627
90934547
7663702
63720288
36084073
16826147
58479641
16617094
29464230
15670006
8960722
20787622
18874087
17429521
15663103
18703718
13604262
115733549
14790524
83901492
224285242
15442036
43910797
117501995
109071031
72198806
244243985
135297032
234374703
84129740
59771400
16160352
29201047
132278386
20597460
29442313
8128442
60828944
7429102
21269970
21157904
212262370
13218102
88784440
18632666
216881337
18915145
75364211
221162525
50393960
20536157
7905122
14885549
816653
1344951
23962323
1435461
15862891
16895274
14647570
621573
11348282
14199378
16580226
15110431
21581503
15912113
19802879
14505838
105356569
9109712
6519522
15764136
621523
1754641
56810507
16334857
15905103
28175577
14514804
91478624
15110357
28140646
1118521
20402945
18949452
16581604
23558758
33639255
21839893
14498484
47964412
16212685
26565370
30018157
23554823
21323251
26791995
59143682
28507088
154591966
41117134
61811059
16084075
106542528
198321941
48236314
52333663
29791364
26412590
17514985
21466552
83023740
55321133
261953170
175617838
42626092
247016599
105960396
249330916
129654073
15944799
50546915
30909576
240663096
253295771
26827068
17900886
62568145
110545675
18981785
240388106
236681131
15501706
29395463
49882922
257170128
97062761
262494001
41369024
65919935
29030427
16360607
118782698
4077181
17148973
17831320
246070126
197178640
21635315
182865754
93189203
21257214
39925223
247443174
37322723
73948391
263511552
12811952
91038197
48910517
263176676
124802591
182519485
27432038
140481984
222511870
250710495
151504383
24399515
262775768
38707754
28248030
236569475
21685439
32625968
15449098
193592080
16227432
22317261
263944317
245111114
15285753
248871427
43050282
17666747
21879329
256095954
256094643
127919146
83515777
234185548
218936411
18294521
21830339
33785055
21908088
21523593
21431834
259565885
5820642
256053751
160778400
14293312
20315122
88337521
264325600
194965404
264494662
25969442
260813700
15825290
208839049
261999837
30345356
47795259
18323793
220249920
235204517
179790276
35689512
25325388
125746882
25752824
264949430
43955137
20162488
86364947
240299965
61269661
105866707
213500526
30435864
229463629
214179002
230944221
29407092
235012401
247334603
234361966
229197216
43409523
15923226
8999792
18891923
185906854
48739488
27550683
187009077
19546850
21423310
16184358
23463593
14957318
119262731
17800696
21328591
15214193
127896718
16669075
15985455
35768436
16207421
46176168
26820275
204623129
18958999
6980622
15779757
51260138
118830545
14445249
15951144
16696008
226732694
19277390
27172954
187661195
172495334
7619082
154985728
151114649
44187867
79821572
228243753
242071486
20345539
33192211
27361814
64560646
35207611
141772811
101966401
33555582
18473841
229297351
7437522
18803135
81290692
153330351
185463262
31419443
176087194
61113285
44672528
23446302
24423757
14203469
28969421
76261189
34369742
226120728
166190606
226903402
230201324
116234778
20571559
17842659
230285376
16536348
35646466
53982156
73525922
144351164
7181362
52393883
18205674
186618551
127394529
31253047
230331029
21483979
234128524
216855513
232066707
42620459
25014439
209278328
19881382
55914930
23976316
15984306
2347691
220617027
44413144
235037583
22509548
19326390
216041940
22375126
14389132
22779934
18004370
22081631
30225353
75382752
66224302
31573704
17607012
233588515
235163085
22156672
19518542
23073556
27413440
25169797
37248934
17856804
35372517
227412999
15627193
51728323
20876151
106836821
125469856
22687311
180888396
14725649
164702019
200010221
18299073
34804424
17530983
21874342
223789673
34081563
235190657
138533071
131012555
64027252
112528426
23926510
59281330
14298437
77857101
19491723
22978395
236233994
23920779
158751698
60784177
15360995
151589736
236202908
211733612
208332944
23819676
96011575
112763173
233416324
126644609
43476440
52314324
15393337
236554569
43207305
23999330
24367550
36474819
161485856
34668910
18873711
41847726
58844616
17237686
31500811
57067862
181666629
236263968
237338977
193733409
237366951
40553282
234140950
237559171
45986026
233557728
26513860
234370900
106471467
154727824
72615525
34184553
116748080
85634177
202751776
19699830
54378563
37980865
18801482
213053844
30859749
219135010
17603649
10615232
16970692
218779638
236487888
14079323
165832484
114854440
39559795
85028508
95071420
27180557
199993596
14110710
16014100
75397209
69199664
237112765
21897511
22730618
210096882
55928916
238804269
28476783
19819775
235676207
107215450
19784264
88480888
206236190
214809062
109614008
24540361
9666752
127908221
239565136
239603465
182211283
40937799
17323942
209319823
222937062
18906599
34287054
122212010
239535023
44414488
47155755
15838317
48079767
43742675
20151744
56550357
156512503
54778337
195569717
18850138
20687509
222478467
240722949
77123807
97383592
30086404
240839599
172833512
236492616
231836255
151093334
38516217
41352723
239548612
126980084
241656720
20083267
17976923
18650159
29889867
14844867
15365985
195185610
228048716
104266277
110918004
15795580
12814702
20206591
19571951
70791528
41704154
13727
20538410
17547588
141690277
101629024
54533482
178003348
85038204
91525907
57920491
39155029
175102610
109280446
150110556
163638791
242376736
11826422
74031729
67293017
87698265
63477669
242795526
16441318
240839950
5838682
34339134
18890707
32659334
76558244
52497533
200514497
57475317
16030518
17023049
14455471
200187373
155688259
15042650
66174414
29470927
24573529
206803262
21361003
243044684
31078274
160820530
243172251
104081761
21565855
24186110
115257902
46736897
20172169
15160884
47688440
87522141
33020658
65423227
22057746
193614775
19359721
109274506
226731273
2232041
233737858
19028248
18216752
76649729
26533227
11650762
19269183
73303753
24905240
19726613
7270292
47975734
20444463
14845376
19211550
15335534
4248211
13684002
32593871
58027443
5558312
15366415
18061669
117537998
60776879
85380211
124212175
192441406
7294262
12399102
218210527
231676903
48529086
24776049
77105526
58789832
28097147
221802328
9376622
20606940
57968207
228432561
165207755
156763824
164512634
18575677
4785741
17450688
59836456
146530128
15675138
17087824
67077910
16247160
121312996
18953266
53980013
222880659
43232530
149315713
46416452
231682240
231679195
17656680
22811348
193524201
21717783
40332646
59925401
35232855
232797727
48680856
228552505
54781040
27421678
14186393
225403925
204071430
35027698
16993095
122835680
160919506
31563456
43132686
49071546
58490366
224384907
77831514
177757285
159310689
56017152
130806038
23148563
196593632
14246001
201946974
53086783
233590633
219429281
142300344
17272677
56087980
41228046
39100536
106771444
28321329
15920053
16792896
30005269
8039442
16279717
21979944
26843130
42743513
199285782
71806254
59329207
18589529
14547915
20015903
15600527
38155442
33763794
19226169
23247567
108160329
21923174
16013843
94125145
114320754
159600953
17380631
18227004
19087800
61502147
183201044
17793281
23317539
15730795
18004383
227155839
15974935
227163018
23234457
5281952
17518305
15311605
21634546
216872227
14999960
15731259
197544956
30346767
170618342
205563663
23723263
50798417
21685474
54673874
45424010
14773379
36686069
32604577
15739536
22408185
17424501
21360968
5471562
128917511
29738565
18534652
31611608
20412174
25602605
18479766
30383404
17924677
48828085
37461389
19861857
190923915
20766854
29250387
40323567
178444048
76416318
31434170
17493984
22108543
19286059
138431850
27714945
74797656
30050899
151875558
6857772
36764911
187784751
220921511
72942243
212634966
226647951
222980020
68997982
36588739
126377109
91273136
162951005
96695061
186788356
212854653
116353262
60592079
17707588
64916983
16567084
11909952
217725992
35214017
27290323
11883722
19151741
60267910
14147387
50402766
19100675
24374108
79187514
24407880
13136182
14547462
44647612
3587701
30591793
143779492
17480245
9396802
20331905
75600769
40911981
138159158
21452408
44797148
22514698
34983640
14389215
228144281
152148763
23548962
20741564
28873030
72180211
15923641
19036850
27252776
21966651
69458118
34344021
223364715
48204976
19191701
228465660
228184756
228257004
228550518
15503109
13632052
228558104
176491336
222195455
218729291
15008257
124817838
17825891
70889618
37039242
16017475
5440362
21660348
23951197
21425125
197970961
196645290
14434063
30043495
172046603
102454786
53705294
218653705
136339438
19790258
168319690
127955540
91460279
23673724
58539555
36261236
70739402
16943058
33755232
19954098
93670875
85634199
17457737
16035471
54114276
15791414
19843008
29227091
16470253
63732324
35602988
60443538
16193222
49814519
14344823
11246242
20852423
76732834
50443057
45399148
69893098
15192111
83662443
29026489
15689503
15505053
24400744
38232102
23636343
16118417
174750142
20280992
27530741
48566603
69739301
24375628
224146212
19055434
39510422
89814216
16049157
18453423
24340923
138774167
140286364
32493227
14481752
13481872
22867209
20645897
22939364
45632768
18909534
18769630
168485883
201821508
18695206
20752841
20295222
225123009
23767509
22045784
165521722
18815466
153145507
26254843
19075851
50729420
115207063
18751435
30088900
22948315
44784327
42154542
224798758
29914322
89783256
218353952
12354832
225163359
16800019
31266805
14577563
21566994
18700618
100031341
225207856
90409811
14682211
47121165
18768335
41402923
51908196
56897651
90413852
203396318
221307333
25380755
44148395
17697941
25829907
23650442
19242010
104883422
70208666
82192102
18990303
21492852
63161263
17920420
25004993
34608345
220018889
126382656
23576182
24801554
23235774
202206694
159362503
103085564
12144232
80349589
26908096
108779641
219555127
186881077
15853576
61476360
29073903
14319663
208584170
165767898
24181596
19789554
46813718
56864092
213357642
143971051
28902856
224654258
27689907
18916432
47739450
34371118
193785644
136250134
191477653
60627728
52070270
13058232
12925072
17093617
19541375
18172905
15731368
16371887
14529929
5120691
20786801
15778641
20522862
20067354
20283059
20166674
10168082
15436633
17667279
18776942
18812301
21880237
17463211
14688489
5561412
14216123
22996985
17111646
18622869
22703645
19826165
20109973
11856892
11856032
8839632
11856932
21674448
16456599
18805644
21270032
14412934
11134252
9862752
16172747
7380872
27867017
15677585
21481343
44397881
22129280
16072058
20818801
17809507
21023681
52419540
15207668
28176898
16012783
15210410
46002396
28576135
9252212
19489239
16815644
23635356
21675625
47694175
40116885
14268812
15724082
4898091
16311797
15723290
55355654
624413
16686144
20252855
15731751
15931637
14413999
5496932
19046500
14345062
5693842
18812572
15754281
27882000
26607712
18767699
11469852
15295015
15753057
35474809
22535018
22760252
21881296
17899109
41387157
20776497
21220931
16250929
21612122
15166261
17993906
4119741
17074440
151444950
108617810
21111896
16898332
16827173
9532402
18678924
73181712
7713202
15918708
7402662
48037533
19553409
813286
15224867
14412533
21619519
9855382
19394188
15922214
113420831
41634520
5741722
26792275
30313925
15450996
16467567
50325797
62442994
5357812
14159148
14669951
1917731
18451200
2884771
5402612
15164565
3108351
19740592
1652541
22411875
1367531
5988062
742143
71294756
759251
51241574
12133382
18665800
14437914
22650211
17918891
20608910
5392522
14293310
15012486
428333
7744592
2467791
28785486
807095
9300262
