1339835893
571095787
2609775320
601701816
325709222
318036549
463053212
25867286
250373093
38513550
2239910148
70459493
66512350
13056572
1489041158
560944905
110213431
2394599778
42519612
254098644
226669173
402719755
266133081
108388673
2729061
33235771
542756846
17218406
490968947
18645342
19636572
107820427
7040932
15212187
2362692631
66891808
12055942
14413466
15808765
1262099252
1713542732
150078976
1074518754
171968009
109287731
19948202
44615672
234826866
308573576
34274380
337742544
44783853
120176950
166252256
232193350
36683668
14615871
1023020557
44873497
1604366701
15007149
73181712
76348185
325830217
61853389
15647676
20179628
20437286
110541296
66369181
9624742
21406834
156132825
1342861723
1393155566
989709992
1330457336
389028352
970207298
1068481578
92186819
1061029050
1099199839
216503958
34866675
776049583
807253855
15593696
43910797
29201047
7429102
29442313
20597460
115733549
83901492
14125897
15442036
17494010
117501995
234374703
224285242
244243985
132278386
247334603
249787913
242836537
76456274
278124059
242555999
93761782
250188760
308721230
109071031
435500714
60828944
171598736
293131808
486694111
476256944
23238471
21315510
211401927
413466731
33530012
54885400
90047107
18695134
8128442
16160352
57065141
98912540
115979444
2467791
52419540
3108351
113420831
300114666
73238146
112846686
9109712
43920155
30313925
21332950
17637692
50117326
21431199
16099922
17602680
16568530
16396368
26880366
21021326
17394793
