40349928
17918065
18001922
14084847
24438725
18583823
135991437
138637933
62646307
586909317
71294756
34310801
46002396
2412738884
121460575
170510858
1249982359
1159518715
374632164
371571648
976542720
15075999
63174700
108416848
1596510128
1009389625
182978734
27946710
21619519
18227519
254117355
326261694
26304266
70468535
44397959
14789441
26800544
1061398388
16011832
23025311
27786531
498152606
3031058343
287725570
2955485182
13850422
82033951
22195441
2962923040
2891210047
2964174789
2856787757
2863210809
50655127
2966758114
18983793
21301913
20713061
301014412
2786564756
239964567
1009054656
105925025
208931294
1249418526
564869921
16468792
281582041
24904117
968650362
18170310
18891923
386092483
238177562
240790556
292972175
292495654
15210284
978620492
151106990
30864583
18956073
372837125
19863977
20092295
476256944
216503958
92186819
16119129
244243985
2654291262
1242040290
93761782
701821488
23022687
172470598
352534407
628709039
233696188
277124730
16160352
486694111
150078976
15808765
1428441589
15324851
234370900
17494010
172858784
249787913
1068481578
7429102
234374703
72198806
15442036
132278386
807253855
18695134
247334603
76456274
29442313
20597460
109071031
9855382
109287731
11651202
235217558
158470209
117501995
538185166
5693842
78403308
5558312
293131808
1055515873
1074518754
75364211
18632666
242836537
16789970
19028248
221162525
339822881
211588974
229966028
262756641
21157904
233737858
82657929
296361085
10615232
24905240
13218102
114896223
19394188
15745368
88784440
1074480192
216881337
14845376
229592356
250188760
19726613
1099199839
115733549
29201047
76649729
18061669
60828944
1096059529
83901492
73303753
1061029050
266133081
600463589
291756142
264219447
382791093
555474658
43910797
21111098
1071402577
47975734
21269970
18915145
7270292
19817778
18805644
163995093
19909298
22830647
351701830
1563391555
1395825613
208155240
1161303115
2386604821
25919161
53201278
15212187
18163042
22516671
196826954
132332780
245572815
13524182
21431618
326255267
18380182
108617810
1548158070
212320989
237348797
263936580
21666928
44309594
11072912
18640821
11704682
16228479
278145569
16371006
18799695
242772524
1092757885
1060370282
240014188
132554096
54900089
86129724
1137600571
202416362
47448886
23946892
171228400
189542696
23492750
23232204
107441863
9532402
517045006
231660649
26487169
27882000
15408692
21352349
21301933
238259855
16698389
10691752
16129920
30313925
1877831
17168586
2836421
24506246
13067732
122207745
94366606
114756202
14529929
41634520
16031927
255109294
38007098
252176634
412402396
39510422
407013776
38209010
162159134
42709370
394239796
24500577
250710495
137466464
31310158
20600214
807095
20245031
381736092
23108538
18646108
34274380
337742544
15675138
78445977
19052248
56413858
8953122
21975415
16423253
1652541
16977023
19545563
16491569
18754284
19734708
364564017
14662354
3108351
212262370
202206694
14344823
42924141
35002876
104237736
48310803
232305025
50769180
1367531
20402945
70771229
120129682
48847011
3137331
65146567
15754281
20733972
17546958
18812454
19417492
76132891
7597712
3135241
259001548
109439703
90429166
26596727
182672534
17025118
2425151
20879626
32216774
16187637
15160884
130600206
14246001
14688997
29766367
36681590
19719579
26889580
18060563
233557728
110004599
109280446
78799146
15993122
239964750
224320485
80628196
17487795
119899270
252819642
15987296
285668168
28652194
5988062
15570735
50325797
15113571
97503010
15922214
35942692
211655210
109648027
27008138
14253797
37530088
16529399
117427875
20700623
16583493
16477100
85828820
35025224
71323944
15172890
18487179
11236082
71074509
294664198
295685416
20450182
22055226
22508473
20546536
17993906
239561508
16227765
59143678
77055180
16232895
20556015
73187164
17505840
14745059
15896162
30868693
7406262
14709647
135621078
15165450
15145111
14687256
18205191
258859368
92554363
25330246
51241574
25116168
40885416
25397260
25104363
69287376
66715629
24925573
16099657
74800576
18172905
15931637
22517990
39308549
20686232
44960116
14437914
15923226
1917731
21252618
43409523
15416505
194233791
2467791
26265894
35829796
154591966
9300262
10840862
27693260
10168082
237763317
236541422
238321369
237403203
55235265
15116570
15985455
18916432
76966145
70756980
77250424
23124635
54412900
26324609
235190657
235289157
21346398
236960387
224294785
235719973
193794406
217543151
22523087
236511574
221447516
235251868
37461389
41363507
27676828
20088666
18277655
37920978
12726012
55677432
19069733
14275291
18317325
23121519
40318829
19926675
21329888
14904437
75367781
23103488
12788332
16056306
17800215
15428227
235258843
233842454
33655490
234128524
234022257
219429281
213634439
218349372
22528309
15207668
19658173
48117116
23951197
21660348
22831059
19912734
41445718
19739126
17976923
18216752
18217624
18166778
12925072
8542882
7713202
22509548
