57384377
82167518
3085835595
2445809510
2448082848
18267548
2350327345
249307732
357968177
44728467
32435108
1410590874
2677498764
44673415
54645160
2392617595
2391819114
2390914045
169140361
143590328
1061029050
574780856
5693842
16844276
18641695
1608428634
157039114
1534988486
169569796
86165999
573983145
1473846721
87320626
33719856
15769734
198492130
574799823
633976799
43703569
126171100
917069696
480676534
38734554
78403308
210236090
466671952
1024501616
114015945
217318707
244051583
354957876
486000753
26607712
1122732823
28124636
262199810
564199730
1058717720
13218102
285225944
357634573
745797770
38459769
33660256
944676432
826176486
204599219
271441733
15739640
89838517
461515145
53410086
892110355
885749298
856954628
833522593
587736165
553883065
50703368
25353140
399554646
87989041
71911230
18689000
20134672
24942712
35561483
15687090
82428310
534726900
21992858
59996511
38892304
179648568
1769191
81865566
336037982
171999082
20637451
18244358
33917044
17633542
24718118
17471392
19345718
137385778
15825547
104798082
76984842
16029780
97523297
3554721
21581503
18993705
17345673
208561087
19668440
66763012
31475315
10660172
20280065
20078750
54309568
75069067
26335328
19617284
78937469
25244942
15136814
25995988
34645245
17451742
362301175
128288109
112474129
38691502
76391291
87577315
61486126
12309692
22059471
15918353
13492552
18736858
38146999
20237824
26672942
16581604
15378358
23118150
14073029
797835
418245379
292324514
471952553
14191291
272957246
14987728
336526596
26875700
5515802
8132582
109659449
81192849
18816140
285423035
18907783
17897327
55247926
98365761
236220226
67107059
210855635
154065912
402398159
490610551
358284997
165901703
42710550
322141114
205863380
423679988
180088272
19428038
60453323
14791918
20090388
369565021
75400983
260778025
43187351
114756202
151802593
85399364
34950779
536740613
185236559
28089581
344129782
256115133
47331384
46624866
459084698
365700084
208079255
55335411
98364447
335579841
127715502
390141640
350934941
150776454
78585947
344039566
219028411
222617050
20121286
383400948
463274019
171485579
246953114
274098495
576898186
20594014
71067569
216496008
199142188
219751161
518964910
30491503
277532210
450945325
260839696
19952473
352557618
14788026
415520323
249057407
518339466
119115243
227488204
107558556
136339311
211276153
47443652
333609970
397892181
143453381
34024932
111325591
532896731
168647974
303190625
260761233
16380122
190310608
274430608
375675981
33881575
131642211
229031203
90471290
123883321
148479423
86392284
36424011
91420759
19033886
117106445
21591973
357742683
95521824
123170224
301906206
347131120
283391098
316936599
15911462
210811142
67102874
369992939
75381986
47382780
50263701
291721822
17659219
40943966
173726078
34532919
146206935
189170303
261819002
112935356
56935113
85613206
217540767
276705933
310404200
355063035
110915739
188951302
257061138
382701964
32893828
66225760
110517560
39786555
112852109
17054817
202501482
39692025
65172347
138104496
292462246
205410232
404868643
17824922
148068506
95986515
216173019
168718734
265624052
390166861
70696732
30927826
158391379
36585292
204360326
224214029
10878332
51382738
173675251
17449199
267813068
114196341
15646547
213972528
12626962
267134763
34659692
45614299
297464085
128324680
219667972
52080066
14235784
281635021
6875072
61281867
21882601
67737952
40260892
95688842
37322347
38399009
41597836
15467759
402494810
49842077
71239755
52427223
138174343
38712692
256182359
41857531
69533246
36665547
384841137
20518600
6877872
61309973
16166496
143571497
10421232
36959762
17471979
84445191
8138222
36702653
16911984
425167544
231039391
31226292
94708630
15198966
9653432
46770231
97883743
142665641
59106865
41360955
316385705
15851626
37526707
52722710
48511385
46554393
38436181
40860228
240744445
40581338
43078165
424553229
25359130
19382577
386233110
20941733
177651989
170784276
66517904
436009046
20213316
14714627
469550551
18219206
21520854
16244891
17092444
32880255
64820888
22164556
31568574
284593566
242884495
207910510
18104730
60027713
14269768
56495963
180513244
14680760
39279393
123816529
17793878
52784106
65946380
14787587
14323791
117882437
5907272
190889997
21665196
17331660
14817150
314191172
627706599
493327815
154701644
210841209
102872483
55265358
239496277
18839463
43120198
18826280
201938371
18666525
27296280
19364366
19671234
134366833
22971125
230837823
216388911
45747659
17139736
15828276
47849164
21985202
15726306
78304244
157054370
137180310
148003573
227038904
21875834
140079968
20068053
54176768
16423158
17453131
499114104
24898621
220183454
71323944
13017192
52757344
93224770
24476565
69916891
14072782
1997641
23401085
38483313
17463923
29205600
277058682
1435461
129310921
58298042
112086517
78995028
113979871
15829003
20329672
56178806
24771318
19918353
18560524
430266507
19245896
65647703
254428995
25088519
14609388
33522957
34731203
188847758
69407673
17862883
14603515
205035843
80373259
11178672
79927768
611955888
28171980
65754269
312110798
190349558
19193200
67058286
80610284
15458181
103022338
189730142
646893
77147096
18230846
106085633
15473639
99219356
79919520
20832496
98728668
45010089
15209334
14559745
145394310
123665015
110024029
30080054
92029221
44136028
22271644
144923269
142825985
20582958
8975832
339567848
91077419
312698496
291854281
170340549
48149594
26581336
11449312
41197349
30488857
273682839
30231755
19067651
18060970
46247342
122188435
141300559
22751329
22677839
22503288
413223602
22673630
206128137
34113439
147745310
88349950
321267852
371483818
98907691
16550480
243822773
22838286
106454006
166723722
158017590
23379258
193450071
136029389
28579889
131497030
26690508
18536997
8120582
5031151
121825676
107175080
18713552
519790324
17026589
14634720
105267145
88255956
432816536
34096609
22481472
14050550
10235102
15355482
321522551
32377320
89464972
29221344
31530976
35987103
22679503
276988813
21786618
35731368
264219447
296361085
18061669
75364211
16473577
212262370
22033028
66257184
18290719
15066876
88467745
21001434
14150661
16002973
142332158
34711477
408348893
28238978
17219044
23948464
35742491
46509210
19505749
20261874
34968878
16301908
16833565
44948793
18781150
78061764
23106698
21343293
17309366
17455292
81097060
19881931
58913750
38123287
7422382
23857477
19409588
41167959
16315838
82161632
15566998
16934854
28646364
27270787
763699
334649112
63374874
17196941
28657802
22737278
21866534
84679163
27911608
35132138
28381412
14655499
36653615
15942016
71666839
10286782
17515254
145698830
17655600
14616022
74775188
7215512
46969537
29623849
37300616
115121435
40015083
34650368
53041495
23986030
159097739
125688805
225560299
63832885
110771056
16188653
29824000
16684773
50706702
14273576
48743068
32575457
128404685
72956023
16826617
486937056
38019713
57111966
87312177
107132070
15896817
21124729
15952509
41439548
56060828
121550013
18098078
31496613
15585039
326238803
45577446
300285460
128143425
80336196
15639642
24229787
18061361
109524559
116692211
159462573
41077970
35009875
192916576
17060015
28914186
41146726
133880286
247723476
110468389
107968028
15825140
16259973
28145694
23092890
16228479
15655247
115745371
26068861
89220865
17011177
302757648
221162525
17634686
249706836
326208966
14376611
33537967
22626365
15836567
16923899
240039699
22674356
435500714
476256944
96195724
19721395
35634548
20193533
17564187
86753643
509092938
13215382
333090428
27029537
21783950
37738073
21237045
48366452
9639502
30907928
16313140
19051846
16625091
17560195
31311757
79797834
52515629
85880645
116828327
87213710
119166791
61783236
83869770
35961257
48775963
33688672
99625216
109300072
18447195
151970925
121258719
169139503
45838769
143396195
179739790
15826430
173833611
46480763
178783350
18041112
19626699
104257943
118920906
118215056
171156969
9527512
32976257
94579749
3838531
6839652
22789618
175388968
50067226
19038386
100606370
29518570
236960387
130650691
74283519
7852352
254182417
260335038
103366453
64482503
22196902
27886933
248264067
276215679
283685838
111604989
116734025
298931409
138236319
310496074
17825445
340397631
319030183
58094290
204564308
20065936
226027440
46751590
389696172
200640557
254095775
423646718
163493041
335988632
372225061
16439471
246628864
106608074
248338012
402903382
35773039
331803536
16661296
78611918
330479721
30687904
109350203
42084664
241570849
25098990
172938720
123953661
318088776
243930730
49343189
128656268
25022491
356452039
320216028
205886454
266124027
146952672
278195937
249362171
385165852
270606982
71553163
402974708
373485627
17817700
227034587
18060159
247312101
415724055
276251122
446580270
211963715
453072418
68716023
470576939
76054838
459490365
478693501
480426453
473380370
433874291
278274365
50297838
48143480
20161399
243460175
466981171
492519035
372560516
409008323
498800601
517638767
468118583
510792793
297273904
487748233
143507056
455300820
352462370
336218991
305703235
535448156
21222296
15429685
17453747
561116294
257758318
267403542
45177337
374101685
472544909
91803654
96265654
50499992
80606078
108359973
458215739
544966409
80279893
20076860
20458525
25122032
481713857
232164281
87738067
82266728
28341404
414967596
121535590
256170896
125010756
19538697
478826700
477962051
486272940
425172166
563173781
500073781
81871571
16365636
74805926
486694111
216110941
21257006
275186860
1769551
198982984
21702539
52763281
124291988
161882648
61206798
37917164
14342564
120129682
20998647
21612942
234489024
250784170
499811217
217616314
309937733
14858000
16311797
22642788
15224941
15210284
413285679
15134782
44682276
18776942
7819802
16958346
26946495
26538229
59771400
296002932
117821354
316375309
200542610
134834479
135971180
48481809
121208305
21122578
145745936
153558139
61285110
14597239
105187267
179588796
18164823
12733642
16285985
25891497
39788821
109446583
96405362
14949858
17632730
136550204
140286364
15754281
85606078
190768703
19792457
23321799
322603418
65067161
4278201
57425073
39250316
18805405
41269920
6450322
14199378
113436175
297067961
33097251
70449178
16892481
37005838
15456999
21802625
97106823
30530300
161044052
28134618
16245822
70789586
21034324
227021376
20155760
50318149
43311305
195538329
279011610
310330192
18910666
22756947
48395300
97002407
108493356
89545649
36475319
15208246
26780409
116828777
19550464
17428891
97305141
14602394
356511866
20479813
7152572
73303753
74103164
30288680
22645010
21926084
29851051
18025557
93028367
67382964
8859092
43590847
19031962
19416225
193430532
303425304
347395654
15945324
29077741
31534918
408195377
249384564
345158526
252296570
22725085
17445944
45147274
241201385
55261443
103068121
134870834
115204256
16140124
222622640
19805914
138787319
22242298
14135426
475075345
257751387
354370735
285269470
368995325
229592356
243797058
19948202
33998183
61583656
19498155
65912232
24958792
117537998
48188197
23024099
56728838
61636488
109450766
110500891
15371215
23008743
83935361
69412040
57040161
120140544
49702654
16403723
83932732
29764564
20778179
98910693
166258095
104615577
1197981
17594077
34666433
100534628
76967543
14748002
160674277
34022952
351019938
217530311
17449843
17340781
15947333
15481070
58683409
158565222
105929549
6278622
26133429
155973490
167024520
275136185
21800063
28676476
112526560
15570735
30167133
188783712
16698389
16018516
20769514
196824385
56708256
13067732
21360690
164383046
49960226
24439201
19186003
9862752
11771512
11384102
16371887
14270650
6904552
17044233
21768766
47632905
98543618
14049145
15677585
57768217
438297722
107108219
70098165
31011776
14787234
25088527
176510267
28379751
182435896
125755611
350881096
71244739
185776929
41909059
49304503
6433472
36681590
216299334
35859588
6577642
16016427
369505837
25562002
16935292
36412963
56413858
26566469
22208192
80681990
225145230
68712136
14588748
23674342
73147282
114589771
77603
17119688
24816848
11731322
35449630
131500972
133872807
14310749
190366672
313475447
14849567
42405873
102487722
59001491
17172869
52774881
39809336
93564424
212278734
35241832
14402946
188485201
140528668
47212288
56381219
284649974
17590505
235441535
35372333
368020228
310051841
26576259
198710525
106476333
375877508
17479344
19426551
297475737
123099645
35017255
58512831
23812133
18091877
7786562
27645845
31451408
61830970
276769777
19356263
17442357
62980047
31126587
441951136
441193367
135249573
16297707
177405555
60366180
65389361
24207337
39785774
17798627
270542254
23488579
31231768
146190419
78716639
50161675
405686325
450944447
359636007
78355897
14695785
460787160
189624560
285180590
14311688
38007596
173897427
312134473
305216911
305620929
24195214
364415553
20545793
385429543
168673083
381152398
82453460
242892689
164369297
115979444
384913290
289708248
89539528
344679491
27965400
22640104
451585157
243721370
220923989
39060898
414089228
254803782
110755029
141361053
28811251
14730894
85125951
14084891
50534606
12971002
17756288
60742713
16603339
31612714
18973708
77224670
68987936
27922157
86697288
67378554
43909630
6794502
78669790
15368404
76091017
15460572
18058609
16669075
7613762
14074515
15587500
16616061
14505838
16028241
15647676
16063337
15257813
20475703
22033999
18214621
19152160
16250705
14976989
15149447
23124408
14283545
15738180
16577785
17743499
22815083
20616683
15623301
15183798
16316380
22196719
17716823
19915329
20708381
16724370
22859855
19736984
22280147
22511482
22197986
20916684
14838508
23433784
22488637
16018834
19410144
20173935
14883700
20556015
18486881
18487054
18487428
19672080
26860237
18344163
26257914
26008344
6751882
18487522
14401102
24882273
26878302
33660684
20076000
18487299
44777959
18487694
18487179
18486746
14499829
18486586
146569971
8220482
36683668
239971233
71028795
47965577
40899155
20436059
44783853
360172409
357648167
378779638
378778417
36774033
426909329
19658936
14696190
14568727
15406321
108726910
121795745
23387224
55018701
14910708
109639153
22666324
108746596
57772600
3335531
16054085
21829908
9078442
21306875
103087786
115729423
158444622
103022243
57770539
15837659
41609921
18778634
22234861
15496662
189343331
430082167
93974553
107078762
294902433
129232975
226590372
26005505
313194369
109186592
314837545
348503880
42633171
21933249
17864412
8570392
32465786
69541557
175713658
67051145
129004483
134119374
236044880
138927974
198597497
61871878
43237274
18559380
399649186
30244233
90558638
93027616
21796491
18996618
292892234
41587384
95856602
32317533
56304605
31412331
58817994
212320989
17291529
27719762
105163813
144432548
87706885
45836876
35629711
44102341
48016109
312680861
193484225
21853673
46704309
16435865
72726556
27091193
184944149
124490608
385534328
16118516
21875245
130226559
374991418
394819059
127833406
58809317
32311841
48742856
136287052
16809491
128659076
121030391
15817319
23535638
22928810
14376416
42826190
125397137
45536687
197224643
113120733
119214821
22457332
223777640
177213194
86340836
297763617
52435407
66591836
119784192
114015870
53090629
23655212
65535634
64472325
76641509
31559242
259074538
17701238
116658090
16726816
159120737
14774366
16705761
16261552
57632359
15097618
17965337
88614742
23447808
17521783
54749926
109471001
85928734
24958721
16098972
29732063
22047810
41259869
52752875
23472117
14865524
201733703
111131059
15311368
67712288
89855922
245516626
352548417
282695074
14517000
41577194
34635985
62744004
14927411
46352896
20927666
57751453
32272289
18171703
114472326
759287
104829349
21013096
89900875
361342191
23025377
6860232
276843589
14954972
88711812
108987415
5129711
8735572
90613868
17417922
96522143
21237820
113695348
27885519
16153671
131442917
110967370
165749122
27053655
120236782
40654543
144680161
54320038
21357079
85282028
16573544
447410369
104851609
19779972
253141747
69480815
16724361
127569781
102633945
221712794
103022986
86140730
190666780
46817943
56612391
244616510
17677636
117809503
32027422
16955514
28727860
16167236
14295662
111413657
19771433
25468225
31904265
60837056
14703697
109106424
15303778
59853010
15199539
62936951
146917197
5536552
17862939
117776594
21907951
41213511
23808856
245786262
114050808
21121647
113199229
123633259
126629610
21852720
45544324
41602160
18379118
32648476
21095368
16444233
191578026
35903137
317313520
40887204
243291022
36232215
14560097
69818419
16071909
118957609
26047267
20515845
105531612
16020751
23817772
57523832
227837742
115198849
27422982
82826066
34992644
125753208
83346026
22369057
16271167
34312259
89787662
158573447
20801445
48719536
70901586
15096096
16331065
16432584
23572083
29558838
19416833
113709198
174377718
112391041
56891751
18303002
119771348
21669021
15317822
193500676
16434826
21456186
19851562
16192310
110458336
6509832
11019092
114639449
16299754
16367980
17344272
22418925
115522779
184869405
26282046
41774468
19554219
25975036
17317028
16329199
23311675
39837477
27570569
110860746
236488883
214206926
85243004
24797315
34310801
22539758
17325090
15909010
108740292
42703075
260894276
30204525
22587869
199034113
119758810
32004130
35094823
16184358
34350419
82643763
27443744
91488267
34140316
169279319
33960482
61168062
34421926
28058878
237286607
25333609
78231411
16051471
86902774
19106371
26213879
113430220
87289614
145724592
18170896
83590349
33884545
36480504
16139105
49204865
104446737
18159985
103949895
14909968
22149851
16378486
55009164
22746465
75298437
15320603
24721204
19090300
33971020
31779156
68801460
27939337
16143986
16050807
22526613
16145763
22771961
17911562
183062944
95546148
69427169
26548315
21827185
39348261
231854033
49639096
117839957
39556712
232268199
111379452
37656339
232992031
14695985
93546232
20681936
34332836
27436479
54995807
19576733
86146072
74511230
16419529
46099714
153559892
147736496
18543381
197942542
169139577
138239379
138240923
40789883
136298258
199917623
49371787
144282952
113664912
292455451
110712345
288240543
9252072
19990369
14615871
21157904
11650762
21111098
47975734
10615232
26097041
15572155
112717133
20092295
19083619
18170310
33201307
41814169
407994033
60962714
317527175
13631252
18197835
131277482
21569210
19730194
364927633
374633547
18155078
398869611
179230359
88184082
17951850
251094851
354961568
458879695
12959832
289641653
448486135
397182438
205011763
463040675
464817767
455438655
194450644
24893491
16843846
12637892
15898439
114308677
70412849
351296653
122180556
235322745
317843853
26574318
309750260
15623816
187995557
224610761
39921231
21021385
59541578
141230014
354549008
348060527
93169437
361974780
181475031
314536798
312223614
11917102
59127139
361414338
289566842
366995967
344103156
47811151
15650946
56446987
15785277
384381805
383588854
383241641
152687500
375105696
252695467
375740512
82405425
226341400
343558521
107429237
43465139
8011072
228852855
55169336
347209781
407399713
406501336
185297579
18906872
15935549
313270163
47416519
398062066
396613596
395537941
166594348
421915685
79925222
411103184
414403516
425135764
175761946
320503784
24490003
58876403
22635509
433527379
278634568
423853324
415037282
142979922
120342217
241280143
16096510
18301360
14335380
50816719
27275087
305951960
29286120
104639988
458974811
48841639
398117992
118533338
90550402
381177988
7651772
360157542
14616024
44166798
219350591
135515077
16358097
16125224
15433452
142490217
108686283
243840731
259395895
130945778
184860130
114497182
28113052
342818600
29515247
150110556
256276126
185897064
113671573
35797559
36229876
286275046
9783492
21225519
86218635
12761972
85432928
27939638
161402438
20168605
13691782
24464743
7764652
44397881
79827261
112426608
120202126
29111634
93736499
156355446
47991586
198683431
380075338
145313
15436933
102480261
41784469
20480549
24031191
758051
123372326
389197852
48802719
5507902
9722522
8090172
91386979
193537965
261505207
16746493
82508207
78139580
13795682
214117424
111389021
20474813
110719210
772759
2238781
60627728
122500126
21680719
25300308
92079350
1025521
22062865
19610051
159651866
185757755
314185810
16940925
21111896
82187603
364423298
17033353
49620730
5466012
21328752
22970670
23080711
20922754
48847011
131722775
21422478
7408872
29366567
22695548
270013816
16085390
19572264
17859888
409456907
18028893
53282862
343240099
254117355
14251225
126369849
56700964
15406924
45671898
48677784
173999134
337706924
107120201
46213956
238259855
33972882
80911528
285852662
21844854
353826788
295899118
47438401
14962779
42389136
23103351
18587457
91180720
22138357
15383116
97474887
21339204
54208274
15436633
19148030
14980820
21228708
182503471
70771229
21384333
612473
34713362
281032698
227763417
41711217
78122373
344145846
64420220
339447657
373419931
319671079
47656410
374057607
251054802
109617428
383607048
369175216
43983827
398259554
393752269
408926558
83079194
247478374
43923477
97057400
444271544
418256995
124188442
436202925
396580527
97063701
64519451
16692822
16434729
33497999
143120274
153935737
109305504
104366511
185776957
154212989
222151790
61582966
21027715
18088463
37060471
14204608
207660339
74521793
308233424
236026761
93069110
888
94343619
19541375
59003
788524
12
90077282
14761795
717313
10876852
14885549
816653
1344951
7212562
14749070
28870086
244243985
384392601
15892011
65073193
427702535
429227921
113355380
14197060
93440753
28223354
56802497
53769861
80111837
218314927
58237111
161791703
150078976
229596520
26573734
43454855
55441424
77062830
41880322
34012907
77220402
22959072
27850283
90694084
22873033
217016444
35417467
17314758
19996416
71310843
293131808
40260612
35787985
184621488
40579488
208040000
15447566
245516606
23566062
82395255
236511574
69218324
28543847
1691801
112712144
14780458
27987945
91786287
63225796
21112612
94218938
57074666
41017380
35488283
28009377
88012558
12501012
18110317
7900962
113753234
239949176
10104602
54226122
21231110
65776579
51755154
164007407
317226055
27952164
40277246
249520991
11839312
155724750
20139543
18023868
76692861
193872188
103004707
169198625
21949966
113781741
72945644
52740328
21691269
25955635
51060814
87714473
248735463
28533091
47677431
30523211
110536434
98845251
4019911
107021110
50088703
268252645
59213941
9836992
54635428
74294786
267854863
3497941
56279156
249410485
237770636
19915728
16130058
240812994
23983382
78139444
19512725
23604951
28387056
28599820
23022472
249348006
24904020
17944210
393588826
16005449
162069635
61349535
22510760
69193833
24972208
52754589
20747881
28661343
234374703
14288263
56452670
85322445
21327370
252249233
193732179
114007315
18938102
75893701
34972633
190298721
23430917
168502762
66148771
29388019
41424907
254611745
292990703
23375172
153486399
94915480
15675351
88019711
13491312
23077023
18512892
14173084
41608251
21594028
20540938
37820650
135371020
144069554
47549624
30244377
38254095
20989039
40037388
153919023
16899141
34010240
26886221
210926192
119250381
111635527
36171841
65968759
356885109
309070309
21096542
14792049
235373000
34745464
53106913
216503958
27649741
246088673
258900199
90420685
14828342
168755239
227341953
102325824
80612021
70536959
10326832
75124560
109025212
227088228
224285242
16186916
249787913
18137749
119749813
115111016
92102359
70526457
22004278
14614553
85564029
23605505
14871717
16980982
103922067
138770045
107545479
274581613
221792092
48086014
63169388
15824288
30216513
44725196
28602948
158398519
177590021
140519774
111635980
18020811
14354562
68198984
100674624
36948268
20113797
108376246
5568292
46016028
125445568
132170123
33563161
250188760
19484003
15093646
85302744
242426145
263815367
153944899
247334603
21666641
242836537
29450962
234014087
50452197
84119348
229873610
150724371
17073913
25781141
23593446
80021045
29501253
47412499
23090254
14924233
85396297
132201224
19918558
18696134
28582749
33576489
92186819
84388888
19891734
39249305
21690931
20622055
92091739
14216838
19677673
14984637
15361570
74507350
72883916
22812754
236061421
11801292
18916061
22812434
82649553
31611298
36686040
22053641
15861717
19318314
82406734
4591161
24232525
18829123
20262783
21312077
7356562
88806753
102328946
8370082
31801993
22523087
20002401
58543537
68710659
18519972
48568150
300114666
137794015
20961223
120188379
117783032
45158266
38568814
40953082
26775504
225826610
39832880
18766668
17509636
126887572
34681981
19421938
6185862
94125439
291903997
46672838
151519500
31122582
20959509
116570753
30929600
33580347
21056670
25143735
15472068
68219213
17623520
133832049
30912937
408051296
15170457
269836399
22530967
21819114
48477900
41362731
57673909
26840840
36096436
231793964
76027332
10688432
5715682
381034000
21954970
16795212
19359576
32304094
185570746
34401125
156900124
46304874
58242325
34739964
63027374
19828068
43335005
407152783
18901340
7620622
335056963
259903898
36412926
74539063
45509315
17792620
19264158
41321027
34829790
24269833
272908677
61568727
127981313
69556293
274526238
30237272
54431961
71050833
305356455
101847686
207253660
14874512
19392391
21345111
156018406
59621151
69005562
28912836
18171013
279385055
66937068
183693175
113459280
43437019
55551430
98206982
54316310
278114314
54557940
243311694
54662544
18060460
91413115
138528419
22803113
321602620
53052535
97529733
66695270
16809362
262430206
78697740
90410664
111981715
126406304
159470527
94349289
18144989
75172716
19779755
205349984
103646826
259501414
51536890
29204386
17047432
27907676
70287697
19984396
74675501
27730758
112808018
135265131
57707485
32387029
15319159
46504342
63224655
26088468
14928160
29529993
43181366
68984590
61794014
36813714
53055761
24416733
44703834
17839025
74214728
19856026
15353980
72565586
20685982
85984193
177984316
132585994
97053793
36574362
67634487
65751834
68534811
69307433
44313790
32628515
35014201
47782054
51278095
31115215
96915864
17184527
16657853
15164525
28585191
55573520
21430370
32531656
22196082
52812678
21245462
20807148
19319041
29778960
83731972
20247234
30278586
19600408
32530736
40926568
65451633
26808676
19556383
21008726
36098568
28725464
19991919
26645079
16932848
23008414
33335584
103018203
4432431
161801527
18932935
17044207
58610772
62605366
75713796
20571531
40932856
105356569
23967554
17232815
158079127
20602394
85289376
18014805
14266598
55757131
18992997
14755492
18225966
64078547
17539739
104530954
23519852
11695602
16203586
17462723
64823914
17627061
15433693
14361155
16186995
26784273
14677117
14886176
11695472
16348549
16834046
27830610
19673700
15947602
14700316
9109712
14165865
14086764
14939849
6519522
14055301
3459051
50393960
20609518
33933259
13201312
50055701
287413569
18906561
58379000
258961053
95713333
14940354
33919343
258885469
116341480
20088745
354933574
17293897
16031927
18646108
16116288
80638910
56223278
1899161
19083676
22990950
115564212
21316253
21693060
50149303
19268706
23176276
35218566
7841652
14496573
19697415
113758100
14606079
402357141
414869890
216566780
436266454
222953824
402354593
402356972
402358517
427475002
119134771
172020392
389770141
373471064
360910089
355846700
360909128
348671748
343670698
216531294
95255169
263884490
7080152
6253282
94666311
90556897
85426644
343668996
50851703
159377495
17874544
130649891
300392950
95731075
87532773
133824534
3963481
113425681
19637934
48082417
16518056
20015311
409486555
30864583
16172991
41199901
24773177
281161938
59202864
28433874
46435647
262319404
16664681
17469289
30500081
92030522
38285736
19185333
44595842
76423
6684172
41724885
33996344
27311044
14803701
33792634
224320485
93957809
93876666
19003863
2617021
1143031
30973
21419504
29465136
3840
90484508
16340501
256113470
13
87711945
45443859
233297354
22297052
70687681
117501995
14763834
236465985
67500235
97503010
77200294
39515894
377516010
184136149
17006036
153149305
36053915
413466731
147649517
19216998
64916983
21674448
151444950
12272322
19354391
18909534
159609655
7380872
12670512
22772264
14552725
15159913
138479037
185174228
408791489
29262052
71901757
336130373
308618535
199087880
407099032
351329678
944851
44597453
296929550
362643854
47963421
146488201
359981620
201790336
217124409
40600143
20985491
18260844
294201193
163545162
357647590
242555999
14677919
60157051
41593538
62951382
12760912
240950788
83922884
63534221
17227135
78408666
14882616
29538979
18256822
17753294
28169230
19502601
116559622
35648614
28807177
84090619
18486243
362051343
362712506
18884857
21927612
218536635
163911314
393615360
377462573
35781442
222586492
398304485
41622671
220200543
294307847
226220272
58787524
235564450
21914666
390352202
15320330
18740214
311641146
259345044
44089932
399061093
31580670
41822806
17906632
83501335
72563670
16139695
49986763
14620003
93761782
25238410
31149925
234791213
110471584
59676104
177999353
171598736
253132497
180638409
44143192
16638057
46557945
76936279
15170346
20179628
20437286
97465432
54546430
16878156
19006707
18020120
61853389
17409240
76348185
17722756
19343562
50051176
28415758
250777171
25623134
308721230
325231436
390916918
165965053
311700850
324171587
19341003
313316501
43233244
301397982
95071420
348158297
28511189
21310826
243229929
365541649
199836680
5716162
370403272
32329371
325470524
64321991
382282526
353124814
383848911
344233703
76421362
15469484
17339913
386181183
278781509
116571138
69181624
165204211
90725320
109257354
126401831
15739494
183898020
16081831
56440142
39155029
21252618
20295222
23967935
18683964
59157393
35474809
45828171
227841653
48802204
362638849
18653631
109081184
95714722
33898911
36590105
258422541
28348670
24663514
17918065
17995098
25388412
15602331
63004503
80854029
10626752
85587167
266830495
123350717
229703722
61737065
250695227
372918782
18183646
87271106
9625592
33394745
188857501
16545084
19357562
28696353
199491310
10424292
19534002
21595529
83177871
368516198
374190101
119099298
3022431
234530869
45869942
55726652
15092780
15365461
54560736
331681951
382944137
310128043
374142094
23950550
25435001
12789972
253260007
19023080
16972945
293516619
286432534
284210345
81125523
243791784
164413616
277465566
361569788
19726613
15931637
321805250
16153562
19661020
17480810
30597962
18139461
10228272
305732399
39324725
40356042
30014939
52847728
319162671
18479513
22038998
27115071
28153561
47438430
42274437
43717060
22928049
19120850
23501022
16753884
42500897
23637985
20620447
266768078
39344610
272124757
42694642
41716273
74623285
74551137
27678459
22016267
50076513
14270329
31251092
140206084
42069123
2425151
67702044
28869632
31106543
36044387
50660534
188899181
287521806
20332111
21879358
12182142
65645543
98909375
236182647
50862451
234891867
390180677
18478657
21966085
164817998
228846013
72338433
21487967
15485550
46711811
21486454
50312065
55364672
18086576
15405569
15935399
51104561
91211223
24537612
22924446
170754025
335392366
67162208
18753482
348666133
356266967
158132662
139829268
323867180
274120509
55349358
14293025
282255277
367839185
372053421
84768611
21563744
184489884
232724116
38215214
249912320
16019907
240507633
288233176
330757527
117543868
27587064
140958170
36960528
2488541
33212415
58677764
8383592
48772264
19165530
17943892
18051201
28175350
243959076
286449478
46002611
45883418
51913011
246962253
54231009
28803385
310285559
20024197
112794703
123347740
258041411
30935649
115152669
26890650
48215429
56458774
68481944
48770854
14893540
40715268
37045637
368988148
347892804
32144848
355712992
249698450
353075746
107116645
33264138
318530184
362652323
300475389
5686162
305209966
314094592
85520943
22597558
329429908
23706300
100026898
83703031
56611461
340549863
15743181
313847882
239036092
196186298
56727214
102238997
103335794
25857920
21306664
274128364
90203692
18879957
102779709
229180243
148788272
51384006
30986991
214165216
24867104
381092274
261198439
158081829
5931862
21787198
80940214
21431618
162941499
312889101
235701386
18678924
225123568
48383778
70706313
18918784
47415772
87498687
14334629
16985214
24955637
14856348
19430233
1106501
108401005
12354832
67880483
17746914
187220897
20002098
25034049
107572657
16148951
352581799
38112132
365031858
103701533
47422370
226282312
20706176
19784906
168707499
15570135
61267358
158812559
295637671
40976613
262843626
16365271
41807723
102706215
265490341
68412581
176915002
334451576
20770657
15211847
16682424
346786137
240099782
20095468
55330872
176490701
126111293
211714298
243312073
107206055
231218121
75052666
205864193
211859970
53235646
142298081
239959026
20349058
262490009
16158018
28679886
71280747
132727636
80455672
82703967
27927535
146485917
236417949
121563590
129220627
281064265
282570943
77616139
171572120
148098990
313464749
141306795
66438556
23885738
322948341
64795529
331236731
44173733
76017650
261376979
84903751
169785728
125807196
61863624
47816438
316327642
67143483
18268621
152142811
103087049
24266406
20402945
44401911
14216123
59185831
181101417
18216752
21088850
15232288
37469127
240790556
18915145
52838996
64402605
17623127
71289640
71352324
333557024
217487769
143843999
253680795
305720701
179645243
314629083
57330675
115495219
98476765
317521834
216579999
312176201
24198392
143290596
300468284
296258421
42432624
65641008
28830221
62824980
128058605
95988178
117537784
239794971
74219726
257535602
255689661
247144582
7136302
16598181
43349169
89706381
26520651
50703526
60089985
35399510
236268119
22306300
233443877
10275712
30081037
262505844
207762313
74488217
15521215
27726938
135708578
62606074
181606162
241567949
280627612
319125107
18944318
18310072
39195296
93750989
65926167
16261019
42756727
84755737
17496242
82256498
51279462
18990471
308230587
30022439
18326925
193419784
26574283
21112914
72341525
154549149
135544399
250686499
39082877
48388223
29746095
35760964
70880338
37654781
85824938
21307076
75361415
96004848
277801217
305145458
197655763
222223349
2348801
269852626
19058681
25399535
59325665
183368996
222177693
93687723
98912540
275264863
102516532
238465133
275962638
39641388
18656830
19030884
22065572
57958342
34795387
19405151
19238689
60672003
21244313
18775362
17787705
28139678
22428365
26042513
78685011
20867568
17140028
17596622
14220964
40034688
102787402
122364347
165773399
105234787
107523541
30034069
27674040
45880233
18337283
795649
22937232
23527441
9160152
3191321
325830217
16617851
206404457
262468557
319206310
110790365
21251668
16230568
40057701
14973612
278654482
154686783
162205124
299734398
269803429
27223466
256165831
114967469
325183943
308629841
165888006
318062294
125336023
26264031
19071039
82684870
209579819
301187864
40523086
313585853
16435200
121471713
19171318
39798298
251167092
55033258
126937541
302167457
143523867
81121879
74274483
125491793
16332326
286353066
322064372
322064453
23270401
14450765
21636248
14775654
27808359
314240262
278124059
55980324
154138473
269895043
13518652
54637030
213295930
160994804
133879298
781163
88751560
180963049
1011811
91690477
239465912
15368940
14261642
146313319
187036132
15295503
297840878
82929393
320104334
321803514
274213069
325288735
10217732
15857522
17553334
37035948
28416309
90296436
131690761
156534956
95976039
54918323
197603208
47826277
16141484
122442103
18244412
244808991
255911569
17697128
15802967
183070773
18123264
265712527
37711670
72457259
27782209
258463819
242882658
9113522
15113618
80449252
274815792
71322503
15380529
88234939
111081483
18616923
110829675
237421832
47496394
301604064
293226015
15377851
22548264
21224918
289327713
213476798
224383590
35759607
26427622
37918963
323536807
182953785
59043857
176950935
193318094
116328978
243396218
26379293
18215782
48038030
17484604
38344639
20534052
34026308
63580309
19368770
9215292
18154217
22048884
22099366
40294075
142377348
34078015
19674502
19608297
44237394
17782683
162190230
14855562
253604734
52494924
206217916
19734832
292495654
133327870
6602692
60828944
170156133
78569026
18308751
17580206
273709045
44433924
239491252
2087341
21843048
14505167
28372535
17442033
12079312
10121422
219703427
17000333
40918816
52422069
16161622
102141758
23849615
20203676
40354326
182575259
16274690
28999988
38833131
26516153
39751601
5972532
213444387
16443077
135232303
65116077
21050808
259059005
197566627
88301666
119238108
111084594
37943396
20560187
23950350
41409505
15421151
18451200
278642216
38196731
61612341
125660933
74741722
141327932
17599655
137780461
49011843
122417788
166252256
17881345
24881081
16351028
14834340
170354063
18780822
280519809
49045290
14153981
244655353
15084970
57070854
143258422
15766082
13368342
20086360
15956067
8055812
128397448
21785044
19014620
278716100
300518316
228830689
170879601
20788032
17291393
11856342
14268812
11856372
8839632
12449522
21663469
52523237
24481726
32708699
27267163
21681354
96166613
38513826
16549201
54058132
125192133
153409226
20561130
49057361
96617355
80387608
14255040
85350449
63989124
18886604
19557719
38156150
60943916
38419903
50673205
191083496
205873814
94635816
40068842
119098596
38054114
50686143
24803940
108980065
154288546
910131
278172822
61377232
94456602
79013380
291198427
285042683
208111878
16935859
16071123
16249259
167835739
30050899
43920155
81144422
310354572
226624725
288977570
17688994
47694175
14173315
18097821
15110064
20536157
198511319
114361241
18773171
15265001
190890578
43413830
36441861
23258618
16589235
19827579
7913572
15249677
41633205
38323776
61266418
62298827
19968995
216811078
16947946
28652194
783214
36850995
19548155
61205429
14678139
16334139
15841335
125416348
88026244
67179805
17494010
21767984
124816474
55355654
25770634
17027654
6340342
42255271
236937830
225313528
238207727
31417953
19865528
18244970
84698999
187657428
255640273
260396714
277124730
258479092
243639047
17910554
48043084
44039298
20219873
33981467
15442036
216531519
17899109
15134240
24769507
15220768
54208544
15901113
15727317
21268897
4207961
117523690
19608273
111935615
20081475
18979288
43947092
133452130
19658614
9715012
15859912
4099171
144927376
53929374
216835225
48038024
18188773
15998961
16356190
18697941
16906137
18991439
926601
18383757
46662081
43409523
54228586
97039472
15675013
209622504
34179672
52089630
15593950
14068794
18952503
242794862
117792531
109634321
7684882
171123958
39814066
18418126
151578665
151473328
116847095
19665244
58504766
29761740
14367751
7860782
15265641
22681016
10626932
14070184
11270992
14825418
15493815
15138349
1637181
12837262
63262233
7604502
128225158
15941955
13524182
14191731
12671692
108375709
15985218
24619328
22540539
29992763
20708761
18856407
11379362
13493302
22575900
15947608
64184612
61242114
15446531
25704351
28448216
20463418
24925027
47795786
25363594
24659718
13821862
19232415
19400197
14056708
15298971
34761747
14951796
75517251
149607445
35025005
20169129
57016531
34306944
150787619
74065289
142849190
39083170
15469170
14129299
2030711
16456599
15041273
18812301
20708472
10886522
24712487
18141761
14947063
52356535
9043022
16814483
2996801
14602259
38323979
14937454
22506604
19785310
32854561
78763988
153575664
92808495
141020134
156381293
108888234
15143621
25566938
14370819
40970443
104981582
23932456
31345344
67973473
113179018
109141469
29232480
16185273
43333106
17027779
61319737
102518092
86126371
22162854
21901272
15324851
169586280
41387157
15399512
12244082
75600769
29552148
14250408
22031357
18247294
14717197
19107878
85131054
172559052
52419540
61840450
94557577
20776497
18227519
20508720
16157855
114499890
110777986
137466464
55612830
46176168
15865878
77638175
23653012
25019277
17140147
35738027
20178217
110818361
44213513
17059958
120780718
47643796
3228971
78333597
25122184
50750517
21798345
92122692
20631009
111402337
54967215
159302049
31174646
20331990
58397328
67632017
23540361
223125418
19474596
233968786
236096073
22695927
20755912
79439212
132186769
245932258
44621650
67980283
94391895
112814835
50887792
73940175
84678156
83432404
99391075
56550256
66442694
44601361
241287994
20202305
47315343
80372650
214881101
233643592
21550685
234094069
82949073
238253526
213719617
69668422
179971182
241944445
18976735
232598732
156782552
232572658
65619077
108023067
96366408
15840453
97268820
148771299
19628117
98463474
20517499
126058879
19892681
26282561
22036249
54996514
235186748
17041361
125172295
40413868
158864354
182675191
44155214
242784570
32125966
23595586
27058347
17384343
20847189
17889737
238248737
159261783
16133076
104857854
240680202
217545284
66605048
61522515
222162171
29829163
52047686
70469623
21655550
14475920
18480451
28278084
15921311
44105645
102108057
151460626
21696575
41581668
122177565
226998919
127391406
36733434
48796751
239439548
230731099
98906881
116798357
111141045
111053300
24208841
20121103
35745067
76122284
49640613
16815644
237346670
88528406
49345109
40362463
123479063
181248958
53716672
234849804
6584982
23985900
19617096
41466949
59804399
62896503
41724159
71039916
81709992
15873423
37969511
108844170
23466918
10473212
126686453
47679309
14228420
34900579
14703106
34664830
57632069
62555659
19937967
38312361
16558796
41410667
14826561
20455738
31182211
87768088
15653202
16392023
17809507
92095643
94751443
46299239
15913066
23830811
116141343
29430343
20285726
117519552
175604338
166531329
20699695
74862851
167150263
83893212
171813900
24183200
191784486
14195193
189986982
143886068
64329005
201047572
21710010
229288187
46262051
18339942
19995440
20558460
37774565
16434558
78599720
108663976
76376525
18408823
87522535
105325168
129421776
92010476
130829386
22925350
23064476
56376739
21993071
19409349
37503157
76098273
59700489
106781237
14376967
45874071
46143411
21404194
26228060
15597479
137164051
16282034
125243860
60695143
27250894
29153775
20619257
37299667
112821239
74035510
109974163
60134494
21593435
15633728
76631165
113709374
126768649
151460863
150671935
76059158
106098866
21379201
94243117
17467699
77345061
88180583
76996785
151310719
148565166
118738078
20517132
117192931
142860446
131575086
89743502
38477209
103691955
181012689
169175539
174809348
182996496
82079057
18365496
184247208
15554922
148504862
97531670
102659780
118193238
5279801
96986937
19331079
21348581
17197107
18683734
7860992
194626353
74479317
80835923
17449181
197519095
106876925
101352282
18586983
198703840
23971801
19286001
217284217
217633006
44229979
182981834
216604730
202478459
76723247
105324927
67028004
227469310
124286582
183454638
227878325
15784302
154354422
137381495
76977827
19173519
22876454
77231473
195583241
180105135
211421200
21707875
32068209
15330074
52455088
38620896
23600262
201828368
115757929
104760826
109452480
15463671
16072058
21612122
52070270
155423769
63246339
17026415
15210410
39842443
2836421
21220931
133947893
50706936
28473631
18622869
835601
183907039
89820928
26557675
11856892
18086993
18775770
43224446
15372376
10346932
41526174
110914578
39187465
10983432
20776200
69010469
10534692
48421853
141276048
22075279
63261171
119642269
59503067
21582847
169497926
111434950
27392088
14365762
60006552
15863467
19498316
18468610
19866236
73090441
151207075
145248436
48115928
126722715
16150444
14483334
198664288
41969336
18793135
198911411
50045626
79743108
15923226
205960729
46085730
50541008
68768975
42464568
1039531
15460048
13982132
14706139
58839469
15769992
55458134
15664289
197403075
11883722
24756851
22373552
179420596
78193349
217471383
31583882
50328079
16801428
20774514
24765589
16173645
74186967
14412883
19358607
78469573
20177097
48520796
39249020
31931070
41807438
32448636
20116658
17197218
32374587
23818168
105162727
29094285
16055731
94344808
15675316
18772531
15849554
17909575
19727109
18507728
15564749
30914014
5778272
19184985
27640136
68690149
87812369
23281404
22234267
135897307
18948541
191922531
158414847
59031230
55289075
158426909
11348282
38271276
17004618
15447123
37999041
40608654
39706174
16956955
132970219
228079332
36932253
18215973
28576135
9624742
29471556
22582060
15812243
20822875
20784888
26928309
31319299
38645155
82953915
33227466
41351730
156406292
17486628
38589400
17827931
37923914
21359612
19428773
188388517
208200936
219209466
127800246
14676022
58628970
114082048
34003718
192441406
209593039
18220630
197132080
192328093
194773168
116086103
17067378
123885001
54573060
226945386
161126414
164377283
146246862
30471383
56263477
19659031
30043495
18767699
14115912
168727900
9207932
109846728
102900616
98700518
76096790
98702796
98392017
97731051
71347566
85325313
30031308
56725219
14515799
53517868
52476821
66357441
15984665
24182811
196938286
18307340
191880666
221045714
201099358
31984868
179085219
123260860
194620786
25200068
44189108
20630774
210675004
29975339
59951515
18989384
95882142
17945356
14482052
27462109
19827332
15641893
19793518
15779767
18677350
52423540
15907359
14214859
37332800
95285609
15754851
156763824
15617668
186514700
49984074
47343462
61284834
226242242
132170659
94162934
86089805
15662282
175809915
16953422
18196597
556403
22203
31209556
17168586
4388251
31843378
818591
110823581
13102242
15195679
10371822
16336820
54951577
122086268
155294863
21406834
31128529
9252212
16250929
28181835
16012783
21397043
19362341
14434063
14688489
39308549
16898332
108617810
59947068
14188895
15764644
12340562
14413466
5336752
136300373
50073507
21443773
33222598
24913074
137823987
150688795
56864092
20552026
22192142
153083172
58928690
148453195
158758053
117719946
19824430
19624721
29497336
18873711
35027698
15689503
48571137
92396351
22262553
16463562
17753750
91169292
106788264
38502957
23486841
109095305
95281047
20907995
27049076
79528907
89325944
115730034
38224385
126913823
127292878
127334657
111007765
41420658
134851396
21221064
132360368
17877846
1781551
149168187
143785204
19878697
104646118
30005351
153869519
157054640
90791658
43197903
159599406
163502355
96269981
118859648
162871142
161222762
139939973
171997810
173947035
174717341
169561374
177327713
176980205
168889830
166299316
148255948
14345062
126104939
28556611
173515646
173794949
33137672
128210898
185621602
32774989
133233399
190888851
24170815
148112868
130367352
14258653
40093897
20333804
61863728
17301603
138620544
28646769
79329477
82999916
7392352
110713997
193421085
39752297
24474839
193750036
26657119
171739993
194008433
26149699
196175015
196370023
32511724
198272315
17668021
198361380
199342143
14393401
199739302
199828576
15185462
21487677
202424267
36845729
203620606
172858784
126175459
14597351
207566057
44931547
173696575
160365398
17242941
170384252
61026691
210912401
33267001
15458765
211750517
90268220
63766348
36602860
19025530
16494084
175080553
218959520
156659407
191394755
220248687
224592022
187028745
220977654
80877865
208056737
71054474
143447065
85697835
188803750
21723929
24403282
101833775
73237703
5920212
5818512
111932970
19419870
71349174
9411482
17112878
13850422
44935627
26003862
9245812
9567972
2097571
11856442
52437996
153140346
47321029
11856532
48335027
222140591
11855772
8054842
8036392
11856592
11856482
11856032
11856422
11856142
11857072
1367531
15012486
7744592
2884771
11518842
20109973
807095
22799750
5763262
14437914
13687612
15845496
17617149
25516793
45071463
33525967
108312305
972651
8953122
18172905
9532402
20597460
8128442
72198806
18695134
16317406
43910797
16789970
16160352
20078009
14140370
16742806
15939889
15007149
35567751
132278386
29201047
7334402
109071031
84129740
76456274
7429102
29442313
45645232
83901492
57065141
135297032
115733549
90642314
60718655
21156659
103073080
63827805
43797909
25017309
27078238
14747825
29363230
40080478
15943733
46455548
97716449
5990782
118591882
22674946
196145571
7510172
55262805
16925660
18443777
7891402
182984041
26853031
46436652
110899711
70667943
72717049
20100423
80891287
58787963
71553711
64494192
88938654
65585596
15019013
20082077
19663780
46345329
218542998
166608401
158007643
16925437
64485600
196610551
118593123
12954782
64023553
116521405
78609764
168529971
55277796
75447783
39817797
161639673
209366789
198566976
101090223
105877104
63754466
108655263
72344831
15089620
18998892
15769931
19272669
22533846
11049952
38429399
19664869
19304974
19259102
16626603
31229577
21786831
14792079
39585367
22323563
22708797
14800270
27081406
16129920
12044602
19418459
24752484
14412533
15731368
31127446
27554982
98408598
51029946
17178817
89070830
69442548
23170114
35642606
87214788
206347039
95724230
114192273
169111237
65623401
76437223
40253960
44149419
37680895
19624861
17827812
38336523
56417928
41639765
9286272
42924035
16350797
17372386
28561027
23626980
19658114
26759989
31622914
17093617
23735651
39871383
36535215
22650582
21094604
53192639
26087378
31121154
19069521
23628021
19774211
16189392
19677343
19916171
23450558
17131934
5680622
18722962
42898884
84457849
172819929
92572677
149665198
169744550
46543697
59831521
40878522
171110979
60216260
26402964
60215516
17064956
73376364
108691031
216134497
33708628
14447506
55349812
59493962
32815990
13058232
12925072
28419575
73528532
35774386
48794472
66482699
211985056
24612324
19935210
63235783
48099396
23777910
44939461
26496712
42458490
19362868
21226678
21156001
21156646
21126770
23015084
14240873
17788429
19786295
18501387
5567792
39585080
82682886
20475240
35772433
80594964
156004102
24694975
67735755
131183171
21125181
37487883
8754832
19068015
103056590
17270694
6518172
55810392
125154884
60650615
36967877
183667613
161813408
94153128
161428048
18791333
23200720
20146475
80836276
26305085
15752228
44481768
21925679
88565952
17326319
98322745
65170403
25569903
145486917
48367448
36732308
28358852
21050447
207878750
22273496
30109259
49127156
15101893
78753381
26532180
14857971
17798094
16203508
41859853
74568060
58500736
48424941
15698424
15670006
15822299
43456368
16583846
61233791
105949506
46746151
23484498
18359508
145717798
15564024
22650211
28785486
18665800
29797128
1652541
43568964
17629860
19740592
15163466
742143
24608680
3108351
26934903
759251
20067354
15164565
71294756
37941591
22685200
17918891
18764841
15234546
22411875
51241574
16303106
989
20245775
12133382
20466215
33514869
5490392
5402612
19621110
7905122
14178674
14293310
15917609
8448722
85634199
17842695
29288957
78924349
14377605
43963249
28819823
73238146
15954997
14466538
22012091
939091
15022633
34447698
63812950
12726012
7004382
151963505
42495643
69738503
76647994
45366008
15981382
26519005
19769965
28185845
35466562
16144644
81126182
62596578
44790263
37260749
22489392
16566869
9252172
17243176
15995608
97504321
63221598
57436053
18901656
113126484
84089490
133118796
19998584
128282202
60737290
80030810
81910357
20992905
10232332
98435404
24373395
27669718
93723871
61882181
63548910
6677002
30435670
14927707
130329220
16576184
20210319
23604918
43242487
50031775
35210669
1196381
15737043
16576945
14141562
21161795
14357294
8811302
24261267
14141485
116059134
143157936
116537888
50727541
94016740
111059621
97028344
47096539
57725002
93061235
86946863
23079787
18147402
44118436
89181456
67380246
27935248
114363091
19792439
95629027
1012781
17100608
15855630
146585398
85587561
12803972
197427473
28418204
26512972
126085496
19334875
118743711
14125897
14099695
34526085
31393043
16015091
16814180
85103852
16017475
58883032
17544559
18706774
41159972
16683504
20332563
34723653
67356654
194332991
115286559
216723542
176327009
96883797
48567318
90484776
16864070
174241706
219679665
33000748
115864917
26027290
19906126
123169104
19789737
105003009
52761458
122714809
44465246
19306554
17575974
39976472
86353248
18868201
18909919
14278568
9907172
48064895
16318336
65389537
28332786
37849757
29728597
40297970
1587631
7402662
14669951
24705126
9508922
65493023
38495835
4119741
15918708
14511951
15224867
130617778
10168082
26083271
20733756
15976697
16467567
40335261
30313925
6017542
17454769
20818801
44335525
48037533
113420831
82282572
14529929
15458694
16832632
9855382
14075928
14246001
11388132
11640472
20608910
15922214
5357812
813286
73181712
15416505
17220934
26792275
19394188
65691824
5392522
1947301
60919240
36042554
14159148
17006157
13393052
1917731
21982720
16955991
15675138
15808765
428333
41634520
7259302
18791763
19553409
62442994
20713061
7713202
15450996
11347122
2467791
5988062
27901418
14224719
21619519
20073589
41112490
80149561
24431892
20454385
18145273
152690967
94894457
5741722
9300262
59238835
89992368
19875993
14409334
76731053
4745201
84183248
10649692
14662569
44431715
50325797
17074440
213393821
19037859
153091436
156030129
5794702
19593760
26707250
68467195
15183303
154139987
164710895
