1688474041
369505837
35969010
73238146
18826080
242836537
16524544
352534407
20710809
1342861723
171598736
308784064
1078473840
15950054
46447090
24900354
277124730
24913074
116819020
210756175
121287668
48774753
189523048
990146846
106841461
256689117
252372231
71699958
251018882
373068346
28310892
15415774
304445843
15963827
22215173
415187006
7466322
93876666
47149370
493429193
10326892
330592913
92044388
18404337
17350097
409622656
305764827
126401831
244416381
122728889
19195094
1025014237
785547
21731292
1027863817
170469617
236135802
332808960
21253935
391721596
258526285
126448049
261846203
15909690
100303916
49287570
183043647
93215544
184106277
369835240
9538162
50719147
101040161
6708952
347401566
145656577
21770039
161066333
17169157
981651720
546238294
30610006
33522957
16157855
168742704
15871277
135016816
19413699
77920769
388468632
130682589
119966186
21774229
22262553
300304779
19186003
12916102
29982802
863157091
868730989
2059501
148161312
353098088
16288287
1000976371
14839965
21028191
22452635
165998897
153045211
159571363
149283816
256867422
307674384
193069286
505176849
743964506
39391659
20751366
19785811
151444950
330033780
7838132
455764741
107234633
165148025
33827058
22704573
244722043
94245182
17904266
86614463
18531561
891424801
18850526
18565158
75939860
750601099
377638545
39853442
5990782
27708857
370702177
243639047
238599829
19776539
453476736
570574225
26070572
198720628
14915538
248404755
10347352
43575172
39040737
21819862
69295996
21926014
135528507
22429979
17285207
21316253
706100358
14400739
615193280
334805657
373277455
412086839
30727673
15627193
355706690
77052152
16583889
180360207
199510192
42157338
333176788
912197262
114887629
22250215
18120497
21542518
471640916
398464203
3335531
225048399
6745812
109361056
48098530
135283993
477006784
14554601
14839246
39803436
207586010
95771739
545760825
209279008
265161497
365723448
34431254
20744803
17473120
33402298
1040457115
19148913
456911539
220485995
24622734
12855662
313393696
22205213
533784414
52571657
279625369
192759166
12733642
635450629
19915898
33707866
365616944
26397750
978456072
193732165
52425331
45914008
156212602
13028602
238041428
73141522
12135762
14848362
104631905
250736913
21800063
37610141
428552137
17018012
117172755
165589044
18499291
291863015
15446551
251931011
101608028
428728302
62226184
37324552
14814285
21971300
15399512
75425872
90761544
15197497
16317397
287456042
50230206
62684404
170475717
121594383
399548863
161404797
20621911
39829635
23930959
83514603
87835671
35882908
304800968
126085496
56749157
50950672
19794047
19542622
22095997
267347654
45612488
19940085
243291022
19083861
211374915
1002208627
799548979
460678891
88222706
21992286
90632135
245080453
780544735
27920618
346339219
310128043
344396733
892044799
14973411
100365108
40864808
593185672
15693992
66408252
71849044
15993122
20778352
20696114
92987811
472573229
155007941
14086091
348096834
41244706
1038387666
19677532
297498647
11680962
27385174
360370157
108689270
245412130
26559241
114366939
18794257
573149116
76550359
165136109
22734243
512375533
34520331
15129727
153275083
15642729
14870670
13186122
75843152
161167677
508226287
80191237
39365412
43496104
64653061
440862867
240713573
314603317
136655165
37340004
78694788
19794065
17301179
15594720
19667003
37733363
329960232
292495654
509660165
16494084
437493161
244704149
250188760
16700139
1041760862
14380540
21932177
555211305
19638751
96391851
22439593
46991842
104797238
35689512
14659350
20769514
319854618
16328434
213807217
103087786
15675138
26596727
969411752
15623425
1026604058
21977540
43859508
526846790
422327034
34075490
20417183
1042854522
138962243
3989101
1018233876
115276825
14372270
312647027
608610309
401257758
104403521
294349550
518750226
26879434
118828936
386328537
19080151
15644361
34122899
376477766
359445254
909656852
14314406
26978329
49674302
541316513
14672539
384394464
446679343
346354025
21341649
244805360
5918792
19629840
1047079513
731783197
6675742
989039810
96385899
443338478
790237416
911634973
109685703
19418691
84448524
26377076
264910409
945158850
1003959966
1049305814
136550204
49107686
119527861
1018273670
270072043
449676561
18918418
15952866
23000202
135633314
25722531
776731303
511024522
498076990
1051162668
488895026
167207845
22859692
949615261
17632097
87626677
32550578
140204830
19133160
126817545
64953699
189715536
50653745
16773462
23361714
47034934
22309368
108985543
14246001
22205813
34932854
320599470
960925693
130541070
151664139
24137671
1053343886
21134344
269420810
488142646
22086431
711422653
32535590
295887056
63502107
17166431
340165858
840862777
47505220
464999793
112227995
24117492
287140197
801641258
18289405
1008063157
271809629
911667235
13808412
18927020
449488938
37280093
24375522
478758415
19697509
24214865
31563425
304773359
109802950
23525655
22681915
14656782
22511694
16977205
310134628
430121457
227138984
326208966
441134864
312848901
52810034
977031308
1055362014
624223099
227855122
971689771
948491592
15762842
170077564
142721190
18873711
257658885
589133921
615537104
237763516
18646108
33803364
442212319
503693741
52971210
274561328
139803560
456328311
299819786
483407176
247994343
23144100
28533493
247850985
353834752
15434632
15964430
74906601
419008769
260224288
235050859
1035995989
210236090
30145597
250748516
21511129
43057973
1063641144
20872907
121323393
21341809
16431861
50571001
88685055
38936387
26115614
31280234
161752401
211061999
393115860
33435693
181628374
805192813
20439703
65619689
741456282
441558918
854256612
22109355
22700145
346194247
1057047870
1035977184
25953980
577836916
342897430
460591408
19480493
110336024
721888190
362052555
1061191381
620658210
221614578
816936870
568452126
76173394
1064206014
116565671
87975033
15539200
43220686
314428494
35181424
35039859
22389313
20468251
848555701
54210213
236032053
18847681
186223751
32556343
40183366
1075355684
557276781
142386670
746531539
925045386
387126590
196429626
41522778
21842781
935504186
224022555
273704030
832803822
15549669
405900344
615547705
16349947
67966683
240502704
456200738
26141791
362931077
16187637
15987296
17394470
22271373
537493604
582372538
21844846
52052011
14213566
871890589
610511831
443369680
1089743676
1035401162
39868134
18561358
114862938
106343623
94705034
873948254
488555302
381725299
930196123
266133081
163666383
17313718
256147508
560784967
32742748
1070362813
1086619808
98910693
355204664
236569475
16976586
1089419700
1096888826
1096945789
31355841
18149066
41884013
874735406
1051482990
1089380828
246918654
705823878
75494051
958081542
61268583
25646771
290910998
621609483
88172238
70548192
372131440
34664930
266106000
21321475
15935628
384538515
598775583
25166724
407994948
66115508
349355815
379378754
64073334
19748186
329274363
1105408002
323095246
78177848
329051555
465329945
233983135
465949757
437863730
1107745052
631477660
33795546
142824575
27744985
217563307
44005058
47825373
175102610
25221452
18462943
1090015309
17769002
23704668
25884070
1110920106
332523899
26777550
111126978
459864978
532683094
468642756
365925571
334951439
55224201
959615942
15780280
19381354
21831505
26972158
1113356725
14467529
14007532
47730024
16076127
589663966
1113364525
23225817
406078983
285765373
32839617
17878303
26015134
30054158
35515095
7563722
49552634
17528367
595584805
319874829
115300438
17586239
181002852
316437235
81304375
514866101
43285599
1113441097
16794488
1113450218
842316037
28383951
303035564
23546563
478160866
1113465146
471903074
424492444
18967418
274524509
62273446
818162545
386217661
52280875
848998447
329963892
1113535008
16859740
1113487520
1088227866
870255350
17261302
39211849
577807126
42453374
255309696
77829977
23885163
21809292
23896662
163923142
211916767
9956522
14581306
32880801
371474767
1113802836
318112260
358680628
811452985
17303385
154550340
27415800
349356807
1115120258
22105313
58810737
158495061
911220576
17532617
14942415
919420410
212647359
486377173
1067085284
19739936
403075086
162569857
406078182
21460439
432122791
989957311
22516964
48921924
20565280
263033081
439687445
591708715
51267793
63557219
544747162
92922989
854109896
520979233
728673890
1115745295
800889805
818586175
80730228
1121448415
385156967
348546773
1121972204
1117724720
35535716
14553940
47793791
21465095
36014556
19888697
305389392
610356259
569666511
749375898
275140148
15192048
38515566
27749749
1127507336
25858048
295541966
15923226
277662530
43736813
885864517
1057759615
205946495
336270770
343807665
17858124
334127852
1118387328
916830950
221563863
109614008
170731710
14828739
15432337
14669642
402795295
354623116
1018164241
18628325
17662916
77549642
373583827
40431302
146576867
1135234208
8666382
1104736369
424801574
714223483
558251172
531942464
1071523009
16146535
285119407
53744499
69297657
886986138
16081831
25709732
212707534
972323274
19865528
20464578
148491506
1140529434
33698522
49175275
1143060714
1093838593
479617208
260306082
147442199
25404495
20399761
133448248
19790849
1148916164
474232856
42968043
343015149
49064384
163539063
6180132
1115792887
177427007
227483360
33642316
1077703585
218809893
15314480
849766910
1096136510
369700665
41906935
1105148876
991821667
41697608
540122045
1158193759
925798465
1146890220
250014813
225664365
498961346
248852820
28252475
176856083
491644912
35124156
96564060
281885815
23733543
80628196
284685757
284875138
507682449
25786620
18018614
768832094
44271143
16168121
28834126
1168079718
15617257
1011308629
1082326476
505313018
118291294
1164048631
885897823
1108144086
323985357
265245309
15967099
362236131
1111821704
339832211
11379362
44157062
346361023
374566532
22360655
237494214
245878791
630864785
1151590614
1288245595
1289663196
28917403
11702412
362725086
14895660
120915989
582475251
1108032392
27346739
1276479733
64667237
1228652142
1278040140
136215567
1273753884
917126892
1229261017
626533732
414227956
1205976158
202270507
261101868
1290499154
1278889040
58115655
217194987
144383476
48035977
24137625
1307074825
45436858
426856424
807253855
43910797
221228044
72435261
41087930
739811522
20928406
92186819
21900222
20133326
21760907
559084732
88806753
38339429
385625810
32559327
190244444
39468268
1100181836
599779566
11520722
22894999
39410116
362833339
375255839
23632545
77017567
53601471
1066076640
530864692
44209472
1182946230
449567056
20484501
239985288
1184393508
920027724
1170281790
537434321
47935457
1116129830
1189780298
129836815
22786418
47859571
301416337
1186874899
1177734534
17405124
397507821
450951797
564859234
605927069
1115685596
1104615440
18293164
41710620
812425352
20283341
1169678304
227371995
365282595
469700582
361099581
127082289
6220762
38111046
21335840
16287402
31210805
100419433
124802591
465821846
562387600
381142379
202992348
244412369
46429804
15960490
135222638
11497702
386844112
265800288
856815205
195042501
1206476107
743718925
325414137
7320272
266756773
16441994
209773596
158774417
463526990
1206766214
39350662
1190068369
231094495
17091722
797453096
311227154
38877235
23176087
614608341
17462293
25798685
48834856
1213233180
1213804748
1031118500
1097660492
1011705054
27175414
1080844782
25653374
41294141
102233730
1217139486
51215662
259371777
1043629212
554687944
132998391
26828334
76099315
125375550
937999075
724306070
1225648310
1074518754
787037258
31775510
23681494
491418293
33163587
50512647
58025480
1190987916
1228070911
1071764281
22763447
701725770
1155043933
17015229
1232840778
40746203
117354165
23140783
57498284
1234286196
377773483
1229631775
39279393
981537235
1222257180
35876403
22724883
1242391705
820736352
8208762
250970651
39006606
492462827
1243857721
47470008
914471598
70878386
16517357
251769890
44723470
73188074
415069537
107201428
247759920
902378592
873362156
473528230
25754369
34219331
15623667
538582670
229423299
6478372
15252506
554473775
6478272
918913483
28028994
37056172
18040878
1254318764
870670477
49663841
18955264
396197892
73260948
573916220
1258375153
49620730
846150961
1260388189
28513913
62620260
22876427
64068986
205967068
242555999
16721621
33957076
534766711
125984383
61082393
89051830
408128296
90452698
83932732
1016705119
14579415
116296937
143088373
1265207760
1245472219
153550686
44117460
20855082
1267462094
41546553
205428648
365452928
94401361
1204057592
703806451
389265982
100353323
1115633996
16393487
1138278092
1270649160
350376749
202806066
1087161055
63965603
56279436
21623265
217633006
76698951
25262891
1009878901
15417358
560753675
34113439
305330589
30929600
245392837
44136028
350509998
18453881
318169497
171460315
56838084
572316341
21823652
212321156
263365421
1274258774
150078976
887422207
1087690891
94366606
555593757
896620178
91863101
23413783
19139675
65083339
45778714
459334383
28649040
18796659
159525070
117158700
244689909
1284467173
254481694
398998129
589244564
22832597
43444196
21785215
126424795
171099439
30313925
16789970
47747074
