1536791610
571202103
20109359
2420509765
76386268
2612307559
23022687
382791093
1096059529
1074480192
600463589
216881337
18632666
15745368
21269970
75364211
229592356
114885308
14502811
221162525
296361085
262756641
584012853
242873057
235217558
775142
7429102
172858784
5031151
233696188
20437286
16462209
16056306
263484898
17494010
247334603
19394188
14845376
266133081
17200105
408864386
970207298
20098446
389028352
18695134
50702044
14140370
22523087
21157904
59771400
209138950
161969197
54295598
117839957
18734310
36432200
26074296
26577824
159143990
67673600
19032473
8216772
15691595
16519670
44873497
14504258
25160311
24771194
17349956
27098495
18783149
10828932
104221436
117200263
16029268
103952733
19686644
12674922
15756268
176589375
20879626
18060563
19407835
28599820
15361570
20552026
8128442
