218975278
48252327
161427200
36683668
7402662
14007532
407013776
468122115
432895323
15007149
47813521
22129280
2194529533
2375533844
2650689531
807253855
2955485182
235217558
1397501864
968650362
635716830
73238146
476256944
114887629
47438401
335996055
140286364
28165910
189180763
44935627
61879600
41814169
2097571
107078762
70709534
159549621
4119741
27699644
366585100
152570227
239857777
47455112
433034412
18695134
5660532
1615463502
16930125
27744185
16031927
123327472
16032925
614542142
120233868
107125748
34310801
319219647
16664681
171154131
205392468
15754281
22650211
42958829
19408436
86141342
197496309
8839632
11856892
20608910
50036176
75367781
14173315
7429102
410216127
450941680
1061029050
211588974
14159148
12354832
5741722
34240147
5392522
198686176
168674628
15765991
21307076
97503010
17469492
104299137
48029066
20975060
309883487
41124675
593234552
384445331
1096059529
21114659
19186003
26792275
9624742
312307400
28576135
155569780
36674969
143745416
229592356
269375709
836209867
19674502
27347950
110918669
39834947
640893
16056306
30249306
195826487
546135718
24002724
59676104
51241574
19739126
15689503
18216752
138479037
15931637
103087786
17112878
15207668
21313053
71627462
15159913
15428227
15764644
43409523
27311044
12272322
17134268
152341106
41662642
92079350
18791763
259395895
89820928
13218102
16789970
14529929
15731751
1917731
15922214
15210284
11134252
5988062
17074440
108189101
54276497
14842061
16425672
221162525
118756393
69773058
131636056
257661436
404422077
18805644
48144950
14437914
95506425
40553282
16887628
65763420
16441088
52494566
18996618
20444463
21111098
18061669
70476832
15745368
247723476
16017475
78403308
545261303
257104267
21111896
58550415
20295222
35218566
27901418
8559342
7270292
15724082
261918703
347395654
9508922
39155029
14659350
19028248
11650762
175322763
110924703
21157904
88784440
216881337
20546536
14845376
262756641
202206694
212262370
10615232
19726613
5558312
133439172
19664666
15429020
593782972
121469977
21269970
229966028
744004610
23022687
31127446
11771512
16157855
137466464
85131054
19107878
14345062
21768766
20733972
103447346
250784170
47991586
18174520
258850836
7228682
455869849
287029027
18632666
53222666
135575282
21252618
14246001
16742053
9855382
568353057
113455697
21778391
208155240
166306199
282631085
339119528
15766082
183898020
19546277
14078468
19394188
51191682
35027698
103617603
26538229
20786801
476209692
286476901
19263524
278145569
24903493
69506133
15501611
233737858
234370900
56413858
104615577
18251414
30864583
15430418
253238171
140912249
26748158
106498703
235625327
53976695
52070270
18915145
110232789
244265058
79743108
15198507
20474813
191477653
17071048
322603418
35002876
22978395
16187637
36047098
60763047
35474809
184136149
14251225
22528309
30313925
119372054
14216123
183891718
5357812
7713202
5561412
18891923
18172905
24905240
5693842
26585095
52419540
28785486
15012486
759251
807095
15210410
2467791
9300262
47975734
33764296
113701072
245857708
16455997
22991864
22220847
17121146
6892002
267228370
56689996
14605231
25064703
33099355
14838173
34280715
50763120
27027180
23148096
10722372
15770208
28645139
10946932
120129682
267262609
48043084
65919935
16045956
19417492
1367531
14790192
284742585
19553409
6017542
46681100
21010214
52580894
20402945
39542537
3108351
21612122
169596992
26819436
15029174
18916432
26548841
15450996
14402508
51550516
21031034
156016878
16426346
46176168
93688013
109280446
22771961
16639736
225116996
18683964
46557945
33964434
108726910
163584265
227845917
6330762
19029580
16491569
23642217
224320485
110004599
257019844
14475345
14669951
162069635
22523087
27029537
20189535
17602971
108416848
3135241
11017682
248322550
15741370
22528734
18646108
71294756
104324860
50325797
15675138
9532402
114782468
44401911
30043495
113420831
14412533
41634520
39308549
18000662
18435465
18558029
235312723
110545675
235190657
17070689
18807633
22642871
15918708
28391594
14715573
173925279
21220931
98912540
108617810
16311797
21619519
813286
9720292
26103389
52503751
42927739
59184430
40964259
54655169
22945481
19128954
18149763
47508461
18456033
14590775
9971552
16118412
23782016
29218765
16028049
19735080
1018921
12039612
46139542
76649729
14344823
