1714196732
26143624
579986854
5558312
128881957
362055175
29201047
234374703
193794406
17466186
2863228577
48073289
42711801
112847408
23796815
206721200
1045853744
234128524
1074101017
1065995022
234812598
211901075
199325935
193872188
66369181
35673815
19775920
1934515586
744110652
31256094
20624714
226222147
162524792
52714526
14615871
21269970
78408666
14845376
18061669
15985455
229592356
233737858
212262370
233696188
6519522
418078050
224685124
264403015
283582539
95443285
70971044
121839934
38572728
108973008
192009186
205723686
140828416
259328555
72864710
239351387
16980483
45883745
247320656
96101894
21922584
194246661
23649034
21316821
54059895
246843442
63744587
17498103
54322823
53810249
28141243
135938763
53590874
16830572
168383036
156711163
90707545
18476455
26871797
5508672
126497067
109263378
82185735
44609264
33526570
57366701
28661122
84418263
143630156
126416534
44468807
28573278
56363220
16392573
29721809
23957673
37029151
18562065
138152026
20814507
23494630
16382611
25897466
61471766
185327205
177672421
82123093
61188538
26545777
28509772
20565591
14521985
57325816
23004436
19409270
97740251
28029138
21921364
58785008
20695186
18458348
51241574
34373370
20780636
19307006
104041551
93898319
8685652
137429536
18635613
40072675
24710700
21720099
12673222
100325555
24646161
113700672
236624416
236622220
236481275
12859072
25289337
16013053
110544825
217218184
47357617
186182767
174764257
34372074
19743955
102716915
105227702
100367386
35195190
43761472
147029860
18966415
16440677
20155175
78814591
41312893
235675169
46637873
142856206
63468871
6507762
91360940
28345003
56441702
23462629
42423910
11775782
48050142
10910072
18999197
27863132
52727059
16932240
19910847
19392245
37269037
61197546
7313362
36559326
85338909
103294432
14408705
19427811
16550142
20267772
20182250
42662589
55114644
117857570
15446424
39572791
126989062
16297533
15483453
22197041
16640775
16285710
83858948
20528760
