17291393
254117355
21619519
228747444
218975278
240393970
285237801
21569312
3281853858
118747545
3262280749
18983793
272019676
316375309
15739494
16031927
16894479
1317816289
164677252
247334603
92186819
1262099252
515822213
476256944
242836537
242555999
486694111
216503958
1061029050
570248641
17149233
16001743
14422669
2800581040
528949429
540193568
55677432
11651202
82657929
1088185232
27744185
110445334
179546580
50055701
1488635216
15075999
1467864200
575658149
2535060096
15518969
185721797
217550862
5693842
236511574
266268205
2866541451
10168082
2899672599
24707685
1055515873
438561525
1249982359
63249121
18772897
234962043
727314506
1450270466
1068481578
463341319
19797256
2863228577
225921757
19028248
18482836
27984903
2863210809
19802293
38538545
129879105
16801956
25557930
302218753
2915180419
2915095729
25935803
2955485182
7270292
20546536
234374703
2856787757
193794406
968650362
14293310
428333
759251
51241574
14669951
5357812
15754281
3108351
9855382
30313925
15675138
2467791
14344823
86129724
7713202
14845376
233737858
1917731
15207668
10615232
15922214
35474809
266133081
229592356
40553282
12354832
85131054
20733972
59676104
8839632
11134252
16157855
586730005
163589845
275572403
235217558
2962923040
2964174789
16017475
9532402
93069110
325830217
813286
113420831
14529929
14246001
79743108
27027979
78408666
21213276
31310158
17409240
19611483
54885400
10126672
17761344
14749977
18364698
14706311
14065981
24755505
22511694
921884328
1604581758
401211955
448434781
9300262
18678924
39155029
16187637
1367531
57443437
48033899
13192972
15828025
15745368
16789970
16056306
339822881
229966028
291756142
1071402577
217543151
1096059529
78403308
75364211
18632666
21269970
296361085
264219447
221162525
211588974
555474658
600463589
212262370
21157904
5558312
21111098
47975734
382791093
202206694
76649729
73303753
262756641
18915145
13218102
19726613
18061669
37007274
88784440
1074480192
216881337
19394188
