198532943
18191927
59225745
2573640584
3227719440
45573874
60912295
309783780
136339495
3389342475
16516050
17781165
2275167103
191477653
3281853858
26538229
15077943
79883392
115709668
16116288
18197668
7270292
14944065
82649797
38516217
2734713482
1249982359
327105404
319100065
3305610617
17378599
97043655
24010758
2678043187
3346591636
3075639088
19471123
2462160822
43382551
161023696
61762853
512174178
55308417
469604334
17007608
87722749
17521689
48807855
49706919
240308956
63735119
49158025
14938571
741372751
2377526088
248836813
5920532
3290070855
22062559
23961239
26822691
2432073678
21778391
20402945
18815685
385007515
1025585755
94401960
21121491
82429866
568565386
3004442567
891464352
16082637
456039235
1246686216
1468932883
53556344
41208707
34198151
26280255
29644961
48366585
285603934
15822969
73181712
1938654126
414131567
15999704
1534147452
26261465
194583201
28576135
26278266
325830217
1281405877
17001435
487103858
18139053
300463737
17842411
361925347
2840565032
25129665
39841218
257223459
334133073
30350275
259403099
334783152
15601171
1601499583
52585436
18021621
24306136
66763397
2546363749
2214726068
274673392
1536791610
1339840286
34586298
407312486
126082864
38480280
1335387211
177765220
2809732885
1537601090
270457886
111350644
325930125
49228669
20060293
58823749
2955596087
532603188
293595728
23437233
25506919
26529088
256197285
23648179
517792315
17722044
328836706
825387276
16952406
20445068
338617367
1686421297
18219438
16826656
83932732
78403308
202206694
600463589
912867764
14540798
14159148
27860681
288824759
57625403
58503762
10032502
83184493
36683668
17789578
51228973
21157904
296361085
63262233
38765780
21269970
382791093
45030058
185684821
14332852
25383000
205392468
72861485
16665516
18428830
2375620430
15086936
14628959
25276610
14377605
19095126
2283979046
34720438
6794502
41345390
555473643
118796524
451065610
551006747
21999038
62100520
66778409
432766911
76649729
339822881
308792214
75364211
352534407
14226882
44303996
1096059529
14857382
187992170
44988185
13393052
158808992
27246083
76037144
328679918
44627175
1101733572
17084127
154554974
139737099
2238116556
16057477
37773766
356871083
83704830
40949746
902211740
223981574
28163473
499970018
183165874
16743256
46760519
22981815
14845376
2360374507
73303753
555474658
312885918
15329865
3068680649
55565330
258900199
116505994
3035017635
15395482
120190931
23513141
122185564
123648180
188417388
111901316
2991592452
14774158
33661949
273724114
16353093
305117100
109274506
20008239
115517580
377578077
3554721
93648892
1330457336
67606189
143932668
188019606
158891867
241203719
71070614
135143357
74520028
44783853
16019697
18058609
43397086
26792600
625639945
827672935
15134240
17935052
32092956
326507914
23848444
380402174
116771362
110530009
847517948
476390447
25704351
380355191
807586682
277055268
15481233
49698134
159482906
256316319
1373441167
15690243
17292623
135537626
331868473
3030783556
133022865
1873154100
25422900
154630457
2499456356
28621818
2827184059
932258994
15174710
15012352
407867630
2308599278
380329852
20957191
17171111
587676806
2291726940
25364651
339126824
22642626
27902825
88836132
108404713
24893198
234007768
319779818
325138879
1020640254
83922884
31311757
95926917
303509036
17537069
15076670
1020837650
113108565
18021210
112519741
16099818
67600528
158365910
41874317
23959252
42039382
14461836
117532018
117532371
113110626
1068654787
787373558
623817347
42940605
26656498
50786932
135873986
26736795
114833521
24188915
16967845
517741669
2250579284
67687575
33593050
38482730
228474571
794360390
144946784
717216324
21877897
2375533844
1004883337
287811184
46275302
65067161
22670565
146420272
325595509
42975190
16514556
20791073
128645212
123336648
522184999
491289586
52507511
9855382
20685982
103018203
18734017
22814117
73650792
16926081
14384452
16926310
2891210047
47399702
36686472
171968009
21139887
1038166399
858672044
1418226576
1354552566
23228918
27701094
20182465
1311543392
82677928
31501201
2964174789
2955485182
2962923040
11651202
55677432
15675138
47954642
970207298
14647570
33998183
48596615
46648807
16245822
160946337
11348282
17214825
16011049
20782724
37940492
165871371
18336143
2463567925
197519568
53196815
24794358
35383323
60983046
30950136
97734245
714652148
44351168
419735656
40766251
348534179
2484455762
394741838
712962090
16926232
23813574
19608297
233737858
211588974
212262370
18915145
15931963
117821354
478704883
221162525
32774989
414895875
20600214
20689972
28108599
442972435
17409240
8775672
31310158
69625014
40057701
35134063
15631338
30311580
15646505
26005689
9762482
21036370
14712659
14531956
16514549
11053412
15917758
14399160
18482836
1077807410
2856787757
1066848450
2841341279
914952734
44043034
151106990
393562221
59206574
27114180
10126672
145719473
1249418526
294292744
26518175
17026767
321562928
15987296
2513259336
25571849
300969036
50135325
582915482
44519274
29450962
18713552
15353325
39564141
20517132
92557448
798967789
224285242
193794406
44129837
17649627
70724311
56693003
22650398
22139417
14240875
26777550
38036372
532428154
506038952
225921757
2822515248
18677951
23453250
266133081
412306470
435331179
2398276105
16635505
161679603
2511408984
166675759
15377058
22162854
122090337
17006036
18221780
308573576
19918875
80628196
17659498
47939924
76699256
71634211
523565885
30008146
44666348
16727749
14695985
10069612
16000856
83650932
52793900
208181590
278124059
316654916
26115483
295897315
132536026
150078976
621252976
34029417
76141672
19774211
111017967
82669604
91119211
556136553
21816948
45626822
43910797
15661507
19611483
54885400
15324851
238555580
44615672
19112923
19109172
327134354
15647676
222666657
25644870
35773126
2817733530
21027368
112819859
2654291262
17066782
50652364
7429102
172858784
15126399
16826304
241630209
572391603
23545095
1587256842
308508145
63464152
38681688
125443764
707753318
25308741
210858874
34776119
50648594
1604366701
145726400
27048645
15743525
14677728
166252256
1530850933
1342861723
20867568
36771809
41595456
2214594770
13482642
41123435
43339319
889186290
15103535
21675438
96211098
32400912
44458622
2812369613
397265914
66369181
153149305
19948202
76348185
110541296
78408666
41150869
247334603
112789392
1942727862
35638426
116510864
132278386
57065141
222953824
143500919
226680441
515822213
18951045
109287731
16789970
822713107
92186819
1262099252
177927463
1917731
20597460
29442313
1278123914
117501995
293131808
15808765
242555999
17494010
57422635
33587536
14116513
26778595
486694111
1061029050
1099199839
53826669
60828944
29201047
56044505
55397401
38466453
31192867
30924894
1074518754
16630579
2553300115
3021489949
31417347
26087378
30244377
250188760
20687912
16456122
529863495
82480896
216503958
14887893
46887227
87522535
41346792
20999272
135534882
12296312
88040819
26772504
896007758
2918222368
39322184
619138055
263739915
17288348
20652615
2939275498
2801124931
807253855
2932401927
234374703
2863210809
1071402577
33537967
53176629
25430081
171598736
15442036
14531815
175950568
19726613
1327675195
729177876
249787913
18695134
109071031
291756142
18061669
2194529533
235217558
21406834
2970279814
124224165
2863006655
2869746172
2914571740
2696643955
72198806
73238146
1068481578
24195214
634684880
1010118372
237840144
410113411
15367451
54187484
418078050
794162328
22669526
42337950
19039467
15291042
38689315
37464438
14983095
43358452
1045110018
966442267
761783018
760245774
39547629
102071743
50884358
248735463
153486399
17169306
14544185
29999105
222606024
41043583
20442002
128973570
16161384
155100514
25573732
27568840
263334780
27435867
150236370
5329582
22862035
66715032
14870670
97239626
69193833
18807749
85396297
160330750
209657295
214650917
15812356
86697288
213711746
509603750
15769327
21213276
352786026
20545793
14324713
66415679
16350000
364423298
128677433
22280208
238228187
16330321
36715203
19789188
14910871
181946453
267709760
21816149
246883295
135203567
293239544
30078506
29515800
248999264
284923785
338449149
169109510
231223609
175128621
160579003
160562836
160564400
160562372
160552477
124161387
160335302
183267919
24431892
59782273
21220931
23367271
142721190
15463671
221153484
20608910
16129920
17074440
15224867
20926802
50325797
486328779
75052666
167150463
17164016
240812994
153919023
385429543
14857739
42111754
19777534
20039495
11735652
190688122
20437286
68905155
22604154
199415291
8994242
48112353
21583721
71980259
218523764
15235519
52941367
14325128
16560475
23093340
38435380
178835600
61270808
20542307
14185317
20777057
8452442
21094636
90413907
13160892
21054720
21530025
31746745
104807690
322770027
30101128
30289355
44873497
108605625
136300373
12117252
91180720
17739076
393541673
64747736
23761008
29209404
219350591
320587514
21800063
27918796
15742734
43125384
260845829
111635980
84750952
28283571
408760398
19930211
221877159
317650146
19674502
21612122
93761782
65056581
354959145
27899417
159619843
33989385
28796289
376895269
15367660
16738415
376949684
18137749
381152398
177627234
276160315
249348006
65732910
88643594
48802204
108993692
15854702
285772181
17277651
30948168
234826866
15463486
28197549
98687810
20002978
46176168
15837659
107123483
28176898
138770045
15281676
233949261
233842454
237862972
43963249
256178459
55396775
16581604
18979288
40864512
17468189
159614646
5743162
14323188
15432119
112439292
16953157
130889282
31257972
127954611
116544702
41886366
242768746
26283307
28359387
35831718
24870361
102990926
122425526
138485474
131144091
34274380
61853389
120176950
113036476
23836537
22012091
15617668
3380241
20506396
23090707
109025212
16780392
113420831
43920155
5392522
14747825
14615871
66369206
20113797
76456274
20090273
17130839
12219162
12952842
21328820
22948692
19778050
16543775
8795772
16815644
11856032
15918708
15458694
13850422
5741722
9300262
14434063
5988062
2467791
807095
3108351
17849234
10850192
16243938
12221852
15676492
89183429
119159695
6753242
14384907
72273570
74294786
31122582
61206798
31128529
42924141
24745957
31611298
20002401
20552026
25781141
34638973
44177383
28599820
31801993
15764644
115911638
76936279
9624742
30313925
