19847765
474464413
49855286
271059800
2272203114
16912702
23084282
2511408984
521416047
21252618
17021844
1456005222
54300251
15152056
2955485182
140286364
252456072
455764741
338646028
961734667
19795404
18029328
190905427
2191552458
2413319832
56401482
22517990
310842339
15837659
14802885
19084896
1183277569
24554234
26487169
475988505
136550204
701821488
249419577
593234552
1920976124
33310366
21301913
1487846678
82778655
47971736
16032925
19611483
21328656
339822881
313547140
41634520
55244226
1462784076
1209417007
110445334
77026134
4432431
79106875
2557521
35865630
16877279
32127835
171154131
316580588
29766367
21702539
1071402577
1074480192
1096059529
70746363
5577902
23022687
16056306
217543151
37666984
6519522
291891755
763977163
194230713
245050362
82524694
98722948
15075999
38734554
163995093
11771512
46817943
26777550
46557945
129879105
106816456
297774583
449103790
489068867
21768766
432854654
18485546
314007328
203226736
16686673
19726613
346781925
84129740
12612432
19292467
16261445
117082566
386092483
49457533
312800783
278681700
29515029
48088494
21878458
56713340
246341769
14465607
59603406
54664781
14141323
12663042
14662354
216881337
229966028
11856892
18172905
223970563
16187637
218975278
16157855
140557089
27744185
16031927
16371887
18678924
197646173
17925414
233737858
221162525
247147026
16045268
18791763
18646108
16669075
185721797
35474809
15923226
10168082
85606078
97503010
175207683
17762564
41418745
20163708
249674727
16027051
19197093
21279472
256617610
23696410
15046662
20776422
48109396
190890578
292972175
39279393
246108980
14882900
108686283
14268812
30043495
18632666
15552221
19268706
15436545
15427690
140529899
240425263
47739450
27885462
58482270
15335534
19739126
14845376
65146567
17546958
3108351
201791908
24926288
76649729
127908221
19489239
21612122
85131054
108617810
20608910
2467791
15745368
46176168
21619519
16869718
17090288
23403584
20007328
39187280
218533678
16726846
79743108
20957491
22703645
60680268
229592356
212262370
20192403
301493573
27311044
201079432
21010214
16827173
29551126
73427037
27174323
17091875
18915795
21307076
15159913
15922214
9855382
31127446
20686232
22508473
23970171
114896223
17134340
35027698
5336752
69773058
15731751
71627462
17291393
19426551
90484508
50325797
52070270
21694625
234370900
40553282
23594885
15675138
89967647
48043084
16746493
104299137
34340464
18963809
211588974
15356407
23817772
20295222
21220931
16097702
254082173
234406945
224320485
193794406
26596727
137407124
19407835
295685416
10615232
151222624
43409466
22978395
39155029
110004599
136300373
138479037
137466464
20776497
247723476
12272322
21674448
235251868
40116885
21313053
144036860
151211905
194351775
19209569
9508922
19028248
18216752
18170310
88784440
13218102
47975734
73303753
24905240
21157904
5693842
21269970
133439172
9300262
117537998
18915145
43409523
14246001
7713202
110893482
18916432
18891923
264219447
5561412
75364211
209792690
14344823
56413858
202206694
19394188
