55355654
242555999
2362692631
8128442
515822213
76456274
1872999342
1262099252
29442313
486694111
20597460
293131808
150078976
132278386
18695134
57065141
21406834
234374703
93761782
242836537
944917346
109287731
413466731
33537967
1068481578
1267940407
244243985
92186819
1061029050
1099199839
115733549
7334402
72198806
476256944
247334603
216503958
435500714
171598736
249787913
109071031
43910797
15442036
278124059
224285242
83901492
1074518754
20002401
92162698
2347049341
14237257
143754070
248829112
6395222
37781811
40940457
917142902
1692281443
234826866
15727317
15463671
15808765
17445431
1886882108
16789970
5402612
788524
5392522
2467791
742143
3108351
35773039
759251
807095
51241574
7864222
16170253
355906128
17011177
16491683
34998257
16569176
80595226
15069109
15921060
88735607
38271276
1286312880
60828944
217148719
34113439
43049724
18713552
18622869
267425142
17099928
73238146
970207298
16076032
59159771
75052666
78109966
242548399
18842587
20508720
18362692
5739642
16129920
15839303
14180091
15093279
41691265
823514394
14384907
15554922
558769636
26771192
325830217
21949966
21268897
16675413
22737278
242178962
23622446
42300096
39932155
37743365
156814503
21257821
21414576
15344867
22556296
2992751
4207961
69193833
17004618
35773034
15447034
18842256
18907022
52201725
15853821
395425043
137823987
292495654
25451167
47665691
21512383
17072129
15564045
19799261
109641671
20728526
69427169
14185814
18228178
17994536
113478020
18424406
37143791
37151193
24998999
21220319
27089647
16899638
73829235
252249233
250188760
36764067
63474544
32010840
30313925
15954997
20545793
