2184943214
2976598347
34310801
515822213
11651202
225921757
15441965
1480852568
60602656
18906561
596142960
102883505
121843145
52841530
40717842
3107718863
35559041
550822686
1325468473
2559111110
2343163993
571202103
15808765
2991845156
2479877276
2329730094
22195441
2891210047
968650362
2863210809
2962923040
55705976
224391627
12788332
20192403
109280446
634686904
882179575
540828831
40408827
76983574
60350547
1465201471
146207407
31852548
21243249
365736403
1351044114
1950287155
405087197
1969097227
18697728
762630277
30969194
106123733
2427449466
105631745
23562007
24031242
252249233
32010840
252398355
100250921
29598035
96442308
177533262
101696794
393049830
1117639099
176406752
38246868
495527886
2657272466
1408003598
874357188
803775324
158286198
252819642
90448142
568523447
62956882
790467060
500323145
1058807868
2369396888
17051364
525264466
500704345
146191420
519945048
48055774
256148899
535770114
876395094
18873711
58253604
249709138
208788178
170927771
595987389
253473341
1655765390
14098566
301905956
723463
217697010
106533567
20394822
2450593525
88073825
1710868207
2459194123
13416062
420172940
14941285
22169349
524019038
32338420
68265602
14371962
2485571173
61376796
15382820
1375631622
96018016
18138308
95442633
2288503650
145942291
122226401
120350823
65706134
587585048
288999133
552069134
372409476
205336320
1376252790
426211557
2291538566
8859482
109034782
1903011067
22596632
952112047
33122977
2171427776
18958999
594221885
17995040
105276026
1437016255
1129121352
525492137
32513830
2284152320
14444022
57359366
101979094
33556966
19385204
198304236
334715818
10774652
460405170
305189255
546135718
382190496
18466375
40017921
358158781
1183685479
224511121
35026354
605953548
399791745
395419988
1594441579
18234500
176893563
16655276
2240316386
199468531
424815248
337379380
30060847
72457430
219649140
18962820
196362083
14360765
22942162
175831011
430363443
217238578
71365889
247014978
2375627293
62770595
2282273778
18695891
197933211
467871857
20944149
1921157503
12296312
315878798
148808008
4251731
190117823
47632164
235119199
73421873
26760308
28186908
16419783
23821411
448217494
14362810
21050255
123070437
15681823
264366455
72180211
177584156
99763265
400223552
2241793219
30702463
296982956
216503958
413466731
190905427
29120250
17087824
382791093
1061029050
1071402577
1096059529
16134535
300353569
49457533
365627246
57444265
233519109
255727205
42885024
465683057
555376962
103061810
24245923
2255182597
328572979
41233842
1031864012
29188064
375381746
1180891094
41831128
878869783
21604052
454159132
2164678686
23905258
7702542
16829834
527469956
321007441
35511525
81625366
12075072
296296636
15127179
184649858
413247822
25086168
138609858
764149585
1966026648
148936255
38151045
399770251
36928132
19110100
14989516
1012605522
453205202
22513016
222569192
32071013
23136027
218027755
469194846
792155928
371088688
580997146
21418846
285018358
19980678
1591411489
254189974
16931849
808004130
493255915
926317914
165901885
15739391
239446901
833990756
22615170
192315964
633924423
21619519
243967718
254117355
77802639
104545699
82687751
840456230
555473643
547969112
525740012
27438773
18638954
18333859
1581189541
34343264
108496256
912598626
1945394526
264361128
113210463
281685471
438449199
563102152
14469996
19940961
24365356
33410892
530803101
44484747
16547587
240760644
14642881
128252156
16469463
20273906
963480595
21172787
713622536
104342107
15077881
47495820
177182882
490946441
90408018
61015562
35784576
536118501
801780254
23195683
794671951
14810094
211901075
86129724
1092757885
246341769
1072382221
226295331
394392730
25888995
347971482
29126313
232587967
109333748
26397587
347627434
1105029164
717313
190328374
24466578
349240397
616677817
35051304
25210942
16630524
18865635
294130772
16692171
452735967
1099234861
190056565
152102546
21752962
239533860
192739928
17630651
21355943
20435808
70156027
1379584350
743527070
70118472
795385008
339231148
539400086
294184615
44438692
577380487
273534539
7651512
27826509
25975551
53456508
284620348
1173395690
408987822
975200486
29115262
497429837
562255311
531484849
42912666
360690726
282670843
46640554
120621486
378848483
47655467
14454131
756101640
475541486
293745809
58054043
562577357
975450222
18038834
69773058
135904937
15679924
186711750
991821667
635172708
19434319
231928278
393735918
18561167
986060978
23043351
31669308
328752446
335660433
251969101
367978485
442996741
21775637
838554410
328665601
351394201
171182922
287924222
455027468
16740280
39741866
874606098
1035855955
461368399
20410334
900187770
583348785
708051061
883501254
92622448
70992939
109189000
849987036
339760532
84747213
1101965940
38435322
1093441423
704261336
1113315654
136817359
456950805
817994863
127489122
28797696
40058836
172970851
540583731
212097279
91856333
65106504
455042792
14913540
534489724
64074425
863889445
945038419
958081542
54884378
1062603013
1096126802
822663973
16058084
269101142
754108322
303134944
52559087
864881161
17925232
582056406
529564536
353730821
159598258
557344418
717284394
1066829576
66285129
890125778
73408582
1074480192
275825889
553844990
15370891
617248087
17641086
709600441
30292816
343041182
71328021
26170235
217543151
304988603
622132463
51284800
68784768
71156555
19568570
42964945
868250845
18227556
113070302
583875731
136743706
88383198
487636563
211989395
939092288
229323985
587791199
867150168
70080015
19387254
946455920
18677260
322202771
41761085
215298499
568394922
867168048
19880772
925644090
21651982
36238958
46498862
343575867
254145871
267756693
347263450
931695847
28861906
73181712
374769155
427924454
860867774
30045475
605955762
18340823
15762819
23696410
37139591
485249064
216410227
595898067
19611483
418991627
733751245
297168625
510409753
89104958
243476378
266133081
20546536
555474658
339822881
291756142
22687623
634043261
570548183
605626076
619420496
570248893
620266468
325766195
168486243
23968967
24262059
49702710
607230401
186524956
575031644
574217138
60329634
165318500
571253611
192881133
272490401
43728481
93716061
15386314
1344951
19538505
561441494
522586091
574300923
17032380
82216358
557114315
330373787
15311220
229367898
38813274
35991545
76438819
35287196
487637762
23066831
41495964
31288110
22803803
21829480
10228272
123961007
33590667
600463589
369804497
130608234
17779670
413430640
263914059
361342191
114859756
37605181
493072526
24484212
18822612
42947725
239561508
236621640
37031297
63808526
40443752
561945154
501210065
343087091
102264669
46078524
74923050
343171266
27274632
14425305
353461486
28882005
263758909
18978553
37038615
201926183
531047211
342819347
33696409
18468610
15951941
14351178
324095750
129008358
407880875
49681914
3847451
22728467
244268646
18683964
9082922
21369637
237348797
17896154
22508473
127104274
91038197
59812317
7302362
122705392
96864906
5770392
16387689
7926512
14690609
42159178
118408760
78408666
46511459
122029897
187186066
271091161
18030973
16473577
75364211
171598736
249787913
216881337
117537998
93761782
41363507
262756641
21157904
229592356
296361085
76649729
233737858
278124059
115733549
59771400
117501995
224285242
242836537
250188760
15324851
18632666
5558312
60828944
135297032
15442036
109071031
16160352
18061669
76456274
72198806
7334402
29442313
7270292
84129740
14845376
19394188
15007149
20444463
21111098
247334603
211588974
17494010
293131808
78403308
244243985
19726613
15727817
73303753
26533227
229966028
83901492
29201047
8128442
15939889
24905240
18695134
16789970
132278386
14125897
264219447
19028248
15985455
11650762
14140370
43910797
20597460
7429102
10615232
16317406
222953824
15507739
32497478
328457935
244643285
334370532
270198038
61063182
17170942
219023437
19479705
22000811
47720833
37754076
186181084
17801672
370877435
311607476
49872564
73438641
23912630
372568907
394289214
59803771
16023914
36869252
128453871
49835713
18092723
382913336
369640709
39358737
18082787
132998435
39356509
267021392
16279779
201839251
375111610
260090580
15577097
19513353
254777469
372611815
300914043
85476251
6608702
22052510
196292489
18492940
19084128
373298508
154631917
48121806
110974198
42107478
108459550
34118232
15954472
194615561
274325894
28902086
107792558
278567214
324230103
362609457
15646547
181292375
65919935
93679001
15766082
283145052
53117443
20957491
312999670
369963701
39761370
19877680
94197072
216493021
365099650
38497702
246493758
291832990
365825233
27787482
286048658
288184222
369311653
364664014
15147265
272050221
84062050
236487888
32222120
66531960
15741879
274648448
342805933
58830193
322238178
46557945
21984799
201037522
202206694
47975734
21269970
287413569
314123984
21630507
15513604
15090098
195039023
16097702
21806098
199117089
20378448
18963809
15920821
221162525
224320485
22506081
233842454
15740076
80102969
190890578
14844867
14962758
14934964
28350927
21434408
7039122
14438618
243797058
17093617
73238146
121147627
212262370
62711188
234374703
182251918
76966145
18122925
23022687
158769098
166289269
13837532
155909099
186180701
17399791
18166778
14094947
23906358
66126451
27172954
21932753
28165440
53525743
134588608
46507851
28671905
80887266
209181802
20999061
243920579
16475200
52380321
168825162
110004599
16177985
208691837
114033999
244191112
244126588
244255664
159723836
226816703
56167041
104615577
244355867
211820605
244424776
41232407
25835522
20737579
19056144
24557446
33797845
190089336
17752368
15383584
17291725
69181624
18983793
18915145
13524182
22936818
59196533
76984336
106801386
18849593
68055999
21795512
170951931
36654245
24933645
20252855
182387080
217887089
109616380
33690157
8661662
11283422
202296876
108459359
163531247
117141301
197221493
135943388
46469610
85861034
164322849
188441380
60784980
173154485
205751192
17993465
33222598
15690503
21046753
57338175
130733698
136356939
87044744
15966258
183191321
22527499
37920978
219423018
113454997
108660436
204589673
18566912
108622682
43644951
18435465
18558029
17926668
61120062
18805303
23951197
15773898
44209472
39538738
142332083
58883032
26062385
156685837
16148677
37052671
45190383
18217624
18891923
46176168
41374023
22703645
66780914
20538419
22509548
39308549
44274732
22174923
70796694
69093598
35042359
17235760
35086213
21878458
21782329
37504933
34354688
148879839
190802051
45763954
64530168
27697632
163573411
157081368
167949020
165888247
14871640
146190322
128278830
15813774
28163325
175098078
88106972
43985046
103811366
44133750
36407844
28646307
18145486
172098960
179216639
72318926
87342076
48838480
170803759
36528406
16224694
71310630
74460169
196317899
197819598
146529195
199006390
187321403
188908294
171726464
169645137
192788396
55298070
28757368
193174848
23092451
169794834
21627794
128584736
208179565
15778983
19846812
18561415
64182738
15934654
28614262
16457416
75895921
39510422
17954334
162598825
21135121
16787084
110445334
194781991
14655730
5357812
31592058
46729242
26962574
2704951
19268706
23912428
18775270
15923118
48204988
16633440
21435325
9855382
20077017
15450996
90484508
36191695
14669951
111530769
14246001
1367531
14437914
10047382
38381682
46904346
169112081
114459994
97803194
21552803
14964705
78945431
107346752
158242564
19240113
63292317
17629903
58302859
30958308
155939641
16300355
173228399
15490881
90799298
114585574
17340186
127359799
169561374
172786222
143835283
173522106
16568584
21107303
160919506
18337830
15886750
25392173
115724271
17349381
28987100
16467567
22093878
172096687
168535912
138781146
27494225
18902153
24448865
27516512
146875828
174719156
16042901
87712431
155785670
155426388
166241950
173973998
146511135
165834028
40375389
22889636
48612084
23970171
168700151
22559545
65798394
27255304
150737366
36079719
73695191
171482213
152043061
16225921
168830539
140643083
16492765
103465218
15173859
16672557
66528783
16047651
41686431
176496728
176013813
138122433
123264283
92865362
112034697
14363167
18912558
95573246
45641358
18487495
77416985
110616095
72678558
19216655
19881876
28576135
16072058
24618431
34208755
78364135
48115928
127399759
43375706
182127023
47380390
180969306
45469134
28226735
43158323
27711344
30057749
27151689
42834939
102697985
35014834
31626053
167205596
133439172
151302045
20189273
104727439
21111896
15368346
121159895
170963378
19718700
20468251
16382843
94957948
53982156
180389279
19814129
23231866
34021614
123381664
158880223
40180873
23326914
176841104
94906371
47891535
35326620
80928773
172920948
43902988
18036861
23774343
36402361
133400890
34940314
21344352
22982074
18545243
177279870
18297859
183654820
16362662
183941236
59486318
31561219
174823316
14280054
180846791
14750201
184913420
16087724
11270992
52052011
31120881
25181713
139177010
176323303
27727419
166585192
46407523
41436055
18724978
184901115
5565412
31219629
130228540
141350954
185396222
77241120
185466812
23679582
29620610
182883013
49096697
106863668
17400752
187387738
176613004
183985265
149206237
114819667
105393814
182410368
21853138
144844504
122172785
33865159
14269475
156356083
18791763
22740009
25132061
18280993
62912026
7515542
18360370
26534113
16653691
19309099
37978098
48255275
16115526
13802072
14526700
15522251
18342829
123389809
23228041
31255458
14496573
14137502
19029053
185746973
183637495
35941798
15782399
56413858
136250134
65146567
37764422
20177097
23994973
144925891
15446520
185767229
27702749
181445485
16909324
15636435
67351603
186097047
176905080
186176957
33967922
15810707
10840862
185272462
186339067
49836504
23946889
46317887
107228804
43366063
115778307
59826479
19839392
104713510
24197083
28802901
19578010
17600950
28173696
23506692
70824964
31159078
35885913
21353431
34956567
28146463
50712214
42763868
18772468
16278427
152448425
120701620
34852284
29476670
49375403
60125771
168776188
53767782
180591603
186836956
17595816
174369590
43011759
49929523
184528235
58095604
114388293
17962266
25800320
117633137
115402745
74482441
153063651
14708608
121779702
189068864
20567114
185670308
18493879
16465507
185062694
85989350
41983632
86031188
14101232
83949216
58708159
28407251
53487798
92317593
138129119
47969038
40246433
160436548
175088148
20249387
13650202
77164761
168165655
156850444
32760200
70771577
52521323
33598728
19479696
59358791
168365829
114635827
13184052
43690794
83234491
20634574
37907293
112924723
27319529
76947448
23027134
15158464
25471311
14452887
18111483
68554574
40553282
123893528
184752199
58278439
32949165
49369528
46870743
173457260
165817991
44353878
57005769
49262454
133233399
82643763
162852339
181221818
17858855
189158253
96698055
19257326
14643625
182438138
15302358
182393628
18399817
17141999
167964004
167673022
40097284
168477620
69431084
19808638
52470438
23785364
29766367
17324272
116588914
27346611
105345807
14371928
191077188
33779739
23097882
160785994
180817695
174064476
48159684
184981543
159175091
171536251
33619695
14248940
31540720
163892256
17759081
32569860
15074997
154974500
188322982
103550181
97236509
191015833
20822875
16161911
191032240
16409758
18152912
50319756
74945157
23809059
33102269
46711704
97298155
148086041
15950463
27790460
192114377
94087890
192251081
178062281
170432851
166299112
22978012
46607245
188119252
33286467
117656867
172325087
14443264
69741769
18379736
142940169
191723384
157281342
16183601
76186150
192937391
19495105
71432133
20253932
9545932
7921432
146187706
14940268
18323740
18140016
180843400
18444388
179653905
15416505
27311044
20637067
22408173
15741978
102806325
44439260
38495835
31644850
19672098
16114953
18606927
139805159
57099043
122131104
47443228
18245575
141338385
36050060
109246516
128322901
16971220
102569924
142334588
36564228
17686177
141725743
110610124
137479828
23029648
143230098
58565887
192779294
124570665
84143336
122801237
44667298
78447084
9709342
92597041
154216832
24489707
23041856
118130561
113446012
36244699
166534216
17843216
143909055
35823293
196221203
165356099
115570952
171358764
19434531
92437834
17369836
172041670
17341748
186404951
8699802
37768490
58509267
186118102
190851339
115747004
57460058
161204451
15114140
75079869
145028769
30027751
73216495
137926472
30062869
74575495
127585438
104026999
21219444
119540527
121144569
20702189
140143019
184511603
148227394
160417490
124547592
193091906
172259439
76517922
98035890
168767680
187751686
174002112
184138521
90706467
69674145
155309474
38214381
55357285
125851081
182900229
42659606
130017035
20870630
18488444
75104424
14720460
166303944
16316635
147967387
79099263
118126201
69882748
187641328
144281516
177240187
68586044
188432086
121801556
117313126
139276332
57847299
28852274
22286788
138975995
191737920
107457660
166147052
140685939
54047695
117854699
101909668
123324283
100431765
14590612
130057682
17977097
73511779
11902712
199197582
23910400
19106794
185245405
17191880
80404830
35110267
122455062
179571111
132392400
137895916
139881500
192794506
142370642
29364273
25214068
151064040
19246990
77553532
186078284
38172337
156183491
125178929
118447339
58966199
27669947
174286883
56755005
37828776
117327703
17259007
73074386
17166297
131195214
125782230
19692901
19835979
28171197
19624876
180208991
194320230
102749098
146096937
110273652
166673830
61381675
132780632
141766579
196742249
100869643
106741551
166000379
161411133
69663100
16029809
105116720
158393975
171993259
194354030
129591675
20071430
149561111
17542644
120665225
44087689
41950400
16030570
32143502
160915169
40184147
14628640
15681490
14974885
182030401
183126268
24977002
192765008
20583664
29571865
154235284
116050646
39444527
87742280
107847829
129932976
20446968
116485121
29925737
44560179
187771661
147376743
128926640
118225012
18868656
126513559
15026600
18809568
119083523
26404059
150095958
185727318
138554319
14281087
140188923
126745633
25356845
178936313
129944944
88236367
18476472
26180598
167093285
18252812
14798855
5476072
167662991
97132339
119924071
129104690
46702350
191201821
151549738
20078009
29500521
18129784
48448770
184854868
28920488
19367142
175048497
13058232
12925072
70871071
76118419
32139283
22925117
5485192
55026980
42624958
169376808
36726356
118129629
17567142
16134837
27998652
33995895
34051345
14791364
19405365
14748679
126374341
1050111
18000662
25756772
89291654
188318466
20713061
15693207
9300262
50055701
17611447
19361368
18170310
20470318
13218102
18790296
17500831
18431426
15711730
27781693
156042609
22407074
14583400
130920011
21857709
44342340
23306260
74014041
60113766
78470249
108437634
63615980
109441206
21981121
21361003
146516713
21238440
23760680
34685832
50968105
133125232
21463820
104624142
106208299
15484185
72875248
147671446
113410172
20518827
102488792
58442547
23668641
146099856
65858137
139853621
131345041
123110646
129953559
66007990
133494903
23694700
129940706
92558741
142528104
16514116
145307275
41760125
15725415
79264203
145338391
146461100
146120126
145442040
49148046
58111127
141718824
133760231
16054602
148497364
11385452
122219390
46054780
78474137
23406135
149080175
17712260
42008257
139173899
14828860
20663206
114266451
15791066
24414732
24769752
37573775
58379000
83711820
29808349
93974646
75832395
113494456
14193222
113759195
108502230
111053015
107219521
110576045
66597200
74799187
95456216
28823794
76966092
22290057
21521288
47976296
114778683
114016995
33805763
67790029
19053500
15378966
26606453
123060653
44523563
49128408
51203221
20881153
109665242
48357684
9718412
15475222
102722901
35004775
82197062
108723564
19507015
129948306
108677152
14511951
107481633
20294070
129898422
21013042
48075012
69361728
126152284
45496255
62717349
122834587
16554429
135546144
64853150
23166979
117636338
50477525
63201471
21918047
140585494
124487621
141337610
16457474
19039662
97010782
106781006
26951887
61887536
25320005
13876942
110589730
14728168
26951798
15246449
3137331
26736228
15771482
30504968
77092137
79369721
16100607
17292351
26057209
14529929
3135241
18235003
12548272
25038723
22206781
32392080
54028210
14476832
44485437
45716848
26946495
15976697
36099461
39355982
29225647
32499092
21901715
15771003
28839471
15951223
8018082
18372307
22047070
19211550
71627462
65434819
5717822
22243973
44157002
44574768
23095084
32494737
4923811
17891169
19173787
19126166
17999745
56403230
12056252
21922197
50325797
22857716
18916432
12340562
9532402
21261661
30694631
7713202
40116885
15922214
50769180
59031664
15075999
16056306
46473746
28286278
36714805
40879381
1917731
50317463
84619349
15918708
16814879
19626082
61220477
20094138
22651337
21318795
41741843
65493023
26351587
18140694
17489603
19721230
55391476
82245803
63703913
61391967
60696669
16064195
18067897
24794336
38947307
21684095
15207668
50060529
14730894
50104775
36737062
61318575
18493702
52976881
44168976
19743738
16232683
16452026
36003921
38868391
6268882
18155269
19692381
16467920
17653644
18042453
41913115
16868208
46329753
14745164
40748716
43928699
33660325
21226437
46957327
87606006
68778807
72474011
69420788
30911403
3108351
10717982
16018834
16454544
14393408
15929457
16045956
15075753
58158973
21706708
89681153
38857681
28386918
24406451
23533549
19519751
9927062
57871286
64340029
31184393
81180219
61363533
72623305
44005690
49151291
64954441
16137720
21729524
38551960
41634520
20243128
30534986
37972057
27996915
98476993
15745368
106838774
16366471
19691570
22643800
77282328
49751595
16250421
16935108
39289330
18031463
36198016
37735066
27640171
39207632
49158518
16656993
30940560
18197225
35155604
18681789
49215113
58544360
2467791
7228682
15030338
18197259
72879187
14880903
16437135
8705472
20456158
17007478
27545529
21931265
50848766
56405907
83872999
20249384
61811167
71152013
43970138
56745307
105360993
16554327
106822606
17850268
18379318
80114071
87882841
104015389
14857964
18724449
17952587
14924885
15288861
82195819
38237450
19806962
20204051
28172146
16125518
18319515
19686924
15855509
60759206
16119129
26820275
24278642
25473695
40268539
13396002
16814727
49841000
22318481
14430060
17358222
14283487
8521562
34845029
15612282
55991727
31231998
3725701
17171293
39285918
16406877
17194296
11134252
5561412
36984695
19276674
14410652
15639019
64496696
15657024
14832751
92558768
31216189
16130339
1878461
22068215
802093
2061671
14241571
18150258
17800215
16254876
29216764
17454769
17851480
39834947
18452329
29235028
15166261
64438566
60688326
18216752
10168082
19553409
29941223
14216556
6862832
14755434
24312086
40885943
14304373
28152330
15050354
16910966
15369276
24143255
9508922
53768693
15988710
14795302
41409829
16547987
94269486
14344823
17014485
640893
15496979
17239307
