14832751
256148899
20538419
42624958
24208750
193963770
352527157
13416062
88517145
201839251
128556978
419934667
29500521
216450670
227368107
522726683
16406877
196362083
69663100
525492137
18841241
921768888
2409969919
250914586
17341907
14444022
43247866
15771003
34051345
1072008757
15951223
26962574
34208755
16910966
17007478
16261513
14857964
208179565
14748679
50060529
18493702
60688326
28152330
16797675
21901715
24143255
235217558
144986277
14662354
146207407
20245031
218975278
72875248
14251225
19107878
184136149
77241120
14304373
15212187
247014978
15657024
229966028
140286364
237505641
1024827330
108189101
18873711
394093230
18235003
85131054
39155029
18172905
14597239
16787084
16017475
16887628
13524182
16930125
224320485
78421007
7848802
20957491
28823794
16031927
110445334
22703645
112047805
14347972
47739450
158007643
69773058
234540332
19417492
71627462
108985543
28178127
106514937
76983574
30864583
266830495
15993122
2856787757
360080772
73188074
2881782196
432854654
55192727
759251
3108351
807095
1917731
9300262
15922214
14345062
15210284
16125224
10774652
10168082
18247062
129879105
389759292
14803522
40885943
701821488
21157904
26300464
78403308
1963307730
832621356
9855382
21269970
21111098
40553282
19028248
14845376
76649729
233737858
202206694
73303753
75364211
211588974
26533227
18216752
30313925
216881337
14344823
221162525
24905240
17239307
46016028
88784440
7713202
19394188
