1131990072
3107757899
474464413
221394881
27027979
106597684
8775672
16129106
23818058
133448051
2905528287
2179150110
3234766904
394025732
2900828859
385007515
15647676
56401482
22508473
111077308
54202289
280604607
631104770
39583871
202270507
38441030
368366215
1055515873
2966758114
14266331
204803220
607547430
1424588689
29266469
1239856141
74559550
30849562
53417856
743222480
95267732
41285211
1272846722
16107045
749303
82657929
432854654
19612866
3006258669
21760810
15853990
233638117
350632248
328239883
295685416
2338456578
2863210809
2964174789
2962923040
2856787757
1056702738
222148340
1604444052
2194529533
39824409
16092859
16684911
294126378
891532531
144986277
87098271
2649890484
820173752
1061029050
558211716
158565222
2557569770
104324860
1670875057
15997860
437197974
21438729
701821488
2188900538
34713362
860712752
945053748
65466158
148878245
9130702
18528834
26887496
191537936
52099553
16538210
263711973
1340974230
93687464
2341001269
208736091
1198527756
44134962
27048645
15163055
413274241
205321703
76731276
136300373
214151031
22148569
138479037
59331128
144909618
49457533
131144091
1473094158
167797168
42442665
997684836
275096699
14730894
16364399
82706980
441346527
14081659
56749157
15075753
22055109
16469550
28230544
301014412
189129306
60763047
59045843
9484732
1692210302
38956238
16614126
100330153
377673403
14188896
20609783
386092483
172470598
114896223
6490902
1367531
67214515
154985728
759251
18812572
15012486
42958829
8839632
21931059
10168082
44742065
46681100
38495835
39571573
22368074
457984599
22978395
367337022
912958562
16102997
345454327
28393509
16930125
108324580
131204770
25555522
20608910
30043495
1112179820
36776808
1428441589
15351784
16324063
23458924
555308124
42796934
59482330
62925053
74210841
142545354
706896631
36452050
1056290964
28414093
22076537
43919633
262447317
16870352
343864348
121469977
39322371
97239626
167618979
389759292
600992035
166943853
546858789
403829394
53606937
15731751
384910109
240787520
21337115
25317724
217550862
155680896
16072676
37521145
26820795
88816329
50731463
12880222
234767974
14587949
153569256
44682276
22804858
20632682
39285439
14871463
14594671
15396453
55254185
57751453
157089828
14268812
184136149
19553409
18891923
15745368
3135241
22703645
376234071
18062733
36775022
17454782
76798118
45366943
16584900
21252618
15210410
4119741
23014736
14662354
24169451
451586190
15931435
259395895
115733549
305189255
21627536
54943732
55045856
50769180
196168350
48385604
20402945
23762109
46002396
58379000
27311044
20776147
18776942
14270650
47694175
240790556
80111587
16081831
10774652
94139317
17494094
166990746
15075999
39308549
15210284
260841091
38232102
142383345
16405372
108189101
65146567
57430197
24032168
18020081
12272322
24948659
112047805
35749588
12612432
18805644
19404559
15513604
20597460
28576135
19268706
38733200
18246347
43409523
7228682
21153379
92345657
247723476
154259266
98471035
29216764
79743108
29478121
158769098
9252212
32446490
28614262
15450996
15335534
476209692
79201552
469194846
1071402577
19629840
21672621
8162322
35418596
15918708
294986812
21118443
243814712
21269970
19726613
102464004
164898058
68419522
37986651
74164455
24214044
23272358
21010214
217543151
292972175
58113278
1288967479
62613168
14938031
28049266
16457416
19306810
115718513
44964334
78406420
292394554
23159576
16032925
1050797035
27901418
67346950
218975278
35218566
14173315
14345062
435047720
245799031
71294756
193785644
138642711
21612122
86129724
186661783
113047940
19417492
52070270
44401911
118756393
167611923
91127176
44715382
71627462
4923811
17134268
69773058
16045956
16187637
16311797
9532402
18023140
28603812
52499553
59676104
33301127
40116885
259278511
20769514
16405291
129879105
21426423
78369108
176555816
56906548
271790289
1074480192
21157904
78927772
182935813
201432948
18678924
90918485
42962415
17494010
83436796
233557728
52528502
147606856
58486520
186644838
49997792
38833974
29828407
29774500
21434408
167190503
234573331
18919594
19659126
15987296
17520304
17814568
104615577
20957491
27799073
9852432
28424440
29727721
52059918
8953122
473083505
538185166
30005269
15976697
30944238
34929057
21762433
24043872
17644000
70775228
21896804
21111098
14726357
30864583
22528309
14095216
104299137
229966028
17818203
47969454
14823343
14667621
186666607
15101927
16017475
16157855
600463589
18172905
53790103
27025859
254648944
27021157
95937701
17493398
110445334
234370900
216881337
19658936
28785486
31453604
15931637
20546536
339822881
19396965
2704951
15416505
21313053
5741722
17502963
15224867
555474658
37416239
83901492
8726072
1652541
90484508
408549092
22973561
22183141
21111896
27825390
24801925
390176029
15207668
108617810
33583496
33222598
51351712
104638794
14385676
47971971
16056306
18059870
21674448
25726636
640893
11161232
40579691
26820275
14246001
17546958
23022687
18217624
382331790
52428360
125761765
28471924
224320485
291756142
182005092
365097503
125787946
23455653
39155029
37011887
11856892
40356855
17901032
44209472
163958672
61842393
145398921
21916557
106776691
17837506
20892507
34927577
88784440
17093617
386475662
382791093
382676693
20957191
16221835
43388665
389028352
233696188
25521061
25091723
46146563
545673954
21797251
16160352
5558312
41634520
41382972
34353527
87534416
53524514
21678709
479666824
88770604
21694244
549562047
23599646
16438430
137341511
123862119
18646108
35131348
31127446
20776497
96856027
109280446
19085121
20050047
163570705
23545862
45692831
38211356
116877154
233737858
249787913
61853389
485924782
20454896
17392020
1564371
235292714
296439197
19594483
100030015
40271353
48808600
45595835
76456274
20113797
24802374
17520409
10126672
223970563
13058232
12925072
76702265
40303906
22097670
31947242
264219447
262756641
211588974
21212260
27069873
38002475
176415355
47975734
18061669
18915145
20444463
221162525
238177562
243797058
14845376
266133081
133439172
18170310
19087460
17161751
17079621
50325797
18806621
19394188
20520192
27472079
233761277
245350272
9508922
26091641
5357812
73303753
19349842
252819642
19401084
89193992
15923226
17074295
15613664
85606078
117537998
244268646
89820928
310001578
338374998
169552471
19884236
296361085
19028248
19269183
24905240
109371322
29233206
32545745
15651634
212262370
66369181
229592356
78403308
10615232
14342564
18487299
18216752
13218102
7270292
11650762
23780872
49724848
21817257
7744592
15533242
28652194
21823701
26533227
21273388
44458614
202206694
123347997
94617521
73217124
77243182
22339239
28377944
30170812
2467791
180251715
76185102
14861004
47972824
110538332
33777456
18941566
84698423
109975934
19519945
6894852
94475540
45932530
18480977
6817432
17841740
14412533
21765964
19255367
20632380
190384856
1917731
15922214
18632666
76649729
90059826
18720830
39993708
18767506
13111552
14963773
19658173
24903444
24817859
14955722
9300262
25505788
3108351
15166261
106816456
40553282
12807482
21206042
7713202
14344823
