50769180
14659350
36147039
284742585
26064506
28184452
21802764
40272497
703983715
1300903724
57848667
849823165
19668491
20341454
467825393
134598200
16211809
125476100
2285338411
536762573
59045843
628709039
1242040290
26487169
56413858
2412738884
3108351
208155240
393596432
37721930
60763047
121469977
38450042
326255267
21313053
15212187
486070700
20957491
933112802
159467804
19352525
259388802
19347884
50325797
15210284
28902856
19195094
46176168
15922214
14870670
1917731
301014412
9855382
17539497
807253855
15075753
22528309
16334969
14345062
21301933
18983793
41019773
36406095
58683409
381152398
129879105
500126565
15207668
83462293
223970563
15513604
393594690
126401831
26334554
16031927
1367531
41634520
23970102
18805644
110445334
27744185
22703645
122207745
18646108
112047805
69773058
47739450
2370996384
14246001
93069110
407013776
77032777
18678924
136300373
79743108
39155029
19186003
21252618
217550862
197183834
222622640
177427007
16564850
59468979
422023446
81253316
749303
26014305
14427407
14500743
23060436
13265132
22882864
46557945
13067732
243337600
398088661
184860130
16068266
24735461
78369108
1487846678
2253968388
42481696
15141113
143798379
25354370
237299871
224294785
538185166
8775672
14528874
46118674
14204848
425268743
524185446
38478303
39308549
31620282
7702542
113756364
15129348
305189255
16313096
10168082
16180004
14389923
86129724
16193222
71627462
104299137
146166918
21434408
4923811
19417492
17546958
218975278
356445815
15731751
509171700
245412130
196290799
531627880
43910797
7713202
242836537
132278386
301549400
30912937
261918703
242944499
352534407
322603418
119372054
27311044
17105946
78623653
20546536
114896223
55421408
240790556
18915145
275572403
234370900
292972175
82657929
266133081
296361085
294126378
386092483
476209692
600463589
291756142
701821488
50055701
5561412
14344823
104324860
76452765
29201047
78431501
59771400
212262370
33977070
19083619
83901492
229966028
18695134
8128442
85606078
26097041
264219447
22830824
339822881
22842686
22946048
20092295
15727817
11134252
18891923
18916432
221162525
15745368
28583679
216881337
18061669
18632666
88784440
211588974
233737858
78403308
106733567
10615232
9508922
18216752
17217505
21157904
5558312
238177562
21269970
229592356
75364211
7270292
14845376
76649729
243797058
24905240
262756641
18170310
125746882
73303753
117537998
202206694
14825599
19726613
11650762
47975734
19028248
16789970
19394188
133439172
13218102
26533227
20444463
