40239283
226719262
435500714
31906672
12221852
95431448
23265239
389028352
303509036
21251668
262756641
374019904
67600528
112519741
122185564
17451742
39841218
48298347
97523297
288579263
18781150
306439180
14776260
376895269
66369181
19808519
18123639
245424983
176896959
26851087
94588784
18481050
171598736
118188665
24752374
15134240
237840144
15631338
86697288
115048952
195534522
37345537
372509509
22940219
205266100
17450651
22975453
88836132
143500919
16057477
11254702
308573576
313672385
389494999
275313643
42995067
137466464
44177383
158414847
188984590
22831232
278832157
46817943
47694175
14124614
292495654
325231436
169785728
30912937
413466731
36962101
22643259
37217292
33721766
59928236
16727749
15931963
18170310
21777967
299373263
24024778
102173013
379318517
16514607
58528924
75052666
19988708
108985543
34774807
23437233
242555999
20295222
19019298
783214
22013000
66715032
107545479
39256344
16530281
59813090
19948202
31310158
8994242
33949656
296811256
28785486
46453371
153149305
1652541
17045060
19397785
17560157
192955168
233783568
33530012
16951250
16245822
76348185
16616061
368992130
21269970
234446900
16114483
14767553
89740717
39565045
21327082
44783853
14074515
28359387
115733549
80111837
117501995
6519522
250188760
212262370
293131808
18815685
234374703
249787913
202206694
14125897
244243985
224285242
27899417
308721230
278124059
76649729
59771400
194623104
108343240
21619519
14253284
16473577
57133631
26493911
26342787
117138835
26292262
16037309
15307190
16630956
23305886
46300697
34352580
57064162
16396271
18708906
20990661
16273700
15741231
14380634
16929962
194227058
143258422
85606078
15224867
120176950
340717541
23845149
266796061
32194972
55881852
25620750
55346374
47961302
17029338
15518969
26777550
116505994
316647212
111017967
19163930
19540659
299432712
26780957
50786932
20246783
102655943
95926917
22931253
63168167
316092872
325830217
53873612
77538559
24187567
7334402
15442036
22052113
209051064
93761782
33518282
127682655
76800509
89209754
205833330
19352484
14166981
217849268
20999272
292609646
115502896
226614591
45654379
25552309
28340315
22814117
50073507
18815878
23228918
130852189
99663766
276160315
27308199
18734017
119166791
15742734
138770045
16312070
252110905
286302336
57393011
226680441
21999038
185684821
93444896
20103144
14810783
85634177
99767525
263734172
277010391
59290582
15255637
224320485
55396775
256532727
33126607
21590449
55018701
270491704
248836813
22803113
68781145
53055761
103018203
45734647
151531332
16926310
104493961
41346792
30050923
166607010
21094636
22205084
208600977
29343781
19401702
21588226
1035491
21122578
110823581
166252256
131144091
78671324
67168554
19178359
39117680
17889080
172532584
243797058
169522367
21886746
259176107
118230767
14834817
16893035
74206438
236624416
262748999
240264955
44609514
174447369
16926081
249926034
16148339
126728946
16327472
258658836
216818409
36119497
259417751
116582053
259348028
116641084
50074691
160550842
256298734
20458234
90707686
16514549
43155659
16019697
200134589
18199536
94125439
226230309
41345390
250162731
69134314
198959733
29521405
17814693
17602018
17530306
98926485
9437832
15743525
16739279
15078634
45581428
16012702
30053712
75028078
65019748
48805836
185898678
30063770
72825676
15006960
42979223
16575591
27545164
14950156
15137676
18245078
17778930
30244377
15952638
44146762
23489140
47341545
31128529
96542079
69777227
44131087
21146211
82102918
242836537
242984357
115694556
233696188
63832762
16298415
27863028
174690147
15368940
21980816
16256826
23173647
48592566
40711530
133570135
14260037
91639695
46468027
104938477
16896354
28363009
240921277
172808388
50380758
11337492
89277194
22837895
110004599
218604563
207331730
111041804
243904634
69254825
15993122
1713631
29044200
244491305
234420343
246936374
130889282
88806753
159619843
29111704
16186743
146471139
34000247
249302944
44181323
16330321
20002978
23026859
35579326
18788797
17112878
15724082
16926232
32596825
239528085
54559532
75400249
197043906
26360439
72370276
197731587
22500636
177765220
23214564
24151997
47891535
198438181
198446867
144882706
178391862
199080454
65919935
60496573
22575145
198764497
171541209
199389706
15496626
132536026
199286398
92941225
61576967
24854917
172858784
190857717
38590779
96789017
18817272
135007839
83704830
69445791
135653370
22811348
159126623
16208086
205341106
106589176
15913066
59977074
160233617
20168956
40380062
171929323
15575912
61555263
206803921
17330784
116608520
12967822
15367337
22150279
14757714
22289339
205053189
208557364
198711323
17659498
107274572
120673749
134934712
134054658
209930249
203648766
80680494
54766919
91634705
51087251
41945066
197114250
131055748
197646173
201883349
14541184
16715725
210305108
210688875
205603458
33382270
212746430
28599756
68914915
59736950
213280514
16569663
15965913
21930846
208320903
22110883
213499475
48450363
170384252
46099152
15212433
20597559
102884186
152469225
31173684
31564702
93820213
106487076
216784856
128534300
49150206
22873947
17279281
216969899
170788058
143029785
16209521
217331033
16504814
205597500
177743349
197098971
17969659
84078238
19770949
73956497
227739895
36041076
25295840
36213248
68892714
26005689
209156962
134093663
181374332
15446975
168792314
48149009
17120599
128315927
16283853
227831301
214169085
191367894
44253771
182683942
110222599
56931148
30050899
19462341
231160338
203062667
14849562
28568111
144387342
88674616
130375323
230069337
33595167
195902865
14367751
16247160
31233028
65082057
14186393
18650159
19156574
205293197
233305208
146311805
61000706
80403646
196314717
15668958
12717042
95965719
232127685
34942864
111903064
227878312
115276825
1934931
185870371
222320740
183233772
16285060
21708314
17085723
81861697
67435927
45943551
17996793
149150181
35500368
163526354
231455464
240667459
43342743
197047814
159980947
30086404
88054865
70470950
60727590
14246074
115478138
17210935
60437146
25565356
14925704
97266311
127163699
14539213
87824540
23133575
27032124
118951576
65045074
15428943
115171053
83367331
42704698
70709901
31389553
41015569
151000824
19322919
50365889
43961575
39407561
27557053
19617011
27953668
21513067
19324578
15030609
21774970
20645139
32565429
21360825
77243902
20060075
154258073
116299449
111978871
83417551
16105495
121164593
108543012
106815697
37287625
195746953
17968258
22826294
17968875
6751882
18923032
84129740
15007149
17658786
33998183
15587500
16878156
59204932
17961886
110541296
18058609
21186125
24752484
7152572
44777959
6450322
33967142
104685486
20652615
22636645
141024242
82245316
19190886
167456926
190890578
112034787
21206042
15548741
17722044
193354227
62526424
29035908
99219356
49127156
17392020
55352181
61853389
24922704
60983046
156480756
18456930
22392197
115868853
73466050
14761891
101778465
133772506
48435998
67070316
109443025
37765935
53154472
16724972
52768561
79310035
132502823
204554239
65069436
14277701
48128492
142843687
79319224
223049706
49625189
45238141
6146682
197477697
233576055
111326633
16188476
240203691
133617038
18018944
21618344
239008530
193721508
18316055
125441928
102402548
160303675
57324027
194091577
18020120
18528834
44615672
43339319
226791782
66621605
93144950
143078300
68506156
158787753
35743955
53134469
16245995
36839843
28099715
28099949
27902825
26100329
206816055
33966890
20171948
38715554
41883751
15190598
20058110
31005772
117492648
16340000
35801616
15630893
15664375
18428777
46267283
29628962
104323929
161737354
66224302
34683392
22730842
223209997
15693362
16296153
14336780
22180602
233842454
20808375
17001435
37040188
20444463
13218102
7270292
24905240
19394188
9508922
75364211
14616022
20654353
49053039
131172702
44172969
27989761
17874544
144312283
135292084
64458393
138444747
201454728
24893413
131172995
185761668
192574965
163497821
80196269
20244961
172470598
145742955
200154627
30944238
191208249
86135319
17137476
46424263
38052825
14744961
95475428
96855528
32846927
52963363
98288820
84606980
98223200
46807181
37461389
67642552
62598578
81618513
18435132
54892361
94144057
42886587
91485374
27782132
3365
40260612
21414576
80944550
62387389
21120673
75258903
44169358
19717849
165547741
18916748
15589311
14825418
29455548
80476266
14561805
64291797
65898327
95581316
95625188
101612939
101557618
100488170
38308611
52737135
87800508
21447008
42940605
15948995
103053750
25945103
98953677
20946107
102071743
72583878
63735119
89894243
97974879
15111159
28818339
89824852
16256307
49665294
18757212
15350894
98947162
106148085
25056025
26162584
29832623
18855334
109035863
128241452
15677819
143330113
29452206
18343955
28400816
15017820
42919909
158747009
49020926
57508243
175902853
41965517
47218927
108494073
150731733
32552444
17325271
48848173
36277522
160631357
113424866
18810275
172842664
18032410
91930908
128088409
17738678
18746707
64091813
121313542
45914008
44682276
97490155
55838072
21374158
22804865
34761747
30169106
22502439
13456702
167392446
15916962
104407331
20846774
25217941
41500585
167939590
60194929
29738476
134623802
121446312
168292732
15235519
17078147
88976164
216855513
14384452
224071381
18100487
209608206
16279470
117817470
218998677
208056737
22557161
8889522
15745101
147324862
26160291
19518239
190063596
23222258
18774140
180287231
22488919
222549271
70813633
48048222
40589647
91298015
95588217
198232495
26031357
86628663
176460026
212336449
126615508
62892061
221200386
32492220
28571325
221153484
220199386
39277657
221056704
116520313
100160575
41900216
128042190
18951045
218705172
15700171
69393978
25249896
15198942
233634980
22583725
181039844
234399548
90070677
16320536
20504043
164707575
23066831
22170975
126316269
21336290
69062953
17724037
221070012
25573732
100269373
230939054
33058868
41019284
14184722
75083516
18063062
44666348
177627234
25754091
21923174
146981087
56550357
15909862
18047049
23083093
59232422
201067571
118830545
18035523
4207961
130617778
173999134
97474887
234226569
62566271
104897288
44144385
21125377
40852968
137781438
67370542
27568840
19250575
20657448
26742630
122474769
65056581
55546445
165153530
23193243
15812356
29999105
21717842
17514057
55931111
39302767
14704131
34484969
41874317
13673392
18170896
20466215
20109973
39578928
42957913
18926547
18876618
31438245
38142373
28301931
38665899
18588866
40058308
16479176
20084985
28661124
37945547
14687493
21087665
21583826
18648150
26813325
18219438
15745899
33587536
16514869
20782724
14122608
20197971
18868570
16826656
43358679
52779839
26087378
19833417
56396500
26657119
15715242
4226111
100418160
44678768
15148682
25595319
19166274
99592773
139683224
15661604
14325534
14749166
10294682
15377166
15009953
15358286
14116513
15920686
14344823
14295569
9534422
14856252
8542882
18198493
15922214
102859263
115440615
12133382
15012486
14293310
18665800
19740592
70546709
38438076
116544702
15076670
21499345
17235172
28621056
46813718
129919053
43009446
17487585
73347967
32092956
81859359
52419540
233949261
54244548
72865099
69990091
30079246
90884940
41660647
15808765
177927463
15281676
14140370
15572155
47975734
23585643
37844334
5738952
16720039
23487907
74826827
57457257
62578199
24069685
19126828
15160137
95909506
185606170
8556552
14955716
20345772
14667809
9153162
19772189
76749661
33822070
85341315
13108492
27213383
134567792
20437286
46954754
67786401
151181804
30817531
16117481
89513531
217411303
20523824
146086317
121841688
18223197
16201793
18620171
15568613
58806955
18684930
16974897
165280368
24848817
227471375
102441923
16386047
73006707
96695061
153834167
119409084
226722055
118159674
22544812
34092406
224654258
130368147
32759789
34192092
17147415
197787913
155660849
225567570
23206003
38846526
45915756
162959093
58425534
206952660
16687509
45701975
56280744
131342187
99019458
125730897
73303753
135297032
20002401
7356562
22669526
14354562
29442313
21111896
26083271
23092890
7846952
16303106
132278386
17902389
236485849
74897444
126644609
36845729
236511574
219676134
214741084
41847726
223897116
236585108
221564437
14967279
181642152
8207812
234015854
15901113
49098949
65096423
68339628
14466538
231187887
17537069
176856083
40294086
21809256
37693007
14334127
17494010
20705324
17224730
28675017
233215456
17285207
32943052
15986825
18194007
18045966
16792896
45436858
19378315
195128342
21873714
45656004
12242602
41965824
56167264
16785950
73650792
232077898
193049075
236271325
108881339
45850147
15997839
42858241
72276456
135864208
27681687
177321174
21767984
74164455
169588591
12343442
59638591
87299464
29779519
126820259
33996946
11348282
11347122
5508462
18061669
26097041
48688206
22535018
19557225
28180775
124740708
154212996
15875119
36108586
117832271
148849677
155295989
152061694
26058085
68432961
117274738
20357108
17497477
15480686
24173601
131025352
85462410
148005918
153064055
113036476
76701332
160217532
146120843
18028757
20874888
141510212
165576063
156986765
36079140
56462381
16598700
166285106
170061000
15182373
87209917
172345325
19286432
57788099
173425408
14094891
170665495
26264713
78849339
22829732
128557504
9586902
20536157
123065497
93683025
80144422
43345108
15234546
156723261
176617047
49031519
15107281
169194673
15126399
176988606
165765539
127492063
171572307
124512169
31635486
18688538
31880180
82112298
24865495
153933203
116552007
68226532
24262253
121849310
168528235
178840940
121525439
23226127
180354579
168762897
159577818
147374387
157019214
17416438
102470290
16782377
156352303
182538695
101822770
121769590
146496586
24895130
37963098
136374557
182603984
110069020
188321665
116434206
177354306
158454839
41824510
141639144
188768169
54588083
18648729
28212713
110472128
34034148
18205739
18410942
32209816
197036259
25362748
192893133
21955751
153368570
198950877
17060501
116050553
158336570
75289720
130166115
15041098
17059769
180822312
798556
40770886
185782746
16544760
102142592
204840635
198591549
205856334
37940435
209887799
36674968
45165418
14412844
162429940
48821161
17299472
57431945
38450363
108664421
214648219
93961715
181963936
44418635
76761978
91676134
190814410
172105722
33037540
149718894
38581205
193999887
202791290
53787675
172822797
118796524
193787285
204808225
215312160
212392708
9567972
53027314
28785578
60705458
43404382
16225921
23818058
88538486
49169557
97502062
42111754
94097312
95014942
23008624
118578904
148936255
58872158
58505236
76740061
238454574
8494682
157798886
60364834
210430779
25083969
23107757
30012902
21509281
24188835
25365604
23954636
36991134
33953996
27051348
25107976
22792768
25333487
25498033
23486506
23074877
24182467
131212613
176284085
118262246
99732000
19421850
24752493
213344010
15919905
219558924
192898027
30455980
7744592
17427279
179912967
216558445
195867062
206046280
109613783
211156583
213781362
211624413
26037658
25895254
219472867
224848660
176846230
15675599
13606242
95687773
227395987
140546946
30256941
229852777
231657530
18858254
13602482
50839846
34578401
9766942
15763005
14214838
23961239
49383
36744068
55620047
59518886
9272
68164740
20278845
23759395
17906957
16406458
19477758
15244787
122224115
17822278
38765780
27680454
64424603
19135418
90511811
14540042
39560923
40271616
14553626
108382575
149982376
67070069
41999850
134213823
113351931
24635176
21728683
23722975
8953122
78408666
51241574
14199378
90077282
19354391
59130623
140286364
15166261
16940925
158426909
91180720
189023691
34855505
75321341
58492795
64018948
28507495
36780612
25419357
16266326
15367451
37189647
120234524
121159904
93956767
127388652
48736462
62167456
129408418
15832913
56712022
16173386
15934324
18245306
22131010
49037224
177789518
155595829
67238499
92342182
170178141
22862035
172742168
182885716
98687810
105647796
16244168
50214652
196310035
21434680
37554170
27556923
62582434
18440504
42389136
22620664
37352625
90698341
29218075
18671044
225623465
33295466
19102830
36382502
16519067
77271015
23001423
21588744
21583653
21220931
2836421
23502700
47429373
31192867
21171071
117416536
17967675
19726069
14377605
813286
123312525
214278918
19168436
61275853
151653285
15461806
218565208
18541735
76745061
25426971
65332613
188020777
109345164
28744891
16713063
33406521
166317452
17066673
21908150
23871307
70170070
227004330
105206835
125435306
53124918
25931709
169472184
29061929
24431892
23731351
78065435
60380581
15868335
173783264
21953384
65913703
87827714
58318388
43812565
27337309
23704376
16078149
133796656
79050626
25636835
225069973
17010947
53309297
22942377
22956379
27254398
20567250
16500656
17659312
10957402
150742820
36050838
39571573
23225923
12097852
121657783
22786660
16130041
118969569
173163450
232445555
18642171
29284444
82894679
12031062
18707799
19052450
17140284
17084127
17084136
113198433
655473
111103715
47993092
19006707
15170346
19112923
19109172
16116713
15649433
20436059
19777534
21061366
9109712
17629860
21783950
70430551
18172905
14412533
73181712
20179628
8775672
16514578
57338289
15324851
14845376
229966028
19726613
7429102
29201047
158470209
20597460
83901492
109287731
109071031
60828944
16742806
8128442
72198806
18695134
18216752
126505845
14178610
137847078
138848074
21866094
26820795
18910992
150771173
151894589
150896712
84380238
14192541
98011503
102431847
58964877
153223683
50407365
135656251
55707202
140670045
163182424
158109651
18589686
182831195
21013314
182941806
186298542
108745256
168477620
59158212
42620459
45152737
2017381
116837593
199394931
26798580
204291281
186257361
201837096
147264514
209072520
16032493
170618342
31453604
177200511
14954736
124224165
225134769
224830780
39245812
89467084
134990744
91374336
24443595
64467379
26672983
53661644
74520028
57437761
74709736
16501716
91487062
104570036
15936691
93698423
34776119
19771162
15421558
41667485
17973797
18139880
17072231
33822705
23706436
14681214
14600034
27070584
22798877
22365628
18024376
25422900
39564141
26261465
24428562
21279708
28108599
28165583
22187537
16816157
15135543
46070059
21231063
20522507
23513141
28424453
22798542
23557612
40258554
19779804
25577459
18097604
20955902
27101414
30232704
25111672
18802290
27905245
14857382
15148923
24382472
18988241
24429103
47743452
17575019
28100059
28219387
32457871
58855342
46300312
25540087
16528071
22194851
27951075
16514575
24890960
29226754
41886366
19361058
27904378
27918176
40042367
19086728
19087067
14437864
20104831
45578343
27917440
44446208
26300704
37029122
25496849
59141221
41062299
28206056
25087217
25507041
27145285
19416159
18023140
19446195
30741714
15287435
38197151
46294118
78941245
78977078
144974046
144909618
139461370
131274095
74228505
38441030
123336648
119283348
47719591
15601171
47399702
172818480
20957191
52734125
18021210
16514556
20150502
28176898
221794177
22012091
25781141
5568292
28197549
54300515
14688489
115979444
119159695
21242180
14774158
96211098
16028241
16827210
16613128
9532402
14515799
52070270
20608910
16129920
108605625
27901418
21982720
29337356
15812711
17217728
14399160
16157855
44129837
89820928
66369206
14615871
14747825
22981815
30924894
21675438
17409240
18622869
28576135
10878332
18215973
60919240
11856892
64747736
45841943
21027368
12987492
3108351
19774211
5392522
8839632
31127446
20542307
21054720
2467791
43920155
61270808
30008146
19553760
26074598
113420831
23997492
46760519
63246339
20479813
16160352
16780392
14173315
15367660
21328820
24257839
122130462
30311580
137413274
109025212
15764644
16789970
85403535
56207152
38705388
14655634
27313525
29210726
15210410
16031927
17659670
15432469
67025968
11735652
15291042
9943002
38681688
25364651
15063139
20090273
34586298
15432119
14665169
23090707
20506396
19675644
31257972
18235902
22062559
3380241
13482642
15617668
15152374
18049891
27355297
24026035
15098171
8452442
19930211
24678191
24739863
23106700
21363865
14945958
26947623
21400091
27918796
13433012
17593537
14712659
40864512
16630579
15936717
26529088
14983095
16334480
27304788
15691838
24387958
36047372
80157465
70484700
26901023
17876077
21131742
21422957
75599966
28128296
62417275
11377472
68052713
55446191
56412018
23998119
41364464
88643594
28998103
21215887
27189252
31746745
41807915
17026767
35238531
85823214
22109445
40969012
48431200
103614260
23959252
45010089
77928347
54931711
20825739
21036370
76091017
20867568
76936279
43910797
22650211
39602243
26518175
86633377
48847011
18028893
19674502
9624742
21129733
67378554
36683668
16669075
19571097
42975190
17074440
30043495
108617810
76699256
29608509
50372988
31818123
9762482
20012811
20926802
89654250
16552733
53159373
16116288
26878188
15220768
13160892
17833574
17993906
28842244
15917758
22948692
14616554
20687912
14185317
16456122
16356226
21139887
14323188
11463452
30770403
14887893
1917731
73238146
26946495
9300262
14511951
5741722
19778050
29209404
17849234
428333
56801135
21583721
10615232
14717197
16228479
15006655
20983140
12219162
11053412
16424884
38435380
15918708
15271986
15463486
17130839
39523145
16371887
74206007
14597351
16704731
52397612
47663034
22685200
18812301
71294756
50325797
14529929
24697991
15675138
14910871
16543775
8795772
21530025
20777057
10850192
6753242
75370554
48112353
62663609
759251
14835067
20791073
15676492
14246001
807095
9855382
22799750
30313925
29542975
12952842
20113797
26283307
