47020338
14226882
15956067
47968639
22077368
17993004
19412785
14326420
15919256
26763420
15990207
249758564
152350703
113839050
230450027
378180952
68801460
53606937
2990466329
18812301
1025521
95506425
262691862
33972978
547860279
36651066
21630029
472552916
148116121
1543986138
3044840091
1080306914
21475090
47526275
2575941744
33774289
13657922
19918986
118228048
22495024
15369355
526186791
342918164
113744441
17879241
86126371
261198439
21435963
14480378
7794142
531627880
275361193
312189104
93897876
41591401
354957106
17107316
15483390
2922928743
4620451
313091751
32275859
2345372479
136067410
952086582
73754019
17289717
269940486
494621407
78335892
242098934
294085726
325868462
62632267
40010208
150224923
21193634
126369849
20852178
91379999
28216483
309354920
16157855
14007532
17124559
113199229
17766477
91180720
20800328
42660729
167623637
1339835893
19195094
244722043
59936143
75893701
1395693691
820585
47498801
25535595
498960989
2259259550
18791654
310128043
44513878
31198756
22089567
18852393
182880523
280664117
44078025
13832182
463053212
15368065
24794561
23224924
110213431
1665514478
9677372
44295213
2445809510
16132087
54622050
24619328
250784170
123738314
16162149
15485441
44039298
570290656
16799528
240737573
21322255
15741036
217083195
17637692
14837962
2580878737
37965812
222622640
28902856
21540556
191049947
1028930065
14856348
460246990
19983050
16787084
2927758254
37721714
233985354
16101182
174793500
15320854
1560444553
44960116
269448653
47960407
179492928
21443773
45399148
272710377
27029537
12618392
52530334
114192592
594745693
22319115
17164352
488756792
171606534
407396556
23348842
1125930936
26909691
2414733397
362519588
2890990359
2329418784
17981186
17111646
750410160
17751265
2214472093
393097570
36473880
19785310
2940964728
16170444
55300928
91721335
20532533
390967705
452935531
195988950
169512661
867046028
169514394
1066546788
309984674
168332195
2516070439
1684234034
27756540
18991439
15750214
14413466
19481072
278642216
27212264
27676108
25491788
327484803
123654963
245572815
163995093
21878635
24464743
87712431
705706292
109446583
16000856
18191927
15854702
53176629
241194425
6135032
44181007
75052205
29620439
267447692
1543973953
926601
106565465
26535379
139870125
15908429
19216998
479886158
227037531
151106990
78694788
103087786
92055121
50446226
437019753
52615210
89222289
193484225
14811951
16653734
18137749
234186830
2691552012
19734832
33537967
114670081
118130765
21251668
488620840
19333719
322143316
177336591
92183278
77920769
234493276
27225542
19223022
573149116
568565386
49733381
915726438
2875485611
228794007
115564212
1767741
23023236
31524154
19076678
885548557
23605114
52774637
22628469
15901113
204823934
33919343
97370449
2850799708
18742394
139162440
147970244
22144278
139909832
238172781
30364057
16042794
15952856
29465136
15635604
128733097
211514225
33310366
133078592
139286948
15675351
564111558
250492272
18227519
38479043
21243103
158990537
87584353
111977807
26355341
432766911
334217161
18967418
36743910
74829020
42142849
42958829
46746151
19725644
282545479
39245720
224351487
54523265
17186905
29542988
22278303
364373415
21962518
36890646
87794542
15224867
18170896
1604366701
299877078
263975945
12096202
90034304
15383427
37029298
14517538
20931128
56725219
14209883
32673051
14251225
262199810
20475240
21307076
138770045
2194529533
139186916
46847174
56700964
19031731
502135911
135173872
106514937
156300451
26596727
17086475
28796289
2491917133
16681542
705091592
16244449
133880286
16341043
23848444
31611506
109431937
617802724
27710985
121166620
22685200
61605255
173925279
426802833
19785811
190360266
515822213
78403308
21157904
2482022082
1065995022
1074412920
518644221
19407835
233761277
242761889
309267226
248699486
26051676
584012853
1262814457
1058717720
1027156464
1089859058
1090002997
122174004
1243902714
1037321378
77846920
377016559
80617430
353075746
2657143946
144999634
16248719
18139288
569540227
27105334
5741722
7884802
14695985
23817772
950531
253639811
18686907
474974313
20259954
1597251980
243639047
190298721
251910252
588554500
104914594
2359926157
20658469
19394188
28096105
15394528
19629840
14075928
15765991
61734492
552832801
25562002
100860790
5336752
301014412
16187637
21406834
66533920
121489431
375391308
2291532750
60627728
326819032
55643029
7592642
16328195
15009761
92095091
90142504
749375898
14597239
119610949
1715501
31534918
82066670
122406881
1045751
12337072
8960442
96904590
6267962
18107015
16101961
222170862
19621710
6022072
18257896
17877122
22387220
20173468
18580432
228768266
16026783
16912204
14115912
17265327
8885922
14478614
14188906
26757704
15119529
5845492
14805740
19089116
19999626
24773177
1439547284
139790901
25564548
23112236
57770539
106135104
346197350
166219963
19035963
2240941795
215694545
363006860
167518667
114782468
55896443
524487620
30948168
16815644
1704928634
32139745
32527636
951915308
289462808
2350490634
7998482
429227921
1732829419
92223496
14616610
20017835
463765807
10649692
20073589
300518316
25582157
14662569
319162671
488607750
22674946
382232114
1123285472
18697888
21318519
32521584
228754454
115745371
46955476
14046504
21901272
15664289
15463486
108686283
121305860
14066024
113172990
16369359
21787198
32347705
186826724
53182061
193438085
15871277
384543600
438935496
825525265
160561302
142490217
23967935
21612122
61090009
66768858
131977300
46667731
59425403
112526560
211636625
216777407
20474813
38740332
21316253
125115830
14049145
78400205
250686499
18950712
86129724
22529427
169586280
19077617
20769514
24013481
294270520
16555985
621457521
242418441
27438376
27948604
15433452
27763028
45445240
29244617
18637396
485018010
87498687
28398282
35745067
17243582
17737614
36510873
19562228
16072058
2359937696
25605494
70954860
330930920
223978695
17060020
452521774
47098558
300552750
1430524716
2347049341
20068679
2330712260
140928811
47285504
335972576
1262099252
158414847
7228682
966638065
11348282
22799750
18963809
476256944
171598736
22730280
1099199839
34842257
14692385
27027979
317980134
22499219
9130702
39502238
18688579
78677709
48073289
836161333
561448167
90667089
42711801
30284662
109614001
29192654
44673415
85365067
273401647
20281013
1342523676
14606079
2329066872
41177378
204599219
340613443
1483971788
15204596
82689705
591204352
40713876
492451159
255347566
1435809432
360080772
373551099
884998784
15978412
114050808
14857525
117543420
2253821635
394837174
325777887
121795745
126401831
121857220
15808765
19847765
1071777608
261885785
182471278
39564433
262325462
48075643
77314692
76133715
71634122
599469717
185702024
15727317
136300373
198532943
23721159
524396430
15936982
36389300
19608297
500704345
1730133235
17539497
312134473
14141095
14552720
279784730
45629254
509564171
55790584
49204865
1733274007
61267358
241382835
49698134
55394190
23911915
1143905359
17291452
234361966
203296606
1262736474
1548158070
95297779
975468942
24789175
15430418
16579911
19034656
1099479379
15159913
15716419
34312259
26083271
380648579
56552341
1178700896
96781334
58869089
188783712
57405911
115979444
16319594
17698956
79743108
15446531
1428441589
26826499
150808638
19553409
200709323
1614054846
628709039
12811862
997684836
16140124
1068481578
59331128
1069124869
69297657
70709534
15839947
362510239
97503010
12272322
250188760
268476335
130647368
806618569
49111486
461908717
312544085
18684952
68044757
450577886
423615378
43289988
117244757
81220455
82379654
495403231
1316811403
299734693
264686213
111689606
599454226
12245632
22313347
82939583
212320989
48581849
18179659
16076032
356278148
407013776
146167871
1393155566
14677919
16132819
45943310
1074518754
245539132
15290909
18812572
342803375
1394605356
16547587
37526845
168295477
54418072
17869798
237477771
807253855
11852522
119491006
13493302
48144950
36126602
271586770
91386979
247441640
249774750
145853899
9252212
13850422
16051471
126629610
7309052
97474887
50325797
19608273
18909534
114015870
111799309
15946841
314261554
14717197
16163121
82151660
200542610
23791417
17789578
10069612
17553400
131144091
33600887
1286312880
227790723
124163000
425485044
15507433
262799941
522282462
978620492
19541375
431640134
121788510
256512135
49620730
18825339
1176994477
132278386
23621827
44134773
18766459
614441689
729177876
979100442
17355459
154985728
457635380
12926172
236026761
77032777
139738464
24439201
49033103
308233424
7380872
50406326
14961052
145338914
281279326
106430958
73416019
135297032
13524182
9862752
7381772
17813820
222554961
38507478
297067961
302237696
526633940
50683992
15129727
163598915
15470688
104237736
29598035
62951382
100758470
281610530
17773720
1128464353
163589845
15837659
21542518
23069514
21755423
45577446
369232105
118188665
12354832
970207298
351133674
20245775
340997626
56465393
44195770
3554721
90976046
18344104
273097675
8036392
14173315
577690047
347466521
165998897
34113439
603025587
22139417
23605102
12296312
22650398
27048645
245412130
205864193
2425151
270453567
20570290
21252618
14115926
14855994
150686538
392961241
1080016992
77852581
21240602
18915795
646893
155680896
46713710
133872807
179546580
217284148
67378554
42692687
95431448
140519774
584390838
235874933
14062180
21918310
229518069
27511061
87510313
460376288
92186819
357606935
1198481
12244082
31448660
352534407
14962779
61083476
15931637
23080711
259395895
537605678
19918005
30043495
18678924
27939337
13358682
46176168
1106501
321574462
946511857
24926288
17074440
145313067
257091348
15946752
244655353
19918558
164412502
28785486
17004618
89820928
17220934
136550204
24715018
1009054656
329761746
116505994
172470598
104324860
233696188
64748862
79797834
18790963
254117355
20508720
19083933
547099395
82116947
218347440
22138357
184136149
18776942
18276341
15852861
35567751
16317567
66369206
23601242
47954642
37469127
523397097
22771961
16143986
17112878
450941680
15187701
59031230
14476328
22485748
78408666
261289053
61879600
16172747
95270375
16340501
15891430
37917164
17004139
11178672
7848802
351944380
309937733
19086456
247033019
123327472
258885469
39434755
14603515
12685742
14434011
2020351
21415998
10922752
14552725
15670644
14268812
330579721
138479037
499109830
33660256
82167518
47694175
113420831
19079396
33972882
475286355
18174520
15359578
14139600
61681958
16016427
33235771
15441965
248735463
36764306
72570335
16935292
202370279
9634812
22635728
156016878
67358777
131605984
20776497
12670512
102238997
16297707
843876602
110639889
36047098
108674923
303916863
16399949
93069110
43409523
16125224
82414529
624413
18217008
280630251
284179012
6577642
147649517
432772955
23839835
48043084
17881467
242944499
135515077
18772897
20813112
21768766
38232102
465861707
17119688
208163898
14327715
27901418
121596471
9532402
16170253
87471909
590981559
16041234
19605981
61847314
138149604
437561031
16104258
278093318
108189101
17487795
14327663
22642788
65466158
16898404
47422980
148900525
244128288
453319164
355713587
39252899
285744541
2182641
96405362
27055034
142721190
533854264
158826094
80944550
49729058
87818409
17423992
19805776
700290655
16664681
32078497
584139171
382240338
69454389
228880056
52401142
16721621
82783856
64809555
78356106
369813627
344712765
2836421
14276218
5743162
59676104
63004503
85131054
14270650
28049266
151242655
41416388
65431946
41814169
16898332
14499829
4119741
39800314
612896910
75600769
14296273
29628889
33084299
437575800
45641329
44266782
15520346
16228479
610922415
293131808
132330752
612765094
16227629
17905715
16081831
55261443
90658621
16249259
22162315
20893441
194437453
16810473
35752381
61259848
61251702
61280883
185718097
15667291
164383046
14870670
54662755
208155240
21005767
60763047
114887629
14659350
37721930
261918703
58683409
239783885
324095750
18149465
18622869
24050278
138020182
31464192
21356747
46417885
105154667
32628749
14326797
570285886
185270420
62882514
45371411
20437286
44873497
39580052
33942193
165204211
16018516
109257354
19255147
53222666
9089942
573997053
34274380
21147846
44724797
19186003
167494170
16184358
20015188
15586316
216799530
92778772
31468295
285852662
210097701
574115205
15826822
15007149
18069710
19992829
34713362
32410378
18208763
15211869
31484477
117576644
55334133
188847758
19539716
53733438
76520255
574779770
527033728
18318642
17436250
564787590
338608917
247323635
188152554
465807944
37723353
116467314
61279019
73181712
56440142
21862217
21220931
457695961
234826866
325581008
11388132
375980607
386507775
541329760
155823836
21343505
28121016
16198091
16197314
30050899
130945778
15281391
18175161
939091
17270262
27696993
93957809
92572677
19103093
11469852
28339843
82649553
20150502
48038024
285252127
14135426
392462297
102887944
16930125
9907172
199307523
19856800
129820892
52757856
263688237
347395654
231546220
41269920
21312469
140844060
343487034
7819802
401625957
35474809
33971020
119751926
111666189
20480549
16713948
352548417
133081159
107202682
39566375
58113946
236252296
186109002
281677172
410077321
26538229
38424134
243840731
14790735
27065472
289913444
53832621
15231928
15891770
17669211
16197177
107163055
260396714
15472733
16303106
418214556
263701385
33792634
381528249
501218982
52052011
288308178
7402662
9855382
113102632
43979759
48177456
21718571
222953824
388250702
17669950
15670107
21835448
64948776
39313927
31491988
21237820
394741838
425341687
16698389
26668729
82643763
120129682
24196684
255719070
34022952
115718513
120176950
7215512
374587434
39155029
301796994
18881645
15001046
372862603
146345578
205011763
337742544
12709722
31122582
16400481
286332740
335537750
66985085
127617328
271164013
22028966
234488292
114573640
277124730
26350255
281686244
80111587
262937086
20517132
16311797
15922214
243337600
167024520
377094047
381682485
22046063
11771512
466519303
59547153
6096642
388354776
19107878
95731075
330502724
112942401
455288410
19697415
35002876
459566689
4207961
69193833
15753057
36371489
256022440
26587516
235004033
18569340
81183394
23827692
259817328
242713336
359938102
68799810
127899595
228860399
10117892
365759101
373666077
235196204
207660339
22737278
26657119
219309051
51241574
83901492
16160352
16473577
247334603
175433711
53159373
58580960
404132211
137794015
71697330
131500972
21968928
425968387
50367908
31497996
11856892
20608910
23092890
339853679
44195699
166252256
158606653
330592913
106820535
15012486
391411526
20772763
15108702
66369181
21665196
113127789
76348185
413466731
18949610
12804312
91478624
20778387
92546441
21842781
37291805
37281592
108985543
49697450
62607297
364423298
25317724
323392744
414291241
26402930
11856032
11856592
54208274
409456907
239388380
22129280
86141342
15463671
90077282
39279393
19301682
20582958
14780915
17375281
11809922
8953122
14275423
36719281
26278266
110823581
369505837
14335586
56847039
171171584
14246001
15896580
61285110
120233868
9722522
120202126
103949895
25011411
6112442
28181835
14345062
151444950
7259302
37759047
14515799
4248211
34105532
116527138
18097821
20109439
46817943
80638910
108617810
19914257
322699008
313545488
45996631
151164515
15973881
58491989
57768217
115710058
17662274
196186298
31464562
32995184
28258330
81644488
19000697
17472868
168780835
15473574
407238974
33522957
101371964
385673973
20402945
263936580
44401911
21446902
112297864
23097748
18701485
59145948
9624742
27288119
61082393
14792049
60422202
65349332
14266598
14588121
18713552
15355482
14269768
13804112
110004599
14763834
15950681
57917441
24718372
245891006
113112945
148068304
18851248
289420613
90642314
25187182
28602948
385553071
15996830
18665800
11857072
7744592
15754281
5392522
1652541
2735591
7400702
5988062
2884771
807095
11883132
759251
3108351
1344951
2557521
6017542
14293310
18735898
428333
40097187
80628196
69181624
33998183
17006157
283082825
30313925
23093824
10508912
25946632
98738595
1140451
231223609
14752085
392363816
40912473
189376144
87271106
390377012
130272950
18587457
257661436
21122578
116917808
15220768
20818801
43920155
26090882
365823569
20721395
44165613
21444287
15360275
9625592
16161622
14216123
116763916
126406217
32774989
31127446
14588748
335369838
16191760
15807367
164759805
233299101
47893782
1677151
369910217
9109712
189671871
133081348
114881944
15515858
115733549
14068794
17049255
16250929
80917722
14927297
148529707
16958346
27298118
48802204
22190185
90746809
17134268
165791468
131497030
38271276
73413771
86999680
28372884
59045843
330361451
234044087
35773039
85615231
108993692
25316676
21797658
77017567
41284851
14529929
15993122
13251042
61220477
16522257
24195214
14437914
71294756
34310801
143506878
20479813
14173084
252249233
18510860
259290574
16129920
14615871
72198806
29201047
60828944
109071031
275371710
238259855
173999134
9300262
15724082
205392468
21111896
10886522
85892107
42389136
242911974
158426909
75052666
298086807
325830217
15442036
227841653
224320485
45931428
20466215
2467791
14514804
14511951
16789970
33222598
217550103
19167293
813286
17223014
70771229
278124059
20597460
15554922
14337131
64397500
15368940
18634085
18172905
275304259
55355654
104299137
46557945
15689503
159609655
140286364
22109355
20295222
15918708
1917731
21934966
242555999
14629460
246088673
36510146
15324851
792659
14703552
32388250
36366977
100310149
16316334
242836537
87586867
182503471
62915248
18695134
17494010
14885620
14325117
14411721
34279670
41110598
54574064
72220887
231854033
17168232
32676484
14319128
10495952
15265641
7334402
14868145
111303528
43910797
31602842
87529245
18523126
40690764
31630530
53502240
31214533
109762257
35530463
35803923
37348426
36648953
30084938
17140798
6593142
44548186
34621512
56727214
110790365
15923226
37744859
89968872
9522502
15313229
15458181
59159771
38839798
14957147
73238146
52413502
12794062
26577021
21414576
34665127
40260612
60970788
15675138
21492467
1947301
6597892
16893491
21786618
16739711
16317406
