182653961
150078976
293131808
236511574
109287731
515822213
18695134
60828944
7429102
250188760
234374703
16160352
172858784
1267940407
242836537
1068481578
1099199839
476256944
171598736
216503958
15808765
49650401
976969338
236916916
912608010
211420609
51228911
7713202
211530910
15394954
518644221
237750442
347974719
18846918
23083404
96831824
211178363
33903907
221375041
364243120
40296465
151943134
455427503
2262156026
463485437
47408785
31583882
30313925
1058520120
1531521632
1061029050
1151590614
107172099
1262099252
72198806
132278386
1074518754
581141508
92186819
970207298
628709039
43920155
20715936
247334603
115733549
486694111
18166778
234822928
153486399
224285242
15442036
83901492
117501995
109071031
249787913
15324851
242555999
17494010
278124059
18915145
73238146
11348282
76456274
29201047
29442313
16789970
20597460
16317406
13491312
34012907
