376819015
2890888821
2799273778
65981979
467739426
33602654
17005368
386092483
2151954805
46220856
248564702
2344241923
11651202
5496932
2750127259
764444310
18648926
165266568
2882413844
15726728
1074518754
65416867
2863210809
2856787757
2916867288
1921782596
103927659
16887429
934681
95723526
9713862
66756794
80923992
151336717
1132891592
138822568
14529929
121626258
88481288
138648277
722313746
34743251
538779882
446574340
267858858
746399252
278145569
52136358
22650211
6577802
459923706
46178001
296856981
498328145
1325256631
431429137
7563792
377534571
2583205550
18994290
475988505
89539134
20238886
191931572
18945029
16930489
2458364053
19359749
28407251
14858317
22545240
2209542872
26014513
2418172428
844353944
358557658
23442668
2170377140
584012853
38351801
2364627817
1594513225
375772289
935368364
23999320
64527114
238234326
15418817
15113565
102482331
328670106
21316253
31127446
22836880
290526915
2246813357
15808765
70112919
475194300
171697740
54918685
356520124
733719060
181161696
15987296
1068481578
15212187
91125399
95717760
249325206
70437571
397771451
39653808
2254104464
1699750058
430130014
110723913
57629490
757372008
362331619
26053643
410067412
18695134
85844559
1624362871
57443812
16052860
733530528
27414706
408928526
1675147274
1096434308
1059086348
29442313
138103050
881292230
42871498
20877831
1159518715
259451375
262295250
636698120
359403242
608826805
20251654
423739208
180401221
17539497
19917872
529644841
419575012
53291932
88246253
704250462
247183872
240146685
500184805
21050255
69697605
353508327
41980930
474324083
41659956
1080437774
17061263
66148200
38315134
153784150
436244915
151784979
39600882
201998584
60784269
374073763
808004130
23646621
368497409
394981608
373159275
26102467
259332340
15679641
257961933
158060289
23110147
30313925
354358089
41961365
479028910
742108484
403818961
402949040
539685558
83234491
106449367
805494217
877085179
19490385
594977106
27298685
1957499384
19627478
215825053
1445554201
1400503214
536781820
1009562940
392743001
117972265
45489122
378725196
389812629
71167352
352644752
160007849
1972874690
494219995
33824153
467116852
49517704
94123823
1902313020
708874938
1880026591
30987594
179343981
17968063
840160302
75094137
457535178
1884384895
1902604117
1107918674
504850975
24368543
27601201
1409453064
1241668471
417532217
1035277963
162585062
1964112182
340621945
550295852
75364356
138536728
217912727
322440801
15588867
1483526150
41584867
50123896
44745807
256159543
633609747
531509347
27003812
388329857
898374318
199467201
288887409
541956698
798681264
525807589
1589436133
16704496
1093220220
158057137
16812908
43459710
136130378
359760829
186868964
124022302
45572850
164154695
214888464
80964763
281326900
20557892
834073158
30585102
48961660
1694136427
31040588
20713061
1548158070
1117644769
21607544
805056157
18147727
593700012
15878073
1492918320
21525246
20410334
201042627
1052753395
102956304
219127318
576679032
59267975
39889064
249368782
764692898
1633186988
373497360
63262930
41474398
1037492828
254410443
895413804
48071354
18958999
15518537
17413151
898815595
78523300
46872077
48633738
49493916
20748745
111511015
443203919
874784413
1850077046
1139863262
47673765
1890572912
162738502
1405337395
36437258
230288360
60026566
339172226
273035887
54294356
346901965
66188709
76763242
62736575
125180028
538561186
772753249
393138733
42108810
333279444
938016644
398837051
527356609
15518893
40356762
308326460
1237419871
51803033
618139086
584311330
1379288282
38151045
363994536
557329975
32916609
1397762330
40517073
1485271602
1056440384
1613651070
32870649
7830622
1342588046
1904897388
26301322
908831478
1581319537
22146250
1902515862
34771589
19127545
59514719
1710597656
224400923
394288117
538787226
300825473
73647843
32791410
1912587738
103711233
51994004
882748087
334189069
721143799
466108570
134247673
833990756
68137018
337881401
492571238
77253745
95071187
1328046631
62124330
1559105900
235439000
89540686
562876988
213447405
867235700
486235875
15734625
535399752
11522372
378386858
373659014
17825554
1306263212
1436790152
445109419
775763414
559080148
558272470
109333748
737578796
1288227674
61776145
570284308
42715639
18533876
898797914
20381381
175447321
17328596
1872118699
903089292
161916906
347011893
1901008237
249468027
138910709
567414860
62720982
478350222
334389274
33949018
1159257384
619215615
196661431
19010788
18611686
120092564
116871871
438085962
30385667
30345387
1556853488
426302017
921188299
1247366628
1029986960
1395867992
1907773447
37963733
171502519
298685340
32371875
492718030
14328024
1494243673
262825078
9167352
358091193
424831203
846385550
518810812
1869527480
358785598
1373376542
1860763620
53939141
1701928434
107562073
22049571
1905196412
297412881
1337672047
194983572
16011380
1482341222
17994507
147524896
1714053800
272220041
297037148
40525261
10042612
37809256
94459366
21746095
58888841
254189974
68902408
334953308
341223818
338020913
474410563
897912330
61288050
1357779576
620169816
853674151
48082735
585788694
42314856
843921272
374839075
333048770
127650499
82984939
235700566
35864358
18125710
807253855
15513604
23016395
32944052
41368603
620530422
353842283
95069715
473709363
499266305
382438492
1645509174
156301756
400393167
18558760
526346146
21258085
1327886762
250922773
69190453
1600062062
35246388
1631718643
292801277
942535058
577511739
840456230
574681599
78207189
161897602
568050614
284597383
969226080
511525987
1536617431
905019768
795870090
977188400
170432851
175737917
803802859
26528830
484896381
1691148967
756964296
52989817
574483864
260903509
1109918160
1005126732
26257638
70125620
66233923
369783276
69163320
1656770132
624756566
624004552
326165355
747599983
54029702
122462526
19921268
1023829232
792468931
33611715
33558742
410076442
273769809
1403726954
57915401
395530298
621440540
23039411
946758018
571010261
413961906
21164721
199056422
782582845
276332413
543049090
1671319380
37270635
491461409
842324515
29356260
18805461
20592715
1228802102
533445959
820852008
50877198
71023771
1043417082
17065072
1096185936
279306536
21889372
52061068
745641198
20836777
480082947
1689817099
481458568
1226277918
863513952
1730401736
53499607
36540455
221777515
54381400
330738772
292732274
55311424
465100062
1301244769
354074429
35880671
236207582
477702366
237835926
264268489
751206314
37799280
349472297
1402770451
33320422
1631364936
160918818
32764826
1578569942
526634380
144411579
17074440
18956073
531659443
277561227
598925796
17742669
22502240
363942545
1096465837
255824064
113423378
52141764
8524102
415951586
292519466
625721234
235119199
137380559
533624547
140296171
526067482
1057646359
158064102
48050455
175521110
545603578
282224096
211515004
50042773
42471006
815459580
1499666485
243813534
18673125
19542534
138214798
1696701620
63280663
463455531
915137490
189596146
19929473
1661123646
15127179
1506290456
16197215
512538761
225980234
632425257
50164350
1623104534
174780445
381056467
1220107848
707679793
944677376
629262455
61815215
203240268
158715755
462617354
450379134
437763708
1531976773
958992936
1596187627
39915851
889404936
64409703
41386345
303418470
38908846
334670570
70134965
1599411260
140641561
865242169
534812488
883099050
455054064
1324067964
49470271
144033709
1310886925
21899643
25943222
113194321
65983718
1715470742
210596527
716242075
1591941751
394105182
1104083418
51304706
1048399304
106729357
23931838
531499474
1091216816
1455245017
93288759
568614476
439184373
7548732
90964095
95511687
233052530
176491336
1259851956
17029151
110790365
593840334
860084496
197181718
50854213
287341445
200713026
464395853
407247043
34266684
50925084
466199989
876889116
373720745
23866751
860744108
136791254
432846442
367837069
810188683
133066954
456265125
33604883
44682474
403004561
250170014
22409843
18181583
21893213
169932196
1358290958
1281509275
437304470
343772856
1647222254
85332712
1050111
707305604
19750998
430319297
71056578
484358771
465158270
17605335
16123492
1222938782
134978456
1372343822
117877455
54204422
1233572034
470753965
15519544
14982625
1379076956
885517404
1152828506
14160277
595722507
6608702
160066352
15460793
240736691
602807375
12927812
27996915
376223265
1344544040
49237648
637340876
18170412
1255663776
61664932
15302774
89216493
441368693
1546529240
20278903
932966863
63493754
63864872
6724252
176614899
21757798
143855326
79840180
172893705
452664432
1129157624
29583819
563102152
387427303
460844912
1209417007
1109661295
120188211
69164455
1388120904
43460770
357047701
1428441589
103691468
59133139
74521392
593984892
299230971
43290406
500131441
338808845
336086000
1544144820
385266773
124935883
23617145
294305286
364074540
1515095126
210724119
353345701
541144797
321280827
1013783558
953248274
453205202
1330877113
126924752
1231524385
458801857
116319448
22995504
432671999
847515420
260433798
28824681
28902086
14093404
518256180
108052596
39409992
1119756764
883728752
910823640
71588781
24261212
997428386
27563757
31289696
266658290
30037607
272237835
632537453
50044510
36452050
14944532
15165493
18774477
23503181
86977818
193336046
15473958
52758395
1603718946
1623721021
506456090
407538753
364589110
1548152606
327096961
17655090
411945652
17934114
129895508
56749157
372301595
25579796
24294818
34348390
1273462964
77329732
355652141
82522251
87730555
344458503
100250921
7145552
37061323
1383232538
345407080
486909512
20794061
239428071
58364109
37763763
619399804
567732851
1096059529
1550836628
1071402577
218127534
74992076
41410702
74311481
432678961
1177413068
41473687
65517621
386267091
1462419804
36681617
620698212
303890722
308781419
754108322
23228329
603037450
629527375
22096457
1589291137
22362095
44550108
156847093
1611736854
957787920
370852039
885492776
507868950
631277617
16697527
129879105
18523776
416337158
820491014
156516663
448611287
28578720
1237156340
95995039
582944730
302217416
18087749
275215155
94947598
258550147
1155200430
84174742
18233057
328866822
252403461
76688577
1072788948
472745516
764386674
400083658
1559309227
16068485
20202518
40287112
606696893
21793946
26834339
75883640
34089686
522559807
834094464
562527600
21604052
77794283
446365886
81461079
611424373
836598811
15931637
781113794
1247950627
18963809
28571490
271117001
42805134
237112765
23098517
16148677
554857222
1581312026
260940077
328608272
280633444
118854018
218671343
117082566
17257145
192800365
16232683
171606534
907165158
18881102
19614210
280227687
191469176
1123571414
109665762
185924892
412642190
86402543
186154646
559720879
249402329
29246575
946644355
1446452726
100246984
1064206014
876522625
1063190647
70197132
53548981
133456403
104071939
369834448
17020470
774010238
15379484
121965213
67464705
78453208
21406029
23006862
72198806
1554541458
272103568
43906698
161553531
1705611
104569741
432643761
190328374
478855762
1455106448
213107665
254226686
540122045
536528296
378738294
573324333
1364803249
959510942
429051086
17918065
394494958
633671991
296558572
92752327
554747900
860200224
23519943
611755377
510120656
349105926
1011267440
112010226
1379413123
33890842
1526148054
172435270
17922825
779123970
319797347
952891352
231876280
26431201
23113181
1489373730
98914218
1531546752
22710351
16252034
337338872
22577145
7358142
126523005
505985589
163109848
98764683
67759049
1393505113
69164186
636012457
338743743
50159330
1442062730
515643691
427541809
147356267
732928759
70118472
18081264
24653898
117290548
402253362
19001319
23134068
314947902
29466408
242256735
229644579
25292876
92102012
1548325470
22610448
85915099
19389037
57408986
31266881
58231078
166715703
17474682
37042654
26342913
15458230
316861723
20872404
41204501
28123862
511402689
27457788
43166813
24715151
29487664
75904087
80940214
11194802
305189255
22517990
20537468
1070929081
258980571
18001717
35859588
17800215
57113624
19782028
212097279
845706414
760837843
22170482
310043213
618396926
574405888
20406676
17490389
14396683
478155077
29610854
246981694
925443570
552139489
267959196
297369350
17606369
44768267
910788349
117833860
14989516
541979062
763683606
307575910
252398355
19845473
20686956
44664652
20440309
369334883
17008495
19211550
48009380
529556957
6742412
727273850
370857611
466062405
39684472
733073143
23074597
790124708
14839147
26122639
26838951
1537052353
24396177
49780918
90329999
159207416
220549690
16044065
114934120
14716058
143888658
35387456
87974122
22018075
1413793885
827292985
36109024
83424217
1023072078
278067629
22047070
14269301
15311220
75890142
97223142
7792422
18180698
19737700
105853193
50565131
1076909684
743886812
245056653
335043068
170861207
70292462
16235039
182115761
279073742
63464107
1457120634
538155301
52090590
131149721
419203687
28352173
21754631
149281490
1281071504
44213079
1220864203
114316002
101304929
266134813
288341723
431276769
46783037
20708910
402916279
15345139
372915607
100871263
1514163732
1517286048
599441886
1117393584
229675084
67548686
211068552
109313477
1480591790
21322709
59683318
257642832
499738413
1217438172
1086433860
45410444
126771455
222132587
40028472
1357601646
419118169
1198596504
26459660
117454986
801461832
457910673
116878575
396825810
764668328
153776947
24495486
282645730
610781851
1490647146
205336320
486913239
635118274
15309804
1514420989
49839622
296481436
1408286976
190891064
174507325
39006273
31604190
374826901
15391102
88272951
588479306
910989757
280371222
90871962
21331501
474082849
1479764640
16504629
45472095
490051836
1514053879
1512213151
410686447
1487780682
388652893
25638968
365626026
323620600
915333776
591891764
75632874
461535977
1465956102
21776552
1025256499
1452995677
1323843236
380617019
43537614
527834646
1510489585
133462024
285346783
1513589671
122163824
65809444
20448825
14425254
72954618
728705702
1510444183
1199380243
366339378
1114083860
58238545
1398391644
61225063
481249788
1405349869
145761224
22960464
123437464
38097395
124295107
768867169
198854047
188352430
937103748
492433516
462438729
30913503
195428349
1510999741
204952991
1035818587
1449256447
163688837
39069971
124866862
49138406
878916812
250954561
18704225
98507228
293120622
775195256
35611471
277314123
1305585444
131658188
244660107
47514068
270974542
190141122
326145795
55592652
73793721
19489629
104903786
130197957
1497145723
232095529
87796919
67674014
23350413
714405943
1358348820
269353165
614718224
484956632
243716859
139489227
131411075
26062623
360217894
78207988
1081250143
1235593453
403548828
494393313
1372645488
220800648
72362712
236244111
14650230
983567502
292576504
1475737717
34939880
198160290
104916170
1500480308
194283929
307733971
35146049
196232060
1496083830
1435835252
301466964
130378148
861597384
1494492943
1131819050
15774229
630301387
17234573
1336599756
1494793453
741696319
159566341
135588576
20736387
1494210486
24736875
1161221690
1291251487
918738264
77573933
1038525295
831755588
121537837
1499218795
437203668
242561914
106126343
1498452355
860669810
16687344
14144711
105280685
319126187
275593688
19906698
236920552
222253016
37488415
283014063
581402970
219931133
8126762
162915498
279059142
59029093
342566925
407954558
198766151
24368338
386360399
19464108
90580887
306519772
23647902
43139696
144432986
33134434
810288942
23587406
24480203
251871697
14993541
34023399
860698362
1040635248
1181021156
78095004
813237998
1490528336
1498879717
17976585
237985124
1496594941
15973721
467069275
266084180
386268651
405269668
122499059
49748947
265727018
29113970
323408741
72180211
623735989
53598016
14163892
223819213
66811735
1292405179
123697014
814172322
836222588
41826598
457675224
509384598
1397192076
260899096
269167396
885661681
527837024
14955721
68633306
1098775374
49855528
479093408
432727221
55890778
19246990
1495897921
67501566
950433343
21009217
16797503
32174142
506881031
370750223
59891978
375146382
22825568
57653628
435470846
304120022
28696663
351898736
950198448
340046380
378375013
1496154236
579610432
307590003
1295866946
136343999
14324682
1423625456
118286241
455522249
347691739
36618857
23701203
468829497
408823105
39510422
590509696
86614977
78714278
134103729
41165649
525640619
203180119
28394079
102887393
298793768
41012436
16311907
827733534
835721790
440948176
1471615951
27648100
534709037
30746907
174904283
506902275
1092612038
41208402
19627379
18028893
519974177
242190835
906316080
102747639
297699315
29463196
21670055
435099091
83799163
434320561
17292234
488646397
1496080320
1496863626
1238981322
329096964
263285930
122096047
1397513634
26947598
38031224
574286043
174371048
23022687
74787434
311165745
321165588
353060311
373970722
472130486
475949793
436192891
1482341912
978561402
187102168
575603069
18323740
136762795
304124784
18596172
1148785418
529754587
406651093
396751666
1491177721
160348847
1116858403
1491171667
41287319
553685093
1361033106
20198802
1491082771
31471542
255278532
407771701
535554692
315886341
481844398
926018732
264828977
1470387055
720771661
216388533
259489745
55049762
17914526
18930190
25562129
220783397
1268422100
876567342
345768184
327715590
74519201
874397544
1477461235
77316704
1161846943
69130762
500825161
49038348
24206827
472132412
152145921
70156027
792660210
1425760988
1491102553
535627661
528925910
1464309428
275075177
1309748028
382910487
242836537
194114364
20110773
149913262
403468694
1092934142
16097988
391528213
236242525
93902984
217236990
1475920819
523532887
539135317
961149667
69768385
1425523170
259846474
490404989
315869655
1469487666
45620442
229089644
814273
1482547652
704311254
16732466
75912657
913480284
1347692814
138822701
43387194
1348128692
134946337
868485978
135638779
1490890776
18155174
1173124118
567147156
177374693
19269171
298910932
104048309
944547218
33642475
55984648
57038725
1279305132
12161272
1397475894
1264578536
1344708552
1380398929
137658331
1490535890
42892123
21623884
217062934
397394700
35868174
247933087
1118004986
38521282
246500501
808001612
100121270
1038913333
86391789
20597460
764537534
116509938
22307765
124607045
62900412
56561449
133947544
250822435
25600203
898811358
855705864
571212190
1470379632
456993361
109685177
23802278
381294924
126147939
25871441
462409651
102488708
72704802
1220167638
1289133373
224052487
471502274
1488522726
360727686
584172319
67969388
465660133
500155132
378134214
1067468678
570911869
1132925282
1317689665
133055630
53820325
25149483
359055819
67888019
28904844
359164725
1305961394
1486888416
14841020
16007460
1488333924
1163401820
1487747004
466160159
322452775
548634075
1488301682
73356181
1151414582
26748994
334127852
172342038
596784015
1488279858
157668564
520694049
15401731
18278800
894098071
13139342
286470200
432640901
823008379
292048866
25280207
306250750
1076444298
280615975
242139487
496464789
1480260218
111132354
1476129085
1488259152
1163232240
915484070
1089763609
55103986
312654370
1467834913
52398558
54835713
116928071
47156427
1446295333
15742985
64183846
257154524
940457137
170476221
932614440
25714246
208669165
855707634
566731876
476241514
15008659
516771233
633674091
4528691
617554173
198634013
30429969
1367120215
823577732
986751960
565617729
1320898993
331349362
32715484
20475362
232290669
15732704
336072901
20789997
703641320
33483461
14742136
20572865
242426506
1488016692
634827554
454116103
749551202
23769349
314288709
1487998734
68206744
141099799
317378810
236961126
370425145
634319054
246355310
300248334
525815214
235789499
98915890
226804415
119466953
491820465
31170963
27909697
49873812
64781576
55874022
755116171
959375792
466085183
22523182
503198165
885562940
26168301
325163390
375412672
355314147
553844990
40326266
334673131
172198536
154663706
863813551
21906070
519616150
21393782
794511126
909429824
370123361
627489275
61869915
113200619
607734680
702212952
68145823
48463755
43162247
51274577
54408648
91363073
567930956
332939318
39163729
127587958
77040199
281891725
1240925610
298024798
45947728
709077126
489125657
1348106298
568016521
582202048
867150168
874753596
33981571
52717808
1309445706
273707094
80355923
185482697
64541290
28174274
111131774
16196491
17467950
16004747
18021381
3137331
1297096916
317731956
42719002
511970204
1250972786
386948101
82679182
105631745
233933230
617143161
592396576
77643329
485202271
1416236731
286882430
21775637
1432131944
27956439
1015985011
24041474
1044260520
1247869705
87773805
27054030
576230427
43182702
104275768
729962941
18773538
597014017
443224827
807995593
52576622
575857218
270339088
88222637
481238939
21433276
25689113
580595922
725988331
1137468259
480853069
30552607
772038674
242419664
1457254722
277252491
874942982
1148372244
435416621
719348184
290851852
766258429
1066165238
448092566
1010127566
44771978
118313957
55138546
738854894
30639729
118567880
1421999282
24924235
139974630
531785231
610092452
51333535
535692789
975200486
230973154
17999966
495447462
17756112
437987782
21561976
473571871
570031255
199768203
55062129
30835599
465659427
263020925
111547732
797368076
21608662
844147586
49793399
19017604
21781951
258551101
1413426648
436126527
415367918
28690500
1206615426
113415150
25706893
66533920
212773613
15659496
100384389
499215696
1444432639
38226099
431182675
279167748
145939572
818381641
847793900
137191685
1310755981
16685367
14154693
465098976
19088178
105043041
26903885
16479143
229732637
502409110
1254728618
1157168911
414416565
189663165
455583211
618626446
274270819
487191523
18151001
502418979
341733353
153515059
34751839
34323443
1085189977
1234673563
33665393
1080475808
792154585
14857964
239847997
173028283
368175960
1070011082
40941197
37685181
16522080
455831378
24825097
82675902
49311062
175154161
803603736
389314624
28697390
178545928
18754278
102492728
84611374
898905793
313965511
1332483493
868810314
1475899405
427735173
908064396
473078550
121577785
791667456
529905000
261449305
510948692
364610603
43751135
49455256
125768662
1442805337
107433408
71116181
270568832
166132712
525641456
373776373
1340397632
262401415
1311152898
1413883352
43131327
24894416
53434560
61008839
171766368
560828139
522177246
584236481
996467306
87448418
506733087
294301263
19948559
20091551
131913269
287730152
146244551
1420981706
378614341
61489198
139768199
805313478
861548107
386551109
1254926924
44705357
57849550
1161440250
28201964
1418086165
21368238
144527487
33811812
741297163
585081794
407955785
587086805
51709152
528956020
15935541
391386185
1249280018
38926453
430671482
562243444
250832467
156042844
1069404811
812216252
162114552
78130788
809414239
91493488
54667289
16512565
354100719
825508376
28731961
1245496290
109331141
317792498
27427649
147283448
246179810
50544474
189012228
216464284
315318985
220460019
524329211
280693341
1260813852
348706055
64065410
588765722
998400493
805599150
561462751
401563448
54229868
898633376
1117777436
31206758
546767783
1191093752
78565403
579368294
738811706
1109951413
51745008
15797574
303246692
53519827
796071330
1132206548
123099087
76805882
1241594959
542271666
39130868
23279927
735218466
65679924
616680945
25876092
468603566
40158064
19543692
878662339
30974710
208105850
564654299
7012902
701589313
19324308
937618189
36535299
22671779
1433411089
17542501
16557667
375374016
240334048
170109353
1355879684
824754061
16096321
49532166
125396502
23257880
24300657
48436993
21604766
18094579
113552754
29723558
36386011
26492823
5145071
453515683
10389652
1064176266
303612751
71017516
414901742
1475788568
1446323996
160312547
27757215
20439040
229967005
875709560
120327191
1425513072
17455596
1451876610
785038573
113120838
1098542803
73816577
16475545
110974766
24930343
19355300
6189332
350293633
346739103
402956238
18345594
54653742
1334676336
341027410
532717580
78977249
761557088
1053947070
21651982
295171830
273118146
779093905
119604527
55677432
454249913
69670513
308721235
1411325264
19102093
798530833
958297832
18319492
26652733
148473927
72747285
15610098
1296608335
515984940
368310571
734987114
33329411
563840329
731285940
174503471
457820209
322800499
922403875
69490281
862831734
317299055
192569586
20164145
552800047
1157504106
58883564
737383147
753552612
898948975
152133436
310961902
51609807
751607461
345480792
17297742
74247792
758110538
310033425
128109208
53416455
22087935
540501654
24467920
194672755
621369136
130120719
34360376
16518302
635682925
755780250
495292291
1278855632
461547076
36792874
28119955
272896715
1196644369
322699601
96312731
49441657
443230646
948978961
425061632
781390104
398411515
433178451
20607709
88587962
23731756
360054481
117959550
594187339
27245796
276079597
534831016
311846012
16105684
243589860
1317456614
144258126
22551960
1319606844
887788105
318182225
584128060
16691239
531497189
46078524
158223011
371393999
176474803
492685422
462348784
89589068
239306313
18258597
266776743
25770408
18086847
621107984
1363449445
956426796
1041127280
1419210638
758593584
296919176
18336024
453210266
316877292
629916190
469308514
1063493395
25593846
517295675
20200651
1365982514
39414608
282220986
343621614
25219867
443054922
382926235
242373567
437795296
50854399
285339106
813800592
528120253
531690609
805975650
423172197
278918598
31570570
16933756
79025265
58685992
85450895
381399271
1172681474
72073705
333043468
892478017
447680712
198493866
112608270
577636419
21432623
301764623
325579587
203803137
21283587
442892158
749748420
28441674
1065917114
1452098197
121300050
94260213
554675064
68166416
25823566
723365010
147601825
1426253114
38659915
525667183
28923371
398470901
102396573
26664414
100270267
356749713
21933267
881435648
56308041
869745709
271747444
15933649
31623445
16223834
61551352
51096075
494213047
474439999
60308396
24966943
245220573
7179562
1414001749
276764650
74194590
737294036
1154011604
33786168
99015340
131249770
331962799
14925128
838261429
352665664
786110335
271739277
14588916
701579694
20755776
481724476
53151746
450184772
72762979
55748114
281342903
773440021
1065869268
966829308
16631049
65525163
327715898
893856362
849414260
460367213
1317837265
227762957
705772502
1267910041
287474739
18364362
27789999
1059363331
260389375
95553198
100712897
892005842
373535250
226293968
634928060
506839488
110529268
33673033
15649105
230474638
29715474
20834145
418182405
913517954
591731116
101888692
1139628229
128270022
483377371
393713864
950498635
885288337
384841489
438011309
46578260
530840612
422821099
359643375
304061756
106639833
575116546
9335202
112197333
560523300
457535090
91453718
1363007738
243883245
343057279
372990523
188759782
302880061
378545634
538352616
355551193
428559259
185061602
139755815
516147292
42517347
36258702
613759351
428539465
18385910
86838474
201349644
60763202
1354791764
15366799
519888580
384225313
210629286
46136742
1151109793
831776245
281591242
342272449
355802390
807636524
1357589329
538954027
22814103
352066728
188901820
402505462
42340673
607267151
12113142
61825984
319858586
22095256
1245042578
516309901
721067167
237360822
602137768
109311432
368106633
28178964
257630689
390892993
37470656
437986012
472332855
140968193
117255900
728275777
351200777
455110517
17892200
533240276
508102147
32409190
1250156954
1241691530
709078442
159478788
561890778
17924677
19929277
431771635
16849427
1422065990
496844908
1151823614
1454394204
115787869
48893214
860851902
968701357
49186311
860807707
74243940
372574346
290743295
1098698184
58333924
618718122
709505904
254219851
15523455
808165183
1069370780
32395339
486135486
456807051
131944653
486818493
599754248
1252799490
526653979
396924458
230199568
600625760
1327527962
235743285
260388800
1211006576
588532665
625640550
1469989724
743897190
396002786
230851450
1247711964
1379501748
1434358032
15448332
400429003
732980827
21939876
16187637
1098496370
240393970
18097821
8669182
29053084
70477603
904456610
307433273
21752962
221390502
531484849
779147040
391804591
84135023
12896172
433828950
43370083
41165751
1011414938
544944963
582927693
41495964
976907744
539400086
42915958
48526013
325897784
54034655
1289645676
632514490
10333182
55275843
827924594
260101128
870877610
1470529650
270306258
27149364
1051233703
26770252
91716772
327460403
521413633
38734989
47532438
611149371
24872346
26696187
1467750019
1474044884
594925391
1167589716
260579681
16958766
885592884
1448353086
931449853
279269865
863885126
1177952850
1033532365
189140215
438027489
30698965
255256750
35207359
35349393
805869841
239921997
1373545370
20807634
495135437
26428502
1473644762
91371360
989197027
591438409
1474659949
800480989
1046581518
384974203
23543735
1473335011
772653259
1474519248
15830643
1474679142
241333183
32688311
19114782
15694694
297853114
339669035
1023603414
1016153754
35230931
761854909
18957026
23120241
1367144136
70701659
66124799
72176154
93223589
549339841
1395002228
547269263
32071013
1173502448
21252618
983031211
45399148
164856294
409718160
366063334
39755500
45442257
166773003
902814223
1426438418
48776086
68578835
256707537
867861240
519613161
1138463623
564859234
65028188
24262690
457021102
236703133
1252759470
14706527
53156589
22406588
249891690
26991652
1364508074
1360492880
33946024
183301058
54436863
63600552
21587082
1022437082
17395881
166210618
29258026
245680466
882950916
266752257
885684950
144910065
522757263
870635472
64833453
16474630
127312196
938030023
53456508
863889445
765350274
21537009
999443215
476190715
586996391
1343252167
1134624638
308791726
622638812
156660120
737461466
777178327
132835612
93897084
1362641252
1452745596
589174750
280218618
621724668
552419539
236127973
279550159
196764872
102281532
1129860534
44519010
146139991
28582515
148069967
596883433
463116928
33806114
868438549
236682033
884202938
1380372938
25103894
58869220
1387919042
217254150
15715289
258076812
870923576
19479214
511177454
995317316
405721647
92939766
1120641384
836726545
22624289
32375698
1431383833
271632752
136221308
521461389
992221178
964426362
338792992
550767396
64033016
234431553
885933012
53926421
287924222
194333816
339831428
36529101
1074544400
10926202
557113600
45700105
357709352
541435238
45757971
19328919
25626509
720849914
634598384
18035738
525914806
14334709
881426738
33590667
860699418
22060684
42884386
461561291
9980782
515056338
822666848
311896879
82336885
29954352
1131822504
555661961
31785752
567209572
336659575
386625901
18888577
271090642
848495460
1306610240
46430767
267859353
271275036
520810433
1117515122
755590267
20243128
233227011
840435552
904780472
256199223
15693190
25275725
1043449302
30014816
1468462908
522239741
378821538
88245802
580546410
16340144
195277911
448110981
18958200
260720029
796553886
1347975644
19491594
1468806709
18094172
151622477
186072414
369785880
277297616
1069495068
19887384
838473116
611292981
631254810
413257033
867396584
329963892
1447296265
30253471
770703732
525056792
101262738
396636288
1433943116
204339253
595854709
28924969
17190622
25361741
30229316
528984979
1031864012
30250938
1109807646
391824798
314243234
116198288
1027629420
402398568
19492240
1379584350
474054440
898842858
13837532
305814953
26372081
15723287
29730936
605635673
142149299
413637674
413591915
532516167
254283204
28329289
907221306
6102852
105519949
634184276
402911665
581523921
1420832616
282366050
930120961
157172690
383863452
343559549
49754177
1296476318
627546145
348611214
18865635
24525112
353461486
1423675226
44214494
379898032
755297150
307629778
880100622
347057474
64009818
717177722
19338762
20073874
93088579
1465165862
383422685
322074102
448589228
30801231
393886289
213761225
1428080204
530871728
529594350
1305789096
169355657
17233536
15501476
519927975
16054602
23459059
850198088
14155179
975179317
836305999
22748174
1370747850
217395723
275600644
801723252
454499839
93044357
15363308
1325184366
1269887706
480513849
64946742
1141226190
290715314
40227122
21908338
1059585464
1445490956
44707136
351238915
746672509
811477999
613582770
16478130
439815125
195968119
626539462
555832700
529564536
1424279850
22069808
181292375
342737639
1434471666
16156419
169742072
90020065
393130611
18018468
437993680
1428464731
931074517
1249789338
885758798
1286967450
203169969
1228451202
318223034
1468511174
129183918
101773497
114572150
48956768
548638996
450208523
898508072
337709927
406431614
506658245
502002359
298285243
27837503
94384054
1016306120
801780254
567109494
88835870
849568704
17134886
1260512695
20923669
110445334
16143783
243045442
618417237
1228529257
15811023
104466132
580761076
577346256
16377693
876163886
116026638
44246605
529701035
1257792992
626435672
582508246
1287872280
584911013
169209848
281824258
16420194
15972765
150972726
389871557
924285990
108450607
93308808
17876545
500470888
874612346
48566603
48601254
22700326
759581804
593362257
18098616
304853972
24499587
141696988
22300463
22929090
415796656
35092711
17838484
24772220
17427699
176924781
1250538404
64451127
356837905
22010285
394976022
345057428
28659012
952717736
50767699
146181311
369181340
527460489
45050039
17192613
552732182
563115548
404946834
142762833
790639718
27276043
8793352
1317124579
1145724890
161541590
145724722
1426802857
748207742
909214778
315878798
785142943
46132982
96291953
1359814166
21805168
633267843
33801739
36542668
31596414
20369095
322014610
509641420
286336658
36420751
25873619
241422009
893841535
26528766
532457567
15011496
317745935
1037825617
880504676
613976328
301359732
203177786
21604591
315473391
635013909
525750541
286914855
35340767
827304042
14483260
167593348
333714481
116507391
18168756
314751939
176277884
287314441
184217892
321477858
1430754194
42749792
16193690
768446420
176657599
85212950
19738681
163987185
542090289
1122478506
366743144
1406289523
1129661486
588560791
533856102
20590225
79240541
327111100
40770270
1419498002
725009083
1266068334
47719711
22615170
1059040274
1154553499
785524554
386078862
146149816
885712620
220409843
545588909
242205201
1054152104
178872117
55943266
612749413
112822914
60895477
55076158
35326696
54669212
582963425
25194540
565672960
1441761584
255232833
100247484
94486375
1347596053
792428659
874668458
1270030777
34726326
550245803
21669254
17926402
65366184
61313751
1263404976
112250332
620583354
26444955
58270778
273648287
563955584
399559298
18182363
777059101
29120250
163622599
1411317007
23876237
142712655
722147024
445230788
23211574
23206156
792985038
14229113
60653467
392681212
1032930554
28914678
1305513199
73195351
321492437
1129712204
1375209660
364813013
781029062
266200684
316852929
815951054
33957999
1113026418
15973690
1320975535
521966673
377037908
15966840
34939720
29920995
274176716
906345576
292929271
88328387
239244397
17802669
234126951
267349892
196662008
408947366
14286436
868381352
1193801665
21324543
1348206086
494240723
525977431
546229978
527469500
156336741
572677158
53146920
570786133
1467654349
876922530
356640391
455025249
512591940
138044466
1241862313
86850227
38877666
118514505
851468562
39038637
539187330
587585217
770520350
1173395690
479993637
25991127
66685550
190800774
1190187955
448055199
36316197
23256642
48153070
272510719
1466633053
30362607
69508921
897733338
22267337
798944443
43112044
31452669
860606562
1447010018
1410893796
20345557
243678871
1430605086
17181686
19619048
23866650
157445350
475411921
1377405018
568901523
347419484
458693200
140310679
54244187
50873595
24958904
186276424
497045665
22647933
34768611
331341056
79048781
1271007283
1206885618
21713975
337837911
1327661022
1426472209
166663632
125128428
59878708
233839000
514564023
461647353
748030279
188421424
247912208
83617891
774431023
1343115882
30801405
480004327
1373489827
781104746
1191858842
508082768
274185326
15030856
187889983
345162662
88935531
937362823
30447138
58480307
303091357
188519694
298267624
51081910
260567394
514098973
267867481
172961319
14715811
1152647407
19114646
606602007
543551768
780734695
868749343
49153271
62890739
862652264
18723501
429183327
68513661
792155928
338567078
116835497
195092201
447957260
191186015
27413440
24278642
31025396
48605417
90783816
380628386
1421802589
720214914
446631589
71613350
15818352
522800798
900187770
309689506
44892972
295491729
108807556
329478794
1247522576
1255787342
858601410
20403421
91055467
835601166
234155215
198945680
60100421
920562829
15723099
261085525
371756736
142470656
235847563
34619057
569195291
1119904952
18809436
31453986
15147009
381676787
20605155
15006965
27285591
924334670
526975727
983092278
783778849
56100728
310056933
132427750
1395987716
368544047
327707214
509018908
615745609
523368085
920120467
25767155
21598228
475282579
597854771
1146717236
181635339
733538970
330373787
336696369
512855295
18371803
860378023
48928822
570151547
116783980
301998129
22097773
1158568674
485170501
558274315
271724092
110059682
314406552
154261037
24296565
61815603
36837753
1370719272
81943278
36704334
250848733
1072453910
470329248
18195532
19718686
792318326
229197216
373954620
96018016
598406929
24801453
1184537982
1268650639
9450812
238985285
23492641
153531949
44686891
20007956
469069845
587537627
27490839
296622235
513455502
601364131
453537985
791893795
20126604
26791110
58634778
32921175
132536727
60030161
108483526
203265004
1212304628
353730821
1446373124
57445828
31136822
39668133
438827534
1274395152
78746288
40498940
731176344
61101434
70890758
506730928
60680268
427726936
266803682
96063461
15656004
790168609
168486243
7846072
354590277
438023498
419246747
166161888
257131060
22367212
1267294382
20335940
578169084
495527886
974170118
107792558
36054492
532257903
1271253926
92182340
126386789
532664440
1426806840
1444313197
264129564
105220309
32205799
74347061
24242947
38863786
342805933
195070336
112445359
1059033954
301756474
28868663
1323112118
245904935
12442882
222684354
126106275
1444457282
476848835
178086649
12475032
373420697
925508996
335052350
612164295
412787574
287434334
245551431
72873606
432674236
451160234
1158532238
420638581
53266194
14898452
247971267
822096666
246396308
42265227
34987581
162779593
168257373
42574555
291498335
460271344
18956212
889414560
39153036
42531027
359520043
104689219
24196538
18269496
457984599
16163639
164467866
133577097
61657281
389391113
474826110
951547849
392371418
24517233
233484761
126133014
409122325
22342990
571079153
46315077
16039183
874810850
44221539
199699465
43762111
337209027
273468529
842490234
1444398578
129979478
15501706
525630664
49172067
629884158
23187642
19101844
588415418
1073909671
16729099
6519522
20556015
14342564
861749072
25560979
947661914
421833969
69580770
95808022
312278797
607824849
53542975
492571070
43324978
89485180
154759765
220170901
15912234
249066472
73657657
406372829
25545735
184780576
938948774
252772410
607761475
590393978
88394635
619510222
103156176
26439527
19212059
76030793
760826425
21426423
143626530
51617774
177564016
385692326
710976812
908532632
73515687
1257728660
783314576
444994317
45641358
525643065
1288986829
16131748
130540040
35786732
342821167
71048726
1172999292
369018186
133334880
56181953
388667527
1179208742
954570410
41023312
627683406
57838131
531476360
120657849
377015359
302353072
134959712
547275439
518709658
44014149
19121447
403406021
277539028
470373325
14809652
261219120
26230848
725837046
286873901
26325745
127044317
874485030
312328975
1225774058
600489366
245831723
28800014
478106866
240866779
63815087
423110446
413347462
807035012
289603416
594221885
16830569
1441578133
906413545
977082289
1120377954
858887923
478120631
884830748
1270837801
328824030
784758734
88861467
163358967
316126656
610798597
475563208
49803971
16710420
17970907
15454339
48141095
63917162
305251209
61344211
95315780
269488377
52811165
31971311
14235863
254234995
1045140980
178344540
284620348
525633100
1078094414
15673031
87280029
70247351
183823779
19835621
40848321
138388479
272085122
1245293876
255256487
44264328
243160380
373624354
841573104
33351506
1417595017
1146349951
21447013
845396630
147033486
1093320337
15858048
543739346
35937411
14622250
325961700
170025854
825572521
390833402
264361128
451256477
473136093
20147219
631995677
434309989
454907268
565112744
619520469
59674605
55066811
556056324
42059569
28740137
14399185
46869803
103576290
51966394
19754122
796527032
38054768
20567058
826480262
1366858741
570126747
392648284
191162512
47924820
123144263
236509704
393735918
352046582
535824871
855725666
165196070
126083264
14312276
1378571647
427898494
479016610
335544497
625082878
55660287
196374112
42899257
340880465
18065236
967033308
16876094
36440517
418900153
198334590
292711801
1408442804
25511878
18163042
41810724
22456513
14357626
607589959
22399670
627335323
211078812
18478076
523740975
83840411
50816308
1161643934
1400433901
379832402
17278713
25957341
1248199950
1433958410
1144199659
75039255
86031188
1065102552
23485514
427924454
18261890
45998738
193527421
177394503
37801122
32226374
14998257
24018069
8775672
31310158
73181712
18528834
14199378
17409240
10126672
16129106
17766973
61011216
220214619
32482999
158610503
325830217
24971893
414295208
807124170
24090884
311902008
50023340
283718275
31163611
42135344
324022155
28329944
18963692
605815299
458214340
352708826
14132503
188857501
114319763
34135423
282695161
358746849
512075729
466566926
41661731
1409125015
748477502
30263914
929792940
546789433
130801280
365502387
858522434
112328878
822533414
277008614
25354156
173835301
61089526
783520945
314722934
22096507
111743108
301108020
801115920
21117651
1431368851
391507968
1096462039
70308625
14893297
797195905
822663973
180816723
48932897
353209225
518173036
1072022695
257939371
16443199
472557970
526636233
227575862
240076272
587112360
31513523
713218818
403848097
44605350
71994822
617246776
533052821
383523180
17049899
607209700
161998083
370082170
353019703
547839797
900020520
22716596
1191600554
51875950
48927860
362157378
809922577
908998416
30305144
144717856
752067276
93072528
770250943
155254814
248997947
74214410
1045533162
946806012
296534484
356492798
53488229
561190611
88051747
139249725
316712331
1220416554
446006615
48781212
18533974
202317378
354427415
14052001
858338502
818642347
418889692
117907691
29276578
173306938
15929935
22920848
28082249
19418408
166739471
49834861
542653676
610874586
110545675
241972988
362551331
62984265
532019601
276227171
531471961
1176524898
202983474
1319488358
29747434
633007028
929470752
155994087
515136400
23918769
173135014
494205478
49784350
563168593
5469742
72234230
59785806
237862972
891616310
55883571
903929941
258102381
850973504
143978442
26215019
876939559
293086610
58953462
385210417
20019948
929585106
33549102
26336811
494465288
635609215
297690193
363794949
28773767
1303823012
793867561
21946950
38829493
17921160
588473701
33146307
500300203
994337593
919458265
1291999237
59377043
33448896
37248412
24133242
448605797
48233725
39924649
1311211999
512906824
1078324094
792854598
50206233
1411908668
39295587
27489574
807315834
21480387
19530175
19490813
22937185
399511452
337528983
582438879
34813813
36334906
17818625
390913808
846244776
204550893
818674213
56561171
270064871
1359562742
351665037
23133575
514440388
899072634
36699129
362638854
346286747
17472319
91038197
319800208
160265678
579254908
247590428
624652304
28517839
18042071
18524109
534676732
509536670
32389958
87748185
48121429
19521569
30299800
1077446982
19452842
1253214668
17857740
71659723
753548598
23520192
525380796
17096853
38910872
16081831
14283170
30111381
37261304
8940342
20626103
18559124
381552927
15488528
249868753
38038159
342945476
33126932
860807042
22239813
24974248
29216764
13524182
412316336
74057037
773678778
509726800
16068266
89297892
15966651
32302228
155719815
15932085
23798694
46002396
1059240924
138277839
22461858
19642037
28962737
48459553
15662133
30258963
595817271
19611483
35393757
357013583
18980564
15210284
21768766
115724271
1917731
16817966
270060679
342887079
540257303
15169032
15232635
15850297
18791654
17492846
68508357
19156960
80136311
19039844
58592705
155337473
409359879
15165502
14693823
50115087
14634462
293850289
453754179
26860209
418991627
577277459
71382392
320437078
34471675
287413569
15901113
35823293
549766215
24198769
38531413
17582355
21035579
267576313
385646831
343180868
37605181
198756585
15721640
53517199
49758766
18948236
17610616
184935045
216561239
24113784
378234440
379403679
150254660
25092148
19000901
334219471
335066641
21841874
78100655
311813756
19732157
25108668
14773379
104299137
20247181
54281064
268635554
15605899
57976073
21551865
36290114
98695280
16348481
20252855
39834947
122447754
22875103
19173787
26007752
22509548
22052282
15450996
237403203
16581824
19188991
155942845
20733972
30209480
56422080
115462350
30859448
20030512
109367993
15876673
813286
21826591
20451049
105273841
19775740
28406315
41005403
174230138
14592411
121465107
18211095
17653337
5692542
84736552
4614311
16594193
14091625
14050355
37987830
19974045
56123350
24622190
27361415
15024479
19992146
91203043
69073724
19091173
414820581
59720523
377207363
337777450
558607835
1179231002
613081818
745934388
256533756
22826294
793714202
305877707
898551499
130643901
848329375
16365305
937444837
16023914
37080099
349832208
49152138
23264354
867937434
21395088
963230768
16585101
901887168
514582452
506661716
19602035
944089122
1339614452
33180256
108070814
802360614
28194394
108168346
22451908
223056068
116642061
785812196
940101955
30043495
148936255
302244545
878327772
18023698
430356991
539363417
344881375
19929832
898935950
587706750
47490779
265692859
500942978
23258626
858518510
364975324
246614472
300596947
935642286
458003944
842523278
345044346
15875423
37262524
5820642
1052134272
228850227
1216621124
124027927
147212876
27028242
21883954
1252270358
608499479
29626359
330486427
417712421
431796048
22823850
293507980
48256652
1379778721
16985223
12144232
615924256
17518344
37731615
37727606
1413518334
82455793
1158154260
73526922
432973716
56907994
398118248
14800483
249672287
22506768
250497146
501003566
53798378
1338384474
1199539627
190281836
491833980
129235890
41439081
933249834
69483012
1129702742
731202438
38244366
285902442
16267319
363883148
87429132
749794891
45611623
80664786
58879475
323900685
270527635
382875214
159225898
293095435
935033864
22703645
287413763
159598258
42822396
1058559158
1107930200
472539555
348141480
501197082
275704406
21683616
423823340
247038887
704306828
588793422
75635050
100122730
15496157
74775477
161669450
874662648
1296590504
1146424802
169674898
88091550
247374262
20574782
52758609
317582110
348884972
331435784
1095907908
143402677
22774342
461208799
1362709800
339200304
250395409
17889855
34116023
111152516
86389383
577413029
1242727080
423886992
252329518
17921397
240689120
17641086
257681227
43117971
316739994
1255001646
30487162
15029420
531474301
24923175
1004312185
923721415
560804945
45285656
1015788055
19403556
43508994
48373481
281685471
23921732
192761940
771478705
48473533
1267333824
1206386233
1397469408
18343383
26278305
613507500
130426992
583005149
22029476
38178491
42016373
621364644
37398749
55400144
473355238
77536429
128401230
17763693
321427517
489461505
401098850
74644440
34099023
16464121
26714962
4516711
864081109
17563801
34330593
49960083
272234869
547421964
1309161121
279771485
72425317
230859523
770761170
18038566
907090610
292980235
18317039
595969422
331073322
31393320
562408977
743527070
257399079
599443167
30353514
17938955
276260699
22838923
898806870
173945403
270108035
230973499
167643090
102561543
320037051
940368062
237139050
422799846
166025717
572809973
18258975
20725994
48163004
222616880
141763079
523622042
98769355
351311560
551562379
106452371
24761276
887264594
147358758
883053506
271943807
262305192
527095032
19478569
120506074
736624580
345644480
356285402
16568788
29347448
67322084
30189429
54655657
197144413
1318067678
524744736
43354788
774882396
381618515
324345840
1080403639
70997820
7777572
25161069
15902990
22026825
1063753411
486921762
18093694
94480795
850239415
525862144
23972985
52797124
539507891
1031664036
1320795206
161578316
136293036
164913175
430173496
96834213
69470932
387712782
1114659703
194159438
112950458
297728935
720930542
354006926
36563018
6332292
268425888
1406384665
365880813
16168407
110681312
22628816
443406477
51824457
38147581
124885583
18915709
441952844
1400603288
327532447
120550159
550459515
18324068
51726004
72966788
473565525
1396367149
108667378
751352658
235983507
25857217
253872062
39608768
29339090
44513878
18184152
335244764
100116053
707925223
569646822
578283125
49212552
528727994
525785725
35939083
162244544
352600917
864526158
28943446
164917862
17147083
874741914
1400840718
833400870
366686144
516927455
104694474
863806969
416767742
14674915
1061486761
536818128
23763555
372573735
17638882
267953512
528905050
299046498
484445257
1252730060
20435808
1205280661
103797665
172457076
27999233
276718178
146485304
41501988
701784218
271741954
211901075
38939971
241054148
1316926873
13031832
23010592
343198130
414148059
75730979
562232794
43978126
19937774
373758798
791987130
303134944
54176721
19610325
270935376
55050519
198030170
39880229
1106811872
426917520
16519890
85156769
29373081
899003648
553871022
15358412
341087665
532473961
373449237
1005366716
535535064
433556073
564927741
266894776
18132735
539742990
380491393
1286512878
585244062
274463756
71317839
308185774
17923728
28139242
94266205
65364425
369801757
603179220
213668993
534481151
69944632
1068834055
103930426
522526229
18466375
377735275
15846405
153956768
31204965
1359336157
169123446
394246259
11246242
393656675
433100951
60927886
455108106
27228928
140640762
519849143
1186810890
930801715
24098177
1400817481
416478271
86621558
418867782
194333065
145650409
1354065570
20609270
77282328
6112242
537825003
18135606
20849560
211445666
523342583
22275607
802659122
1394823181
120181792
15386572
829243748
782827778
52759650
132599135
21037189
527516628
507646580
63032931
44768069
90002061
302180236
529562997
34277204
138190051
785491652
1257848910
513087375
46099935
341480286
253743316
1356935826
593296499
72526731
18045846
372520759
133573775
755524418
264018451
906517393
219699662
929597022
72882689
878826128
18202659
179398887
370448731
103630803
13304112
1099539254
40712573
595973855
885730519
112617090
415349093
18393661
14565980
1141515625
11348282
62887120
69353808
120895315
21419471
16784328
53974068
19679854
324967270
18206234
348283415
998372346
462256342
828031543
270766026
732020954
83312898
130871097
109665242
8785592
514837989
429512592
363124757
373697915
1356069954
1231491570
846638995
342543898
613741356
27437359
355077433
892398650
830067482
1247866088
787789014
344402711
77299913
407379007
51894619
233760396
621177510
1166051786
226677224
532726521
420739112
22812044
26539097
717469814
354973176
48745786
428619678
308894834
37951962
28934569
552858739
621161868
416787721
906992988
163566302
560782719
799352484
80793585
63971846
45205941
385512179
104944683
408972012
596843174
93003933
590156804
85072747
34502535
1111981874
751966374
568655824
148567393
239949445
1394657935
467057704
23488619
31057963
886703700
1144226714
1158273516
450084832
1292208666
1329870792
269946558
1261629372
63255450
605206341
17980762
33815054
248394914
993838934
61391580
199825094
233761277
167862232
354607462
83701522
21253826
1294311
16934157
389471498
241423714
494128669
961486051
830010780
595575147
946137247
725148800
237422935
389276966
787529024
21942455
701352296
23060808
21301933
236439687
1009195424
324407182
61015562
325893346
1020315440
228055022
1062475490
15637375
27256651
575130676
898771908
94705448
324647434
475415152
942858936
347627434
76490854
24771990
288092882
1385343638
74014041
317234761
429360642
536934410
634088829
20957491
192959969
23103401
14894050
31257236
9574112
303930546
19044396
1398883590
409767821
458035859
42320053
1391187708
16583986
424670659
315188364
56260990
16612853
376514554
234581403
44698480
1077390931
928712370
50065465
470501931
152693867
991158301
19828718
313967392
240638737
800697996
719195479
347971482
48051653
816452412
1226408898
62891290
752078192
210865267
316543998
287806204
199050727
108098006
203357730
35712234
1159328575
238568102
331485522
306846200
625806778
1080126301
622057792
1314706285
291412926
317967764
1394717444
474350662
574671152
720886388
90433503
54949233
324403737
938674796
658253
17879692
496031588
220131416
14985460
206204467
540199801
34817173
42081431
19710002
1383230862
36706687
629512521
29689896
86129724
21172976
1261045009
985914938
29757205
438037058
532642886
44205360
860647914
19381675
24957598
15652550
1360273975
216416028
1357410673
78356300
1375645046
388017651
17928609
764425740
19364942
15966494
121111044
274610308
200644072
19559114
106863668
63806423
1283734244
1384199826
28031362
12136622
28293222
58708159
36891429
384014609
173435768
834839276
23013155
397198051
18089606
827476033
301166842
393470839
15699942
622969430
340932566
498911171
111381659
1318818936
153489863
525893754
1347984576
796895119
32274411
198848570
174923956
24040708
36814557
49345031
51411443
428597557
728945040
1385433524
975217231
757893380
52737870
627917271
876395316
135960554
526700334
1378579416
518023834
57987429
377361548
32839493
40343144
63334242
577380487
360721051
13857392
18168448
16935023
18888940
306963385
37722293
25197380
752524566
1347197874
931105388
85985754
222127123
374789295
298164963
1382410044
18168188
474649127
164388165
16127726
198615011
449429709
27906499
473144832
438982996
635172708
82436679
520307242
17205449
23844140
75946288
25451991
574671324
250917921
885478310
1346954671
266837388
20488417
82277624
862147734
23315532
932585497
148376661
1359769093
891449460
248348279
20534114
131367532
342955623
560102490
18163893
236393150
22739175
529394673
15970567
16198573
776458279
782688668
140391965
22054710
240522143
196309577
940201050
26300180
18793488
28135590
17045777
65044802
35073647
1247651756
257183934
1151478956
394214281
549462423
598189986
828170040
534917312
42332568
278114084
75903151
1163622720
920024191
40800331
26708976
56054350
136754171
171481273
14327678
102238997
1354432244
23110601
211543377
40158076
15939202
872825227
29211668
56228551
451172543
19713940
244801695
279870995
498531844
48426362
317554691
479829591
422976578
565559945
42098758
896437094
1059592296
1205107171
22080431
912583795
795011719
989798425
1095149436
27151689
44135635
535513324
16287495
24743022
1249907167
304545786
972268302
1366115804
30228329
1096452331
1191944168
1071106154
15101583
49668777
78041849
17618766
45156531
334537201
271191414
542158327
28781473
58525975
61286087
80692672
291762449
973503684
25990199
1120618705
24231840
510906800
1295855761
805185757
469805424
30043554
360343192
518842926
229623828
17687436
762501206
1012605522
103843413
48120166
247019835
799068428
449459874
20659109
497300307
631660040
315073177
18385442
240431967
1008492163
499233189
913225194
64265761
1224879644
1319044831
1213438104
35252397
12503572
830830292
485103569
40116692
268936749
482210949
151969817
483357260
344914170
1072825087
78161711
216540462
16480310
134284658
385167969
286469588
595743486
91729057
415799804
21930343
428415988
1101362138
1112977597
477532742
1360414525
323921090
1247976301
52281844
23248649
705862356
383839760
903168284
43623475
35627887
38957083
51104835
22324985
25063508
197323074
318658756
1177405590
181056746
374258720
200935776
965109924
42410125
1176854966
65998211
1327658311
11165202
18083420
247151130
27617389
27438773
9275292
30117864
348529712
394315460
98946119
364437334
9235622
34537273
353872365
132331456
254226596
35754268
64074425
80357422
1325969370
246924505
633339122
438009484
1029345216
58608119
18142281
457784381
542622251
544120968
48184460
87769330
501379943
18566907
278618766
308174015
36922956
995300904
885745434
91856333
15694204
134240162
28562647
395045176
27433174
97561497
531477428
352529778
83605129
187708988
136035249
952641019
525876181
605727932
26156936
1122147829
31346200
790587907
35496208
28738721
201600000
98750017
216026946
1265970265
1304495700
1051922042
51964801
71172490
1137740796
546964632
1357168915
16317603
4518381
1285629264
1347265130
1346189598
19639635
705821096
351317601
284256152
467970839
63277398
1287128370
810588522
741021702
144570961
876652705
48687113
193976920
917424517
26931973
28486058
437985622
250132403
386331159
1287792877
985564789
115260833
587817776
75205893
57789191
562881475
1204292490
119394520
342564150
60307643
176152783
69403710
20833525
331631483
54057782
330508065
24595128
354412754
21761012
1344885716
14572508
232663949
240957851
487067075
304470705
82405470
52989681
91679992
563239270
273683402
250743117
21941711
19184634
320179969
206305338
119588379
483438486
17819471
191180575
1166896771
58475589
278148592
92077057
16095351
794177658
16495857
474612178
206244842
363868195
15582644
57199508
23199382
16794451
22956220
800847230
104730935
827358355
49151228
17923419
52270273
277605129
31567245
531486752
1235363053
50913919
365606579
487636923
367932654
18453843
249419077
106594205
292066727
987855504
486638886
524636811
572982951
821937560
246380932
733513268
338341096
48066377
931233985
924281594
166751914
487036080
803626579
19420659
1053110666
350927143
474202929
247002793
525687736
27656882
29716801
46127351
119788492
192881133
485341505
792894834
65106504
27619692
382743008
16491845
199462863
49207725
924033235
514566407
783471000
1031785638
361566590
315527623
18516003
22869663
364845947
16369355
280693000
115321327
162959947
24255637
189951383
222515617
491432017
25002819
1285910462
236268614
1268583506
590089393
920148780
10728582
882868753
159195745
228989699
387948805
16973217
1344965816
27711663
149315713
27164880
611434377
15128962
15763912
595223412
455766763
713766486
68399255
874763688
207040407
269119730
375342530
803016379
34748845
233765761
561310591
779183966
1307368579
250652357
325770743
455874730
517876210
126509304
26537621
494091419
132619987
328154691
397472545
100554577
55953050
33684648
193565106
1007679050
836914616
29473399
125861941
30909846
37657423
53058728
9844452
1272994290
634901168
41838276
17611447
374236396
223041977
24962849
17202571
274780783
16136683
274116692
540859433
437993237
153204047
472313473
786133890
81500016
457997085
851059680
557011641
53659545
228013087
830918346
327606656
37120683
28674462
457123526
162890969
824425909
33975579
574145489
421356054
954820952
707652888
373601625
431781032
823794966
14682439
1323717602
104216465
320937816
20914115
531664160
1276550708
452324066
137921279
26487169
302446244
765300997
962971212
64118720
948979442
472595625
145004689
267300353
19036725
362647975
392250646
65658222
872376367
37191022
22225648
277503817
784826947
68270085
23362545
22435261
73490800
223520954
23784804
50968105
432985977
1319167171
27781693
605576332
55313216
37920978
284646050
25386925
82901787
40808671
314536920
243333917
299416026
110568385
133767110
19257326
28334375
15866385
344809261
15497602
417388541
717351594
56937536
15202692
106610527
402696116
1004781354
416586428
558212927
27679796
19511717
131218499
54813556
27656375
343477647
62829146
372409476
493390391
394392730
431901670
23867917
100683705
14465607
378681708
50213088
274556937
1279320060
172529685
23033993
355936746
27702749
792904723
134941290
17883102
322248090
836715228
993168678
790488312
232442239
136743706
52559087
61961281
475541486
20730021
180531865
15322509
147710438
46278119
74642450
237312687
23958533
40818079
16726367
342842080
283319878
74590093
947843994
807421208
399770251
260301416
68543202
570291143
932390060
926485556
16076204
22967940
51470528
1325788154
43065773
6573302
971385800
551255398
867467498
20942340
993181706
193438328
299791704
23828387
129671739
947958360
220240498
166855294
1323261992
580221961
501329834
416230383
294145954
22019443
221034430
11950162
1226446382
409542879
514109083
41382972
245215003
249288197
799026858
891731185
1287042481
434529098
859224752
559156384
16411299
402139796
334370532
64476955
931510238
441444364
27903319
18399111
103947976
293185355
36959584
1145789598
51622601
16868960
32865499
745544528
26446148
24737098
28514574
16323332
26357999
174781896
46211704
44489452
22406984
306157697
14289480
89043965
34303533
164284415
897623947
954598915
205354609
1191313830
32288678
16007872
51621287
14138862
275808736
279795039
531614031
176494998
534583970
240403441
123848561
107839339
754148214
103170931
60200562
920000198
87446152
562395756
228735126
402081388
55025400
1284896953
47704327
978690895
1325159562
1029596352
1324860456
217547393
63817986
577316546
426036523
599676780
181730400
605841459
63161957
444746754
16158692
860640600
218027755
43192774
1287096163
1254490128
24305174
282884453
1325040817
1012316418
425995029
799584816
277475550
592142261
16037856
884950836
773111550
363050600
20715638
24699520
47656216
221117141
44443447
54386616
1247816804
181157819
742917781
203722486
1282387362
38971292
440917049
40247162
109111108
601189357
1009190492
835440584
550506140
62884010
214528184
343124987
597733775
166301543
16140358
551970215
28687311
185012092
309480442
196893826
832805508
505796756
45424865
115542748
36761914
20480698
88530711
145797835
821923680
196334980
1319156564
195169085
613941136
1278159036
60117581
469734954
259896644
1280652600
417337918
345157107
50506813
43036839
118721158
1163194243
103491761
61032995
1198937460
50770293
207720373
1323186493
72358967
52972702
822598140
36783236
307154654
44828198
529588878
862419835
397733646
27624056
142002886
457166566
714508458
532459682
32469334
58966831
1093610694
307458637
216195586
80115602
362862982
934845223
172985809
838399572
56767281
177702195
541715127
1230237734
291682256
67489664
69744495
52093748
24114487
14854961
1019976864
379846213
532547274
141102426
829143163
197471767
273229323
489747925
132553731
831651006
23445502
287333954
26580347
381234311
23531111
22559769
15982117
931066272
414448112
764004830
17930084
1265149364
50757255
565183009
1225233181
44022997
1289561635
442996741
15714511
14829210
833997992
377682368
140515293
447054054
17390332
257086040
1312125486
582067138
45445747
14927208
278680782
915156222
7231502
753553171
8815412
194648856
35784576
602442232
138889809
70476832
124137039
74827928
314039546
189742294
34969929
30208983
531808183
11616202
35548003
12831902
342257613
17120798
119771879
81342455
904832461
761637440
346924655
258543800
20269307
498294115
329276061
898785943
916888770
298629655
400181654
1005424410
1033230319
369663273
722743152
347998420
559813648
533098601
63892430
889753225
140370955
351262776
222695674
543565632
1242615925
1241168857
1071840134
273208287
304976648
309390721
21032747
704179009
72110566
331890004
104899843
531524608
139680498
613253295
132965775
1093248488
615461816
11187462
15840238
142156050
211221146
731128693
49042426
413430793
96985424
599477012
1226404632
293834769
295891100
587854598
860697984
1046740962
23195683
338690141
1242458586
440688620
60074423
135471778
81582751
770745098
740973908
14791358
321683745
71984963
14468821
1241665878
402946398
944599748
57225858
293216971
63970397
241263800
253788513
497429837
164023512
154325341
820338834
753637842
136119798
360605653
568549840
838155696
355803861
280992383
820464380
437289025
382190496
774719010
545976640
729963596
1080252992
16222423
1156311470
531485005
53581284
24523863
519976085
76064527
30766187
427623907
406505785
1279336662
90245513
39988684
348725381
26040780
51827471
1090003842
59491108
14365627
961507586
352598172
28615775
58875333
217575068
576587778
849339007
50724511
326819476
143645645
205277706
164669920
482419349
41894020
196168350
627820732
377531614
17564591
15790787
1249204388
71089130
1130537934
97284953
39104612
599656019
212458982
25226464
19245431
432780731
126559806
558948307
536580594
14149825
48120511
263334392
262234378
516966648
753864984
558124219
746542573
336790436
185084133
219507091
622661135
22802887
32763369
117265333
58208753
88750092
552427099
858672044
626654014
894341934
317284206
514602627
1135512301
1265413183
25888995
401462638
372560012
530803101
740940709
1293350755
46563512
16672102
1262191316
51486676
410096653
1281458995
14255659
550307299
796100784
465034064
1206142447
300580986
631224927
264367739
41952420
28146113
39130971
1167271220
44804014
563883153
16907611
322064312
559969624
1221821552
372364734
21429731
360690726
821798629
1140656515
22482951
18772468
28685202
797501203
1131547022
53575966
127102066
200645872
37167838
575647795
38450727
16492765
332577960
21360968
1251637231
924347822
181260830
109645984
17347250
253310689
972018818
21369637
1281921492
380200497
26761317
384127933
36498420
1237342212
31176510
996099152
527007725
316102811
145942291
756240828
249742660
823813580
989834077
1066204172
492305696
74300757
214918189
529287316
19593351
863873989
28620456
26298125
339760532
635935539
902231725
1155465373
792995834
418830106
31889870
350608797
53999460
364050399
1278379496
315441788
284682035
516979488
1104674359
361993677
585304669
478383774
326955795
834718590
130558071
235342934
372529167
27897429
533442972
1259738090
16931849
116787112
223668499
394379881
166203690
877885249
29382913
350338890
156107976
376375323
316579994
155675186
1247683382
41459304
240926409
609620035
1242791082
851726574
17912420
705069115
487190581
1252194686
318491039
88087810
535261948
1252500936
17907878
609045353
18007614
61792737
35904361
94260950
329141413
526162113
41864266
20517889
538681989
236205140
484428777
49072873
820322142
336744922
243790466
575785757
22953507
933273702
1162141458
42107478
350394196
27287594
209484116
21516290
748644511
590735383
1069380392
37107711
24914494
190726907
41474891
282827371
781291734
164413657
322236214
275305515
1086897422
77223259
859997414
417426286
700238214
16051808
21423744
291128351
933213384
1107466603
137942779
1012756003
59997683
366109379
14469996
1075360332
1190825605
118328094
817736322
35022147
297441850
423589969
201802474
570420959
43420311
33000207
367407157
837813840
267981911
22354925
380088686
763066806
72961116
557317091
66797897
195970803
36576475
23268382
1247717996
344913158
164794081
548966460
93500844
49068552
91385903
83949216
110466097
477274258
261305338
26643566
480151168
378098157
709600441
2554741
1080798494
1120166809
348250917
532778296
344890003
937604695
825419832
529991355
203603734
243278482
320848710
28717485
378791881
186276824
109849883
62692433
19539731
1175989375
478351592
80677991
864313800
22225649
1092013194
470523576
53067583
215876925
16054728
242091674
386726358
32728272
73026037
70405065
1253041080
908161082
295255430
414139181
16377959
1269813602
563301375
314634961
23259606
935866212
614801913
264815813
539406750
24248130
374022918
194641299
77233634
1262204191
330345252
10102272
223970563
12648862
16058701
1220188706
21308831
366251155
550029547
22480895
736137199
384408332
16192851
551189419
345019341
208773807
27661086
38886935
838707284
21787433
124651023
17275727
519899474
1129617572
1263271603
945038419
531565758
19634734
122212010
980611
16113700
15762819
336085411
27540642
6620762
567295169
15041797
19296440
16844550
29652753
345138054
55899822
353866329
358276570
72185664
114859756
7651512
59825685
459977864
80636570
15935028
989231
37248934
24454752
15304856
44438692
15456075
363477478
19877680
42913132
37120786
100310330
1070221260
275708196
66248962
39402197
487862237
450227992
35051304
18739458
40933275
138476060
258202120
422317292
263184056
462104542
503659213
1759181
374345336
105901883
856195111
415798824
1110194964
23336328
52118721
166024096
1110712596
44258940
32384729
180885750
874482116
525740012
29208857
378029485
597713935
378779647
562577357
191217879
563785715
104851268
898154778
199721359
716609377
218663935
193589482
34784896
41455312
599209400
1123893846
1020144608
505500130
78403308
1058807868
22181836
132686031
626152233
1128321150
561853655
18146091
21930833
1072596854
512730727
817994863
860220522
44401911
878869783
263936580
1252826672
25146084
342819347
40159524
116861049
588787829
292754081
327600142
57973827
263810873
177584156
18939995
20967818
560588489
579533592
294184615
26447410
720211128
1052644526
462861372
16692171
291369430
1192006304
392159708
21328762
247128927
49964679
14751366
27553468
548950606
18124830
270696478
934785902
844842169
187547165
15321376
49118430
184997953
505237069
18235245
18451147
452735967
71284588
165901885
577548608
744342186
119782056
23508492
857538366
24022984
76438819
60163885
44470739
59681943
18712930
244648691
743980196
514734706
22966253
575463866
102211444
511091129
889980282
487246582
1253300467
163517691
238363737
17215607
1257667158
30878482
19116001
22228084
510409753
1010224093
553916731
255696250
18400385
178527524
54206244
550280267
527414877
474637699
1199664061
934715324
232901331
154364117
1247900293
1050950965
395295190
376531194
443858973
506918638
407817282
1102452577
521803109
39258879
787990730
1031086644
256809116
805335157
621464755
1096105645
455027468
1014248527
1247728796
54117141
170336271
25635800
16389986
347532846
15714301
1156346208
531599231
42156681
109297816
508365033
1253164080
413470255
332637055
344332841
308707369
560560753
834790189
45162406
25713562
340980967
1104269360
219090230
479540489
389255262
25455174
185206202
69215257
890674015
587970163
610943786
36564017
824535912
732953612
48067532
1010360268
206219071
627002270
144918041
770433614
468047860
472508233
20855082
62249456
76872173
53841559
806010806
188594034
531470054
841958790
590317737
878721902
255850782
713363258
40929255
71424488
532462063
1249535324
27300195
732036954
398544461
187215601
379515651
363764608
65125929
320140450
555552015
47627554
994179710
19205985
158232890
1194500233
286947618
1092757885
881605952
162763132
91115924
442610682
16906554
23101159
100316282
323022014
15779344
76540650
15017412
65485126
253263494
221373659
42608496
14306228
51654046
39772880
281697682
20791372
20686232
900136014
171632862
430943276
166990746
13325192
95442633
179245596
298837102
632341418
531566031
862236860
49708254
40017921
415974884
57077870
185738867
318256403
238382513
386766665
317982675
23024501
34678937
53836671
4390691
306848694
361915207
49421356
27857634
31479456
22294322
40922548
604981478
15773025
344684020
194615561
408845142
93689220
19766278
24395057
50318114
29284444
35347027
341073304
1061126178
109602760
110708073
829645010
15717554
27368525
309164571
891939067
488060497
49181437
246447524
574853826
182301577
28602802
375447114
1024802814
26737713
16698543
376203685
437883375
18449696
820683806
54106266
26682956
30231456
524726157
119463486
821723766
43528708
815662602
297768624
391474389
465101253
20031586
801612464
826108088
17153608
67517916
521407671
16547438
26395150
46275679
885480031
608357796
131675689
429554320
88063352
15730096
832412630
820466138
182251918
166025373
333005042
24881125
552421902
383313838
209941571
628752050
24568985
491724704
462196894
48007578
14518725
59284756
15514875
18374977
539160364
26155058
1899671
99213420
580997146
390219415
24426634
20113220
168755312
835813543
8758302
902450426
799257301
846133824
562365648
15561707
56749735
537775187
520665722
541267955
401828879
37907293
64595423
226295331
30292816
26190774
491437484
259027531
29115262
367366383
30285927
933195180
220411737
29534137
25194185
13673392
66061133
175236224
14056250
531478621
15690503
18236187
45906924
44969393
1073849767
18520748
137478994
553442966
197642655
106395831
140260133
103458201
266429574
94586761
887529697
78465328
16957166
409237467
14653888
29059897
15369857
38282504
509283623
702367855
15482286
15694058
16120273
16119129
16960896
9843332
15750846
16438594
16117242
29082972
19723699
25453580
22861951
31258065
39539620
39457338
3108351
45840174
43171801
44482542
19084128
51537566
79863469
97171189
100550414
20809530
28184738
20060878
19137277
43555354
51113584
245993078
106743376
354041953
414312468
239930426
68920859
128346984
92093544
234942142
327701992
486340414
18977269
18138308
29042859
19043454
455107195
18614316
165439532
205425209
165720847
450011933
67822771
214257117
19926983
18802555
184004842
1042901532
34916539
253757670
101844194
394838637
864934668
24476251
94693029
526299559
164589566
432307503
314780899
16469463
29619396
23251075
25190489
18155177
137802226
34959951
38521731
375989904
610793
34124867
26658853
52044150
1028647111
73943786
30342962
210589087
427168299
955246836
147821230
1085329698
295123373
38445467
582056406
159416413
14345645
929047183
34330845
42912666
34825694
612295538
449594694
581461752
716238036
215765726
531932499
72904561
349222101
28008838
589714759
25020797
1080627234
199216714
28587919
18285561
168485883
525653834
16424759
16857735
25895250
284764448
702032143
247632906
298608719
35225929
129008358
930751
281482400
181604841
300449386
18388923
7702542
11856892
17714851
345450595
44218564
27513648
228790621
76793189
18000662
18592146
16031927
469194846
33750798
19417492
10774652
28614262
2704951
15075999
17995040
422737714
20776497
50769180
94249055
27364778
103929010
108835897
18768324
14730894
44209472
14410652
130600206
242770475
236645572
20635826
21829541
11134252
7402662
7713202
16827173
43173060
5693842
7152572
22811375
14884201
16366471
22286602
14369130
18492940
236538165
569546005
25429371
23619177
15730075
186578457
101966401
472059066
29126313
30005269
17078632
213795411
9855382
5561412
233842454
38013922
18333859
3135241
15676749
47341545
17454769
18034923
407880875
18093701
5357812
18891923
14344823
58379000
18916432
10168082
18566912
161743731
23283299
64088396
65493023
18822612
76966145
22055226
23976316
19929362
34340464
12726012
15751083
26424123
74198348
24183358
18030431
19926675
15856366
14904437
82687751
333533135
14844867
90651198
19291441
18906561
15692988
18286677
14728168
35818542
41634520
15976697
28882005
38274353
15729617
13023332
38495835
25916881
21022846
30959927
19479061
65120302
23007278
640893
129531185
37760670
62595469
56202097
104342107
175514162
264219447
262756641
266133081
296361085
294126378
339822881
555474658
600463589
291756142
701821488
382791093
217543151
16056306
21157904
211588974
202206694
21111098
75364211
20546536
47975734
24905240
14845376
73303753
229592356
18632666
5558312
212262370
21269970
238177562
18915145
240790556
76649729
18170310
7270292
18216752
11650762
19726613
19028248
10615232
19394188
18061669
15745368
26533227
9508922
221162525
233737858
229966028
216881337
133439172
18208120
13218102
88784440
