7713202
1249982359
1055515873
166252256
382165467
82657929
208120290
21200219
2992440550
38207302
1222298558
116877154
3006258669
23434446
2205363247
725986314
110541296
2891210047
2856787757
2955485182
2962923040
11651202
225921757
193794406
2964174789
235217558
2863210809
156109009
140286364
50092973
2312829909
161036263
557128932
948678337
82649797
115126477
20685982
245911709
80332304
1665650820
23708689
323868726
36449747
370926480
23453250
2389274473
573749117
76733474
45663323
124196924
23457956
153149305
264332977
14857525
33645850
14219877
50333119
1615953169
1244629974
1411071326
292972175
169079242
701821488
161329769
172486446
122183604
67088479
236576910
16807883
38733200
64748159
1134741372
16180004
160586416
20238886
234899486
20436059
61853389
72942854
29130652
200225220
2291602766
10946932
436968985
559970849
633034527
247466176
136016128
22139417
42442665
298726228
22650398
27048645
48779464
17564591
354296654
54645160
32007916
280604607
18956073
10126672
22170482
234573331
305189255
19417492
15675138
454313925
26860209
47836448
18891923
1345235034
15075753
20867568
36771809
1382194524
14261617
28471924
38441030
18023140
17172508
209222760
54943732
39583871
25726636
262192574
14385676
164045545
106816456
125790832
6577642
20957191
34627994
31620282
173890331
1480731242
59596202
478798258
21697549
526666665
298175098
20684265
357452820
15988647
794342946
202295584
84859694
15694516
27029537
21897518
45613739
394861034
760307462
14454437
21409916
62415855
1137762840
61578967
415801451
65409195
401737720
363893602
321436716
41275253
606970752
373583490
239974061
386023382
18208227
930548990
409445148
444938129
18538326
156327895
37263508
17487795
9508922
25562002
2467791
596569548
34713362
39308549
3108351
16028241
14345062
23461951
17546958
19658614
208692908
486894694
30944131
259341329
15731751
112047805
27311044
16311797
48073289
729274375
188861511
38036372
15113565
701274721
20892507
33602654
467739426
45903028
18090660
1917731
9300262
15922214
15210284
381162960
41430647
980944046
17966185
264140864
243324556
1165029157
346986012
95975844
164876970
461309392
62602965
273448430
556305526
26085979
492534506
371437865
66762167
114109571
546152004
321645957
631137861
595711658
42978609
293118490
15103223
15647482
126704177
23785422
15370333
28837048
17953793
49980429
34718872
50220218
242927200
188481249
13786762
17052001
16667517
202480635
97351417
48463400
14864435
50836936
353803906
75122194
27711599
17395207
360749954
19026473
34302594
17976030
59853964
19255171
189612715
73396936
30109259
22545364
30594847
20890143
510932511
23258634
19209480
26289655
16081037
580254697
18462118
1109839831
33609668
12039612
67720070
12810582
13877002
257006422
389028352
108424611
18247062
784975622
19802879
19611483
120295432
56401482
20791372
606630185
28184452
615491216
624855083
624713242
15434632
776258065
482198272
18163042
334162338
236480864
15918353
78408666
224308270
296886701
57625403
30864583
351138249
15450996
16043016
20084674
57450216
291781472
155989784
8775672
18164420
107423783
22636964
398269985
9855382
21829541
389632048
541160214
102469436
39510422
116845580
92427086
19736257
19632485
71070614
50442843
42711801
430235090
293691110
11348282
89369100
22032146
16100741
34639373
46755576
45834541
61550044
22557109
301549400
21202894
15987296
288894658
5693842
98447786
108416848
20252855
28833263
81192673
34632187
36450551
122402427
11134252
106494618
34931375
29291785
60460437
95461062
53177915
142439736
18997297
97286427
156356577
50088038
104229790
246888641
197519844
426781068
463133428
306878893
106737435
18486881
626143112
26051412
861476892
93688013
247416314
847607918
14872698
564931769
249678040
786976819
20733972
65685857
14587949
33916007
896512412
562403580
17395987
87866122
157834281
21878458
62379598
10168082
16827173
54564804
50328789
249196775
139795202
69205376
25146272
43916299
1129437402
85606078
17409240
54885400
117821354
190890578
7152572
46180114
288308178
544497057
160962304
5685012
17539497
299798272
16669075
14342564
313537605
590168938
577537350
40886060
6519522
378095520
56713521
499892633
26777550
769789446
476209692
807253855
25091723
31310158
234370900
18915145
109280446
299883942
240376522
23712174
82453460
75364211
18632666
339822881
18061669
19394188
88784440
211588974
262756641
217543151
78403308
20546536
21111098
382791093
266133081
291756142
10615232
16056306
13218102
233737858
47975734
1096059529
1074480192
229966028
216881337
221162525
27744185
14845376
296361085
600463589
73303753
19726613
18216752
212262370
19028248
1071402577
538185166
21157904
5558312
21269970
202206694
229592356
76649729
352534407
233696188
25345773
747443516
86958943
25322617
36395518
438646808
13399402
44134466
231592153
66369181
39336441
114896223
264219447
14344823
