7402662
3253974551
3218611265
78403308
192942213
17463923
243236419
150078976
221405955
92186819
39242835
1099199839
172858784
1061029050
250188760
76456274
234374703
2382117350
2919788662
75052666
2232882311
15441965
1015832635
27004357
283534778
1172494622
2994578015
467643622
61482388
122473388
15079315
757303975
19725644
2359937696
2175763607
1330457336
37710752
41715216
16581604
348145756
213407036
126750134
76461271
729177876
846187382
197567344
15507433
32146628
500704345
5031151
1857852865
284093185
486133899
138799178
1682157414
15808765
25108116
131497030
153486399
840281180
401967546
21312077
247975042
532451131
55355654
88273575
362642209
1851754651
28937973
59159771
17793878
88392301
18943897
526724531
949934436
25996911
140519774
17451742
35753110
123991945
32812958
622439778
54546430
1286312880
14615871
233788247
28585586
18037361
1068481578
465158654
123231225
15008539
24195214
15135675
1531265618
1543830679
232193350
99713173
564106953
36771809
38516217
28152929
325830217
1342861723
1604366701
1530850933
1393155566
1023020557
1442452268
188363737
240401764
166252256
544481694
63169388
174793500
28657802
13451802
34828750
276048483
28401244
14500190
1583985840
321615144
1517267136
554871699
755016
22819917
157452825
384923143
246560945
5990782
15386611
15311268
51178084
312256010
28600494
16659418
355906128
1262099252
379453607
1917731
243284052
329652364
1470563143
590146900
42950596
1160294598
352534407
182637996
933838590
143923948
296236869
495232253
22297067
30043495
1343294923
345322265
266133081
962501042
1061531126
44649730
16376595
490936567
19052285
571202103
14602259
399768223
225147972
149218804
14868145
403118001
71386997
163460759
551112681
31398924
8487622
557037906
19548761
14597351
15725469
324955762
970207298
791725656
184518121
18745505
21426107
208361818
605451151
212590832
277567328
390286951
26261464
259909352
14912728
16304004
899809370
16721279
84667223
559996815
49797407
399008240
28143682
17792890
194214787
14774189
536253310
30929600
88948127
807020323
81915651
120181944
18197901
69297657
253144950
172470598
1017637447
47747074
15954997
73402597
386068312
241227847
115733549
267456977
1074518754
1066636350
259403099
19982434
48827616
140964722
14050550
34274380
29284584
448239509
29055026
30038587
17773720
1093090866
524396430
123902949
542817603
18094552
193878351
21450717
575766234
146569971
313492426
462143773
171598736
1102521408
9624742
104646100
15084800
475287482
589245832
17789578
17355480
17220934
22514042
402094758
583377732
51228973
44177383
65707359
41655821
18697888
21143581
408075877
19597232
116505994
249666675
15092872
22655135
284065462
20015188
23800816
37131103
76749934
1093338182
127858338
386770487
15531920
569277086
21406834
137466464
18696996
785414496
14588121
29753405
63545850
546820570
249348006
66369206
45577446
16674443
39311638
104566800
22737278
9300262
205400806
205701621
238319687
32347247
321683745
28608321
21545704
21786618
16967845
153558139
17006036
22162854
17171111
76165925
366567053
512467295
22187085
589790989
355874325
219599764
297507303
353303288
17424223
552966074
396768285
342903080
366154323
15976740
569155012
65605084
544502854
153120613
152678736
235321636
330423404
22223782
327769064
46985289
462713337
252410156
566017052
59712645
385654900
94192497
82130569
157784636
59286277
22972821
174585087
49530034
575873284
398331096
249905625
411898004
421475865
114058974
608388007
379444608
401817458
240918541
348190632
252209109
23264490
205346018
149978698
150787123
124481695
82267497
501451585
137794857
464039829
37330367
116959899
18279104
365748489
30739891
19314006
80542021
82342196
15143621
36240076
61426664
168915071
31073341
30537898
253818845
36915862
41204187
254640843
238591936
225961551
138178026
26172342
18840784
26043573
415197815
142916961
575824367
700339664
345116566
47299482
44318396
26350255
49831760
115463976
391819397
547680779
347087372
199545584
327577589
222643673
22788514
306026046
200962358
346038512
183916270
42746613
197967023
39111479
27258625
47759726
608789120
114507020
48156699
419261047
191629274
464982966
501816160
70135881
232431419
42100998
20968053
226464321
41986785
129297029
26867020
147820717
335741543
261583403
24309308
331247872
285645884
16644264
95587413
500456112
14064363
30304785
207272804
53747096
228452031
423205485
56965099
73938917
306157697
43833752
170359732
536742437
304211480
471594896
109465834
18436585
338154969
17715225
218529657
53514529
20366182
14541184
43745272
440089742
18274879
7301072
559196183
572818880
23634329
49234081
26237787
296340595
20850928
48117437
571283045
46212751
409886625
49059345
378936405
18956847
195204001
5743162
112002661
24259821
18765989
294812841
62851270
376450204
329782491
152847542
57694603
54255044
17749280
30814744
32289397
469804680
258402370
20695280
261276196
49704324
172541660
254310640
23493137
16743762
607292920
23648179
51734904
169021183
27453916
246605225
16955809
234243065
25704351
45931428
14133964
18137749
153251103
261019477
54449211
308721230
613589583
606324754
607346830
607339489
9900222
602872356
601913279
129538840
21318226
20551495
613647685
25093048
64793694
28363009
312042730
155034777
281822523
16540192
109685703
582034478
103946239
293131808
182367075
21785044
17134814
67999538
20023252
158943899
584820690
104279317
15750214
55113644
13967302
10345
21314814
28416309
5174321
18978999
18499228
108874872
14986275
27588562
15121219
554468225
65528956
15741869
473523232
17972130
36361287
414217956
550300777
81872081
188747180
10778572
21696279
369278149
23302049
41136867
229474478
77517639
17604525
19394188
89028148
540901239
182440538
20715936
46198876
224320485
32460980
497487771
76403083
541065784
408651384
133478689
66369181
316035837
368946925
87057410
261341046
56415648
486120573
36391131
524624823
567653738
298699281
24260994
124335005
139561507
260646282
457809603
320778891
16643561
555388182
486694111
358333822
460320351
122745846
398464203
369101213
228893069
330592913
10069612
73413771
66297057
40260612
21907754
308777466
125177290
4207961
40073776
142769670
522601635
248335627
180805366
21542518
418937370
92060983
84086221
12296312
18887491
58714482
16894160
245045896
139886231
355085992
30953012
85564940
97708196
18969402
33537967
267376857
54599545
227773770
501218291
522465588
368963994
515622602
40881970
476256944
282417511
362238405
246890850
326841901
240778059
35070298
267735644
14407823
108619944
73224350
40097187
284126481
164349903
179195492
20068053
299977060
398269985
21016530
35549780
37304804
284287334
242747787
500245193
225534933
73181712
221135570
299642350
452687921
22139417
455157273
14503587
116699163
6142042
508179815
397470373
256116299
401278284
283563258
74329289
44166798
349090766
14384907
506110800
14266598
369702914
243919315
15987296
350533834
487434661
183062443
21234856
364460397
26077444
19741063
318015885
396938055
170365123
216003160
399483586
420440201
15554922
6092972
14728359
43165641
14775654
156349683
20443388
12194402
480673079
475959174
238259855
98469864
269895338
128033273
14695985
477456488
613653
41819908
281707677
481504868
356541985
153240746
414027389
225245506
41458662
60657373
74670805
238216233
456031911
17259137
295783332
121471735
330189724
50139288
73521580
15105091
248666088
69986224
263445700
104373775
26535967
16440562
131857767
47237567
33334978
44778685
95834733
44380429
125900972
16316164
153218852
5670172
56217006
195578060
301140285
133793696
16146535
324956373
82387685
325092434
34550296
16209626
373508774
22689899
35386492
24547879
254344008
457706092
291903954
161279293
88830574
62912221
362476913
16370948
1457641
18163211
22177690
14180038
45446985
191538028
376768462
32218759
39822664
468626797
31126587
272550180
238981686
236802988
90707988
26720250
415803601
25826472
27471405
20514074
152277053
383525184
24215083
15321187
25496500
156347530
165802262
16190045
28654816
66186602
27383436
361342191
374566392
21314650
306467841
469444103
20818801
19260639
267600841
71400141
266814674
466061403
22426466
23139058
190275077
164353843
52786858
17071737
356523452
425247226
256705218
16029780
19596592
155558624
20459750
76381453
284664892
61250271
47350034
222953824
86050170
81644173
431184713
234826866
65517741
57065141
39808569
75080419
165600417
94911125
187978584
130375773
217991748
30398971
224071381
182586233
378596690
75036063
64579616
32854561
25382012
26256690
48802204
19948202
348678953
246828464
22632440
49419758
14701062
24016355
117532989
15414807
108657550
185397767
112471133
413466731
314216196
403713255
346312981
29976138
186244518
224285242
24661901
21099672
100522310
405052294
32410019
109287731
304581836
23826251
34113439
131144091
15994537
83901492
321380757
310369636
340497636
402739834
27895649
30779503
387776884
398694372
31451864
300820452
313377740
124603983
334889455
24122297
67159027
335546422
164318857
156030129
22157847
164319526
284706641
236957971
388578646
350172335
344311570
279723085
273751768
364481118
15925709
34284490
375976430
194144718
89293323
387860956
98753744
14764240
215558548
260396714
24002841
18029781
89251620
389036152
32525034
388974667
343574612
333366611
364423298
23258618
14269768
110771056
91176208
369523823
104519115
15233889
67008059
16547992
17900086
16831827
67215899
20463418
27512416
24748899
236107501
18702741
254189414
217175524
33273634
368620668
72945644
372606891
21665565
28329671
40107126
175872519
345688016
15205814
63738419
110263006
20287041
66442807
250729864
378024261
56465393
143261409
54745989
18545243
371396808
16958346
15518969
311678402
255735648
358333214
339675023
371404565
14310057
269810157
22254747
135297032
30080054
80176051
15985111
17514963
312650075
20868794
366610930
361410200
30040840
164440702
109524559
30313925
256338399
18734025
300254302
288219694
14342564
17212955
67942760
66252342
6371492
1766041
29774968
35913071
21829943
154671114
16373137
302313484
7001492
61504755
67378554
18486243
16669075
334935412
34441549
158468633
203249169
34595228
16486357
174778399
162062488
162065267
162063177
220895480
76126647
18055918
15570135
52467575
233597978
326230257
28849323
76348185
17156429
336312795
234028077
17049255
175381609
351204629
18702430
116919659
31128730
274070018
37469127
38036372
242911974
130617778
327023313
30345116
339707269
40899238
21878635
132278386
313938367
332911902
19608297
107190473
30271564
336109018
19539716
36763673
15947602
323392744
20911015
164377995
28773642
278575073
15265641
50161286
269370592
63009240
15743485
109071031
88740365
14529929
89820928
49473571
24723462
222985500
50370046
330482347
242607086
21918310
18622869
95726226
85892107
133081348
42919909
43955137
91243118
311476854
19836685
327277195
5736162
24354365
143478905
31190448
24832062
211361619
225102729
247334603
299823962
276971468
16570806
15467201
59043857
16498232
26876852
21220931
17964468
296945357
29524605
18292407
57625403
309268587
161335306
21926749
158779870
30223587
213295930
18916728
322686835
29201047
18695134
15442036
17447616
22097288
8771022
26596325
81463069
164354992
92719681
29205600
7209362
24928470
28794029
229616601
112585481
64340775
278654482
155934857
21830205
8888
99554024
254836859
20440427
22101201
14616024
41415359
147587361
26827380
15974433
186360032
199924232
24547707
15724647
186309548
4105761
244600462
22851759
9027342
15725628
135897307
15828665
57405911
17279281
61582966
54236841
128336724
231579106
158975002
14426645
17007608
74870032
41967463
263710364
39516956
17689798
18733329
18864921
245891006
65686531
292085406
15418628
17711429
224311355
151713356
14124614
36425172
67301749
143258422
65946380
18713552
125184430
16721621
259873788
278124059
15174710
37158000
37221966
83188673
16521206
17467437
16847121
147044350
171677683
299849795
28566982
16314750
47360209
18963067
15364387
135730787
14064431
2302631
22799464
41909100
124608669
23798554
16142673
108821335
15225709
11267632
135245545
224112166
310067883
90486871
70737572
162066175
307619797
140286364
91364200
73284533
89781370
20266211
217538725
41379419
59516518
80046569
158469937
124953604
156298565
20866918
46435965
234487791
148163166
185382579
107582328
22804904
280230537
23527733
18221712
176662344
134553832
22873947
18714887
94545667
16789970
119797665
20654085
29771284
14348414
183306642
19980918
81725200
20517132
84385995
248504390
101421185
228471753
109295754
78408666
14957147
90971376
72198806
22250215
188458163
36116203
71019945
21875099
82933926
182503471
227841653
17500758
15988031
290141495
59771400
16392046
16056425
43920155
16830251
16452890
176664765
13393052
242836537
113743971
69668081
43009213
10399142
217545284
261432863
23706267
33265219
147084708
108454557
76504445
60763047
80628196
165791468
111799309
13286692
57040849
52718686
221041008
151504728
19713044
57069861
17624344
14884486
49659772
211993386
100270730
17997493
29221344
13657
129334126
31174289
21693678
21369812
151706421
15751780
30971909
14246001
73238146
15007149
30232973
14125800
45850147
113697185
29442313
18125425
133424498
20295222
16129920
14354091
45860943
241133253
262284000
43910797
15324851
20461385
17113309
15675138
21590456
67445935
17494010
249787913
14802146
17596622
23216888
29067055
14280299
145742955
60828944
813286
23593446
18909919
