74508260
45671898
2279094775
3281853858
208692908
11856892
595515713
16129920
16187637
409456907
614441689
48802204
91180720
295899118
75052666
55334133
528949429
364423298
16116288
42389136
2670325160
942156122
221111591
325830217
20463418
2970279814
259764325
267854863
2792455919
3196634042
48086014
378362883
369697377
1266062744
2916086925
970207298
72198806
16583468
432676344
15458694
3108351
32913035
134219888
9300262
246341769
25491788
2826923522
15808765
467823431
216881337
27147528
194347409
27345664
1686691928
588409326
304813780
1499625613
2684300772
116832720
177427007
39495983
89820928
50325797
2317351705
2969971876
326555679
113202279
2863006655
5392522
14135426
133832049
700979618
31128529
1093338182
2968451607
22012091
82649553
2979344717
234573331
248735463
31122582
21312077
15922214
233783568
46294341
1944368731
792172915
1689734478
74543913
376364316
49698134
36450119
4207961
475286355
18587457
60919240
1093090866
1339835893
813286
30313925
14377605
43963249
15764644
263815367
54300515
236279233
259918701
115979444
62562766
1243815571
273502802
25837601
55726652
