12859772
2853601181
1242617220
987376424
3089218984
138471877
25465131
19186003
110004599
16125224
40553282
18172905
31127446
86129724
15129727
15570213
16441088
21316253
130600206
28401561
21878635
39279393
126401831
614542142
7302362
173925279
83462293
31464192
14427403
89220865
17340781
14560097
2964174789
163995093
22830647
19195094
17910554
522526229
35218566
17061263
135108504
82186493
56561449
38495835
640893
14347972
15335534
254189974
18163893
18163042
18958999
338179204
18804691
18583823
10911792
18031870
7702542
56413858
1375289149
33310366
2508020796
278124059
3342152225
45499651
138182116
3221357514
3305610617
1927615975
16157855
16262635
129879105
2986099148
475998878
2545033550
22170482
17918065
1906282568
515822213
15365623
454099919
69480815
459277523
14184651
3034912614
875085230
1393999020
214767677
469194846
48459553
17091571
240504013
1392956425
15075999
2927758254
16297707
476390447
329761746
14873782
407013776
14529929
1249982359
20407047
27772478
122567777
1171793868
114896223
20546536
240790556
238177562
292972175
275572403
476209692
701821488
1055515873
1242040290
2856787757
2863210809
2891210047
2962923040
2955485182
104715826
372837125
15745368
16056306
18632666
47975734
73303753
75364211
76649729
78403308
88784440
211588974
229592356
10615232
294126378
600463589
1071402577
1096059529
5558312
19394188
14845376
221162525
82657929
21269970
21157904
339822881
13218102
14246001
14344823
386092483
296361085
18915145
555474658
264219447
233737858
212262370
262756641
382791093
224320485
14007532
266133081
1917731
809410596
2957761772
7270292
27311044
110445334
19726613
140286364
2952326377
21252334
59331128
16930125
46681100
997684836
191613738
213693333
2953494478
242366324
73203100
22585714
1618140840
1069165872
219535084
187272177
280604607
57441076
2352229098
1444015610
112780051
26424123
1305596696
1499993378
1883356866
1623308912
18773159
518644221
950328072
968650362
1058051748
1058256326
1060487274
1065995022
1071900114
1072382221
1074101017
1074412920
1077446982
1092757885
1155212191
2253968388
17539497
21252618
20600214
39155029
135931182
229966028
217550862
209792690
935368364
291756142
80473658
18061669
7402662
14345062
1128514404
202206694
242772524
1137600571
16129106
22650398
281203629
17409240
21213276
27048645
54885400
19611483
10126672
8775672
31310158
26596727
194846347
374013083
203924835
18230119
1753431001
2149817030
1546612232
2175105031
178198423
1058597778
9300262
53768318
15210410
108617810
15679505
339293370
532531124
370472062
524457560
339237540
524366432
900150517
14957449
868766144
731026861
344120967
22171954
14098918
22578638
17750927
30267926
15464178
103045891
22486433
1963129424
746107070
142490217
39177968
37660733
747878976
1099529886
24483933
868745784
785117748
104299137
24439201
189129306
705706292
160561302
33222598
15901113
98543618
65727099
24293800
226974556
77301563
26133429
219350591
14412533
50325797
136300373
12272322
20957191
21244518
438760724
309998670
36472625
42673306
107176857
872070439
1297848775
203844736
20887665
437035287
38685626
27744185
16187637
216881337
1074480192
15029174
18122925
264279467
36676406
1444853400
741097669
6577642
360080772
234573331
249339682
219429281
23124635
20467163
6577802
201079432
114756202
234837632
237299871
217543151
27676828
240385577
211530910
29766367
60984835
117777832
14904437
236479311
218349372
234053893
240363117
235271965
19658173
193794406
242376736
25086658
19739126
18916432
233693291
24773493
33977070
237814920
22527499
37920978
15600527
234022257
234128524
233695891
23951197
18805303
76350004
78431501
221793778
222286905
237348797
16102244
252819323
234822928
74198348
154591966
248699486
235190657
36654245
234057152
110545675
17513304
237944147
32010840
19926675
237750442
42924141
19407835
24735461
17800215
252819642
18166778
34340464
14275291
18566912
246769138
24183358
236899846
17544524
23712174
18030431
198526130
10102032
240376522
233842454
237862972
26051676
19069733
19929362
229197216
234469322
249219716
235312723
225921757
15856366
249288197
22509548
241207373
48117116
12788332
190328374
75367781
211901075
234812598
15751083
155642785
32506723
55677432
12726012
52503751
28176898
234797704
10840862
242926427
22545491
18217624
26778110
239871673
23970171
233761277
19139963
78369108
211420609
137407124
20209807
54412900
244268646
224391627
16424044
20192403
18317325
37094727
236916916
15160884
76452765
234937222
18277655
20053279
17976923
240427862
282093902
281540744
17896154
33655490
295685416
254082173
234906311
278145569
22508473
237418907
299883942
235217558
314335929
296245061
377534571
613725908
1058807868
993153006
1045853744
960962340
975200486
966442267
1058460818
935033864
963480595
1058345042
976969338
51228911
1138688364
1289319271
37007274
18811140
84620376
50152441
18967498
237312687
237781383
240760644
22055226
242761889
242873057
246341769
240393970
309267226
402719755
148006729
584012853
22831059
1060370282
1072008757
36161214
72189144
16030076
36334502
23976316
161743731
237763317
987831468
499017526
1069124515
109280446
224294785
22528309
15675138
271493917
106835973
402029058
546170830
194688801
18318705
47751068
62854715
15281676
15356407
1096783328
124224165
1059240924
16256269
836783498
1048784496
15394954
459378423
87703618
1051446626
394740530
38516217
19808819
518142739
38000536
233949261
1209417007
96892178
1059290437
235251868
78235626
213634439
81049855
248850174
1089334250
103384284
619267839
19407295
551917970
106809468
19188212
44992488
61190460
45212473
66390836
237043816
136496216
202662023
23977670
19783164
20815049
174937788
19265537
87095873
185377308
27987151
122070019
17290551
32887168
17546776
19778458
18227578
21316568
74839563
79034037
252801194
32826744
16206610
67730063
20015903
41445718
69365437
618676826
224367026
318609255
29249778
15428457
29537629
183406000
746577806
747887569
15984542
21253183
22053712
17139587
260856441
69658524
102457779
36708793
15895482
12568062
29569622
22707076
16249481
21243049
35829796
15207668
51241574
7713202
18891923
144986277
239964567
