236279233
132340386
20552026
807847968
261489447
179196569
1388209470
381443589
151155600
74820704
2975350155
3044993235
130901013
462140667
404132211
312925215
995193054
1134292500
1068499286
60876045
18645499
112740986
98909375
237770636
97522156
2724095695
10126672
491557257
35873329
17455384
545625585
49990915
45914458
342779423
758518213
1570407079
235719256
33038563
11333772
259879111
1946822005
117939556
383228414
258000822
2998536228
31512253
42644796
48630334
2361043142
109025864
463132556
236916916
240282772
234053893
85603526
3335285548
187838951
45883524
357606935
25292802
1184780118
1431438091
582340892
140519774
2992945461
146871022
187001133
787373558
305620929
364415553
1060984272
937723303
618054574
2469503719
759876013
97505649
845128760
1781551
163582233
322202602
19610892
43159337
2179175960
2284321554
635343257
19455868
17650192
574700468
1134716359
357601960
1160879815
158823102
158844523
158854870
104194754
151566654
1571252292
2437585387
158407034
35312082
2353339900
1686542504
1671078595
193424532
3213860645
1920868981
2457143954
557939009
241213814
241228661
284530356
2883451305
253193437
14935223
357638412
36086984
311812323
1382280103
2469239078
18992312
263853814
21416670
252861547
23854089
488579566
589388374
1402457683
531559942
26505899
602143982
252647185
1301475193
277580284
849538279
59161755
1410590874
50452197
85396297
31611298
483263854
153486399
516880804
581141508
20177287
131215721
117632992
264273733
28174252
8861452
28816691
121922561
2249392172
912306061
732965606
3150050578
1479821732
1963954674
55098666
390151849
404468490
189695665
986712913
370998018
157011694
173911706
625780784
82649553
18137749
70188601
24897739
2966570782
74294786
151963505
479872233
1287543859
312134473
339852137
132201224
161411080
153427985
58928690
30216513
29501253
193732179
133832049
109025212
108376246
193872188
267854863
138770045
248735463
239949176
161791703
36686040
153944899
199325935
442939875
239905257
80612021
22044745
156333623
111635527
210926192
168502762
1083448909
1074129612
71644329
24546890
211582394
491404805
164369297
1072467470
84119348
35773039
40302336
164007407
221792092
3108571911
21312077
1064206014
111635980
240812994
22812754
467823431
1051127714
20002401
464192411
137794015
1128781184
19318314
432771620
18909919
1077121945
1061385474
1260172386
1222257180
776664410
2303215476
1898067954
1243902714
194705638
134530332
37677907
1071102246
1448796294
385429543
245451804
1037321378
267938462
303861808
1090002997
38254095
950783972
942156122
19052925
2419470654
1364892560
1138567616
38594826
2520205035
89948622
2397042492
78445977
2962868158
1058917562
1135486501
2962681881
2970279814
2970462034
2168618166
344148378
868110866
1072057350
1123797138
1506015248
1002378368
101595595
424398852
2388295218
175272410
368945781
2422273080
378434485
528203052
460625309
231628163
186281365
580447905
59785919
2724615260
303020710
241257413
51907580
2161530902
1967922000
112073654
2233527302
16340501
57106785
23848444
3077734705
34862239
25857920
18139461
791597948
45902216
108020666
2180903617
1169101250
79186359
36719281
1093090866
22143372
69297657
19663254
872125560
305822506
1531637011
27694936
191972890
1161211260
19601722
443226512
404219500
18678121
95482415
1061298402
16581604
171103729
370808273
318663376
398126997
26051404
460342590
2779083685
29760007
133445591
116835825
193745508
278675092
2363581428
158854013
2176713109
159122840
136376854
158861930
55636561
158862523
21329520
241231537
158793822
148851810
158794559
31419465
158795174
174258905
104699684
8861262
22968955
21816762
480729672
70250870
162851057
804567482
409299806
799248397
295429071
270375497
29232480
21948740
544554685
34377792
64184612
28416309
382133499
21876055
49068640
14295660
193983039
221240155
234607057
613627548
1723285086
505345138
1712989190
2591847731
285119407
210735868
19597793
20340467
481577002
1447038356
165869074
2363356243
183278845
167189850
15021782
278860325
59646830
2375429580
19660048
13743312
471332414
1668749845
210862462
532715557
1202961984
16506558
108409109
431116819
78792100
262536616
38668678
104569775
402673206
64300602
508198217
73762839
322371080
109579534
2511582584
1455250855
97300966
93673775
113420831
48061607
28097850
988022270
28098676
18856407
24955599
123299344
1967431206
54986164
1195683247
28153561
40918816
14677919
5392522
140853836
750175692
75785294
114834031
134233105
22814630
24765589
138497386
534532113
51640140
191092917
26070005
14420767
41369773
18653631
48377323
218242320
47979270
20313126
21306664
19649450
35648614
18884857
278173042
96908946
113023924
115684931
20560565
14683257
30427648
155377520
295876766
72935567
52052213
2337292218
15485844
16129920
44155214
17867452
61266460
18622869
16017475
30377443
243291022
2230147273
62974833
19069072
240364859
62973449
27666301
34312608
63331116
54990588
64264307
15808765
21698023
50660534
19339421
40413868
52128617
46380568
388319172
293206227
1614054846
14898387
285836083
119385320
116817600
15455219
135997883
124455872
136998045
193747484
158787281
61242114
150334831
69614290
102113045
2168713051
88714069
108993692
2996801
32125966
14800298
122169984
15854702
19926587
69354861
16789970
15764644
371968805
258854542
166013345
236465985
9300262
18023039
105281792
110531140
58911619
14246001
783214
455585786
15012486
28785486
2884771
15754281
2467791
249348006
105949506
130922768
25565673
243639047
24913074
20179628
19608297
939091
1281405877
325830217
9624742
30313925
253247892
534392656
50325797
24439201
14412533
326255267
93069110
37965812
612715576
37045637
63126241
258885469
3108351
220017956
14293310
807095
251892709
1652541
51241574
19665244
16334139
26513255
271586770
225123568
95297779
20872746
1050677526
49033103
56146059
621944705
293143614
36366822
367489108
17041361
17041374
16558796
21419504
2488541
14437914
15675138
23799884
145248436
75721882
103979352
18672012
15743181
232992031
1339835893
53176629
15007149
242426145
442824717
19914257
141337463
93652097
123133557
14408989
16684965
35952917
40297970
1304930094
111226850
98554447
417532239
238939572
54279581
14725649
156030129
76720285
73003844
374097404
345546455
14602259
27058347
3006236392
22159841
30767157
95431448
970207298
9907172
4439311
19800430
34648010
1129029661
22109355
39187465
1053323347
73238146
21142386
43963249
310310133
18023868
23201727
22012091
369059154
792440750
575772555
31013444
10799842
17566505
7259302
21461359
15985218
46218350
20285726
23024099
24958792
30338668
92188907
32914273
2389606585
4246091
126984486
15662282
77764733
35811347
14336049
14481453
2293131060
1304813365
360935017
14209062
440785316
119467859
314536798
184981606
854666749
322699008
237467776
238652813
21100962
234895264
29599277
2792283402
14171391
269579030
469704390
2546831108
162225194
33050736
2513613139
61636488
607753873
31619231
248495200
715579007
296546679
261327879
52765772
242892689
454930108
2802805651
21406834
461720085
70771506
1055907624
19774879
488135046
2270641526
130210099
158379368
31303673
29761740
84640336
50512647
27013159
