1138688364
193872188
1712989190
931310701
1939212224
23547436
17184245
51497386
21480266
31912074
14562916
524747681
1534347265
70952154
2827619566
45604374
454122399
43939434
19304414
871904520
1169794777
156330634
47318523
17539497
211588974
135931182
2978291435
53417856
17629628
66472414
2975091705
2962891515
2970462034
2976598347
2962923040
2750127259
2953494478
314205957
2852998461
2968451607
2966205003
2869746172
236279233
2975350155
2962813893
2966758114
834069080
2847221717
2932617195
2861616083
2930635215
2696643955
2964526557
2964949642
2962994194
2914163523
2863006655
2864384387
2966765501
2963445730
2964222544
2962681881
1072453910
2914515430
2970279814
2953922782
2853309155
2933760046
2973870195
2862577383
2560169238
2964877294
231108733
2965083477
2914571740
2962868158
2929491549
2964351843
2964287128
2916086925
1714196732
1064206014
2953974395
1683572438
2544227706
26777550
16311351
2416016648
789968035
15379366
633940566
384920261
25150538
353769001
467736151
23796815
15987296
16635505
220538761
467793021
66441732
37778531
1206227149
58217912
158216203
2532795864
1114654830
73108054
104800336
2282559110
316647643
1417059673
506033683
34782247
1710530342
2155109252
20600214
14224719
620169692
34939107
21637092
20476979
1499993378
21786287
186881077
33357659
103294432
116981397
21509894
27048645
138821285
17906632
344113729
2350456794
15212187
757372008
166820362
2218046437
452789137
2304017702
500704345
762589760
2253968388
161258843
93898319
1134934218
35816920
1071777608
16438430
305621494
740529408
229146484
633924423
473052794
544231865
334135761
277536157
47779368
142425209
60394967
54226491
1343414100
1058051748
80109096
187272177
116519079
875447076
15606793
15987754
563259686
91478624
208155240
21778391
95233127
161344057
22548614
293162619
417411139
365008246
364967265
378791881
96913930
1857678499
90934547
29281855
185321708
83513181
518644221
101795684
73408582
968650362
960696949
1060487274
1072382221
139574248
35829796
596703313
16042794
467654641
377493751
360395108
989231
16405372
128881957
501171676
32104833
297498647
15483390
66185823
20050047
60654735
20065440
50076905
21764343
30913636
550401754
963480595
54212456
122265201
22528070
21318607
271516607
16798448
25056037
134887156
106533879
15018621
14663088
122467925
23434446
39092982
127395896
104232479
104942446
600146939
57425729
488614998
27187897
50702081
29137937
338739038
62632267
58862252
124196924
158129535
44362379
1077446982
52844632
45690330
105888743
24935590
82963512
123565032
234937222
252819323
1336830588
47544979
219459017
88770895
1553093317
1260172386
1135486501
1222257180
242772524
1128514404
15692717
105274945
104985029
101846064
23961487
16877032
57656702
16901166
19926983
18026634
368980270
44110912
111967933
15727317
21044127
242926427
596516405
338505603
475219426
7380322
128660352
22859457
157064188
116324294
112471133
403581958
24272593
50394517
41637247
1058345042
935033864
314335929
1071900114
16045066
303933707
310330192
235217558
950328072
17198100
108424611
29501253
118163981
232260030
19952863
1524785744
1033917120
1305596696
19409270
28672101
232710967
86364947
38001429
328716787
65421751
82867291
17843439
16028750
11342502
59507002
37564255
149913262
19173787
72176983
351133674
93505671
26749459
11203972
47528281
91264050
86199249
197463159
101569095
36750478
121537720
59110488
29725730
328808615
909197814
102137910
1037982954
1125409915
293283154
47527774
16679681
182005056
16800811
22060843
15094659
127602869
366734571
66468564
26324609
402719755
84620376
22089915
23283299
14335880
25101996
216881337
223970563
46724483
313377740
272566480
118821830
15234001
29216764
14839147
86402543
275870482
479132341
65120302
74797937
25408815
22536804
14445704
10153522
19602878
336085411
501168580
14416109
21897392
29447358
22978395
47688440
116836560
1058807868
1087628484
1045853744
875627605
438198498
18927538
70468535
17918065
37766774
74280725
542947864
61235449
54445020
84918001
16032925
111383033
49140008
37764422
23970102
100674437
16366471
32278753
18458348
342887079
263758909
46681100
56413858
2459371
12727902
15670515
31285982
9855382
114816465
26545777
382267114
21010214
22508473
56505125
780283315
180505807
867183950
26299078
246393374
1074101017
615806411
22170482
272258375
244698203
16742053
104615577
171606103
109034782
1399844108
136550204
1089334250
201336595
50300435
1364147454
58853253
48439042
51228911
301244835
5283382
966442267
35069681
78634285
18955753
25755336
68835796
735209760
223657151
130194029
29721809
17136340
17346120
15537855
19743955
15444711
1347436638
325770743
1347509083
26336959
703644710
26156484
100818837
441040701
1209417007
1331808342
340704734
335373160
57338175
17433272
248850174
556235686
83858948
91137301
599304496
1264979395
158726684
98941127
847341792
79011908
335660433
25285378
537499732
15726502
1262936000
287163355
15703576
41445718
17896154
1137600571
450697476
356349993
207702751
96018067
23599646
18029328
32007346
18083519
1051446626
848804588
120295432
46557945
26596727
8349572
67126013
131356636
324906905
1206386233
510746189
249219490
32363890
17167828
118591769
945046417
29515247
39253147
58886669
18216752
18684636
102136286
551091063
87599123
18040878
1222076958
18791763
402029058
12144232
18209510
73399452
21397255
107807966
18124830
128073538
588615888
21410018
1080844782
1065995022
747876121
882999872
247536979
114954552
61966716
271160889
45241685
41819355
352830732
56401482
313540871
615264758
440688620
21415760
42442665
4107581
16467567
129825556
585357729
62812958
246843442
45883745
216503958
90252949
1099963729
373178176
1129157624
259286007
1132232611
991659607
560798762
341236636
192881133
15700997
32071013
34109146
16180004
235251868
13673392
242873057
114782468
68739089
263936580
305189255
118756393
180142423
44401911
23562007
363224568
298164963
38947307
26951798
16064195
77241120
235298923
199721359
24214044
78941245
26143624
17963725
15075753
337778202
476985916
162438745
65026794
107481633
131345041
272490401
584041305
991496851
26808497
23362301
1119798144
46719689
60688326
19929362
12726012
107633302
16259228
258527170
19286059
42834939
44135635
18138308
133864713
847907646
346911928
567328727
123051410
19118798
40711129
23508492
180780663
18169437
524659834
18005415
1039653806
45450902
30736021
26287372
31057963
7848802
14268812
213795411
50769180
14904437
20053279
1054017764
343171266
93241358
79258361
15463671
34434801
60113766
551994109
299883942
22643800
23022687
5781452
18294521
14347972
15485532
14434063
326255267
11102352
112047805
216882121
234797704
16056306
462104542
75029376
6608702
13524182
15918708
143172040
15836769
14173032
24578794
13565472
20562637
15675138
18811140
8953122
19084896
38463287
253872062
245649240
17995040
16163639
17068347
116835497
240501439
36452050
16989178
30694631
17118279
15079601
15485461
14250809
19988458
19546277
12506222
49372905
34116023
16930489
15160884
136250134
15731751
43362959
21328656
93069110
18963809
85131054
236026761
15689503
15159913
28240319
21878458
32497478
89496720
16267319
23195603
27382597
17561562
491461409
282695161
716745667
292613646
22790450
109450456
74014041
13067732
221793778
29354944
19107878
244655353
16898332
138479037
16371887
16157855
3137331
14844867
44170811
16710420
18089606
342821167
25542877
22956220
21696363
43050728
26818986
18653708
20347310
98543618
18451200
136300373
43409523
16887628
14270650
14728168
18822612
193794406
228850459
17930077
86141342
5402612
174316096
209941571
19408986
169629177
61220477
14345062
19417492
16045956
90077282
23849615
9300262
21674448
240760644
15923226
21269970
32155661
14857739
19354391
52140667
46002396
21286108
21619519
9532402
146583023
275853910
108310388
158060289
90929037
18200518
1652541
3108351
17001628
14412533
7402662
126683797
26946495
21368060
28178127
21220931
16371006
18963842
242518427
198275336
28238988
531672018
39394526
51241574
16031927
55854192
164705941
15918394
18162709
154664347
76415787
109382011
31048444
130600206
64800805
15856366
42924141
34034170
14882554
16102244
33655490
35766445
89297892
237348797
235271965
18195237
137407124
11071302
235190657
20192403
75367781
76350004
10691752
240393970
344201516
45724718
5741722
295685416
237750442
278145569
78369108
249219716
10615232
15210284
179404998
16007460
18176907
6017542
15731368
113758100
20709243
79743108
23951197
272003911
78795257
178525592
263590108
20293895
21125128
161017564
100601141
151231489
17874792
432198870
301669535
22609843
20705160
90658031
9252212
3135241
18056473
18863815
18172905
16377693
14296451
103884242
18208120
9508922
166692957
23701706
69357767
198526130
20082156
21622066
151878216
19278030
13805932
274093366
5561412
426862142
96217698
21324258
49071375
161419926
21495841
148201604
80699814
23461743
209036391
14246001
19553409
1367531
18217624
224108651
47667438
45641358
15932085
115792599
21660348
19850687
807095
48077759
14562874
18315720
50141903
64581677
149285922
19926675
263647215
182251918
240363117
16057606
15450996
759251
238706098
18166778
16787084
5693842
14669951
244268646
1917731
17106007
15416505
179245596
45190383
733751245
23628021
5357812
287822090
18476455
1050111
14529929
15428227
19722885
14976503
17074440
93288759
248699486
6577802
24696255
18678924
20608910
134914770
43821237
83670742
140640762
318024826
22770341
31178655
35028052
28334375
56573807
453603690
318807611
128335404
17591992
297769932
526463447
49964679
245952706
253473341
104342107
874273244
799068428
30785261
60030161
42135344
57248507
472313473
26070983
319206620
25454400
21426423
17973836
14105355
41815816
15456529
559978530
26122639
601364744
314536920
344764478
103949895
16827173
110226594
102392793
23194886
320908221
23607000
14533827
58999340
66619040
64533011
459621192
53361557
16256269
33984744
486076221
404422077
164903782
369264303
59156687
20958510
23504870
45792701
26487169
361434318
131556501
70662208
140830707
148362928
270163586
218509518
18634764
251655399
373398788
277748215
46788675
18026772
505103855
31337039
351096666
16257121
28661122
398966195
65686324
23385747
37181218
54203535
53615022
35777497
14214070
266800454
36371877
148375516
16068266
20378448
23013996
5558312
40116885
85606078
49995864
41634245
18280993
40653668
38495835
17093617
71553097
85469308
2836421
28176898
246341769
129621176
37269037
21969829
133894361
55396775
26213879
84388888
16457416
9133652
114859756
224391627
16984304
17387589
4923811
10168082
273992516
215472850
249288197
20072947
8542882
245408102
243951377
44682276
115503774
25921817
65356586
2150981
19268706
7713202
17611447
43696548
17957615
21942926
252115520
246871490
108107865
15951144
15870741
41603710
226942827
149993722
83662443
184873169
77689071
15227363
26155798
54525773
18169110
132291374
24562770
191017383
208799616
201297564
25850411
201475138
30558294
211519733
59644201
76381104
92865362
34159237
47415772
21929003
138764676
30948168
27447223
104609003
67447198
64581874
48124243
218128610
19197264
219267033
127055396
179710963
19757290
19782705
27410291
21595909
20605592
138818961
19887084
88976164
41417737
16486245
22394806
23477869
216688709
190159549
224794051
22796773
90268220
38075703
62622174
230530208
49235089
225136562
16474026
226588830
19267390
20264511
233306524
146118988
108661980
17626838
60319028
206236190
15710631
233608596
236541735
14934031
23016011
146693019
159543123
85895357
22504489
26521899
154638029
113179286
158803363
237403753
240907570
125010178
18829388
21542704
103458201
16555985
236624416
35087188
248672656
25339693
20712616
920171
165880052
250404570
15234509
23444224
47880003
2975291
47495820
15079053
24636849
188527754
82780667
49621205
8433792
91943514
49135957
250924465
21361003
210555761
43394810
132242115
237345536
226604931
252586504
213499475
18021621
252285259
153891349
18111483
55309299
27078553
19744051
149315713
21327635
20065969
20857156
22730618
196276297
19726785
119550011
42704085
172592442
196935643
252819642
255952990
40875530
102716915
78713943
22676165
242585040
140132626
22985525
236569475
93679001
15190854
22771961
109280446
30906163
40109191
110004599
238203332
153619868
23944104
211850417
51109809
26013491
21565855
50128726
27699305
55176705
19574047
15938100
56763589
15993122
9403832
97072717
24485253
32477930
42314856
15999045
37519886
18859439
234370161
91038197
46417885
243290177
36777778
22527499
160561302
196824385
3417351
14437914
18170310
13142662
21787198
164759588
18663321
172920948
246088126
201429379
111687522
103375051
62568145
145257224
101850292
34859168
41461156
217099888
40887204
16862796
15250196
238579536
58104190
15966258
17072953
153151632
38692740
157505677
123738314
247572214
108083058
195860782
221508042
161461979
94140375
237019973
103330346
30773016
32467248
20782347
46582730
17292415
15677384
239584537
18232008
225116996
238028993
190776664
100804018
240291636
14953865
214944184
247185049
65910119
227037531
22642829
28031362
21161259
230977374
201269579
16403322
28676476
247723476
27003876
247971267
244535659
19765849
130945778
44960116
8775672
5496932
20444463
20444702
29531146
14989516
41410702
14216661
16451276
228772249
232199066
17976923
37029151
173945170
15412714
15304856
14934964
18906561
118850657
15572998
212262370
150281740
17944319
20733972
14109613
778057
217543151
213634439
221447516
211420609
235719973
237312687
233693291
201079432
234837632
233949261
235289157
233842454
224294785
235258843
237781383
237763317
236916916
236899846
234053893
236960387
225921757
233761277
222286905
240376522
237403203
211530910
239871673
237862972
240385577
17800215
19779139
17485653
234822928
20486432
17168586
17973421
22509548
27676828
18916432
16187637
209792690
27728459
16815644
211901075
234812598
171733309
20446910
48109396
137890996
77282328
76387233
127550371
228766001
154260296
16212541
18208772
20330799
234626358
228803257
26311751
190089336
13727
72437762
104727439
24879891
199050414
118540429
17892781
22595386
239561508
36588739
39510422
18891923
34287054
222705053
195412366
211222563
132503673
103856268
29929730
126980084
234469322
199325935
104570561
59932570
108689270
99443812
23609799
18351093
192419814
163663628
48566603
127908221
18853035
237299871
38937667
43955137
242399000
14282169
194246661
52393883
218779638
234128524
17120599
22055226
240427862
236544241
16015621
26051676
234022257
229197216
236487888
218349372
238321369
237814920
236541422
235312723
41363507
16793287
14738157
15600527
19211550
47828363
36921540
17971455
19550641
9075852
21481343
14267557
5656402
35833379
31127446
18244206
15777645
16491569
15773898
29732063
18828839
16419280
14368074
15729784
12789972
28443608
15186308
11134252
46176168
16193222
28576135
48029066
7841652
6980622
20786801
12245632
30534986
28628850
18950712
21536398
20963813
22517990
19389037
1933161
30313925
21384333
28614262
38021361
17949344
17142046
15024479
15778641
9604192
19989814
17602541
15335534
13262872
1931631
14235903
55329156
47632905
17466186
14465607
14344823
44209472
19658173
19115457
14231321
16282011
17844954
19091173
22831059
23098517
14189016
57768217
35727968
26837501
17850012
22056192
15745368
20508720
21687766
36667104
19728422
45970002
12
13
22812434
47434201
16597389
35474809
14110710
62847435
60984835
21157904
27689907
25828917
21982720
11384102
28264799
20252855
47739450
19028248
34175917
21434408
18097821
15677585
24002724
44397881
23080711
27311044
20245031
25311745
65146567
68475636
50325797
7548732
21034970
21525715
15525062
19806962
18020081
15116570
4528691
20884200
18309243
19677553
21313053
19608273
44177383
9862752
19480011
16795014
22526995
33249832
24476251
75669561
15852651
18286677
63650107
75724841
38484359
54410506
17492541
63864872
26582786
18804798
14535966
64835194
5145071
9404232
18394443
16607357
7702542
36785104
37763479
51964801
18258975
26198723
58708159
20319147
59891009
17402815
15929935
26493862
18908703
15165894
16788214
67630880
22225649
37198934
72616216
15248833
17054944
18444388
19879340
15723287
27873562
44914646
60699354
74666674
53673435
19663069
19381675
73044644
64719965
75582573
75690416
52477828
76118051
21905548
55235265
18612289
42265227
19114646
65929480
21519879
15648031
15481585
76118161
6753582
19407835
34793128
18030431
46178909
44454348
15812612
57849550
46782705
15225507
18955317
57047932
14730894
15506002
83844852
19932005
21703263
80378382
15356407
57428429
20259954
15855640
17627001
4916821
23976316
85395596
19514166
15965143
23084282
18978553
76452765
55677432
36654245
40318829
23712174
18277655
37920978
32506723
18805303
19616327
19069733
24773493
23121519
26424123
17553308
20097342
17993906
13322812
22196148
17058879
72198806
20546536
14091360
10102032
19739126
20015903
21329888
14384907
20597460
16721061
15441965
16725276
84015988
71627462
15300388
54085152
54327216
18560231
40510796
15429511
58638811
20686232
56749157
21829480
28386918
5639832
17930084
1759181
18323740
19666264
25857217
66752985
10790612
15922214
19432649
32010840
17518344
59947068
15160676
20109973
19803365
3452941
17503180
48038024
16072676
65493023
15891430
87063281
56443453
43920155
15931637
22033805
10419
33515703
21411381
16855888
21333396
19419870
71294756
52789108
22203756
48117116
47799692
21785215
33929477
19163684
39269250
41634520
14286155
14520390
17028306
33222598
20859704
91055467
28652194
34927577
14511951
52070270
21612122
20177097
15369355
25526853
17513576
22703645
39308549
25515796
79281675
18751435
20957491
17275727
87103895
17658786
98255122
25299496
103104762
19321522
26820275
16726846
74057037
27744185
107106796
76109674
22123215
16468012
108617810
57659239
14305231
59882223
35199446
69666298
73473531
110445334
17467298
22012091
27245742
15918353
56383989
104300740
73116085
46817943
114974578
16415750
54575354
18686907
17823769
113420831
16148677
69641276
69773058
30043495
112526560
89820928
27901418
110823581
18812301
26083271
63246339
20182089
16545444
18734035
22334332
117777832
23718424
103081016
16491845
20864189
5539902
25320005
102964739
121147627
20775769
121773782
113047940
18028893
63004503
58379000
52503751
76966145
76043920
15281676
26778110
16051471
23124635
17465227
74198348
20020575
24904117
16424044
24183358
22528309
99589232
23696410
26533227
18646108
99786592
47975734
55018701
16297707
18171067
59856467
15742985
19841029
7043492
18000662
7597712
18967498
16347021
37007274
37203216
56708256
21093964
78421007
34340464
50152441
18317325
20088666
14275291
23970171
25086658
33977070
70756980
18632666
12788332
22545491
124224165
7126672
65502117
18566912
17479561
20175865
972651
50317463
5988062
9624742
19937880
60680268
17614200
25594161
37046602
128393253
30864583
136296211
18226567
18956073
16192218
14458183
33133619
65763420
114756202
23103488
131839804
6576292
19216998
18983793
117537998
21334179
37666984
155642785
58523
43963249
69181624
163586067
163656981
161743731
54311326
16651693
158769098
6330762
11929312
154591966
18468610
143798379
35344094
18557573
49990915
15690503
14662354
18981785
114266451
17308891
168001464
24735461
5336752
16017475
50393960
108351678
12272322
13218102
121534796
122488212
35027698
14773379
24618431
14103826
14841020
19409472
33660325
22768484
16567574
132286315
47553531
12354832
93055977
15764644
90484508
183310120
20635633
18856701
130684893
20684228
39617992
191589342
2890961
14946200
1344951
108416848
21607954
97963837
69086398
51462013
35218566
185329204
54412900
18723501
21167235
40923070
29766367
196168350
135108504
48809111
71358042
205403344
114388293
52470438
45994332
70799725
110545675
21122578
14620003
190328374
29259675
15582411
29212726
77015676
48459553
14795201
199820474
184627801
215911580
13637012
218975278
17433632
15901113
17417325
52203308
137466464
18091773
46402910
19515059
202438555
91383735
217196705
14766591
24844642
49791309
212634966
58592705
21691636
205336320
15515169
64592901
140304259
18363806
49516074
206008885
185759095
198004487
36700535
216561239
16247160
64088396
52774637
121208305
640893
15976697
97474887
147649517
138787319
26548315
65448844
16143986
17516995
59676104
35039244
7770342
1020161
1543561
93876666
20776497
224639298
20295763
22052282
17174089
114085960
11017682
42712551
107433523
73410119
105187267
219429281
15496979
11775782
21111323
234057152
22691109
61785531
18080708
23125615
80026085
15762819
226968160
161467464
21647122
16028184
60441084
161764427
19660162
65342755
95445047
44517308
164825071
87643796
97243626
43611112
110893482
109154526
16013789
61598032
167972555
17402867
169188105
58641061
14940294
70361366
148560663
44609264
173947035
137172797
112290547
175035833
144917641
168690289
16625444
128242306
11389462
155932048
59551092
12927812
30265682
167475590
174300791
177310373
121537837
114621858
80956768
33981209
22547261
15846851
22614637
60982269
179213130
43346767
180842571
37774565
164944125
17832333
71594250
42892455
14614786
21307804
97022664
19199172
46211403
58063806
11766992
183752294
71736265
176905080
100184541
111221015
139593618
13058232
12925072
62845384
110526723
17623520
106812236
32840495
55900170
96198815
110591279
110607026
111004691
111115124
62046949
109212396
34810105
26871797
62543829
14981817
75931870
63648762
89191351
113441135
113477819
18747804
116110275
124446778
126535182
69620387
80664949
55146011
15876925
20707198
140648552
142762287
97594214
8055812
14547775
12929792
15878714
160652233
117227688
116850106
8090372
78644424
116512470
61794220
118672304
117489658
73168547
26513071
121273111
122786933
19064522
124804852
22807656
28563123
55131382
116853380
21236667
128229020
128004220
19466786
15669865
32191289
56686526
129423185
71164703
15399342
119243431
72148408
129702791
106199395
143240580
152224019
84877964
80576247
108727604
157003108
28834058
14828860
143670105
76125515
159141663
47837116
136424969
94633071
121788466
130692013
15676991
16194725
38431540
114019094
36065700
120931726
139780184
101841165
15356467
25875785
121849887
50848969
36073331
19988123
42766576
120156613
97527692
64098343
23396903
110456022
27078943
70742918
75292415
63760476
65684771
18224843
64295140
109081066
33940567
14894886
24108252
86053163
85708907
73207453
89321175
30699499
2674611
55440753
17668455
18397032
91489581
89927263
17504439
91916995
41297648
50948509
87611901
65256222
41620321
20255946
95678176
47613524
96040607
14596145
18254807
35013487
32156297
57366701
46543849
84200589
64462542
26015764
82009334
50396479
55733508
62359900
20250324
39992039
18808245
76188685
21136403
82909772
40359484
28332194
22497557
86071978
23109414
20727631
86834067
86858914
15978244
19218914
84753071
16970315
18145350
20802136
19510645
13513672
73295508
26793433
70461793
16275407
71107364
29314586
19326390
77555846
76629627
76351900
65056071
30959873
21782431
75393567
16327159
68471280
16902389
68796344
80314881
51965772
9801402
28131724
80910430
81481252
66987503
22535604
19068720
22745993
64645458
23436933
73206697
71246466
62569476
37565901
52751399
18043441
17224578
76455133
76708191
13857392
28888278
21047212
33784889
10398002
19829966
66433333
66767158
26290247
5329252
60412202
61243220
19626645
69659621
15432065
69397283
67689103
71248309
64898735
38488158
20324899
22488775
71098318
43545364
17910443
11060802
67101073
18329671
71802219
45826137
72172184
73054939
70739402
73532404
71601734
73914609
54967549
61041060
22234257
65561701
19169892
65639588
66724123
69057140
69316135
55345419
21280216
21904416
67102922
23459007
15370312
67043886
15376738
20260009
67604780
64347001
67771614
10876222
45253998
61620619
62967698
15808733
36893769
31490654
47267250
31152881
25456450
29849245
63727907
14187250
63483129
57331899
56001886
63355657
58457350
62588179
24287756
35059549
17303434
19150696
16833640
65847436
43602817
65374779
40868557
51334089
40037996
62144705
18513581
19611032
37532565
31705850
12837262
32937327
62172410
22773605
48664474
9345162
44558854
22230295
52171223
50343475
31918711
60913793
52397746
39299093
6610482
14457613
20713061
15362701
428333
50055701
17546958
2884771
2704951
18826289
36385483
51424810
40283272
17516159
49752744
45648439
50314515
22775953
54692689
32787953
23343334
59468523
20336133
31586244
47736933
16072708
59969802
48705554
20437286
2467791
51827322
28755148
17890663
20921337
57115324
19102485
11256112
56539113
29725380
57019402
55307236
17799913
28348608
16634472
18905875
34838388
50075150
35874978
56424050
25032366
56562028
28802372
17907193
56704119
24055623
49503821
19551630
22935909
54322823
40287480
21916746
32773129
54564193
53323040
20963754
54603861
17653244
36546696
20647697
15875188
45545970
20553221
52495776
15445154
44702959
25086475
52924170
51162089
53896661
14884752
48660497
41115629
46097077
16904345
18191450
18589419
14616086
37588067
52431081
15615297
15771620
16672662
50626263
25316129
44363764
47980909
50652924
21440740
19359029
49713151
20157931
45756551
41747748
51175745
40958225
51217477
16537815
17550920
18872278
48582584
48361532
47369118
39559444
42967760
38808045
44694288
15654704
21801915
46553677
20887873
17842607
16924755
48892220
25313824
37220957
14426917
49879999
48734740
23866807
20709117
33370627
18829433
41994916
15648399
32136250
18480101
41268563
31014599
21826183
47833220
47835492
19420667
23070133
17079041
32540760
48166294
47116990
14236388
36742955
38706637
28733008
46642635
33004414
30045475
16700851
46496617
32951837
39262697
21462484
15394954
15676492
35998443
23391280
42930904
11442512
27863897
15012486
17513304
14301386
38860236
25387732
17010913
34677814
21170191
21343058
44214182
44592290
40331955
32401394
45185774
36131059
45369448
14466022
42035480
20619444
36738320
18730815
39966086
18143849
23215959
24422240
30334489
40797777
39544579
45303501
39784234
20575336
39709221
27134217
26392564
43594736
16296683
43938198
21088752
15302379
5107601
44177101
17871144
44368678
14858511
22485248
23429147
39052957
30346767
22921312
21863787
34607541
17656929
18788714
21819734
41809084
21204363
25633140
22692723
43333663
43232146
27932851
31280223
16695937
19912372
33813591
27987465
41837332
25910039
16918853
18596693
36617987
34516973
21002870
32127835
39044138
25306499
20599886
23944163
40518949
21328737
18454339
18408583
19576257
9411482
20008084
11856892
15406924
11856932
8839632
7744592
10910072
18812572
18628681
39227875
19819748
17078632
23814449
16640775
14446552
14426032
8771022
37667807
14863889
25952464
17745169
18776960
37507269
18286629
30193274
28976620
40240461
16144612
24305174
16063829
20698845
13871102
17068359
34719968
35009522
15493728
17998717
17546263
19427811
18991321
10840862
23116802
15724542
21463011
34176567
37771543
40293912
22923214
30462362
37843143
33083753
16506973
30236936
23147498
15207668
14408705
14980787
27410004
20267772
15483453
20528760
15446424
20717689
22494441
20465058
22197041
27037173
39496678
39999785
18487054
37092740
15381781
39565003
39782382
14981365
39838402
35875565
19661470
39600907
16144675
4121301
14909247
21061386
31567793
29265124
12073782
16440677
16285710
12673222
14521985
18562065
17397638
34173355
21234300
19351669
34303129
19737494
18727004
17398276
38001826
18242293
16911760
22726480
16932240
20695186
21435658
14407526
14429106
14428983
30283854
37704252
10263822
18989650
37964089
24853118
38819925
20020647
34911933
14602140
28084965
27862451
23462629
20059537
30118001
18237897
27863132
26572534
31225766
14285633
21765201
34960973
14269598
38545928
6725552
36957386
22107098
14333164
37403686
18195141
26336132
31012488
36060558
27429972
20105689
36696032
36707643
23910829
28589026
36843894
24710700
24565977
30446816
27309794
37006645
25732321
27971485
19985101
19740658
36505331
18286821
36492478
36475453
25395444
36572508
21329800
22044641
15985455
19865859
18695671
16101891
36285379
15586026
15129437
7029642
16976207
34738732
34767313
19609793
35087574
30509146
24091685
29120409
27536189
34131825
32219123
24251591
16938694
28562045
19890850
16656078
17419811
29697302
25999070
14644501
21303400
16890587
19154501
33756679
16481781
28289239
16714639
33111773
32573042
23255280
31280515
31408696
20348426
30998103
14391126
23154573
31483470
14618074
24681839
15285305
32426116
30340855
11542882
32883909
13529492
32536885
18183592
33215836
21164922
29437145
19111702
16980483
10321812
24203412
28984990
28938546
14981770
22409060
29924393
25841161
15794878
16251002
18058872
22835439
13960542
29507654
30964035
19744203
23148369
30681986
23639156
14980389
10434612
3675881
24539426
16045171
28175886
7022572
24027953
19378475
19287667
28644156
12126822
29288336
28668804
17705847
21603833
27867141
19193147
20647722
19121293
17159551
27382576
27697508
24138024
19392245
23030492
18986411
27950535
27487569
23032143
11538342
27959807
26662979
26837375
26901907
9374042
1754241
26486910
24486835
24492792
26258534
18203024
18169525
25851452
26072214
26023986
24081530
5834292
14908729
15203525
17296142
17468192
15726782
25506322
24964981
24897233
21045216
22611537
24231140
18460188
16315797
24492259
23677941
24905191
18672742
18255301
22164775
14560108
15367858
20768051
16194855
14591166
23099009
18465145
16911853
14066023
14062948
22018687
21834942
21169738
16890665
16331674
11236082
10006432
22485497
22236723
22506560
21692900
18297882
13751122
5508672
20491223
8208162
22037323
22817467
15300955
15817926
22854260
17527166
22918311
22047900
23314967
14105756
23382692
19570854
23480462
16111206
19773831
18801678
14322901
1683471
17771693
22535895
18745702
23669711
23709383
23676428
23694532
16257649
23793475
23935072
23944322
9955362
16472929
9883192
23609338
17199107
24203602
24415243
17590914
22845636
23798658
14836282
22186148
19167878
21573027
14197315
21418127
21355284
16550142
21540182
14461360
20163184
14270909
14680797
14775552
14351457
21663103
21491270
19754122
21654052
21683810
21746752
21775684
16893035
10785032
21787491
14361047
20466532
8269972
21802392
19087885
21771519
14457784
21404477
21053848
691503
18994215
19430294
19317140
21334549
18333933
7911732
21304720
17561363
20967908
20489586
14407458
6432242
18635613
15741724
19254267
15749211
19691491
21174377
7359522
16065864
21210453
15841925
14212149
16494555
20791173
21023680
20890053
15223636
20444719
20851006
21011075
14736969
14952633
16085543
14725237
20046986
19686924
14176902
12091482
14548621
16377999
15038615
20791967
17653110
15663833
15861447
15948397
20707741
2118151
14194928
15099590
20000058
20251953
20559254
20552124
14100164
19352476
17411629
16163790
20415112
20366906
13489222
756044
20255183
20255957
14172379
15458094
17391442
20258790
19683526
15774301
16168640
14132317
17464305
20173312
16660447
17901666
16608612
16002484
16030518
15766328
19556006
12896772
16041691
20328046
15516880
20259439
20351975
17039047
9499592
16991880
7936772
20371813
19888360
14307872
15172437
16152861
14928580
20407845
16188153
17157972
19149384
11763192
19349216
4759631
9690272
14747343
20438675
17366600
19560082
16544528
19463047
18033324
11841902
20470339
15020143
16013053
20025352
20249890
3265621
20246654
20246554
20247795
17498103
14980284
18141863
20244810
16783611
14181649
12216582
16047165
20245409
20245975
14745572
17086864
10774082
17915824
15751319
19270654
6114272
16661963
15935206
7067612
14629969
3128101
18015658
17777458
10788392
6791442
18610613
15383439
14791121
12364412
14475481
16405037
17316246
14632823
18396240
18318238
19118802
14609769
19919969
15391846
18489164
18479128
19243316
15904998
19910847
18060355
17544304
18650438
17281088
17015011
15381715
