3140559108
1247372426
54885400
10126672
15113565
8775672
15646688
19611483
64345739
104601034
121214934
29783660
30950320
17814568
44991444
2541744122
24888673
16468792
54394890
61226587
2343765186
188753292
1472887399
66769702
384492604
2433283010
39311859
478989249
545330331
2317752788
95687197
1876533962
107440116
123609824
324212567
506451073
758516948
286349048
70747068
335529760
61243875
376769741
17593487
131612566
342120777
40885416
50664456
182805872
2322965148
25116168
54984114
906782533
1209417007
16583493
60628575
16187637
6577802
1051446626
15281676
26596727
385438570
1048784496
34681960
2953974395
2966758114
19650345
29960419
22509548
240852602
1137600571
450941680
1444015610
223970563
14552720
30313925
125896109
771936254
1917731
85828820
97503010
1367531
15210284
254117355
7744592
213634439
15923226
15675138
22508473
1119485335
109648027
2467791
51241574
807095
20563617
1061398388
59143678
17214538
16289168
432946610
47731180
631385620
27946710
99147636
78369108
333692333
18916432
301549400
7270292
23712174
242772524
1092757885
1060370282
39576349
313299237
544690798
515933845
22528309
66777165
44617318
14687256
20700623
48310803
19734708
42709370
15207668
27693260
66715629
92554363
18205191
258859368
15145111
15165450
17505840
15896162
14745059
14709647
7406262
16227765
21329888
194233791
225921757
18216752
20546536
24925573
30868693
