25373043
16039448
1661625283
38048560
34310801
736139904
162114001
9300262
2557507771
49031364
475454826
126423061
62831904
347035710
16249259
103936937
1539675883
245386255
747876121
398088661
190360266
2330712260
340613443
19948202
2695663285
52585436
1260172386
1092979962
249410485
2427858198
16340501
237348797
409456907
117821354
14962779
21619519
45671898
14251225
10826912
47415772
308233424
184136149
59676104
15931637
14412533
14268812
17910554
19618184
156768711
39511166
705569606
107217872
247486443
376412378
14505838
314690118
368992130
16285830
46131997
185857601
16379018
7744592
2433737761
709244438
309680827
15739494
17162499
121444458
95518830
97006234
36230223
20002401
442283784
488016444
14007532
24109900
188841757
1963023355
15483390
1347119180
1134292500
426909329
34245699
23663732
37091421
72685208
98702615
18839785
1585964245
53102746
7309052
17164414
21880237
76133715
47438401
438561525
11771512
221484024
18963809
86853497
615443591
292549803
18023868
205392468
18776942
42958829
22955113
231510077
118245138
2458567464
14560097
253004443
2149973089
19674502
161427200
15224867
227837742
48144950
21982720
61853389
361342191
159714480
25110115
123883373
68498034
16547587
334162338
47350034
231215321
2746932876
28139625
131599699
66369181
261918703
140286364
16081831
13067732
16051471
60919240
20879626
135188763
322043132
359601344
26548315
141707061
19038768
399868775
1061292174
169620752
103927659
518644221
453402725
56774085
37993184
516699539
41087930
45135625
135931182
21312961
26757562
114612613
561472260
23600262
1023096199
7563792
2511477648
242836537
111635980
24112747
16396588
15922214
322754909
41896109
89820928
2884771
11856892
6577642
79866726
834281252
1623308912
19739126
110779446
369238541
69181624
16031927
975200486
27882000
109431937
103022243
114050808
1375289149
22799750
59159771
19932647
14754055
1176994477
14529929
20658469
361012274
22703645
113420831
42142849
14238142
24189067
17768938
325001316
1358091847
14135426
23839835
103087786
55369810
37036297
232235048
117543420
1072008757
731167584
21071595
433828074
2347606368
1061385474
19407835
21312077
16125224
13524182
16157855
231854033
62898153
18482836
41653798
43409523
137466464
87818409
18767699
35773039
15164565
70709534
14437914
106507775
14858000
12133382
46589291
17074440
77032777
18812301
103018203
23996721
267921808
282735852
1367531
22650211
19079396
342863309
18812572
58550415
86141342
36771809
17134268
8839632
576796855
153550619
278776049
17787705
1339835893
325830217
7228682
50393960
369505837
813286
1330457336
1093090866
1281405877
524101128
160561302
121795745
111037335
317980134
196201414
158397501
937801969
1963315975
61843868
1016271648
5741722
19416225
18909919
26792275
21114659
17469492
117777832
15808765
272019676
33537967
1020058453
17112878
58926235
125212215
7334402
420849957
2296868564
15428227
1072453910
113202279
93761782
222286905
58928690
20192403
74294786
242892689
343063239
17907987
386815916
614542142
1452649538
25399610
1037321378
297686425
219429281
1058520120
18773159
211420609
44873497
27114180
39853442
148878245
27027979
55774880
9130702
31395001
242944499
299883942
63169388
72631996
28585586
429533793
18763909
132201224
534669109
75367781
89220865
36196298
16843180
243337600
220009727
68403785
48042794
206721200
18963663
122768030
85365067
115710058
23232204
20150502
26607712
34713362
555473643
426802833
31310158
65163785
25249798
27048645
44138459
1539848600
1967216306
1225814342
21436213
772559156
14849562
593427954
27878771
378755427
1398226626
28113052
1692833432
116367826
9624742
15007149
2181793538
19575278
13364
1340252029
370808273
14763834
216892260
1058917562
485036177
963480595
1060370282
1058345042
1262814457
136300373
208736091
292495654
131497030
250188760
17539497
247334603
293131808
21431618
541197767
28181835
8775672
20600214
16371887
23911915
116056218
24058956
19575342
749963
1410590874
27311044
25101996
461697741
234128524
997285801
27975374
114887629
626983614
20176959
93069110
18983793
41196210
23817772
30043495
71294756
27901418
108617810
12354832
15159913
18179659
491350825
28290053
43450739
19480493
140532377
82747327
16729099
1964325151
18301693
70878386
1090002997
1140648348
24913074
21313053
369835106
453319164
24195214
242761889
5695632
16967845
49698134
15212187
191090310
11762572
15441965
19808819
59771400
430995737
57172253
1433356862
28348670
14185317
1061029050
1099199839
21622582
38459769
17820668
132279035
32520240
11275542
1712079198
163832303
381090926
1656148386
1480136611
851621377
18202664
19575366
19575430
9290632
23030211
21330459
26387452
28652194
82720126
5548952
86129724
15993122
1060984272
976264610
362079222
1904869009
570929537
48802204
16746493
1286312880
17006157
18622869
4207961
182503471
50325797
20474813
46662081
15012486
26585095
759251
28785486
1128781184
14173315
15606793
11680962
109614008
1262099252
14368074
42711801
16170253
16563748
18949858
14870670
31455332
993153006
78497401
117974827
19659031
18028893
1546868053
13455
72365128
46713710
24946880
114547989
23951197
1141510609
45828171
20455554
14345778
105929549
16930125
184635379
85397586
1564728318
393029828
63262233
15727317
97474887
1603787905
254117355
222953824
530938979
15361984
595515713
69368313
65751834
19575297
51241574
2467791
175299730
26684509
1045110018
233842454
14300586
158426909
91180720
18587457
17291393
16129920
193868212
50073507
33222598
39155029
140282365
16076032
2836421
21702539
15724082
151444950
950783972
16524544
14246001
1055907624
72715723
18227519
72198806
29546945
37007274
389840566
1222257180
53929374
20463418
104377689
19148372
52774637
21657051
15399512
329819790
987832914
18501487
21768766
17851248
29788970
21787254
16583468
177018718
277165873
19107878
164412502
52070270
88806753
1917731
21443225
17221484
21307076
325607198
15100219
309224217
21252618
9235692
136361303
29867189
9532402
22874714
17905002
19571800
21449957
23681494
224320485
18769254
17004139
14270650
428333
807095
18678924
20608910
20776497
222554961
17881467
222622640
54276627
19036037
18172905
19794065
14074515
15754281
109025212
21397043
23124408
21542518
33660256
16051549
18350502
577690047
48366585
476092536
215053058
26976905
302404672
84429383
882846482
19575119
599329617
942156122
14434063
976969338
54885400
14692385
16187637
267854863
7402662
43963249
405880248
12296312
136337303
254226686
829713356
19195094
39515894
423610904
42412168
63926780
1430830393
239964567
259918701
164007407
59592572
159582860
1051127714
122571571
18224414
11379362
113886372
23000202
309381557
31170235
787102
29777489
106982805
14308310
22763447
1080844782
67098352
414377325
1078473840
61206798
248843069
19008269
33600887
15223559
607437515
82144330
14377605
17790274
10955202
30313925
115466478
58544650
22012091
192955168
56570125
104389564
26126881
10326832
126424795
15764644
15923797
20479321
14671170
208692908
14275291
308721230
246769138
26424123
47747074
92186819
235373000
