34319895
1055907624
239964567
26424123
77764733
217222582
2319349057
1852386540
2347126681
2511582584
469415650
2497005115
376747080
442824717
1131512965
550401754
26747225
310310133
15667802
543909279
337798064
17854263
236899846
69898107
384392601
237499357
16403943
58840288
128664931
191469107
213292822
141261381
250311022
126192968
95985179
19120850
276516339
222345156
47448886
36895445
240349566
240353305
240365207
270127606
154399529
141835181
30906163
275380916
77017567
16736613
143194982
21680537
32561819
18637326
91889287
95742973
24758900
15791414
17120599
269439674
204118826
46243198
217327603
204881923
48308268
257765608
272375864
259905453
70581033
258649978
233760050
213092950
117537998
99309480
177974542
186527724
269863546
234014087
270566295
270504708
44155214
269895338
262982488
186525187
44206248
254656362
126644609
266862596
247324832
44215945
237770636
15932363
21656586
258418535
195469279
152646699
264914853
50896621
135005057
177622615
266820357
262182227
208692908
15764644
26319547
15982771
265378912
17277194
263942002
21631487
63504849
25158343
49224286
208843118
103979352
32422915
74521617
43580563
137571771
262477012
38527499
256673450
261432863
18818049
15948219
193035945
206744937
88714069
247123792
98156931
14336049
260404884
217623075
260397971
18215815
247949971
234895264
189239846
258805099
41159844
14327961
129044595
202610762
243344161
145236121
16703058
67323033
129283374
250630392
164413616
27078161
123133557
246561168
252843004
110524629
40252584
26596727
56806465
229888557
46175145
95612807
15985061
19216545
187686566
151255894
251075698
250673576
31449975
88790873
37461389
96970645
17279281
250448109
15902877
150366221
162959093
139103029
96547093
66680811
249785076
242892689
31088235
13783982
18890707
201790336
38668678
14124196
110468389
83909345
248219221
19649450
246876608
51133666
23258618
67985223
69550478
36519480
86955510
100818788
101604922
244969666
18166338
245005485
242883885
240839950
15648098
23886668
55634924
148373135
217545284
190890578
43387047
172808388
242426145
44469346
99153290
15172232
56267662
14753225
216381014
134316725
14262536
41239751
49464351
169561374
92061348
156030129
192874904
191891492
16467727
175080553
26820275
91965440
183876837
232726714
88722764
13631252
20872746
147508813
54066438
19950726
73003844
102256617
20285726
67115311
18978610
179539557
32636013
14677725
15379179
152687500
15611588
121791789
17169431
14725649
19151741
94129548
62586443
24525527
154263635
192726525
31843378
235171605
140432965
33480171
50045626
170991996
230278152
18997141
25747491
15201891
20953701
27694936
30330639
148766891
11006412
94623878
14291244
57168241
16185273
16186855
14950665
70188601
54806531
29761740
89094305
26513255
121875104
109095305
62974833
21221064
9043022
23024099
16558796
61000954
65912232
68156183
9907172
20644994
18139461
24765589
73417804
49005175
29232480
44229979
21390214
14166901
31126587
77279157
147726384
53076278
145883641
145248436
89345306
18268396
19405407
115735021
17041374
22320759
137429956
7838132
49136647
18188773
46115353
121591515
18023039
31013444
26322920
16894640
19663254
108020666
19606528
114815245
95481082
103408534
18775770
16133076
20203676
17041361
68714977
18023868
86089805
113400037
54279581
113453391
19371141
61506228
16877900
35017255
26051404
117426811
97505083
75721882
17902979
20258912
22660374
121656667
21913065
71644329
22695927
46218350
22159841
32520240
74230885
102113045
21663311
21612942
73034763
15007149
15662282
12079312
1781551
131003052
69188477
17384343
22789766
93002083
134505648
150010399
31935259
142979922
150499522
14386730
89492444
29902367
104683121
82208089
63344174
88473373
40660619
1457641
30767157
25857920
49466072
139593662
27575657
157051155
17374747
22097772
19543155
49027048
19951781
17960587
57087099
16429603
17875770
14438961
15163899
15489776
42954206
23660147
112912382
109489304
62916738
29981632
19777553
33057154
20813781
20786024
69373202
15916458
28273044
35262960
151997302
50449794
108694377
25345610
21304901
48749288
29174698
140799023
90715747
18856407
5562502
24915240
22695433
23201727
18242954
7402662
5741722
14511951
14246001
30313925
26792275
14412533
1917731
24752484
16955991
17074440
20818801
2467791
15458694
113420831
9855382
148565166
126079845
97300966
19790496
101073033
20546592
16409618
144342955
16538597
58603868
19072668
33225958
132720664
157196726
105260903
18395416
15726792
16381061
111201759
21611828
119467859
148780457
47224013
15168790
112792395
95061823
19603472
66820953
18558236
14602259
52052213
20179628
14615871
66369206
14074515
30288680
57653510
23631748
45832210
19432206
16582975
15764814
41672221
9300262
63262233
8223542
101492246
813286
132340386
17194573
80359832
66571202
20286798
33367205
23109482
15736416
32543592
39251094
21419504
71297428
167972243
158593165
145053764
121508423
97091929
25084910
69006939
59161755
52536903
138529104
146255645
129863133
68457698
37925181
94864576
15985218
165791468
39588132
11268822
12925072
13058232
177008898
16113639
64820888
21406834
109622899
117743669
33719856
19665244
24958792
70771506
22530874
22814630
38658729
2996801
59248934
30761275
39187465
39530558
19914257
19185333
14676022
177327713
43472716
14068794
12705772
19109512
28144506
16334139
144927376
78450746
102184540
112877115
16017475
124850387
65444216
23799884
91205892
23233038
20084565
5796422
14408989
18622869
100048155
92010476
5990782
78342190
13286692
16932271
22863180
15922214
22316582
19316267
25436193
25733317
21425125
95546148
17093617
