17345701
17813284
120305297
48809111
20459404
93755660
17001945
1382159546
237944147
3234540951
31256549
47945691
245408102
2779339902
282093902
2471688084
711716678
63512123
15923226
757132502
46726293
9624742
1104945055
17539497
450675590
1097069160
36458348
1368509196
26051676
1676002970
1201156110
66374774
3153981233
64908349
1020511164
935954936
34976385
88762106
376479999
220706575
27447223
17289840
34674041
15770447
132161491
39550879
377666632
576520016
7402662
426041590
19568591
37666984
11348282
2853309155
262746604
2253968388
993153006
2962681881
236479311
302229663
75400133
3464751
2874012366
20597124
374568289
37486774
339783657
18925261
1061292174
1225164787
550401754
301549400
292393760
1629115836
119110363
74241914
2730150631
722135941
545973712
110781188
311474060
2294656748
54885400
15603311
20524094
1849261916
25624886
2473645243
224078788
346427984
29768451
29105411
16187637
632992708
312136205
2581659301
272067125
410226900
20679432
339677965
1209417007
1670882258
123656583
52768208
18960773
33972718
402821982
1880674038
23076102
29442313
14275291
22671650
36588739
26340080
1155212191
53319100
849459576
1128781184
234822928
34340464
16261445
74282530
223970563
281610530
62009570
107807966
74726511
252685174
46096487
148305299
19666958
14304462
356929299
20467163
15428227
17129404
78319974
25181253
97474562
475988505
116099364
35829796
5561412
15896464
19828037
92161578
18217624
18891923
5357812
7713202
15207668
117101072
2452004347
33655490
89762956
131204770
15745368
113047940
18766727
545955539
2483638250
2178681566
2461944354
