172381818
381152398
236485849
1200383454
463382740
76027332
19940085
21759820
133947893
1577780317
140286364
46557945
19506790
119170728
302294258
39407781
52491611
186935399
306014303
17539497
334151949
260845829
33563161
239949176
154909422
133769083
112223837
19080567
3240907120
460596968
16802169
42670860
1463684612
16675033
8539242
372786749
34923877
2917107117
30562261
158367907
2966332097
15948845
1674150607
82933191
1071777608
32880255
258900199
2805928220
436132790
2951518210
74241914
15766082
2149973089
20517132
1377647366
63262233
1730030220
33365866
489982573
81982525
24913074
27502543
82458562
1858896696
14173315
39748365
89237846
3027056799
329745459
41017380
227879769
29675916
1398214826
488838893
235333481
2989412643
339242200
2998892494
21111896
240282505
199400127
73413771
858162229
49993725
15458694
18249616
1536791610
25844225
16303106
158414847
316389142
30065770
277124730
1393155566
3187824193
325830217
28173550
110484161
15893471
140070953
110461908
1071102246
48723616
33588024
87210710
237885691
16546457
25664583
17050208
35849778
31475315
270446089
2618403776
61262559
845679252
2330832193
267776127
23074199
232699028
21882391
369635681
28174421
16187637
822182485
309937733
15645093
20255925
67948157
71343954
2414913756
19611483
19022811
52861168
259444637
2598288674
24918982
16102081
442185651
951580873
960689246
11348282
38516217
14505838
15571482
63619321
141311466
2491738086
76348185
57625403
142909179
288827068
14246001
15468867
18648532
3170985632
2767970167
2942226411
563900647
34487135
80096621
28652197
2678043187
14834250
1686597619
15481070
809172260
2785407057
1613695512
3015326253
394741838
26792275
25425538
3048992004
28657802
20068053
2800300992
606465085
282669437
937673342
979240387
3157630926
558769636
1058717720
199325935
17001945
390870313
615308159
57409991
16611465
16616652
47697332
2163002612
369697377
260396714
50703368
61762853
339783657
502144500
20632470
285182677
89762956
523749738
711716678
1202417839
1151189359
30275911
15988549
1485444793
25664119
201166459
38992062
21337809
29475771
19786864
463214584
18528834
15649433
50078958
234044087
19112923
221135570
393562221
18164420
299890254
373373336
1006382972
29774968
2771731320
1691752326
790650343
117815920
174073978
47866178
537692981
57907297
2962638087
184635379
3047508020
125980087
14247572
15138087
16743886
23820899
15750898
19196229
333100046
33924702
18185995
90529944
93900548
68903787
7004382
17445752
176932593
557963879
23372163
1596781663
27922157
24729040
90420685
252223704
533144417
116873182
321493646
41465509
218727753
33183532
1916949900
390973130
245412130
605608408
243337600
10168082
254241290
2970279814
1206227149
1061385474
248735463
74508260
22669526
19096720
624039687
31128529
32355144
456799145
19667766
382129509
15088192
1018222248
115501782
906182803
18215973
30305487
24456036
15952856
266917386
158006058
17839398
782931528
2314478191
19828037
150544798
219396341
327584457
36948268
322013313
365694250
19195094
57751453
519025164
107514329
516880804
245410760
19195956
1933242127
50391361
59010637
312134473
15113565
15647676
129791388
3031258000
47983577
20083388
2846834529
17744939
15835954
17000625
80628196
1613223313
22151559
30364057
14377605
14676022
132890575
2513729682
2989260686
112471133
185680080
313377740
16405372
15147042
38489678
582931822
432676344
277332390
14091197
16616061
243896198
3000158445
245804214
16899933
2289007010
63169388
20002401
37582890
65265119
19616718
188001904
1197628104
1902065953
106465257
183749799
414250918
335996055
1615463502
1080844782
249722522
123327472
202227797
247033343
110195330
55657699
158398519
292990703
2927222132
115979444
292935209
2433737761
1128781184
89820928
2962681881
18662644
279548833
455024343
426909329
98295715
2616507440
15224867
69044804
141947171
32431468
477485439
625552531
115663798
610922415
17179368
120176950
2548878342
47747075
224078788
109007797
16291449
28181835
112373357
15896464
164412502
480403547
7159522
26371674
159486893
36436300
407802731
1128601124
22546609
81202558
17911562
141493488
2149428210
201812042
33043020
39799272
143525311
208856459
47448886
15973392
51241574
40547609
172814396
2871217008
297067961
20015188
12354832
7713202
33919343
27949506
1618986259
226604778
2584348824
1172916002
18863815
21464876
37944783
40296081
119593082
30027988
161791703
2889081882
23630483
355579635
1022900761
109644321
486268016
66356317
26903206
23453489
16129920
18990471
109048477
70483346
48111762
35773039
837975722
1280924852
64718189
2584339759
66369206
266770142
16149614
92065500
187993109
18058609
14282672
15134240
6450322
105242077
34260335
17881345
109659449
158397501
432766911
1530850933
16380122
19083933
39155029
2469604452
369238541
114756202
24195214
69326792
82506692
33325483
2482246990
14688489
1225164787
154533838
14226882
45604374
2683045968
169038300
502281810
12524522
536819204
50452197
20552026
787570405
743411323
584675116
390281832
637061870
279148037
121819536
75120412
370489880
18057077
28160998
13787352
1769551
15235829
44783853
49992096
17837184
25562183
146099226
15586341
38372614
26077026
6794502
196186298
1246460491
39809294
241215352
888836629
50131147
92586415
759539599
48788647
551974288
2320507177
27452559
349424990
15066876
1942231670
55303679
529969353
426253223
1708516351
2310758984
763773829
19977634
20437286
19318314
22387123
32410054
91137301
155586950
119521385
949934436
293323552
16477728
1058520120
65185756
967267303
922377090
245515718
272067125
815745421
38700966
92029221
28729546
582880926
19674502
21026837
424648227
162130269
18695134
15007149
813286
104575967
2188971628
371800458
906782533
20616741
25382552
105212657
340380997
133448051
2680054543
298099354
7802902
59123957
938208487
48808279
221260532
1725899293
34245699
2355342080
19608273
158504581
59769395
16828372
16438655
122469460
41462876
2457094622
15000537
2250592015
363951584
21693716
2657415342
34408341
619527410
2420119869
753987344
14053178
188019606
2377815434
1430779940
24457744
18713552
17157230
115554440
351890315
17308428
1286999226
121790891
14067246
588560402
241599125
277859457
126017667
14193993
15678274
31611298
787373558
33653195
47404915
104908543
73181712
89547441
44988185
2691192320
1349793613
2230260060
2563602331
105211981
2293131060
1260172386
530900765
78408666
23509204
259403099
41452462
582220897
57720605
454818788
451752712
31187498
582175283
537214803
39360468
633098525
935322108
921512802
55010923
2244028314
772358546
18025377
19568273
28576135
46131997
242747597
19113435
153149305
1169358776
69181624
113420831
18812572
472058554
89536187
1638093812
337423388
1093090866
19403782
2272531993
369245377
1099284048
16630062
93495925
14401607
1157923572
26860506
386103621
164369297
379990167
16648790
158812708
16567705
208120290
124237063
308573576
2458567464
66837562
1289265470
17399269
68330395
856631676
633958172
1586676872
2578841738
1869794930
2750884367
2728567462
65651571
2632042221
41814429
66369181
39580052
314216196
2460219215
131144091
65911307
67378554
26303651
18949508
87606899
22844952
123656583
17544442
1067280732
46761771
143476735
65459725
140469072
17622019
66464576
981158108
17770086
19719380
1071840474
2414942622
5182301
1648100348
183675632
2327427991
402821982
227373977
119110363
419779216
48833816
774332347
2473645243
26782364
16479017
15919256
234014087
250912539
142721190
23621827
379185507
262300948
14159148
15675138
19725644
633896813
2383999975
30958805
556951765
49372959
1869981278
516711749
577521461
14075928
2147978706
581395871
109025212
167095016
44398207
18456013
384913290
39682297
14080020
74529675
505805250
1543408094
24190226
168290603
402797279
1485195980
523460924
388580268
186104850
1140018769
1160643764
807177295
346744432
807067010
743609425
622026652
807911293
735509180
19612279
140519774
17232490
15298971
768669356
18695670
117624889
233535721
2428238966
25324110
1077121945
2303161712
156331120
35724914
30738290
17631435
404214267
383374250
69463561
220706575
214092898
182941751
55442892
244962156
34674041
315269359
17563658
29976258
199472041
22260540
66700406
61954794
15300487
571971203
16177937
97190495
18483704
248768262
19727045
20875847
46180114
193815092
25219101
29450962
547905085
196697157
1173263324
190399772
31801993
11866582
365603329
38530021
500704345
16721621
38507478
22660806
174267169
2361848977
2317220642
39306293
277215536
50773530
1631851032
47427025
14269255
13956642
15300473
1011177062
515757068
53319100
171197865
188873851
69010726
62575859
2546226578
2255593598
364925390
2353648939
23946417
25810971
7860902
1433943511
354283315
22642788
31127446
1339835893
30313925
17171111
5392522
34296189
1517534456
197567344
1262814457
14007532
153181367
7563792
108617810
46817943
80638910
114050808
28652194
121795745
259918701
9624742
89447929
1967216306
34240147
48302030
117460060
47438401
18137749
79538332
73238146
970207298
376005446
72198806
44177383
138372303
28665877
12297052
122130797
31440884
147869906
299431654
299674713
48445068
18278965
336124836
284944250
90741779
1401873103
330921167
2363257123
104684802
24789175
1032982176
16001789
7152572
780202850
1525694971
2471321833
2459690178
729748394
1514574985
19666958
89460898
170828651
104576097
132241469
625221746
1673226230
715156512
2363252678
908834276
492329240
42699289
15738974
35549780
14385055
16886986
778876070
71019945
15897885
14559745
84679163
57111966
166252256
1423744171
1327688144
65416742
52521572
227302504
588937414
17289840
18084583
559628629
22012091
24738840
25159286
101334380
43963249
1551539491
20464085
260824224
64908349
14633767
21346365
151963505
1601425722
62009570
38970940
20597460
16228479
16707773
18960773
43431670
15151395
39311638
31811989
250707980
2303933886
2355307139
540310457
56681659
32441546
41380057
158396052
18622869
561718587
56902722
86991022
36151878
86129724
555672225
116898955
15840979
1406223810
248900032
35187768
21220931
50073507
2285812752
595515713
82858958
22671650
43409523
63512123
326352273
138479037
272590151
1330457336
16423158
55253922
78319974
33530012
72928579
15461733
552985513
575712418
29664315
558869342
33972718
997684836
54640555
783214
15931637
24484939
874916178
50325797
68415731
133048642
61804141
15837659
17011177
259395895
30929600
15086826
165885518
84076903
17129404
714940245
17797249
22077368
59676104
34022952
85131054
247033019
146569971
1202578621
495505593
281011667
15309804
14342564
70837868
23999515
1135399020
86697288
234361966
137794015
14615871
270901945
2467791
9300262
15764644
