3138603875
2425894915
23250124
49184482
26548315
201079432
48117116
114894699
2909571127
94493622
73041528
20747881
37945547
494693049
2651873685
226348680
245423471
843952898
1023096199
177553367
29944407
360150931
321349117
179716458
226169930
339299474
1148844554
1117197979
39081690
774407328
1194997957
117533998
181275984
25345883
468781725
114647778
19728788
95283017
48236314
23149774
855386112
950408618
596920665
34533589
25524754
787066988
1578138944
504819961
40303808
365109003
16874915
116087757
863369215
594660451
16224319
561189229
208668621
868408652
291935072
431903015
135991967
17163643
138764685
183376172
26637348
258530015
39098609
67358777
486200820
38738585
349412107
113651230
361342191
426802833
15212187
103104762
19598173
1242314714
564006128
18021381
1077446982
19148372
110545675
98675248
202294396
139782438
80643040
234022257
10292132
86674165
229966028
57428429
18294427
59058006
18453423
18000662
7597712
48459553
469194846
122226401
1069422120
620298978
161356025
26946495
64643056
115754870
262263927
114388293
17041697
28135853
21778391
457984599
42259293
135931182
147725246
23551460
935033864
24362769
204386512
914832906
20801235
58113278
20454896
37986651
23272358
14385676
38441030
28471924
20957191
495413862
234573331
33902769
173953801
15946440
85634177
28186908
772213226
24247327
54621739
302192666
592968976
24207575
95644654
118237774
22339298
355707010
34037835
290183670
69121742
233985354
23981681
22047070
28134618
26808497
197496309
15108530
70476832
222622640
17198100
82151660
7381772
118747545
457990975
29294614
69069901
139909832
106514937
109600204
69070913
34503087
18690362
56809821
28411179
498308303
8880952
2097571
1246763515
7587032
26585095
41164967
36084073
14780915
211901075
136550204
342072272
253604734
1065995022
388468632
11856422
407013776
242974046
25300308
36121072
15754281
14857525
18767649
207660339
42692687
575672790
308561849
8036392
46288226
902915935
148376661
36481855
14283545
26574283
31310158
602912795
482346901
321655432
334053327
1176994477
17539497
17289455
333692333
15091022
167024520
586531013
9535012
16686673
19075851
20809529
119533941
21301913
272395158
1250020597
1288967479
19216998
58493022
171228400
28175577
25562002
612473
18005415
20027137
218982732
121312996
19658614
19610051
28140646
35002876
34310801
42958829
15922521
25539893
22990962
90934547
59143682
17112878
17225361
624413
58479641
252300820
28162128
205392468
24485710
29456684
37696740
510526745
43979384
36659758
34604820
80136311
23828885
32391093
15110357
33930797
334270259
34001527
18637396
17050594
25344734
15101714
18560313
16826147
42495702
15515673
76636317
27904366
169203819
216446925
332530493
21679465
388555493
65111341
171154131
227745088
146099226
312800783
109280446
27959419
28195764
18080534
32359921
23484039
18521094
114896223
80317299
18874087
23614535
234370900
18257134
15825290
224391627
28147425
9567972
10840862
338597175
17050748
17134268
15715842
339942320
14693265
18384302
21335246
17297846
107514329
20337511
16830572
9545002
593234552
14790524
55048668
1073162082
829444723
14081106
17881467
26782291
19979090
7663702
25535010
20184845
18990627
141356377
26350330
70685797
15935591
252173791
5654712
16827489
175145606
29723477
20109439
69324314
24631305
19658936
205336320
18148466
36198563
15032862
19188848
15906868
47438401
26565370
5695632
86141342
12811952
34713362
32604577
8960722
13749282
254117355
63720288
21572351
1138688364
456806128
5402612
46662081
10318712
23555906
14957318
35829796
18767699
34500952
20627332
49720839
35134063
50705139
322603418
182824991
13820672
602948407
97503010
614535555
26792275
20295222
16364399
282735852
993153006
296361085
20094138
17602348
17028405
243731054
15368065
16632670
11611052
78369108
390449020
191613738
262765451
249716607
50798417
16617094
15029174
44513942
389060072
18028893
1026497132
69641276
16334857
7313362
39579772
18776942
22055109
16664681
22650211
19787029
60984835
14437914
107125748
24935362
22771961
94139317
48043084
14839147
18978553
20522862
168295477
21434408
16358097
16930125
36452050
64485600
18229117
1039653806
16371006
19792457
58187747
21401160
13850422
217543151
278145569
274596432
106498703
404422077
17172311
58217912
21815363
18772897
237814920
122207745
103087786
15724082
119784192
14007532
20412174
103087049
107441863
7684882
93241358
14662354
14173315
52954222
25101996
65146567
55329156
2884771
16698389
17291393
20402945
30864583
37666984
16815644
21010214
16081831
14688489
29766367
37764422
19416225
8839632
56413858
48029066
28614262
16827173
18227519
5693842
32010840
23176276
34927577
634330366
80638910
63004503
7702542
52419540
27689907
166608401
18915795
18097821
15224867
21982720
26820275
52070270
93876666
143798379
11856032
14268812
15988710
108617810
7380872
46681100
38495835
23970102
15399512
16311797
7228682
18915145
73198063
217550862
26424123
960696949
114756202
213795411
5558312
15075999
21878458
343171266
21307076
21768766
90077282
39155029
30043495
18909534
18146481
17800696
15210284
18566912
234540332
131204770
20776147
43409523
18805644
135575282
15012486
191477653
15751083
9252212
85131054
15356407
166990746
50073507
24735461
104299137
22703645
92079350
46002396
33222598
112047805
89820928
14410652
24002724
236026761
14345062
18943852
15689503
79743108
15458694
19417492
209792690
71294756
2704951
13524182
21313053
14335880
16032925
32506723
59676104
90405702
15335534
18170310
179245596
137466464
14413466
21316253
7039122
256113470
22528309
308233424
12726012
237403203
21301933
28811251
18963809
418991627
82649553
259395895
18020081
15808765
250784170
86129724
15450996
807095
184136149
7744592
263758909
71627462
14730894
14511951
18030431
14738157
15416505
93069110
136300373
16887628
17168586
21111896
21252618
5336752
14904437
5496932
5741722
17513304
190328374
40116885
15731368
450941680
27676828
17546958
136250134
35474809
23712174
247723476
27744185
15513604
33977070
3135241
65493023
19268706
17078632
110445334
50769180
39308549
15931637
69773058
28176898
46176168
21612122
15463671
10168082
27311044
28785486
17976923
17800215
13218102
47739450
16187637
15922214
16157855
90484508
31127446
108189101
15731751
354933574
15675138
51241574
2467791
1652541
222953824
20733972
14587949
28178127
19658173
15600527
6577642
224320485
21674448
12272322
18983793
129879105
23607000
16031927
41634520
27901418
35218566
50055701
7402662
1917731
19553409
5988062
1367531
742143
759251
22831059
389028352
219429281
9300262
263936580
44401911
22937104
14669951
15745368
14344823
5357812
85606078
281540744
14246001
18646108
15207668
11134252
9532402
15210410
6577802
15394954
3108351
26548841
211588974
12788332
9720292
67351603
13604262
142321780
161743731
41388868
15582411
97474887
18004222
20775769
43261488
21220931
21619519
142804597
138479037
26533227
50325797
15159913
117252101
116867260
33982442
5815162
21704260
15113571
98797274
15116570
4923811
25632969
70186160
99582037
85610240
36098990
21660348
16457416
5561412
15661604
9508922
74057037
20252855
18931939
43695813
85723759
113047940
19739126
29464230
43920155
11856892
16129920
59525321
20776497
34210079
18592146
57065405
22184830
19355253
100834899
28652194
100114214
46817943
86184924
98544923
4003351
14412533
84129740
62081032
18678924
52140667
18840445
7713202
16404285
51263592
12340562
18369265
44039298
54960988
32135704
26793433
32765534
15856366
5484532
14129299
12315562
25100838
17949945
25755336
21537670
17900421
23382363
19792089
9202072
17883015
18954353
15428227
20328811
23088987
25289300
25270589
5767782
18891923
24704650
17602871
5745332
21790249
24430256
23385466
18208368
14529929
22508473
24475396
13118902
24060991
17161316
18549579
24240715
5361962
17503604
15195171
24241683
17632038
23696410
18686140
6788872
18034923
18056473
18224801
14176902
18693598
16671570
20921337
15771644
24025697
22727025
14465607
21249214
18006959
23247679
23245049
6620762
18260111
17596233
19541375
18451200
15918708
15976697
20097342
18916432
22527499
18217624
21269970
19616327
19926675
18811140
20467163
18216752
15727817
16056306
16742806
16256269
16721061
22509548
21690931
15985455
16102244
20796447
19139963
18317325
20015903
17993906
19394188
3137331
1050111
20713061
7259302
18791763
17074440
20608910
16160352
10615232
14554287
965651
11640472
5283382
778057
15266392
14262212
