190328374
2973870195
489823939
15212187
368657983
29722241
289440419
127895839
52503751
137407124
6577802
32506723
282093902
218205069
15827806
240393970
89460898
16438494
24554234
24183358
217416964
16336478
18217624
37920978
246769138
22509548
1045853744
935033864
244268646
15160884
32010840
19394188
19926675
252805688
29766367
18166778
74198348
74482441
16256269
162019670
20015903
78403308
538185166
234837632
233842454
16187637
1077446982
1071900114
1058345042
963480595
976969338
975200486
1058460818
1069124515
1058807868
240363117
155642785
23976316
16370676
14669951
3135241
27882000
4170491
851621377
314335929
237750442
237348797
78431501
24773493
402719755
14275291
246341769
235251868
237814920
27676828
33977070
295685416
20053279
18030431
76452765
19658173
14904437
402029058
7402662
968650362
1058256326
1089334250
252819642
237418907
5336752
18983793
24468861
234573331
18915145
586076931
14078485
22181836
135931182
39542662
19611483
17539497
1071840474
240376522
18773159
1154894353
23484039
950328072
1092757885
16228479
1060487274
41445718
16056306
248699486
23951197
1336169892
58314413
174893399
544810239
33719856
47975734
124965577
24997292
15113571
16634441
195284262
325909200
89326626
161744402
145445010
21913864
26471212
403841733
39198581
563430539
50056568
130874885
33605795
338588501
87818544
199434549
563747238
37647820
563688905
267278900
418864290
291738205
563799018
563734508
563742166
22259048
119245485
563830284
563846901
21746277
338760709
36080201
563801212
88239315
112794426
563803523
563910030
35689512
563853524
301226702
243629343
522331524
263400008
338811841
19471907
16030518
558845656
26638275
32493227
561482326
107548933
217995100
24500577
368918608
36130264
308217217
457733782
422222679
41400828
19891260
73518220
443072711
206745755
45940443
20957191
43970862
393042950
103594788
537156670
237862972
15192111
323432785
533607504
441728991
277467410
438553333
110924703
284776125
97239626
557806506
240916812
21454062
43147980
205852353
528983530
20733972
21661290
58113278
38833974
20109973
21572351
7126672
10691752
111198303
6017542
229197216
188343111
20796870
19647449
17025312
65065606
32593871
37940492
25159286
31310158
66369181
15856366
31003647
18678924
18527874
12704562
24510785
27513648
72579376
86129724
33332795
16018470
19553409
38495835
21619519
10168082
15976697
20245031
234053893
234822928
235719973
233949261
237312687
221447516
17544524
211420609
218349372
209792690
221793778
219429281
233695891
225921757
51241574
27311044
100114214
36654245
41634520
39308549
27744185
9300262
18646108
65146567
30864583
20713061
15356407
21269970
60984835
21536398
50325797
428333
15513604
35474809
27901418
18791763
154591966
21878458
237403203
233761277
213634439
217543151
234128524
213796133
142321780
14412533
201079432
5357812
5561412
18916432
15428227
18566912
22528309
18891923
19739126
15207668
16827173
17800215
24735461
39510422
28587919
28614262
234022257
17976923
238321369
7713202
20192403
101148743
78875277
