25382012
34424156
227790723
148453195
15281676
34632187
1155335864
2968451607
787373558
180505807
18197668
51884687
2540332069
61333280
16160352
52821866
2329372054
799246033
2470162937
111372570
346741143
356665767
2611881211
1043046169
119467696
148194386
2276920044
13014082
210177673
573916220
166438343
601648068
15712312
845455532
1478629848
471349552
249655612
1643878206
188575446
2487571825
187937865
1014391382
1405337395
309348649
52184606
378729511
198052256
49969221
544881279
56806631
26663400
22666211
22281977
526666665
2203393856
1539560166
409445148
144146713
14454437
30594847
847607918
599377549
45903028
22503933
137785570
29291785
235225434
19787229
492534506
189612715
1638501210
2340918836
1922142542
1286317800
932562397
316097973
777120079
28837048
64384434
979120292
1880678006
41456670
19026473
122322263
19158594
194334693
364913054
123163652
26020653
97762004
139795202
25146272
19736257
60460437
114109571
21202894
615491216
335843329
214948765
16043016
1378473049
23946174
58334673
16100741
577537350
924776768
55613704
19255171
38207302
40886060
596569548
84250783
17052001
59853964
45613739
479735446
194731955
631137861
25345773
28373130
29800650
302470343
1129437402
243324556
13786762
73396936
12810582
106494618
44719544
20084674
39336441
13399402
54662687
35178813
24820060
36800397
33824459
43957462
34566189
42306863
28147286
19618523
45633729
49334439
47801989
50170040
24877559
51917971
15995516
30508158
32794711
22854502
50503168
17000525
37595678
21337440
28373875
30823479
70298058
62945971
20091496
19575018
64863962
47830714
50668932
41148584
51198567
29845897
19928186
39353787
100686194
114632399
37577802
164898802
182434699
200778955
177421666
24252611
103346920
71317946
26127527
218176800
292033151
186475573
314972111
194638680
24654989
41478034
23995748
41395061
208817615
44988185
875771341
17565514
15808765
400521570
575498130
242944499
29478766
54885400
22812754
66369181
9624742
292935209
38254095
1394399438
15647676
381152398
281723606
442313338
460573534
1074129612
22669526
939091
11856032
1093090866
29130652
279008249
31128529
426802833
156327895
51241574
18208227
2389274473
18917401
1307544762
16669075
21308157
305256777
204966625
18486881
34285399
2153385829
14529929
2272531993
92384287
158414847
19195094
168502762
1339835893
389840566
1330457336
36395518
15754281
14293310
9245812
26585095
14173315
807095
15012486
759251
236097605
48463400
239974061
18812572
28785486
14345062
42958829
35773039
784965392
73238146
17134268
15458694
1947301
55334133
205864193
42389136
1140648348
330592913
48086014
168673083
1531521632
75052666
21862217
234014087
111635527
409456907
18622869
49698134
31855526
45671898
50325797
70771229
450941680
16261445
16116288
26878188
431233028
18587457
153486399
60919240
11856892
29450962
20608910
23600262
21228708
15764644
82649553
5741722
31122582
239949176
4207961
14511951
9300262
14135426
18137749
55355654
7744592
24745957
199325935
36686040
263815367
2467791
14377605
30241453
93973087
22183486
102777092
428333
15675138
26289655
63693831
133832049
113420831
13877002
17976030
57789757
18462118
16081037
163570705
432676344
246478393
39008044
233783568
16129920
475286355
238259855
89820928
91180720
614441689
1286312880
158426909
182503471
48802204
254117355
364423298
11856932
2836421
7402662
21312077
467823431
15224867
1917731
15918708
17074440
73181712
140886725
333198596
111641144
87035353
293746240
164800885
127957604
190478706
33674191
25568732
590266697
299883942
705416178
543677898
24913074
96361852
54564804
194375797
80612021
35212135
43920155
240812994
85606078
40302336
496347554
27711599
267854863
54244175
43963249
249410485
188019606
303266005
156333623
248735463
325830217
67194113
278582590
213761025
8370082
138770045
161791703
22012091
142419647
112549655
14676022
38175769
17172508
30313925
128705601
208692908
813286
76691987
46575347
42310740
