250386727
1017637447
517921581
16056306
36771809
853473265
15138169
904497823
1114623986
15430418
913147634
479872233
28585586
28602948
61193690
15567808
63049396
556375933
9529672
3169136942
1360264244
978961056
785430085
18090660
69073724
249844732
36972997
14199378
537412961
2232771139
818760199
2728123524
557063612
2786278391
145696540
47724293
22996281
273747650
1065783409
1148251423
78662676
514033223
1029803905
188019606
168673083
919794715
632871022
951905628
1924141176
143112847
14463848
89506378
74274483
463241597
132887155
562096859
9109712
258934113
366258866
109920419
17897772
1528582465
2178638689
24671422
100826489
261537088
28225172
532539068
374130166
15428725
263690066
372961325
1706534953
1144095721
1618248554
28374839
153245004
91386983
20190577
77057264
543095886
1730080770
1130039840
12575912
237898770
1604366701
735170720
52568297
7334402
28796289
494439595
177211481
342187630
15371079
334231795
75356465
40280588
14992254
16102785
41619423
29880238
34156423
22076537
22012091
247791913
863312984
611791931
1392282998
500344021
49892236
1051696140
868176781
17112014
19645511
1426315508
140881225
90417225
900476630
69091913
1223650616
16711034
252249233
1462185032
1563382015
16583468
148769811
1093090866
1339835893
27882034
482401639
37187874
11742922
517166230
38507478
231217151
470649484
98440808
402266039
7004382
1434426823
247349126
1358252790
31214408
368719236
164007407
46131997
28576135
52150239
323957173
54743
93957459
360706234
17298253
92137481
283889089
35345391
37362087
136791987
61306578
1228491032
13475442
148590725
19168416
18496580
309850642
718468320
22931856
182376489
351754719
1000379444
21138094
247902011
18196619
41182200
64484397
18394296
24244581
563046365
256318338
212736146
1058897912
8034112
90518881
40187316
31455494
15230915
23648179
1118071550
66493463
918152227
56875853
1117779469
1106623104
18914767
14422946
40605457
1262814457
35496239
372965595
84473697
766470324
14323688
1172611880
26144440
18702766
377465000
344220470
15429115
18049804
471345124
497113977
179719307
15945699
151154607
45144061
122258041
296294391
321436238
97067449
104324029
441938188
33467825
17981581
557715424
1187010560
946034882
17846705
175096698
18966166
135207320
213682643
49142217
371018736
607290475
23036627
47136828
28194998
14207611
720382735
191959211
39322712
14389689
19041207
809218650
969074094
17440057
182671738
1055685948
92540126
52832455
67118407
32080877
133799876
117971095
471496004
109366307
22263777
304786389
274253308
35856308
1068476821
48712437
61258379
65655453
25350830
33605478
69027747
43756754
17885385
519481431
20268270
937059116
142374254
22299333
35917965
26596727
264366157
994406977
462898109
30242880
17269717
962681346
43918232
490977072
121499440
15125457
39824470
35278055
587877440
87270609
145272206
946317445
153802455
15456128
162139712
14217967
282379805
616597969
100504915
36697219
333601221
164356459
164172913
562565002
746275898
451471147
17312443
16099955
948471642
915883405
136026318
21894724
57427282
191547299
82940410
18364739
107519694
37996484
28760134
385055297
600628585
17986435
224720455
32850557
22936247
280867964
516971363
19143036
17606048
68578323
127617215
932796302
35748457
24821159
84629200
40402349
31604107
40024095
917197254
381157997
24541047
372404741
122437318
33618456
39817576
16055780
16638059
19460530
865309711
14355312
79086025
235781085
138815717
18554595
276024563
23434446
558556263
525913727
774183361
618502224
18916014
584887393
701837077
46414140
398826770
224413533
851687924
772310010
24907048
27027330
625654883
24691619
52479823
48792845
28691123
300432347
140974339
324703465
75402944
18939563
123323466
86373006
17880819
77564168
19260107
286728932
726817478
72068156
258530472
52722135
16527219
85959324
263179908
15973311
261507402
730775934
154515341
182815759
146098247
301175614
203237777
57090112
196201458
376386923
59981230
402333933
5871192
127569609
202466627
32494510
14495999
176610009
18335565
255229621
15910642
70425635
30380250
52499589
134830023
31226292
606527836
20992801
482415727
80672916
377640000
24913074
172592225
249403821
633953495
20621530
19780355
31219459
36266200
633292023
172501766
19735065
365035661
245030923
110799416
16468500
370420855
199890086
117982625
6092972
18318754
332166694
575766234
112835750
130183492
105038666
24384002
512616040
266281094
5031151
15371339
467975647
398245483
106489036
48511272
118719917
162032534
607508268
171208484
41409629
51509822
588597320
57370319
534550064
12145102
164927991
21676973
57556933
477665994
411015842
555359347
108339117
155987003
95253777
501789870
86169640
183347233
17828636
65716030
31308133
104210132
25490509
23790438
262901733
27048645
15909372
360046324
66408252
215271754
261334534
22085743
25415355
27655477
50385277
446568165
53096619
519167024
102113462
281273436
551307611
25309862
197567344
17547400
266190280
82467629
54557931
197553087
12769722
251880770
17539029
566699084
249410416
104609649
22493161
180501869
216572008
33309287
20387145
40319517
41136031
21000491
36146108
16788831
27958365
24942528
132621903
58819138
97768783
54329002
16115811
437730777
29189538
23618965
68086284
18033327
370876190
45678412
35528169
23359425
552856217
207693139
252354637
19462577
22832229
25241040
19754093
147945368
54317871
217628210
91122542
35558916
31407246
21688554
16135990
88039423
21874723
30228125
17138671
55108920
79889618
430811260
470875332
136280085
281626422
39489962
384427130
32400686
41121681
34385873
25202159
309359097
107132070
277483508
288805740
87347073
16067683
26549623
21766998
62889983
57024517
109758212
93970649
23662753
14925517
52456457
86143399
178403177
419288173
22017113
125691980
22959648
33619536
114487601
160771924
97286436
19940347
25149628
82933637
48143526
98914993
225436217
127561788
133021877
90938377
193824139
409331792
36246939
412807754
41670820
63270136
63762872
87724293
60952204
21954543
144347388
163876555
21893564
17513304
172404202
497083495
48835262
18012029
36257688
50053152
24021139
142078947
34825574
89095982
32474693
19673347
103018203
50701957
92561213
40982648
296373822
325830217
18514747
15723911
7917922
225210154
18217624
15368271
366076528
7337622
467746721
212627645
16579539
16099690
14619361
155704541
34096609
31957766
21131654
197018643
15620255
25331223
27706377
38516217
152866991
45941559
19682966
244770087
20179628
6450322
86697288
17870903
9562092
19730151
17799686
41655821
31214311
19075308
18692955
62545966
17058614
18781150
64809157
44456191
13775902
18361437
61226587
21013131
17450044
19598013
23768319
31172025
16875756
15919519
19600217
16035350
22181587
53786125
28644072
44873497
86945000
226229116
88989964
16203162
14370357
96414274
67732438
126460056
15983697
21312627
17348525
39397148
23275345
16871353
25375836
15900384
20535707
297029271
30912937
21158274
9229732
15675138
68761966
42090411
15965292
80889502
23664655
21202724
319254556
47753447
13000872
18917572
17278675
126166612
28812925
14400829
48011328
35666789
17192780
21685295
80593904
14078676
22016958
126122735
228019505
55337142
37032310
14956242
158867415
141697394
100590535
146152602
34512788
15764644
64728567
42716568
14377605
76659035
156395674
287891906
14801219
2726631
13001192
15926431
74260111
22061709
159576111
159594167
288873580
159577421
159578474
17144765
358526909
159574889
76350004
104614415
14263531
239913842
216481299
27581219
24260392
14496627
51039875
38287817
15738250
34844710
16529151
15163255
40024222
30313925
166331148
14708901
80886503
16089186
16398389
87486126
15007263
16380351
25545388
19983965
65664369
202297807
80890381
43963249
107207846
14135426
33537967
