1018034096
50325797
15766082
43910797
2755305760
73426269
2906265794
111627001
913534321
273964244
34033043
712530474
142813236
997285801
475988505
3171152866
17831464
2414834504
72894153
2861616083
410216127
2312829909
278228244
252282856
166555265
30305201
56479970
24536705
26120980
17594192
16548243
236480864
37945146
57111966
24608583
15918353
40156282
62954214
146186453
191443374
145681522
300387504
605678649
17072739
22103608
132912934
70848055
412681586
252230516
14617549
45592464
189129306
316645569
16567705
14617444
14282672
59769395
158396052
38530021
18683406
20186316
15769734
20520618
576439461
214289512
323368841
3161536692
173835037
61605255
373437102
292314584
133448051
3305610617
2330689675
221843763
15582894
1337535475
213169678
355071023
14107459
278508894
134887156
229592356
158129535
2612307559
2570936455
1195343436
747727740
2571582085
46161766
3070004914
2987581498
282082957
2984742158
2915841029
42903494
218675120
152356318
152418342
1046365742
2323638163
45669384
490126636
2785936322
2434191967
23562007
265058951
95455794
105116603
1729955870
620266138
137371037
130597961
457762035
190360266
3290505615
339651986
458993106
1446243444
3130698957
76824894
18947200
1068659330
23457956
120295432
138809881
1377208668
62493221
2230595328
280604607
331193355
267845242
703935529
119707587
91137301
120620681
266829947
3158263441
198869058
1307712762
106498703
404422077
287494894
1426584116
853306332
79022250
1138688364
946721348
190890578
627935626
59850911
2750127259
2382685057
861891199
2364631970
614636105
2962813893
1146876468
104921182
95740980
749375898
2976598347
1377678776
1146209714
2412976244
1395471895
2342180449
2420764860
2953713339
2963445730
957651199
1601553546
2254107613
2209529678
381036656
1531521632
285567416
502040324
1373564611
357582134
2201543018
2981371839
2267934601
2966758114
2444122315
252592692
1251173263
21556145
2709537044
92275032
143835460
94339455
347387262
2780922067
114526471
2769906638
75346250
3057507070
175184786
2409196195
56798334
21976096
531643363
460246990
67436725
48486244
113382970
809552311
78066082
2974743963
73402979
1058431974
195964116
2751965116
170722000
1500130237
56445946
63142116
41694302
900742351
2494736924
24113919
475966233
111613998
2373792853
552366789
3017857197
242872360
56428905
23696276
8940342
156772034
16203748
128315927
119897487
325585367
42641711
15725217
87163912
19355454
2847277390
488764973
79962986
288290125
65372866
361366446
62925972
817320002
22390010
2511135512
710034667
521015647
2951419665
2859359999
79295885
130254281
45845303
29442589
368545981
104536494
22486042
25384728
377944732
22073815
2260145645
37295801
2687796638
3066037714
326136390
70708097
78670824
468048597
514937213
3018207135
1933042237
333603915
59218882
69402632
2188658396
83343325
1530850933
16637197
16228398
255291796
749956992
2614081364
5840002
17601418
314810707
2264510689
256225105
534560891
17635773
18019555
316654916
737895751
2978291435
19710916
253125091
2360170550
807586682
183202351
103057303
45947143
22800555
587866741
136550204
2246367006
24878216
2325553333
257419396
1367974088
988672633
2765737911
110753843
807507356
59572631
74885844
70953454
1131917492
82657929
526178284
987833210
37753029
30211177
77234791
382684183
186541584
404355121
802698236
58911619
44945327
1383059977
15641936
112874216
189742294
363992316
191557715
2651203854
2651190312
168139321
95083293
24944879
159508193
2548847815
2743988938
122146840
554690322
2654806287
33563099
48786181
153998882
1166024646
69393978
32007346
116748080
39583871
130264658
58113278
24948659
68702544
24214044
57437761
14351178
18023140
2608690567
26778595
124196924
88040819
106816456
20999272
170618342
25527373
21656554
110522065
54943732
38441030
14385676
256735289
25324110
38680959
40927068
61857647
2669633779
1563398220
74748331
2687998118
295873487
331053184
34295436
19916680
103093129
1337060976
979151414
978743142
1966810568
989510808
32042188
2583680804
322707747
282095470
904641224
2457148230
34198151
1726977277
129821560
2325749384
37041760
24295482
108807556
291848941
2450395980
18825339
15603311
17487795
278351431
19737034
19929998
2332074234
441189116
13751412
17818325
13751382
98952413
849585632
2242849801
2377492759
89265332
620665788
568522288
338141519
125298664
262970655
2695703210
2227476224
23756352
15352727
956302362
337072900
518248323
439000890
551944914
2439245995
65703588
82184065
18908628
23077947
27948100
118775193
153057964
2696042311
17659667
561328249
302580788
511049581
513176709
27336637
85796380
30823468
52660746
18576537
346313311
403447825
84687256
26071770
633158558
38476774
267797273
1852881986
2156785238
16662058
1665903606
142671457
20022774
394331044
1246531057
1683341132
26773192
19712828
403628387
335415249
2527838954
2530254542
33949520
17322632
47408785
33179289
785145132
1363127011
213461029
700163778
2203730184
1433336646
2149414262
1061292174
8953122
534858538
2424255854
2377373731
384966999
113130846
22220918
16720311
2174398002
388538855
424289349
7301572
1357903590
408195377
253269500
15535214
19216028
148488222
17365401
2332292346
26202292
362740990
1143195038
14222615
1715501
1656018421
183667282
128310422
29368034
2414264689
16566042
43379806
258252264
2377634713
23782432
72171449
1080602371
1265324029
287715816
229966028
898183238
2651207785
2584168698
2605722746
111372861
23083404
7998482
2572995843
23626138
562407512
17983365
15134240
146569971
44783853
224320485
1849261916
509016610
33529614
259395895
14007532
302230197
109979045
263758909
28811251
41272328
12354832
21316253
79743108
18772897
16072058
86129724
13524182
269375709
14688489
398088661
301014412
103087786
12811862
25365536
19808819
13224032
335030095
2252400972
332514446
10977192
240714470
361273261
15808647
1325310908
1041443905
988019215
988604570
587867517
370998871
2293030170
186172147
316455342
615570560
18193132
24881081
142099423
57625403
1191103340
1908143071
63513353
2279350106
78695250
1471120129
34543494
40561493
23068361
1111660543
605598266
15724503
932296633
54546430
17451742
14615871
166252256
72631996
39384517
115749048
120176950
24234881
21213276
20437286
17717287
20179628
17871088
18633493
46803597
20600214
16129106
22086450
43330797
119065316
15113565
44614426
39986021
25159286
28468549
19667766
24112747
106597684
17629860
16613128
374541137
2359926157
5513142
1327675195
17644108
2207617266
78968315
16328195
14539324
449121003
84623395
234937222
15689503
124163000
16317603
764356986
15458694
64808610
17346287
78408666
25562270
83922884
28172926
12618392
14434070
19661363
18580432
112763422
1623308912
11518842
7905122
18466403
233601235
7001342
557919131
526780996
579960953
1710262926
19089116
487620060
271051788
2260197309
2480372102
1580303784
22170482
111062573
46689578
113201620
11382292
199735351
249348006
38254095
975200486
242873057
963480595
36681590
239964567
94197072
42703075
184880247
22516132
59799364
97677005
112243365
21795874
34274380
27873453
18164662
73147282
41632517
30261067
14885549
1499993378
235764737
1404928219
1327133264
49601517
252722391
66124383
47058986
14277276
2890961
2893971
60642052
27814665
282679305
2469604452
46435965
296361085
18592146
17539497
135931182
14882554
18978553
271441733
58562226
122207745
22120359
15987296
7040932
1120298527
1652917628
86364947
25505732
210904989
310424310
494251748
933213168
1927307869
1515002767
52736603
104520495
143071354
27473605
105217932
29536999
1329520214
817633003
407828683
43461504
29701712
438355707
2228512808
26028938
2360239213
1074665005
122417414
238265927
2189335194
15780280
154909422
94381223
398022001
563874887
343380848
240737573
18672742
802747021
331340626
20740250
755996904
105616698
14745781
109143368
1605521510
22059079
750449126
760300350
20785682
72814599
43914724
422827850
111395979
21244524
532380968
64470174
2389573765
44134962
1705830168
63787812
18169582
10322212
31402454
2347494253
352098537
1691922150
2369759733
400198755
2359969255
1926874988
93634334
17137891
718657130
70416540
540280019
803799504
2305349641
274873920
2182497102
2350225903
29441630
2344505317
577500204
2340833204
397265914
716679918
978730560
2336966780
419043036
885271098
155934857
287861586
371586179
62580207
34294850
66430922
378406966
389014726
15562948
182149607
247431902
221600947
217454584
218542998
207660339
479856992
95966320
603238764
809352228
261772749
2260619350
1691927221
84087294
365593200
36359791
851526206
44204053
191895842
405085229
180352476
320962473
285744541
21774229
163531376
46417885
20626879
5945752
90614279
232400012
56475632
90725320
14999172
109257354
142896252
92183278
27225542
981269610
111609638
31464192
143451562
1128514404
69397283
255815582
378848483
39278203
1733468162
156375669
275451635
1090009730
18163042
18163893
22915667
430130014
1449291804
42259079
24878961
76864521
16545933
22833654
242035174
2192870616
234493276
165204211
110004599
15993122
2253968388
1652541
34435477
41164967
20847350
106838858
15169828
61582500
281706630
55469303
23950214
17887967
5920532
137460929
103939773
41611292
57669873
168781728
109956219
20700940
73214176
46403439
586085751
155205857
170900433
374078316
122419634
129466188
934704614
92102167
359932831
77032777
90422822
568101190
770287261
607436028
43343798
217550862
1428441589
906782533
626136334
1329462097
1400471282
1286848884
1286040620
1046652271
1283988961
1329566462
1079877763
1007054059
501178850
1283779518
1360606645
551423471
1470424110
211539279
264388014
260321787
25609820
1075420879
75016467
488781765
66403013
240363117
10850192
66395780
89183429
98955572
6753242
1092757885
233724961
14628959
337941418
1912048351
17289717
16930125
11852522
16120265
376851964
18000187
1969286802
14705027
25363239
2165691520
203158279
98734027
74161330
59889953
114896223
2209542872
355523149
2192931146
182162503
148126880
281669945
1197064033
15809030
53435454
485832450
1705202990
29725914
44381051
901997540
50128726
543612513
66716956
38423170
185728888
15818391
17338082
54320191
34356968
297169759
90703920
18695891
110804074
14117843
568419692
2230434943
22828837
61592630
2155491151
1392993121
1194363398
230568060
1413655194
31534918
74484430
260786984
332008082
338589316
467911882
195042501
44452458
326265536
15107398
1187134471
341682889
106520446
291972423
394094818
172774041
2177396828
329913473
16431311
377786779
26598593
1134148494
15485937
627357044
1485289610
84872737
457984599
1372404420
222659219
514546830
22931957
128356204
2200484318
100236595
1675670611
598941954
44205959
12221852
17842411
14414759
249959812
84658806
1405337395
475294870
860490444
2192982312
427068749
140558452
78412608
26790331
22782543
377591325
97966602
18593611
76392970
43955137
301549400
108645028
407013776
15958999
556552419
79306568
30564672
2167308487
528759875
36686472
175610542
490737986
245881075
77926979
108619125
79853059
21416153
549374169
14466081
495390029
143550400
115724271
601895573
124548224
832043000
160628845
576320750
14186393
279842251
14664880
59644087
372487106
58463167
281610530
16906530
1390240988
602220080
16334857
79258361
28140646
55329156
112549655
48521785
38465240
919826245
41269799
18721007
16317514
29807050
7309052
562863956
319097183
1962564906
264361128
19195094
1491005960
481368461
209607522
5336752
96206175
288446985
770494603
19407053
28337697
151561313
1339362282
214620546
74476959
16637204
191076340
21269694
1080947526
20704445
344135888
36100643
409261792
23538894
499275959
26250595
15945809
428333
717313
26906092
38260502
41148729
493497769
619984715
15909372
61871436
33791327
179624992
82712805
18886072
174365270
77282328
727242919
44612148
770120310
16243550
77005393
1205200364
18986695
254189974
14296548
331058416
18004222
1564305373
555431088
21237045
15134782
17503180
180505807
106837463
20348377
13058772
173321172
22072481
226348151
110750074
112081613
396955120
111635527
43430484
216881337
498991565
23022687
114749081
16196433
139959270
462048045
81207735
14335435
116282843
507562427
17841033
627533309
500069571
9567972
55987310
74164455
39279393
85365067
114785533
33600887
1636590253
22139417
254082173
27048645
22650398
1712989190
1137600571
20686232
282093902
258951601
19926983
77017567
17213031
469610782
191055490
48077917
47470008
240199983
805794457
389759292
269946558
216775745
266133081
301000474
313719282
612896910
733751245
169681290
1468060808
394183922
268408076
21866797
55940991
317777055
49319892
71081962
182824991
480142001
1444380402
249254770
549862794
17198100
31191969
1060487274
76132891
296245061
1048784496
1065995022
1209417007
551053644
242761889
236511574
1262814457
1444015610
402719755
309267226
1382011333
912608010
1060370282
242772524
1155212191
242376736
1349614279
81139286
1059240924
46016028
1410590874
221793778
237418907
804861259
539364074
1486206541
264279467
221184791
330537050
1342276646
17920055
473562190
500016186
104828131
64408373
16550474
628559456
593813785
38036372
1089743676
835855304
175102610
847526791
105214332
1379417190
295818959
82204789
65464774
1020504278
29718632
21191494
103637045
752689040
827936342
192315964
935033864
1305596696
488679352
1246763515
577690047
186646579
220081296
1414225832
238286421
21263223
62465691
59739644
31720614
23111717
172496840
224323655
474482133
1397350237
20839796
16058179
380343827
1138038163
170355126
167541547
258588837
66605079
19332967
29479859
28599806
33689651
36665547
763734672
46192518
36804447
19037889
47370746
69783262
365562587
24732027
69783861
63192625
1089334250
116498184
45513632
484896381
1251943478
1326864919
856288345
303920466
26487169
469924459
460339305
342273056
28628850
334053327
14839147
25101996
36452050
294902433
47632164
21303427
14800270
280200068
43919633
18083519
23756134
234906567
240736691
27688281
39252365
15691848
16406770
24622074
341027410
492220415
17170147
235217558
1175980778
182083320
517115042
205808022
93288759
24702188
588293183
42638402
22797378
111595112
6519522
106747411
819800
33926135
12083802
47465882
338504881
174760954
271056428
1112634426
256237842
37986651
115669793
343171266
16742053
24756147
21225135
716564185
51078243
97465432
16882190
69646618
190662219
14095883
45574906
423803779
29852317
19034788
14497313
14840869
43192807
36947388
67418441
203162990
14626738
44182242
127975950
467640977
222953824
71354375
5746402
14812035
575658149
20341962
176541271
115133980
14614786
471600738
1336535472
1164859027
52484614
586671909
16912824
701094211
21332594
55339388
61285275
107441863
489447752
933463981
15131310
1318478462
137794015
37094727
1154894353
234906311
584012853
21572351
389017497
1265553684
1304137303
69412829
303246692
7811082
51559932
271748582
1072382221
137407124
343041182
633924423
246660564
1074480192
185755072
252868645
24852012
107444645
1252358778
43124308
113052624
317934871
42719085
46724483
432766911
518644221
78431501
1069124515
237348797
960962340
851621377
1058460818
236479311
1058807868
960696949
1072008757
11651202
613725908
968650362
1074412920
240385577
234053893
211901075
281540744
18773159
1071900114
1058256326
993153006
248850174
1051446626
991821667
815782002
972800353
36274813
6092972
903049778
459334383
798897338
161913667
289072583
16467567
21138434
17328436
14925545
16282011
83662443
71294756
34310801
17095918
18868201
18491343
46681100
250784170
166990746
105181623
583804113
7684882
98471035
118756393
234573331
274596432
28785486
32359921
759251
18379407
329141413
18036515
93214597
14335880
469194846
90405702
155642785
47739450
217600655
109569353
52525469
61216579
31404932
29233274
133976410
18820392
344264079
55595685
557152798
68271578
42944078
482298558
15754585
500704345
112047805
976969338
1058691792
31937079
263426902
61853389
594661861
100332944
131599699
99134052
249288197
249339682
240760644
16042901
147662197
17021844
583947757
344085339
42646239
290522519
22986858
37695691
36071818
15754281
586918715
577361456
520479304
14235903
22047070
122473388
240393970
31533663
251916228
554775443
211887629
277792693
49187334
415251137
76539654
26600398
253204937
284068601
39144179
445899726
252745636
538417772
39510422
314335929
222286905
30411537
267399199
18859100
335370573
18309196
43888471
36953109
46275302
21525509
388967543
266800454
18307167
451761974
544586308
148006729
11280062
456342405
48463418
49357379
66472414
94366606
550401754
551195347
39420337
37666708
34972633
472132013
174369509
32616476
402029058
252819323
18790296
244268646
342887079
16366471
49153854
108416848
20402945
18224379
113073879
110924703
252819642
246962287
109441206
305145458
14749606
225217479
49520721
50434933
388819088
94401960
31448411
81725200
29721029
58028934
48389713
72273570
24904117
100330676
19806274
21768343
21929267
37714262
47474439
16633513
457696127
245406432
122465515
84181532
19078932
49753110
14976408
270448984
25251075
249219716
25341828
135515077
41652130
21137582
27858850
130892407
19357265
334330033
253684192
320730018
73111070
327013250
415846148
117860089
70507586
130347892
254375076
334265830
85846956
18647301
94902116
451342695
455994600
91384350
529220456
20215316
19663612
278170850
19847932
14704992
16917426
16317890
94145647
99949940
209710203
16504108
15929890
50521935
19027088
26538229
18906069
28145010
196512864
148491506
58379000
15081120
16435622
16278340
18309243
28611120
34927577
19268706
223562890
239619061
14091360
17641086
205266100
17345310
184795671
96195332
17947560
159627206
17176563
19905732
27715697
263428719
231172604
352232513
17177876
19546620
176134488
404152613
16553505
69380530
21756152
229169595
23383627
38322404
97072717
479187830
23287234
289937781
293674302
485705254
336241676
29801599
15463486
17265327
258543800
11680962
242944499
322374699
80160154
275573229
256331150
235251868
468665640
88004474
38989374
480327055
463358537
171168897
14767487
46659611
14805542
429040754
12477192
21343604
19934193
28676469
39653808
7597712
360289390
435074224
21556071
47459584
47400310
19573934
103900717
82424723
16255451
25079646
163995093
52060506
13368342
153522892
81675307
199721359
372583209
54222623
6096642
15537855
299883942
339822881
234469322
114607567
76450474
26007574
1175221
116550950
45577446
162748968
475064785
415851069
32721368
59801837
18583823
162826916
467586146
22286602
28848238
25953124
272020103
19786080
37972057
85878862
454208361
364061039
25637395
395089160
19661006
163029615
179932887
29848453
360461571
91644300
21927612
15492359
19002156
18686907
18981785
106148479
22283723
63500744
107514329
234387645
19730627
16203323
79597334
422076926
14141323
136389258
364564017
295685416
239871673
19476868
20476979
16012783
20958510
25767155
14515799
17238812
18955918
26007752
42645839
299877677
38109656
171632862
20791372
64455112
150281740
19609871
407468779
28139385
11270992
301425474
25458574
405034710
385699410
23583561
51241574
52398718
22628915
1367531
223988682
167098327
240790556
36569282
96831824
17514024
84457849
73181712
27867017
38716772
7089702
23490604
243670716
41368231
193244053
122111239
14287627
284082297
263529073
103074779
14084032
110541296
14342564
197496309
23484039
129879105
19208825
223970563
73238146
18767699
22517990
173999134
18323740
93575832
133872807
288308178
111932970
17112878
27901418
21013096
34023198
16157855
302968449
23145286
261949762
16337264
304576970
58500450
28855191
17640040
32974391
21903700
436763312
85705232
16273974
247408791
246824198
177706730
280246419
134275448
19788181
17602541
343697406
297554161
17816420
59602642
347456404
89587925
122226401
82740264
6872702
14805903
378743443
325715017
89036537
424368002
18846918
24164958
15165894
18220249
14372486
18775665
39502097
16195030
41909059
382076024
15825547
418078050
8452442
417036552
228482239
372979562
14485734
41310998
395044423
178040775
300430043
20445888
411997494
97338609
388304943
131489833
19673145
17139736
27535721
21829541
93069110
14552725
112526560
180117260
256748481
272542662
14340977
218522521
271110352
344855169
389028352
179546580
21628891
15947806
16666748
82462738
78965661
21842781
88255956
281057003
232305025
407967602
284800266
369597496
188632613
376390162
68475636
6708952
11489
14620190
12611642
1140451
4598
17712237
272142433
82724693
278145569
224391627
237781383
246769138
242926427
237944147
248699486
29718289
60900061
283762171
272949732
69461681
150053591
256126425
234424150
39922594
220765205
406008501
21776552
400253443
25456536
21323268
402702548
355940537
233557728
338416418
309823873
255061605
21093964
181239325
275505041
26795107
45650544
21426423
352054334
287717457
399432469
381886841
402106381
15255845
179672252
40093078
71082701
31528187
17030933
53386111
305389392
258804003
19309926
270973302
15633084
16667577
50764888
366971503
227373977
16555985
21878635
83462293
16266236
156703580
347466521
17850268
148376661
65691824
23939336
15692998
18347786
18953322
16573941
346610914
356478638
96375333
23449774
22055226
21536398
19379934
19770271
18983793
179245596
193794406
9946842
93224770
45912088
81192849
83597141
17383627
107132070
153481515
19933146
56693003
31496613
173832679
34968878
46509210
89012143
103085208
127974109
29976734
20663500
15829003
44996346
15766628
16187972
21021891
66449334
31413260
15864671
18241390
14609388
109051409
105230963
42908429
71323944
83915875
236220226
61208587
137404509
37755455
46554393
9410952
94143715
339909884
837641
115243117
140669186
18022017
35091045
17396865
71769400
7819802
69393590
249348169
15749983
10433782
74286565
15360995
16043263
266927095
9864482
18780213
39155029
23967935
15812612
141335663
53229950
93990724
22059342
19135664
258975395
17966761
329702630
49775103
22626365
16636604
18343801
28401561
119610949
214693975
14597239
15109378
388468632
161356025
70476832
15256077
5763262
723013
12460982
817268
22026934
4261981
23518426
43148312
386103621
15507433
19575406
388555493
14307102
54278489
19624836
48511236
14118608
136300373
267941781
42915958
18123506
104299137
989
17495624
52954222
27345791
347004306
80080784
14600116
33874901
15225507
113346201
174121609
657863
52118721
50055701
78406420
377534571
182235953
189663165
143528409
185049728
73758044
242476349
15360161
266784529
109579534
17606369
8771022
29857263
20793816
84249568
41175108
18559431
271490654
17684783
88018195
39755667
91055467
146516713
23760680
22643800
23936729
20079353
19168102
20624468
18271805
22084305
240303906
320787415
85332004
72547151
224432932
10876852
14465607
14736969
14980284
80317299
34630195
21969829
18881645
211907186
68681414
69356392
103087049
14216123
37764422
16710420
60113766
43598363
245460019
44177383
12
746323
18949452
83932732
16317567
9720292
12480582
17193794
21119925
106514937
124282384
114050808
87968068
172244695
133947893
19935511
17909411
12733642
227841653
60680268
7702542
33612317
15164565
5746452
273197054
29737661
185721797
28725171
36932536
89031083
85606078
217550103
82159436
96195724
155628857
257287046
319098910
2459371
18097821
11702412
53127197
13067732
317817201
210202203
137181869
28652194
50731463
80119582
73402288
26596727
81375339
276239802
24033711
61197520
26873313
15947185
20665865
44635498
5668942
4764991
120198145
249809355
24189067
53474689
9805322
10433
89709482
19719579
213069659
36289685
36289150
17219227
119516865
69497103
18963809
16244449
18999197
77920769
34543098
274538956
17830360
14448959
85832358
126943870
27136113
21111323
23439360
216033693
14587275
17598175
40553517
48260768
19946985
16137040
28589248
96205989
41278351
34037514
68588581
239561508
29527727
21519879
90643478
139896772
35063988
261277090
18136191
22931856
17896154
27556859
42440133
16465690
257288272
24100116
296866209
45169882
44209472
38271276
257013516
77716495
294662610
236960387
237299871
282056385
150500372
48459553
16649502
26860209
16385556
216561239
252398355
16474026
254864545
53487798
155864441
26808497
20175865
28885875
13058232
178025390
19186003
233693291
237312687
235289157
234797704
237403203
235271965
240376522
246341769
234837632
236487888
234812598
235190657
235258843
110545675
218975278
236541422
229197216
224294785
238484434
14266835
41605985
6385432
70799725
78387677
97963837
233842454
108983207
142334996
54412900
20879626
237763317
20447988
235312723
88784440
217543151
233949261
2803191
233737858
234370900
109087375
98929990
33655490
17818461
237814920
51228911
234822928
23775782
237750442
198526130
219429281
24476251
16347021
15304856
234128524
218349372
23124635
221447516
17544524
18485546
237862972
35627954
89681569
44682276
33897988
211530910
236899846
211420609
236916916
225921757
191477653
190328374
213634439
172030036
135039590
19350511
17879692
59585256
15208859
48470350
18538511
18083379
178895224
14778147
45834605
18327568
87072768
18027839
234057152
22695018
59865177
18696121
52044150
17084964
22553169
18294948
15518969
23999515
137466464
143798379
18528834
31310158
66369181
20407129
49672626
256297845
33696409
2735591
99645483
159377495
50291714
168776339
19783738
22536362
21252618
15369123
1175301
102079341
13957392
17068146
49759386
58284596
134198957
111694605
102089760
19374728
19109172
135904937
240427862
209792690
69086398
109280446
201079432
247723476
133801267
213796133
20566538
90252949
237356180
49771410
29371108
34965095
20733972
30887511
234022257
816653
9085532
972651
16027841
1344951
18560231
78421007
158007643
69160674
114388293
24775410
16397645
66369206
90456938
107125748
130933196
2425151
238321369
78032471
117633137
35218566
27744185
114478604
18557573
21313053
37666984
141990034
5988062
22267198
193785644
21425125
21122578
13
131204770
196168350
128393253
45528439
20733756
30864583
15513604
14410652
45190383
18632666
52140667
50769180
30313925
26422620
76966145
78369108
38495835
136250134
90484508
80628196
37034483
93957809
50393960
14224719
15676492
201882918
124224165
137427763
146693019
132636730
30018613
807095
56810507
114233562
22540858
43470510
18355637
19987060
77059536
34383684
73175024
147646900
18085974
93215506
41138223
176573604
48779464
22681340
49140008
113758100
119180410
183310120
21099268
20746220
126353252
36790429
109065818
65522706
130575576
17322624
37287625
20094138
23363387
18225424
54624876
57360176
106851592
19923351
68834620
48809111
55421408
57363366
50317463
119899270
46362207
148440851
4898091
26730532
134222050
109212396
119245234
19216998
20280088
19658614
77250424
76452765
83603750
18566912
41634520
15745368
22703645
16187637
16815644
130600206
18906561
76350004
85634177
134926562
28576135
17409240
54885400
19611483
10126672
35195892
65391175
52503751
117777832
37007274
18277655
84620376
47975734
105247544
27486424
126643670
62847435
93443168
30005269
35206039
22545491
158558380
161743731
648
83894904
27715037
24236494
40358743
19263978
16440037
154591966
67332488
90490354
16669075
47655467
150737366
18956073
65966433
143114016
36378123
17564591
14587949
105368825
142321780
136332780
24678755
17267391
126644609
72221999
19805496
17872744
56413858
34537273
34340464
17918065
24735461
11009852
19781118
92558768
17341738
31896742
50311625
35474809
47632905
70756980
28195764
15922521
15210284
39308549
111671288
76163900
89250968
116836560
26548841
6576292
113473917
36683386
9576402
121147627
16175851
21252385
102964739
114756202
18203300
60713593
113047940
52727847
65493023
6782762
67390256
110445334
106849100
73198063
100064320
107199576
75367781
45970002
69641276
18092306
108617810
32016358
14945261
12315562
60741518
84440610
21434408
14639068
31186714
70753213
38447295
89527828
18468610
29259675
77839894
24257515
91179070
93017945
15772318
26272836
85813712
28165440
7744882
63363638
28868581
14520937
21868564
15416746
19395615
14617794
15755812
75045023
14079551
21633855
17346452
63150856
15160676
16016642
10228272
18646108
19806962
21010214
19553409
18172905
19091173
14364049
16421430
14274372
74198348
81100233
76043920
817386
28614262
7841652
14368074
18549579
11148742
21261661
61120062
15696583
20444463
19028248
26097041
19726613
19269183
20092295
26424123
40318829
37492407
16597389
14946200
18412629
20024413
17093617
27961877
30243263
14876530
15678117
71627462
23696410
18804798
18176907
76649729
23622696
50438243
73025531
76682596
15513609
75582573
29476311
35734472
61603379
30006844
75020235
31402393
55235265
22075433
15768972
73303753
75724841
71358042
14532688
34926323
76175716
19850687
1438651
15517584
41677388
64027252
37014170
30484010
34380461
24017268
65365682
39159623
47649236
12120112
22616650
19820356
23753685
15234162
63020156
65060001
15966258
21837370
48789993
32509422
45120166
74832932
15752013
74898018
74868814
20168605
60941344
43986327
55677432
22004739
23948217
37766916
18431134
51891351
30100111
23445075
74447368
32780032
36127230
64098343
69658348
15365532
42924141
29766367
23103488
21795901
21157904
56707827
50152441
33977070
16320634
23394127
18456694
36921540
63602081
7698992
50797853
19713940
15693599
16560704
41535729
23104561
50365212
17195762
15951941
7836472
18739458
20875778
73986212
14529278
20024535
48877152
18168068
20002134
16860329
24832830
35698708
69458731
74515918
65106660
26812093
63004503
21844854
21612122
18566907
13130412
20088666
74477942
50304652
58531651
34793128
46184745
27624468
73532404
69915833
73620211
18994549
65228468
24190626
18963842
14120151
69563105
65146567
9275732
36958661
19272994
20536157
54594181
18640821
18896251
49913368
38627365
15220720
15522251
66810823
18299168
22144306
36644733
36757263
19950147
61842393
66394613
58381112
58918334
16606300
46811337
41409829
26772739
21435658
20606467
33415816
26777550
18232083
18079729
34251485
21569218
23204235
19659031
16193773
17423143
31172867
29450674
22131727
18104563
42551785
17971455
60786902
35758513
65653558
17194296
61687757
7228682
63249121
32545783
36764453
15997624
43966872
15573154
15634953
16476596
62872103
47752381
22362006
40058203
22851516
40787180
20851313
53966223
19099149
38896075
768783
14691417
19993496
19977868
17779539
19339295
19938655
28394332
58181938
60127550
22278349
25614235
44388050
47529137
47391915
47747400
17091888
55484467
19348167
25338079
60984835
39761281
29230426
23381664
7496712
28035987
23764034
59536644
47775464
59233724
5998542
57989310
26926309
20875564
60479236
24095951
16276643
24091188
18020907
45040000
14178874
18184286
30346767
21866825
18370087
11300502
21174642
41702656
15245562
30372129
48783352
18760460
59342783
44921493
58776129
19907351
11887972
20252855
34705974
19674684
33065195
15742985
41683723
16064507
58831437
32466793
16349648
51682281
16570928
20245031
14249190
15988710
40553282
40116885
15739968
21215165
15183403
19457981
14996598
55407555
16072171
18511594
33024673
17379009
14927343
35678388
24411916
17642330
8617952
48191397
23081737
58294318
20989982
17754573
19729568
24338735
18284266
55312717
14920143
42412168
18461227
58667990
57799518
17074440
48380041
31175661
24924235
23327166
45398966
18915145
21045275
33611437
56703564
20018435
20776147
22577483
17518344
7736682
36326279
38089257
21648152
23094995
38266501
38113929
21848829
39668437
40770397
28109519
19374139
23864369
30059434
17584179
17864520
15981592
47483137
18336698
29520100
16390926
41019773
25080109
56401482
50331441
44449034
39619445
14429106
3107971
12165402
19541375
5490392
16841236
16925437
16036525
14963773
22366697
20097266
21771519
26436771
27916776
9075852
26825982
19293193
19447361
16031927
16890518
33240765
27433630
22203756
19417492
13332242
26089178
33254996
23134068
23492493
37483339
33578631
2467791
36679696
24002724
16296683
22198269
40510796
19748285
26523036
33330985
17769743
16406180
26983525
31460417
46275152
14345492
21918700
15731368
23078994
15738033
18092370
17816173
19790489
17877451
18451200
14415941
17090912
46002396
21600922
41445718
47688440
22835289
43409523
30875418
14345062
18229117
56089923
25568065
46345329
18484588
16134261
54951115
25315546
36047379
52760174
54649470
34622874
30944238
26472173
15052091
17907697
19291483
19133507
31547101
52493995
53916252
37705904
15455253
19543182
29620256
35004994
49540065
47720065
37969357
41728675
19076104
14738157
44403079
21040094
22522100
23760704
25997252
52750457
35103030
48551072
21824079
20491093
41718443
21791103
19932313
38483134
15149624
14726990
15256741
13284922
21919221
36654245
52779839
48731098
54230879
16579249
38662631
18087197
33931475
45868996
26051676
20020575
20867568
34424156
36771809
19356402
11611052
48117116
17546958
52120916
52378089
52113851
36749031
20013142
16345959
17909913
18916716
43036839
3242121
49613597
49105595
30467603
28165628
17976820
22161019
14091313
24739714
17058879
19877680
45171287
23963536
9427572
18566868
20554740
51170132
22524948
23861321
41854403
37663094
15669672
17864302
29717247
44236403
23145794
14217938
17480256
21520307
37692417
16457416
40045792
22147477
21026508
47354577
45861178
16195254
28264799
23970102
14750042
35654845
48726952
38887954
25086658
18939777
48808356
40772047
15429511
50048046
783214
22403377
18244281
38095305
25512921
32010840
34040189
15892735
18361558
21354559
19885295
19518981
44658014
25371220
47767855
47965912
22228991
15641528
31139417
20373514
18048053
18851639
24692882
17263149
31117383
30241992
46198778
36256712
15646547
18875375
46315529
9486482
19908210
27744540
33348604
25620973
47804988
17998887
40938614
47728816
29217773
21868620
44374081
18340143
42566772
17970341
18547191
23253889
15921303
43185369
27715015
29274269
20723890
17208780
18776960
21452801
25187521
46099542
16859191
15639019
17454769
27142234
23691120
28276927
36998066
39968958
21204583
9755262
41134787
17963742
22017253
24883866
26635571
31528724
20324393
34523410
27783417
44710739
46176168
16537815
43200513
28227890
18981604
17201402
19632051
24731558
20263329
10546442
19069733
12082862
32506723
37920978
23712174
26778110
18943852
23951197
21111098
26533227
23688803
43675996
28423263
15359578
27676828
17621397
37404802
21044127
34540298
23032184
34337069
23994797
37976051
21925111
23708756
17969354
41171865
17388662
1783901
18178768
22300305
41617440
18610919
18684130
17819471
19932005
18994118
19822366
17625897
44484866
15029174
26946495
21878458
41363507
45581861
5416322
18217970
36183582
19861848
21589257
45283250
44001170
21305855
24742936
17346162
43756235
26505898
15419754
12340562
15335534
19207402
21525246
33222598
35027698
24273574
2059051
19989172
38240752
36082429
18144612
23121519
18954306
21343058
37925461
43006234
20026041
41371303
28371414
22526014
15724082
19804639
36742955
37061323
31323704
22186330
21136619
20760167
43918682
18226567
42954971
43509173
43764243
17502682
39207632
15089084
39362320
12925072
15572998
20700426
17391442
27860536
30033809
41146233
36255066
41627524
41671165
16063094
41632951
19367142
21846304
29716801
29454444
21484929
28704552
21878443
40755225
16063189
40296568
21662290
35664186
18830728
27311044
22528309
21889918
18061669
24730069
36776888
37108426
36131059
18545093
25204465
16051808
33555786
39778882
32281887
28746205
22798758
20073017
35829796
23559952
24183358
14412533
27146302
16003403
15506100
33251217
16641194
17296185
16071123
24802712
34569434
37863642
36957386
36815337
29443725
36657665
31735427
34589792
16119100
19175815
33410752
21065925
18536530
19586469
26044557
36356491
26786440
23098517
23718424
33229285
35800729
4916821
32719468
9604192
21658065
23006553
14124673
15436488
27277775
22655658
28545793
24293683
28176898
32733065
15923226
22328258
20209807
15731751
26033435
15985343
21925192
28979029
29503900
27544062
18981547
27104944
24795772
24481388
19769376
23613801
17826047
25168070
26607712
25273638
18467691
27543107
26576359
16422205
22685206
22779546
20593873
18746235
25558984
22068041
16689723
26258534
26133847
22795270
15571684
25849467
17625467
25420029
14296962
16314929
26078152
18498684
20465058
21166022
14803701
20412174
25293856
25446308
14761182
19326390
18824150
16703058
25060786
25982877
23078192
19613084
25193850
14250867
25095905
13986932
22508473
17345782
5906762
22030565
19492692
21897371
23686732
19276257
17934084
17468605
17502336
19305668
14835424
23354104
17872554
17964208
17311248
14984637
18967498
19616327
19891734
19926675
22527499
16311797
21924702
23661828
20535297
24261515
24240687
24705608
15900577
19711641
19701834
14099715
25162697
17463211
16051570
20476148
19913907
20720537
23976316
20635294
17227248
20015903
15075753
19929362
22831059
20430077
20452755
21101126
18306002
16954515
16881194
24362769
11253262
15508277
21329888
16032925
19826165
16559455
15516354
24935699
24886595
719603
18145146
22509548
20017624
23863635
24374384
24773493
23495600
24600200
19170833
17553308
19309805
14425052
19597935
19405365
14836282
16502365
17978110
19491594
17739961
21360853
17577242
21778016
14056170
15661117
23667572
17998911
19210268
18944963
15737887
20192403
19618782
20269222
23970171
21336325
23935517
15681169
23569837
17653696
20796447
20328811
23496475
21900520
15344157
23704311
22647624
23348110
22401661
15648137
23692238
18920463
11370442
23084333
23646177
23684625
23120241
22643191
7152572
23059814
23596521
23339522
17794423
18891729
16973824
17133076
14496627
20054770
18760834
19036700
16111206
18847484
20957191
18958128
19615223
21899007
22938375
19685365
20887054
23035912
19317857
702953
17297649
18386441
17282430
19741749
21820363
19737494
18144799
14267944
16109292
20644064
19038256
22871500
14326245
22890004
13194572
22891236
18444665
20020286
16265372
18810217
15503155
22825660
21269970
15856366
16070427
22797598
14178988
21021420
22504543
15443575
14541594
20921337
22757365
18745624
16045956
18067335
18099952
21171068
19212419
22660137
16741994
20252025
15867621
18560270
15627208
16242309
18910530
18954631
19039844
22636050
14384991
14736220
22400347
14535616
17219868
5741722
15734368
22052791
22477680
21122387
19037454
16062865
17651380
19107878
18066169
19596240
17073319
20601358
19776022
19050376
16739634
17218848
22547446
21109556
22575762
22306592
16015621
17807633
16390457
19607421
15974744
17931076
20635633
20019841
19504700
19389000
15519833
19286059
14580438
17979036
17787008
18401723
19863559
19405492
19189710
19578858
17723910
16866775
17471318
14088218
22507972
18170310
19259282
22334544
19539082
9133652
21777125
22107725
19861640
12044602
22102488
16900618
19302840
15985455
21650577
16328784
19040666
14750444
21943154
8124952
16261445
18664491
17171175
19934870
16139890
18696887
21270032
9532402
21301933
21674448
21736303
20851006
19834943
19275275
20281013
20046986
19557449
18252381
19245481
19456306
21210793
15456075
19624861
21123009
19317140
14620003
15210410
21542467
21390191
19071759
17367405
20025833
16102244
17976923
18905115
18317325
19658173
18811140
19083619
20467163
19407835
19139963
18030431
20097342
14730859
19394188
18678924
21220931
16371887
14529929
20776497
21111896
14246001
16721061
6788712
18791763
20546536
20713061
18216752
15727817
18891923
17912982
20608910
19842774
20053279
18916432
19739126
19738870
21660348
19365058
19784264
16256269
16628964
17875563
18737334
19912734
18805303
19668853
18873711
18963541
19663141
17441426
18573961
17881390
6719362
18838315
18943752
18558029
19026201
16704472
16319358
14171246
17941459
18501583
17837854
17894361
4603931
16721335
17800215
16071078
14790228
16417712
16297024
18498427
18694165
16330935
17868817
18315727
17626966
11267122
1457121
4119741
9840002
15815348
17902134
17914526
15661294
10451792
16388188
18138308
18140272
15829920
17156115
17980028
17215931
14414279
18148439
13262872
7794862
10732492
17892273
18192355
18375745
1371771
14940859
18163872
18533876
17848844
1933161
16662294
18588822
18351093
11106442
18137724
15700563
17930574
18582896
17886496
15670995
16908796
18496709
14875957
14317480
18177984
16651411
16891226
15807127
11204362
18282048
5543082
12579192
16659622
18325602
15876673
15725659
18153315
18101172
13226932
15874136
16494805
17954074
17541193
18451147
18022645
17353456
15693986
17831454
17399741
17818716
17821609
14913540
11279652
1829321
17497045
14550855
16763018
8006742
18075443
17591223
18440635
15114375
14817097
9554502
18030223
16530973
17907968
16520112
16636824
18218263
14981222
16814727
15887107
15136688
17380952
18413820
14166892
17469332
15736383
15192111
18484931
15680684
17846823
14258935
9229452
17125500
806830
3632741
7730052
17884975
16140612
18059688
18074690
13837532
15267866
16264702
17926619
16824141
12194832
17790116
18207789
17726973
15535849
15485266
17962914
18453432
15572565
17979132
418753
15151930
18250558
16641279
6951562
18283848
15773467
16007665
17489069
10941
17752112
18179250
17486093
16262807
16886909
13209322
15701927
18302210
16161097
18034923
18341252
18205814
17738947
18177001
7487922
16526000
17650755
18103240
797981
17786222
15734464
7858242
15630097
16031280
15203555
15577241
15615817
14227559
1929121
17965183
17183026
11855222
160763
15935090
15733068
17599476
18208987
14747200
17379337
16444606
14222665
16287357
14192541
14348022
16873037
18117244
18078469
11736882
13729192
18059559
17886032
18395206
4426901
12332002
12591732
1059191
15154248
10836362
15965143
17886275
14469759
16007713
17923728
18435465
18157391
10196452
17066782
12126902
12282872
15560653
15302443
16534534
14934964
15832611
17685359
17218135
17788259
16744877
17937528
17904439
17947360
17978044
17054944
17996051
14726357
17943109
796409
14262105
15986949
5145071
17718887
18082977
17433632
16782473
6430992
17602996
18100193
16005254
15242301
16667056
14332427
18011486
16611492
14238995
15207713
14197476
14384763
14676000
15274064
14551176
6219612
9638162
12862912
14547961
4614311
14483749
14428983
13684002
13291162
8331732
789158
9857252
9749012
1159221
14192720
14154518
3611041
9512402
2579501
2367051
11650762
5119
8069392
874
6455772
5840532
5663052
16349164
16348935
15369049
17926668
9048222
16686673
10994622
12889162
14281853
14233605
15158234
15971670
15021148
16179682
15816750
15692987
15809254
11339602
16365402
15887221
15693989
17609930
17494399
17846772
14128888
15065641
17916257
17963725
16193222
12277282
15650806
17781769
11421732
16495680
15741263
16787084
8106172
15700171
18462702
17122356
15166577
18262352
15852651
10286522
15441539
15790190
15793231
14748002
17366332
15826514
10687372
16408597
18083652
17909670
17915624
18037344
17726384
17627001
16049588
18301130
11464012
18324186
18384467
16898332
15551300
17982724
16014809
5656402
18096895
9915942
15817319
16402762
14742690
15852644
16265061
17909736
17968258
9167352
15552221
18110048
16168407
17448775
18098616
18155408
18130694
17914509
15491840
13677162
18266012
16494555
18231534
18263556
8039222
16034325
18286530
17916114
14937028
14480769
18023126
17287449
18070094
18020635
18130982
17737066
16915269
17896545
17767479
18023016
15916757
16562019
14046665
14572312
18087755
18256110
18149763
14800273
18274719
10031172
14389132
804455
6108862
15702521
15497928
15866947
6340202
16061242
18247224
17415122
17926920
17803071
17755877
14311122
18267091
17963980
16660256
17907878
18152363
9091052
11975892
16553816
16360607
16953422
16492904
6830022
16753058
5417132
16336745
15249762
18308416
12324152
7143752
17829274
17217914
12449882
18098526
18013283
17791736
15502392
18346687
14694116
14100886
15800720
18081264
14150637
12014132
18372306
12738012
14114924
16692771
16066056
16711024
17453279
17699708
18425638
18300955
16340301
18433085
18042620
17784444
16051612
17604598
15700362
18162509
14921258
16976461
14376012
13286872
3803171
16068266
15790186
16119129
17493415
14061583
8493872
17292351
18087840
17777458
16550571
17933158
15986806
17429201
17626987
18119058
16970931
18190416
14844867
17924677
15764599
14436248
14934045
9727672
16077636
14411136
16051018
14243094
1820881
15464264
16935023
17370771
6780682
17396820
17425246
8841752
17490677
15504190
14052947
11264212
17224675
14854961
17598077
15952972
17059561
16158692
15036089
16640452
16347009
17609357
14196986
16321473
16220947
17181528
11699272
17759022
12055292
17132964
17595749
15503051
6750202
796751
17807325
14947878
14592373
6607282
5395082
10039022
17865546
14053229
12896172
15947743
16677181
15963227
16709419
16272370
15974197
17912245
15520595
7854062
16373221
17744518
17925412
17220634
16658638
16907121
11916622
14087249
13322812
17851022
17944408
694563
17969828
14960681
16457366
15976117
17986764
15689561
17573730
15603826
15847001
16414242
18009645
18075767
16797833
16737667
16579411
15854276
18027230
18099177
17952830
17406352
18042749
18043913
18043880
2961431
17799119
9842182
15996400
14349013
18075247
14540228
17919912
17589079
17218322
17476160
14808047
17364176
18021702
17925704
18054951
18088518
16951485
17210028
17264823
16478061
7790782
17502298
17936071
17288160
3952921
10141272
17432280
18035738
16958993
18210883
10251492
14870085
11387152
18212728
812125
18005892
18057404
10143142
14520944
1630561
839791
18092410
18183222
17823454
16176462
18063643
18156608
17856422
17743167
18205761
8208552
15540525
18050968
17927268
17094285
18019121
9050202
15525062
14295486
627033
16877003
16002530
17595895
16173056
1877151
14448191
17978459
12732752
16940885
14247141
17452566
15605972
14888205
16319262
1653161
17291725
9527242
17275115
11015352
17956668
14454432
615413
15698349
17490317
15972469
7622512
15021099
742123
14463104
15233112
16117318
11774642
8840362
16274815
7192292
17449889
14299145
17855050
8071902
18065503
17622723
15218282
17915072
14526709
15150152
17876925
15421151
17485281
823748
14943818
16181186
17885790
15935628
15726878
15702490
14835456
14270757
9329022
10451182
15792415
5610072
17954851
17887657
17168586
14072550
13256882
16327832
15251890
14523262
8234132
18189399
15933649
16949247
18071434
12687952
8318422
6009762
18249143
18165865
16051473
15960798
17786785
15416505
5660532
15636522
7126672
16997763
18159033
15365985
9899012
14554723
17362970
14840162
15771482
16443868
5070001
15698422
17603356
14403603
14972150
16287495
18196597
18102874
18077043
17973915
18217624
17782782
11304552
7578
18211095
17890913
17477130
14151150
15912009
17965110
18137978
17646419
16844056
17912673
17389465
17612885
16318265
14985278
15631272
15469569
5865722
17896706
17493441
15521002
13590202
17627148
15129727
16732982
18075850
17085539
1376521
18085986
17831966
18146091
16386887
17392707
17445028
15730791
11843312
14536203
17885302
17940521
18028766
17094493
17829264
17351088
14455403
7413842
15934703
17386922
17412891
17487968
17231801
16169762
16800140
16452294
15741724
15815339
16411272
17900421
770573
17922886
14725649
4511661
17877155
18150050
14547008
18166778
17087824
13857392
17607012
17195861
14080915
17601187
15302379
16035350
16793274
17299744
17954920
17513304
14132775
17604536
17936221
14203551
16623835
16880250
16481781
17924526
18009252
9793302
14720411
17663756
16135165
18146481
1759181
18039442
17933092
17908825
690293
17824640
15481585
17592853
15862974
11829282
17387589
17671349
14046322
16259228
17951924
14101232
17927830
17962979
17609675
6975262
15985852
7294142
16117273
17550920
8540582
18015658
17331231
17583954
16930489
16174854
14403042
14276152
14328308
14356393
16875531
17911939
17873544
17847960
17823343
15978475
18092102
14249529
17850012
18127091
17964124
17492327
17945904
18128281
17856218
17784174
18051153
16641577
17964729
14551366
15821034
18126335
10924592
18051272
17955611
17953908
18057820
17993906
12646442
17926342
6788872
17582899
17876407
15502695
9643452
17744893
17900914
18014067
17009637
16457081
18118324
16961288
17303382
17940572
17192613
14567078
17997175
17748971
17819330
10388522
17993620
16439401
17338634
16464341
18020081
17025312
16405291
10486112
18029328
15976697
7913752
10691752
16011804
17999740
17516995
898491
15855640
15999664
17918869
14930128
17942260
17609294
17966335
17948083
15428227
17896886
9151112
17027358
14412934
15922214
6296622
17527466
2357531
15587326
16051469
8753672
11384102
15922628
15993325
17449948
17765125
5665282
15485532
17474215
17643209
14176747
15883498
15181677
15697312
15031921
16017001
14296157
15227483
15427322
15427040
17193201
15720447
17033310
15989165
16248413
15951499
16522805
16545263
16594804
12667652
17025118
17506198
5795162
1253431
17611447
14987532
13880632
7548732
16580969
17401385
16893354
16056784
12144232
15444711
7081172
14332649
15552100
14295569
16048222
15893912
16698193
14869941
14413544
17151130
17411918
818578
14836546
9883192
16713988
14989516
12294952
15774236
15951223
16231145
17312720
15790644
16180559
16893035
14703299
14194143
15731588
17367994
13284792
15680234
16736676
16843704
16479176
17546332
16672662
17281522
16424044
14668277
14972620
14476222
15968882
14856867
13990552
16148139
14369130
16239766
10697522
16582079
16178588
16681146
15715258
16598023
14703796
16960896
16514116
9009462
15024479
14135855
16892211
17054064
16120273
14411042
14774486
16468012
15311605
17411020
8905762
16454414
14413535
16669548
17489093
16886840
17176326
14539706
14482499
17480797
16232940
15923162
9715112
15664760
15950463
16144841
16827173
17355574
9117972
16604876
16967218
14620967
14577013
16419807
5539102
16028241
15332618
6608702
14423929
15767195
16828842
650763
14799104
16624692
15028403
14614892
16550029
15762819
14422565
16145202
14760590
9335232
17322590
14279058
16887628
771648
16371006
17078632
17312097
16492753
17130183
15448801
15230663
15604074
17126577
14215547
15698277
14815766
16054649
14128054
15100166
6724252
12134692
15886432
15008787
16446177
16700640
15440686
15878201
15932085
16233732
14261617
9918502
15175548
16259097
15221612
16418523
17029323
16636176
16617774
10397192
14604508
15230563
16598913
17345738
14630222
17227471
1355741
15300715
15148550
4923811
1433881
16568409
14365762
17209577
15959560
16074119
16700903
15658980
17033093
17037940
16165116
14319346
14282169
2364311
16914174
15450996
16367100
14115555
15730075
16814879
15787130
16906339
15172810
14334285
15483931
14333761
12558052
14584859
12008602
5635722
10615232
14449169
2781501
9453872
15203092
12114172
15854694
15853310
15854806
15854653
15854782
15854457
15206964
14750858
15379170
5174101
14444481
9250692
12401452
15918708
16650894
15283729
15625031
10771662
15351784
15765104
16346367
16030076
14413999
12788332
15462053
12272322
16007460
16170253
16518863
16347683
15700423
3108351
10526122
16479300
16352839
16628801
16628803
16356226
15971424
14825599
14825633
16595827
16565260
16143986
14477950
11348282
14505838
15649433
15647676
11026962
15751056
16031769
5446992
15963187
14555801
16359414
14476550
15878890
14728168
15694556
9310252
4107251
16602995
16028129
16397818
15795245
5496932
11134252
5693842
16046815
11988772
16342313
16220668
5814392
12927812
15767787
14309308
14800849
7744592
8775672
7270292
14872863
15581825
14572687
9448792
15763535
14902241
15756083
12010462
14095216
15492842
15786716
15786795
15786922
15854671
16247160
3544881
7373272
6529042
15646189
15513002
16197247
16221790
16002230
11072912
2704951
14745164
15779757
15990055
14521664
15203704
13984092
16119451
16039421
15234881
13673392
15854690
15314458
15598890
5511752
15812897
14933971
15464463
15814530
15723287
15378280
15854738
15682263
16061565
15987367
16066506
15616373
15711605
16054768
15242803
14813156
16051429
15184159
795448
16068485
15657280
16002484
15163993
15485527
10223282
14744335
16148677
15203187
15679564
16041184
15854138
16209495
16056306
15232374
15695371
15935077
15912628
15938004
15721640
15854091
16045737
15238108
11856892
15648031
14188956
15907414
15864471
15008944
15234697
16144031
12808122
16067268
16057839
14515789
14253264
15074133
15159913
15031183
15490191
16114917
15947897
16042924
15944011
15675138
15946541
15693992
12687842
14921844
15445240
15597146
13982172
15905230
6685382
15726135
14809833
14354476
14828860
15506002
15856549
15692717
14262212
9888122
4205881
4057391
15524992
15718014
15694150
10685542
1917731
15142307
6795942
9755772
15504893
12726012
10355192
9887642
15738163
2733091
15693647
15717936
14231321
14403554
14081995
15360796
13059822
6791442
6728362
14770050
12765522
15727641
15694484
15432665
5495712
15741824
15726931
15730238
14193508
14451752
922151
15751083
15368725
6697682
12195
683113
15715665
15749725
14068834
15206931
15693207
15730323
7918672
14270919
14269594
6606702
7250832
5814502
6996632
13167812
9649222
15493978
15735191
11650202
1619841
1876361
15729617
14203293
8010552
14324752
1008061
10376152
2614131
14936771
14150613
14650810
14790078
15044113
11395432
15186308
8512722
8934232
14820978
12814342
15651657
14574448
8840482
15454023
13602972
14713863
5796422
9676642
765986
14505283
7651512
6418922
6048522
621323
22203
4629
7259302
15378621
15718422
6106872
12477962
14275291
12295992
15600527
15703576
15456385
14132503
12711242
15214193
6980622
15693765
14079007
5539902
15383439
4904651
15661604
14872955
10482452
14616034
14246394
793992
3059911
15454339
15691217
7061682
5469742
74673
4369541
3210141
15665846
15525938
14595685
14126023
29283
15430621
14779179
14071606
14344823
14554648
15407832
10102072
11837622
5484532
1300601
14818207
4655251
4388251
6426042
15625976
15587300
14316591
12953812
12089362
9687772
806946
8387592
7390272
9890132
5915372
801082
2878431
13023332
14089912
8184102
9272862
6742412
1072201
678043
14730894
13436432
7044742
5874762
5771252
4371691
1699741
3840
9717322
6323412
5515202
14912925
4528691
5283382
12364412
8535862
14915412
7665662
11640472
6393032
15207198
15316113
1912641
10202
12522
7911232
8144172
8251132
1090561
6631782
1966141
14440855
14834304
14834017
7039122
6997452
15221115
15207668
14858000
11246242
8006412
7214092
5758752
5639832
5507542
4248211
823124
926601
774909
682333
640893
10419
3859
6485082
15489349
15459449
15113571
14766591
3137331
14353189
15467124
14513239
12696992
14635413
14352112
14159678
14060882
10368612
9804562
8740292
5511332
9836582
2249531
22273
9624742
15170346
14074515
14192857
15431634
12797312
15250889
9300262
3128101
15219929
15075999
12715772
3135241
14669951
15357523
3199021
12507532
12360162
6577642
1047451
14221308
11074842
9724962
7513452
6332572
1060411
14904437
13218102
10840862
9508922
6706302
5409092
4393001
15281676
14662354
9855382
7402662
6620762
7713202
7685752
1931631
1050111
6577802
5815162
13958782
14111434
15116570
15298439
6793252
649
11841902
9480532
7157382
7075082
5558312
10102032
9887882
15160884
8542882
5561412
14825511
5357812
14825522
15356407
14922694
8170372
14120297
11883722
9737232
3175801
15396452
15289230
6145322
14268618
12814702
2986
15020507
14339454
5694932
14437914
785137
15140355
14393348
14300117
5998452
2232041
14423379
10168082
1626991
14915538
14176902
12515122
643753
