2734713482
17387422
394741838
1458320232
85892107
65647594
2942226411
1517267136
2314068908
257790644
481655487
215765858
234177710
2968451607
21307076
950531
17911562
302637617
1055907624
1586014255
272679009
314690118
2903882167
18713552
16029780
3554721
34113439
240334235
2557350530
2749277155
1426265922
23773209
16170253
1373172403
13918492
108080788
637046257
524396430
21786618
184860130
1671813086
15695509
16224705
17423992
18438933
21428058
21943064
25465628
26600398
31464192
32372834
37208326
131552659
225226797
234493276
290180065
481397503
838419253
1246363056
1486090399
1952414288
763699
14323791
16073416
39279393
92183278
142896252
165204211
197423425
179546580
249348169
97190495
1096062824
250386727
484086552
16291960
1449998204
823738296
22063727
21148783
20259954
168531961
97697657
1373441167
374277869
466519303
14327663
47207043
238313880
196336073
48388417
33819269
2421045126
1702134540
321646852
45626822
369602017
27649069
46388145
17294950
42980426
77062281
239939595
89084870
1001734520
59547153
154157498
15532898
17465796
28128303
59880071
17444027
312254799
87711816
7559042
65698096
31957766
37926315
389841834
15473639
716877714
57741304
115099953
36683668
20551702
16834046
20571531
1495585700
134810937
270394054
21431618
58503762
148086041
21337440
949934436
1525694971
302881437
29511916
2414913756
445996563
16955517
73938917
45479770
17659636
214746446
308861333
410984477
172867574
2224644214
894292836
959596692
238862918
21705181
63144098
300354212
23995748
2446595953
2367571697
19554219
17243582
114050808
15446551
33276161
166145409
17479538
888650520
1049439145
754135908
32978700
561624760
67038496
607637156
62726067
2590183885
30130714
239025975
330319115
19815846
863596621
16533820
481796177
242832905
17258301
48854106
20181248
868856461
1074837391
215491063
1012329853
35877890
31485557
43445412
218277895
847735050
1202005458
466952405
21519788
246220722
18480511
18298094
515524471
183247422
97989188
272991363
1226217144
18126916
338374151
40604512
15636435
305766631
20093233
156783075
28251153
320820302
15983321
1419113282
66754353
21904812
107565759
1511299686
16935224
23727228
137913999
25462961
25558984
37853966
25823816
164397041
228077059
79316710
46955476
20776190
18345986
18197956
6825792
31069521
33290906
223995226
20172768
197483570
20113366
16797179
384915512
37932056
30791070
19127154
149172201
415985101
44688778
44978716
26386045
33399352
14544187
223978695
56052405
421482637
217083195
18164272
135616590
182070768
23118040
54441907
20486418
151481404
50310312
66173442
1020135954
77517639
41584448
21343505
17934812
82728727
160726477
15065434
14370968
25160172
20715936
21005767
45931428
95486467
49164309
18171703
15320603
76059158
76456274
36232215
14129299
52596376
16028750
16456599
87510313
142721190
217100313
7380362
43638469
23973831
24816848
20455625
16378486
15368404
15129727
17107316
78002555
270841393
21611439
252747758
324679842
87602778
15917486
402754814
19742349
2544111
6828802
28596349
16798126
300552750
20264590
24730470
194587714
23157770
304804327
33463103
37865281
58869089
52304663
21724848
14285194
16697257
72435729
390156028
159475992
29633426
317944472
15304074
66664035
214553168
37028794
17271082
67788654
12201832
851675958
33761450
423793790
333210992
348251107
537670254
22307338
380391930
232727057
330137045
243227280
277537927
263369070
1128243259
235808557
328305526
19266100
76441746
206323091
285498451
536465299
68758689
112521394
24809218
1117395169
14455837
339984611
15301185
60143
30809934
29438506
7760392
255699533
809571079
172021105
56398848
461437228
661813
806328
305865807
113809112
774736159
190891758
171923367
18243731
111739520
95474225
192031924
126154590
161059255
492655816
22276994
46676398
85087239
82174370
342461296
36276477
1674312607
558011226
330574476
22256231
84710838
33312793
2202578844
87966593
14719120
273047282
48018118
80040732
82238919
117498670
425529295
186163869
360138110
18396102
325211202
56659367
18678410
31477125
90684020
15199097
328583251
1095771529
19119160
28880181
565683
14298231
608716337
281031538
24229748
21108987
112589652
1120215919
332587744
17829201
66381101
465602707
15519274
10020182
473066551
48082526
42038212
16210831
47276387
19990541
24544195
285799881
11987132
10012282
59183787
615527609
52478578
24901256
211207200
15980467
148631978
184087878
24520946
16287390
537262165
27959729
160791792
17479814
22506375
125336380
61503542
19603179
349227465
247351807
256645553
1110195452
49122253
26777908
29503220
171517197
996331141
14014262
55233321
38069713
17045694
399736383
437684452
75585083
15782767
124833853
22571380
498968535
60496573
20098372
25540110
126118634
14367751
14993272
20370545
470330666
21887606
735799398
61292472
14824165
27900570
337212001
25745882
147945368
14218666
15977394
10381742
395005906
216906390
19428305
87865799
445317667
587620634
404572363
200550698
338569118
362875051
493253761
545713900
34491975
1138345694
21679946
1137418819
27667256
1335037506
35325226
81387499
1414627170
404517784
22104101
357299551
1553802014
48530354
1029847832
32863881
400135736
501185419
1431610430
715071589
709683451
291245522
35637055
455662560
20535518
87812562
414488432
1921698890
173466039
119256257
40076244
25461400
39329612
595667601
2260178037
344436884
227374485
114585472
16123853
367281116
89357705
536907130
782510317
48455949
596844152
40529180
618089306
50856771
579491814
15400962
184884811
50282222
17823105
19687978
914874284
320802407
272267456
242980410
1482857930
21008418
154198848
2187284029
167415857
24126400
1957187070
153763579
515092441
25550758
382516044
38068737
24208555
39986855
347490919
40148207
239785209
403932208
219498531
154270388
1244602136
376570601
69792268
199472041
552780824
139591244
403849573
207771635
21950578
30962378
20408240
1241466073
217906634
25884601
22264801
266214466
20371573
278226538
146746748
26796857
21811025
86585279
343851031
287272894
15835914
402341394
165507452
41722221
471053604
115204077
74925831
822568802
1927205629
39379891
16620971
28509580
184640012
100906237
16456032
109057553
5264181
15084080
215706292
246348376
457929835
403838500
44686891
109125651
119495864
329363331
38388599
213861803
23930959
559504424
50367013
18530932
20834303
345063291
18921663
456724988
17266280
21465095
1943161340
386284351
229943110
22276152
25119773
956412000
230798911
25605631
14793764
139762834
1131111
298639001
774643068
22989853
2160601645
40218616
20839937
34491026
118795960
24229038
364570373
82461128
1335804572
14711728
302275922
84547233
24620662
11805842
279339435
21493917
37749235
268947339
21235157
25033858
963195319
51452908
274372926
94367917
1239273733
21164301
7156422
18353051
50056314
15450520
404361719
20817529
26372833
227525953
22221695
33192295
21355755
481419145
20484934
14947842
1135669754
236550426
369059154
16132477
23458597
1700717659
54314181
27753610
23957625
16226417
17146926
260555829
18372408
18001993
335505192
403847985
96894306
39985050
26648990
314849636
878597622
405134461
885752504
180928119
1526148606
25380005
19360844
321774180
242288569
82817361
35756437
24305191
15435815
35278544
16445753
21620868
123035831
32388733
20475059
19496043
147981741
54191118
18658300
11008182
15308649
3326931
15386444
16316602
214664635
15932984
111005607
19954013
14129316
1014851
18947618
24883086
293065451
317321468
283082466
396023286
102446768
123341228
958399670
25918998
716359039
141595504
72911412
14236867
15058425
22939714
39639913
27513477
16172567
18574431
15789560
105965228
15663002
66856736
342299120
61863728
28896743
28089327
49272794
36777552
2713391
471333409
177829388
138184464
25073913
14367221
1094150785
9634162
434286010
579221693
355329272
99824554
56107664
459287059
469696938
164088473
5029141
81856720
42601796
120277096
240058554
76986874
16043724
16468481
2446044330
20913928
20775769
948374082
29552638
49872538
23491337
20034847
14590614
40525534
367373578
16163468
581012668
435069715
862438794
123290319
97862842
83334807
561479047
41075462
15835526
976549099
1393551
18954871
27092690
508006873
101344552
44078966
1074237847
22287802
2292390943
42403558
16061993
114159312
69902787
24908813
116788773
18370124
521889265
16936795
18269447
65525097
22097288
469705918
262569972
234606744
408205991
570352358
29644212
38667821
268392945
190039554
633171850
398945931
27514990
273605086
37688889
20698949
20804580
16407827
49825019
155442314
15440298
19684793
17975184
155048192
455632174
303907022
21690431
366353448
232757559
1184362802
372005232
7237532
43920282
16656386
439551509
50556242
15675150
39172617
15648633
35279070
13352392
808096
490631300
14354985
28861327
16191846
248270337
25388412
22077095
420582999
62675804
450919703
74175586
2180508829
513614480
102745456
225907142
42942329
15966925
1349787607
1642087500
20658388
74775704
44203665
198314346
263434499
21679598
342424687
56838542
15975815
16085646
71599731
785830202
1255733821
8846002
967009711
328333705
551644827
229993947
27485848
28594165
291506429
107146721
31683177
774683335
75412048
16193072
354863991
1226407285
976907744
1673421552
43568101
15851250
253235437
149671146
167035309
83758686
55930147
183471519
590511097
401158839
542032919
16600574
19697415
93069110
114497182
254186356
787373558
14368074
228768266
12127972
14095905
69427169
14873767
18909939
59238436
26637348
52774637
14946200
114881944
174145542
15938122
21461944
118173606
240334048
19980678
93876666
7853592
72406810
16291199
15418628
141229888
25125555
28066607
22786791
613988694
86044152
32729066
220543970
1223955961
377540405
19038416
270432378
22312331
30687343
46901204
257989542
15856187
107481236
279360261
1547766092
453637940
119477609
211408235
216385540
165600417
15294551
519076313
331317907
189806241
60718655
82167518
59869729
10688432
16795212
23450558
110899711
76027332
63262233
38477209
15939889
15742734
547233672
61585965
2272959092
14103884
21627786
196824385
72454254
380693277
430364646
17091590
15433452
1594679162
90926884
990627116
14377605
970207298
27860681
2382117350
14499829
44039298
14511951
20179628
125453969
40319114
22086608
16568549
71569841
18915880
14725649
973541
7242402
15675351
21597300
23094875
29712935
38429270
46841910
49469840
139458452
621542385
61220477
463765807
15019906
136422425
44320256
80111587
11731322
15837659
1135399020
114670081
233985354
70511174
24196684
17291452
113436175
222481411
16001350
22260999
20281013
24439201
14133964
21312469
16931360
18978610
29628889
203132018
130945778
23183563
15399512
15766082
245424983
116341480
171171584
156016878
16326882
164273824
976809229
225163993
37687262
20879578
47848003
19410511
59565766
242893326
18778634
239931382
21920875
74568060
5473932
388468632
129997410
13484442
45828171
199836680
15988031
40154387
22280445
5548952
28348670
15368117
58524428
119235720
15689503
23967554
22162854
38271276
2030711
34643610
17011177
15956067
164412502
51241574
12133382
17629860
21634627
59331128
15483390
227790723
19107878
47658459
14270650
191440211
91671740
82116947
280630251
1601549102
344260110
19055698
19040838
2238568044
1148973300
1622933460
14188527
1594615184
26165922
42809339
306336521
15464697
33986037
18767699
121489431
305732399
140844060
15159913
135515077
208736091
15893354
112526560
16898332
44317593
61285110
33222598
92079350
18097821
12354832
15727317
729171516
136783758
33237351
37209193
1548709615
587954800
485423388
17917717
829623966
185279440
228313809
44947688
256322163
7036002
18171600
387956439
61149653
708428538
405137225
21981984
217298340
17050482
93088579
240714345
1135869716
66142762
338701477
836562037
147821689
250346555
552355237
783214
71587588
15200895
46994577
14661475
14193053
17232340
17050656
17059769
23543520
23413783
25896141
32986559
8150742
18455058
14820509
14153981
17544850
47407402
73829388
18267131
860687102
30231573
38214128
974088932
55624598
3108351
334895643
8417802
10464092
14584922
36041246
20659086
15671007
76864521
17506198
14283012
19572909
36260866
15574892
76420352
17824322
14366386
60708893
15694863
22530874
106855330
92010476
227782972
23222258
19633
15029270
164843236
128210898
16456627
5511932
16371887
18950712
14282672
17347693
462179420
17698067
860777012
364146928
16710525
156511229
41035222
89568665
266651693
45199546
22084332
789755286
38693801
279668945
829937227
26322515
80748017
25436193
35944638
82258078
29325242
1389824197
454910277
44601839
56829179
242486417
268865814
16387184
35421283
789205164
347628833
4130191
62343897
325832052
25029303
32191282
30020457
27953967
468875350
81451761
15798244
15973816
16568402
49363704
318568656
1191824160
1056499789
149573732
346402393
535400371
614405455
22671152
19509858
887154228
16119428
1673161999
273793069
23220837
188163864
15030319
1055531124
46909096
349947809
32520273
128956459
18397698
23511542
614521871
829859839
15778310
109312209
10818272
242558829
33349706
1972264922
19023939
48072723
15545122
251216095
217162039
32678312
117248859
24631657
155462964
259957458
704907224
17495334
143658286
45249201
293386073
269771160
7797322
32997592
65812800
403914863
56400696
20619120
385672546
102110166
118798853
24980717
30380949
868130508
1478211248
474563808
36371124
54584332
21377905
100005375
540472551
160273215
506315086
69474390
38049495
229099779
21954690
26735112
116875346
18798286
346556164
176811928
752133049
72697263
145659451
1143177800
405129964
835953601
1027666122
2340608630
210042380
334588041
1390496666
20265203
44045103
29125428
405119861
60903033
520029915
94492750
18847976
37430149
2436286399
1061088602
471013487
17692869
404523392
240732156
1265487884
553741351
242176959
1059417708
403840738
969136586
71563277
571461243
860277462
9477512
131041833
22181755
1229971112
122542032
131018989
1218932047
456722136
58500096
1245409088
444819440
267603819
624805598
503662020
281695815
16686336
214563802
186568831
228942497
24467757
72947117
2259765408
350336411
1619620279
168759825
64507817
43261344
144762128
133587169
186472574
849169945
851711263
17580892
127870840
66739464
93111391
360285166
231094495
43112319
74526911
26559241
15817979
164369297
10232022
36753271
14185317
214112621
18732606
7848802
16228479
2592023390
270190324
12134692
22061951
17768938
322754909
259918701
22660657
141381999
5511492
257038465
195840597
329809276
55334133
164759805
14268812
373437924
14226882
2359926157
28288064
330921167
564106953
1393155566
14615871
1530850933
14188895
38228095
1078473840
23783240
2207588833
50073507
59676104
1598979864
233409039
482708367
452521774
111690672
16955870
483273973
34274380
1240681
16711026
8071902
42692687
309481395
163598915
398271367
14858000
14870670
2347049341
46713710
2330712260
14849562
7334402
15212187
312698496
18577789
14677751
297053549
1055730738
2350490634
18227519
14335586
37945830
843918601
26390322
225022855
235196204
15007149
22313347
129450434
87271106
167518667
16244449
138799178
543733563
353225544
17033908
1897583850
132932932
21885089
222666657
191188414
380648579
621423747
1613223313
595515713
369238541
63246339
1702571186
1623730970
1873091689
2151620534
1665386791
266927095
14695985
105542379
15469170
761783018
1861751828
1979039203
15507433
15950086
997684836
16248619
17859888
16554084
13067732
250492272
13708342
1520501
47526275
14275423
13493302
91180720
75052666
409456907
56700964
18320874
21844854
69193833
15220768
114547989
475286355
49698134
244655353
340613443
105187267
49204865
576347147
82939583
22509548
14560097
456806128
23761008
14940354
249469549
546135718
16017475
398088661
103087786
116498184
50446226
71294756
26538229
245412130
329944325
1404590618
943814922
580004619
49793110
633992680
540304860
18994553
62526458
78400205
94391895
18891923
1410590874
15432218
18996618
16460393
69181624
43996908
1543830679
1531265618
45564482
86129724
1176994477
433034412
80473367
24920395
56413858
453319164
318518392
19693661
289735773
397673646
1037321378
98912540
7868832
47034524
7768402
7381772
45604374
14717197
19034656
346197350
21175250
106135104
14276218
1137600571
74294786
1206227149
1339835893
158495061
965586134
19674502
64420220
554468225
47455112
24824450
15463671
33998183
290061912
249726335
135575282
27882000
202294396
14584738
19847765
24431892
20508720
15446531
740216334
14238142
119784192
75069067
757303975
1330457336
1023020557
131144091
73206956
502281810
1111940934
22732517
108360875
1281405877
77755922
1342861723
78445977
293131808
8487622
324095750
4207961
1286312880
159598471
210908695
14517538
681473
81756964
41406567
40057701
139782438
1071102246
18215973
194697604
15463486
33653195
346082172
16311797
205392468
1181134878
313393696
11771512
120180668
21220931
46176168
40887204
21612122
34310801
455764741
10419
22771961
223774163
414010452
4119741
27009969
1225601383
61226587
14194973
851860290
28195764
388456346
36047098
148529707
82689705
958927530
785414496
109257354
21778391
36741279
44873497
18197247
15441965
25564548
23112236
89460898
304909941
814370172
385710022
47954642
15582333
14781738
1071777608
221484024
179114509
464703853
27978179
33256849
28902856
297532865
14792049
312800783
29442313
192955168
16002085
18772897
222622640
296385161
360331710
27055034
18697888
516611632
37036297
16439115
78405985
13159032
80628196
5130101
14677919
1106501
15667291
593234552
17881467
115718513
26548315
16031927
224741372
14699813
19789414
153558139
38496530
16698389
21768766
211887629
15973881
299798272
16028241
325817678
104615577
368992130
90508268
14246657
51235390
29465136
34369632
19734832
18248948
41769998
340333435
47694175
173999134
15667802
939091
14437914
95506425
620298978
272022357
86307757
486262900
21426423
31162177
117775964
17090029
242944499
11680962
17907987
19167293
536989569
7274072
8953122
2467791
357606935
26520417
41272328
15670644
6724252
16125224
79743108
138479037
18587457
59159771
216834759
16072058
17212434
71349174
14173084
40260612
85906310
17906632
260537964
9532402
104299137
26601341
78688997
115724271
16297707
75600769
37667548
18909534
13784532
48521302
15040558
30050899
110933016
108376246
16920498
288725347
17388453
97130164
16847623
48404169
89383401
16120988
16996281
26840707
203120682
350538704
24709199
220126017
43235700
15434457
296907911
342066428
14313371
313613978
60801943
273592641
18588662
18619708
299606804
243226840
112717779
199324861
412064035
18657062
64486328
102523275
14482971
131625652
24310404
15670787
301200813
17488335
18811301
31604323
34707392
55073639
193599857
39753334
122402126
36071292
15427772
92281588
15928393
102144611
80800979
16732440
23853069
14515799
18730820
22218950
304592475
274966711
174649888
133026477
310687112
29373496
17225620
73255170
132918446
113472344
21521206
493798148
16267310
369705071
260650892
259378984
417337909
15359014
254069668
271478022
60507245
44203297
32653356
82655885
200608116
128333324
38061423
118768356
96690041
182285831
121631954
151993393
31593860
23605505
39906457
19930211
15459499
303059063
196373876
102911344
15730336
213211274
53309297
259094582
77451697
285626945
20674137
216287168
46009960
24751040
105657625
133531110
23414223
14246806
79143246
183062443
14276152
16392046
386219427
17107866
98055918
15870133
24064455
21186231
35329667
211216670
50677534
113054148
330719798
14469227
29348406
26163818
42399147
15151172
219370146
49140223
48823543
14367913
11849862
78653568
172480935
126331499
138406293
18991192
23367786
55349799
213795255
316465021
29103884
17124930
18339310
162031916
17473289
347491204
266719387
26817859
83508988
598947276
47988819
49951737
101107650
139536424
61491576
3824841
20168054
49208641
168547709
21757965
23435754
7838132
221969181
71066469
359451942
247983817
47293493
19826963
16208086
42638301
511869271
21709370
27692031
29723866
22933594
17901613
17143683
27477549
25588490
217991748
22366704
295541966
236171160
25281413
22197719
16596945
89222644
49732023
212430911
16819937
306963385
16254215
235817656
16209626
48038030
37273635
66675530
365118800
265180740
25480925
18289565
175819609
17174683
94500363
18682560
1771381
320192377
14459159
307973474
302630132
131012629
20824193
252561045
306397840
14909405
16624935
16157931
32999731
58826629
575643330
9669542
17890179
18451774
384507614
40510113
102003053
281741676
17784669
53046002
24972462
198382251
5456602
40713594
174739508
24920690
425664205
17758569
102044577
206713709
16431039
292647225
27373300
6873542
16927626
35469930
37946999
62363146
24943077
14822116
14618716
40501309
259605348
22541401
69311754
28434593
32768065
172310498
5514642
131591070
273479738
449128263
20871085
8245262
4093441
57755615
4264291
8699612
3798271
35672554
28654816
202121798
426993305
15316228
18967986
65574375
29828251
18876259
15280845
88221766
134604426
74515144
50385253
15261298
16122121
11463452
16946047
16849540
22883752
541076667
203188066
152484435
38226264
20565828
130083044
108823440
49809439
41494067
21946875
16659187
131082828
75045023
20833525
19513353
17920055
97430063
36612159
16265372
18704439
17235959
22031072
35784576
84523502
24278642
15984306
108831720
204664576
23203636
106800773
49224286
89005882
19877600
23203100
28162811
136447084
156766418
71977281
19212015
104923581
517181403
22514042
24461011
71244775
15858853
21209818
22100524
69053
14775654
22106552
88318895
49356739
14261642
196738752
17836903
5496982
15535991
52461517
69487701
16705958
95525311
69489370
125184430
9604192
21430455
15672036
15818978
24247270
21407833
188748627
16064506
113434748
53165081
215654103
183457776
168834605
22578450
125441928
21982338
16982342
241604859
127014546
153218852
235784026
31179766
218086325
143521845
233666428
185524525
31365357
21833728
154312006
51310793
27446191
14128974
200666467
21399972
271030180
29125558
80775508
240814961
49045290
23474111
212808638
26228060
23828118
232717793
63067880
146491026
18236427
14662677
49021031
22926755
16082787
255755006
21929250
14640141
106528075
100090702
76245018
91622378
69442052
5043031
157578221
69085151
15151233
91055479
24332308
16799074
287506873
15226117
29209544
270818088
33380514
16425299
7496742
35598007
30319316
9806742
17979466
66716192
26362666
19426777
14787705
50328079
244612695
120722672
379246522
24645871
17258834
148160003
27225271
18138592
17410863
75712842
468409177
240430833
153881641
78390407
61321722
134019092
127366181
133987529
86463652
58974661
21631041
41915850
32646461
217489193
17115414
67364035
17252004
146585133
28990895
22687871
22255728
22106891
14609435
34265518
134971995
15998753
140685143
203765012
146060152
24891210
58259777
396044297
75944553
16146535
224071381
20695280
43155647
24405200
43626022
23518393
45142252
21968778
198357693
21946424
13112692
292374563
28623510
21711635
41207820
190988640
367015199
118718294
19308529
33537967
53019309
261981102
35934245
43637692
75630518
228554424
179732982
80944550
534453829
115883210
64101304
58124537
156641280
521401849
139762047
48215218
21710345
501817486
438852456
15808765
15248188
17855061
211741712
14068045
112479899
27096987
72400968
253928041
14965418
37048866
29468441
24278396
101702059
117542408
23011555
263881174
270435625
163171962
14198304
55650505
20405163
18644548
217643873
17025223
16226071
18542473
89731752
23771892
221164924
14377872
120001148
14262411
284060396
244196762
23226236
27966894
401451204
177211481
400524509
251584824
415946782
384120246
10404232
522601635
316616697
376357404
344658101
477908121
97053321
18499217
448569475
26517833
137543147
492520668
33588180
20545422
17828636
26327104
58609913
93419194
183958809
432057577
412194401
113854297
438794270
22986573
310030170
24298191
36169527
148040105
263213669
26302045
220094793
253966499
36965318
93666150
30160621
162708788
45436858
588403455
478737697
412574272
484397443
573325862
414250008
32036020
47999614
299074732
441273918
495342888
588393471
317956055
28910772
145862955
150677833
441954182
456138450
163175581
433528284
458621197
339838574
282096501
440337154
251265656
54338361
25872911
23458411
47198093
26178869
119182046
252431613
67146757
123035277
269992592
229144698
517968479
193146881
48438566
16423896
25508307
22204106
330494760
163813257
250015349
15803316
158023332
59587480
241776425
36157023
19910231
134901553
137444509
40874240
101040161
81726731
34838520
22724440
240045801
68548942
87340394
52623529
162959093
341912654
35289066
43013901
15639786
21434933
20744571
15617780
16132283
44325832
18351307
13609902
197267586
26610413
187766997
21714521
27156793
14708602
17209415
41749124
349426095
22160677
20720536
277493092
18862302
124898913
108832116
47762195
18570258
49615301
24776907
17826289
84271737
31128730
32029132
192477353
116744326
18634085
394531497
299798118
263466153
33480171
19791234
23128348
20418902
78569026
30487723
14750135
127359799
16429977
19000765
209944791
62273782
126061182
216776631
115740215
48576929
32716397
23244125
21785044
20175060
304675271
313550838
17613261
17348637
15923061
14376967
21265109
137423095
15160233
35992671
229587515
7414672
134249298
227081601
20029840
19278046
305376209
101334380
319971600
113844869
18273915
143593143
69430791
31195469
88323308
24240142
67022077
15964729
198193231
16700601
44603133
18597764
214886970
22833978
45895089
286708137
18651005
18703025
16302354
23328476
220712406
309128555
29508857
247507863
37511883
116986352
200212694
14587342
47801895
19605981
19417044
110364673
237565446
16434589
401800656
48822306
33281866
28416886
155033274
254836859
242954148
89273033
15845694
282108186
162261875
140060120
242355821
111216929
18734805
516024427
28157916
249784991
213295930
264921662
36974381
44210752
116571138
24369882
128251507
16702633
142883912
54780450
33399496
298741842
213172286
35789947
311792533
7272212
399686890
346183914
265080458
597510097
48443297
105659489
81290692
16005449
30891225
400352771
18203854
17449181
36735770
21670445
312288868
312195609
16139470
16122315
22961914
351087814
92858689
22858466
32806298
21352055
128763579
22036237
17643749
13918662
104701452
16468097
14532256
16377713
38294605
41987737
15744281
71715641
49144628
71903286
47854995
20268057
242782591
15406238
132329715
16209123
175809915
31559656
22804904
15472068
18916061
20891103
16118322
65686302
65293006
27952164
17911617
83932732
175297413
311512215
14617758
98034209
112018140
32478563
18825344
197980602
18133055
16792302
15495186
322703763
249829414
245152500
62329304
33627736
75431118
27352029
236506960
22848565
253742253
355911954
47237567
380130830
512650545
96011575
38591876
281383605
70279623
17088240
533023672
178810986
44961616
240086285
45322951
73191017
259326581
19610051
62764050
352508648
220068722
333776810
118272507
14987797
333817463
40358483
450321508
248841973
441520904
242602560
207202912
384334858
356702573
151107958
207609111
106907161
315223503
16582131
352862575
29100193
183013775
62108394
63731881
335493027
304608086
54042025
29574846
196625354
218391377
233069337
220431587
198660058
298262093
18863186
29932451
327211341
21597622
368101924
62937003
132513054
21433328
390986526
197298478
14646702
177974542
218770703
199924232
29168938
115276825
49629906
24101774
18668857
174493058
301140285
100531055
228146709
366696485
22001536
80415454
276842152
23839159
192337912
26914870
288716170
21257709
19535690
57181256
538759071
41637913
280666138
53490868
15350894
260618992
339487249
71047630
22730557
194460357
8114362
188550805
16009079
98957425
263323635
22997050
14893297
45190267
267454085
90695877
377565477
16132719
31345344
46232477
168524035
47010384
225684687
275714700
271426558
322382076
91486319
53175744
143258422
45119491
64397500
164650525
61542328
171231477
18785467
39556282
20852175
93651096
68892714
100794729
56236945
322155227
64009474
178027074
21440866
372405550
146297323
62992749
116957262
61220670
19128897
300594251
403661613
45686021
211181482
28599820
306419892
56340204
176873355
18976017
95009410
49388157
356457912
32394673
20329264
106489036
311741524
99382471
22066415
147636580
15862828
61766400
48173196
201433447
328508858
263359642
292555145
62387729
178122080
17635231
40742421
30155849
122425966
90938377
111067467
17045178
28167824
22984215
38167605
41404738
14327320
112970794
494583213
15497952
454100672
16955809
425254537
518120396
320538264
194664790
377798555
131605842
515795538
277810122
21582235
32411838
378302041
105669249
21383173
408113181
21944257
361511519
587029442
372816217
598578987
155499161
347555346
47564160
21787495
133927579
276589659
590358235
87124154
326994031
16860343
346171723
315216050
181963259
318645348
372022249
24718780
206872748
317907435
116416014
22310677
15406640
385457754
112074096
18120905
117928875
457706092
210427918
176619668
136160730
33627610
39337069
28447948
181846527
37536623
28697544
24600048
18199486
47691337
438490210
35501540
245954647
18554720
18737621
282671020
269441846
34341362
59956410
22300902
388432699
329443994
16790797
559914794
338594583
16089738
156656964
40863280
258115225
233749323
54311047
394134197
87602176
479562736
379869831
122165841
15493856
182000140
102788713
146506970
17223157
34588392
17659329
30930705
17516517
30227658
17683439
107580392
29750890
348060527
436314047
197279239
37270324
18520911
28343954
42540510
41894702
175662896
511783461
89239961
10360832
63512059
41925308
239388926
285119659
53438918
49096649
448390311
78638733
517164012
34080189
288642664
325218056
339960735
196779032
87516244
265286171
25549748
45024622
547665779
175877074
352408145
53466911
30576467
300419123
22972326
236357075
28896284
61956800
18510860
16581604
13232092
355577408
158770609
55359092
16316594
235969728
45037735
26745866
29698402
372929116
14277146
96184413
77064180
88012558
76771090
96886774
60767749
74479317
95981083
53715420
76691987
74035510
69218324
76389527
64916983
74921459
89743502
55133916
59274071
78495596
87768088
42174783
34022952
24148669
18220818
59609288
76688036
78139444
54299209
19826165
32708979
76376525
77231473
78671324
39187465
78599720
95493980
52180914
14688489
30805637
40037388
15195679
78419512
15335534
55049166
50482949
41007759
14127494
420786351
8601572
22649335
18369383
15535763
15099539
22364823
38484012
26956676
373943974
21914708
17486365
212692326
34242052
14505234
17716583
10433
156294141
13032212
263746491
19409150
176290724
79293946
290705780
27470551
45395460
21819017
26087378
87992708
40069846
234140950
16896354
42245932
23888634
16616476
98845251
19686823
24756899
270812297
19670455
86163562
47677431
500217624
106274105
591850794
206299865
310369636
331681951
14216838
16244891
73333278
72122447
171633471
17742810
23077023
25463806
10565952
245969534
53019445
19577027
237999088
19063664
17115086
23983382
119749813
114247101
33562795
29893765
17495447
30523211
28009377
40760296
169183368
134699558
14757714
20567184
19305648
281838182
133570135
15662282
39294154
51755154
16462669
22250215
68219213
27392088
217286126
74434632
16256826
212825417
313120369
79699691
16002804
334660170
33267001
50371921
24232525
354669428
195666001
17602434
25809892
20172067
15268490
9488432
45413198
178710046
80021045
22644095
73899524
15891841
15529625
19473742
88762410
251579502
15787200
27754737
86058383
24536499
14466538
355881289
111966379
15923226
356885109
26287962
22091828
33697690
33982259
33081575
384723859
16444840
91604507
22515190
15670761
265907861
16812616
50336232
154598371
45647686
17279360
17520415
71592844
610803
127112233
188911965
98881377
109295657
27223729
14444481
22078098
31572100
47769956
298143286
14413351
97385442
304422323
18732503
23011322
18315727
18995389
15194231
361502573
15927729
18042333
32583527
104027224
73307272
31012687
205331348
18365938
275251814
154054749
16526591
70973597
36881188
38692038
43090297
16985697
36750883
7990982
61199083
220587976
101019179
17336310
111983073
58046177
58966179
72770028
43512760
25101334
17214019
27453239
18533386
266259602
147952737
21543189
16682945
58963238
17407710
21335724
211049090
17114105
37504993
17260136
23709396
441089514
16565151
142113898
21313988
73287189
85513062
226274608
59863421
277589408
33113508
166993241
470666863
104716378
20800764
146855039
46966944
117085122
100934262
45597851
58701489
155764151
18992010
95082095
40257072
123170595
235437744
16114141
93583821
17720561
23485991
52611479
68504918
324914419
53628591
804204
29996633
40092662
17543438
15628274
194196557
15523525
327213989
21656327
109816851
19381069
42680682
71420015
40218214
18345963
114341594
72284492
278096906
16506186
172397445
41373879
15931637
23155102
91416107
25798234
54769822
15248833
16250929
136337303
54182296
17114137
54649894
85131054
246344553
17416221
234024969
18085871
14962779
18565158
14270329
9376622
194352056
21488204
18664838
24533117
70044565
18534287
55361062
27760633
44672556
79368271
1355741
77537340
375288793
22341769
18536530
17608059
92678445
14465607
17752368
14720411
47736537
36719360
156214500
20733757
36032320
37372199
18722739
14389132
24733117
24027953
15825290
22523624
74546517
73513105
42893717
79272524
63940347
18976002
33896281
19341895
18487518
19603577
19520006
14262105
217887593
15086519
15856030
15093646
90694084
14068794
8861752
16212145
15514266
14552720
64422625
18052550
16390926
192028387
241276891
15487499
18997592
6092972
19824430
14463848
15784302
19608297
14676022
15450996
23135992
16040859
221162525
124473570
76348185
158426909
331303518
369065376
15829144
59145948
807095
16977023
29201047
15174710
55355654
62453962
242555999
84614572
222953824
21268897
16999795
14897840
57072084
70771229
21251668
24554901
59557446
258885469
326255267
155669457
17112878
27901418
446568165
16453846
11347122
16573859
479872233
17086475
5743162
19186003
18678924
16187637
42442665
18696996
51520631
21684013
25781141
379997466
435236285
114868721
14588748
23080711
54302457
263936580
322603418
18174520
21696279
19658614
16930125
35039244
46817943
133872807
20177097
15922214
35002876
50325797
54208274
14434063
14345062
18622869
15918708
15458694
16006592
364423298
297586307
26607712
6577642
516880804
11856592
238259855
114878028
78693274
20100423
11883722
369232105
330592913
14007532
21162374
264257996
82649553
14345759
19659031
26946495
182637996
14199378
17171111
48144950
97503010
20776497
182503471
16032925
122207745
48802204
254117355
15769327
37759047
1917731
14955908
18646108
14425965
14848798
20295222
16129920
158414847
16303106
22669526
115979444
13491312
384913290
15554922
109287731
24195214
247334603
364415553
284742585
385429543
40302336
312134473
28576135
29501253
325830217
19918558
30929600
20552026
46016028
16669075
11348282
43920155
78408666
292990703
159129113
236511574
111635527
132278386
75124560
260845829
22523087
161411080
28582749
19891734
109071031
80612021
221792092
125445568
15022633
199325935
60919240
252249233
227088228
162069635
158398519
31611298
17494010
17220934
216503958
58928690
107545479
240812994
249348006
156333623
22812434
163507680
158488054
159598167
158420296
159598972
15824288
15963598
164007407
247486443
249410485
18695134
208692908
166252256
153486399
153944899
267854863
16160352
242892689
163570705
5741722
21982720
227341953
29205600
62818871
239905257
20608910
193732179
137794015
72198806
63169388
111635980
40277246
15210410
14529929
168502762
258900199
14412533
108617810
21619519
148453195
24745957
48086014
263815367
38254095
248735463
235373000
121566546
18172905
38507478
31122582
20545793
33563161
33530012
246088673
14135426
9624742
36686040
119250381
30912937
19318314
24913074
21312077
7004382
7356562
16583468
29450962
109025212
21406834
14246001
18805644
19716781
288751432
138770045
15675138
59771400
133832049
29293808
297067961
132201224
20002401
33576489
34972633
44177383
17006157
92186819
151963505
31801993
161791703
16789970
84119348
15361570
239949176
140519774
31128529
15954997
113420831
30313925
12272322
16081831
36948268
39155029
15210284
85396297
47632905
188019606
21252618
9300262
5392522
89820928
59031230
224320485
111141045
259395895
234014087
245516606
237770636
813286
86697288
44783853
20437286
50452197
210926192
112740986
73238146
22812754
259364314
305620929
242426145
88806753
22012091
15764644
43963249
