43623734
2846750008
63268146
144986277
80136311
475988505
1965108474
242772524
16129106
48809111
80568825
18943752
1305596696
1511502894
1058460818
18773159
258453735
960696949
1071900114
245451804
584012853
1061292174
64068789
69375557
1137600571
1155212191
1059240924
1060487274
37811649
121317047
316687021
436008061
136550204
1077446982
33660256
366212172
23112236
402029058
69337453
551195347
114896223
44958299
48371608
94167289
83925878
134243332
20575081
82917817
56565772
193655522
16365305
293663255
456006798
58550415
57430197
38441030
17374056
27105334
62530800
156703580
385586397
68512408
21435168
27234253
169203819
59157393
17006157
20008724
807095
18703385
239421648
370369912
16827173
17824322
7684882
25314856
20468251
15993122
226956469
5988062
17469492
21312961
26792275
240737740
45828171
117775964
27027979
239630736
66369181
15646174
44935627
75367781
123289022
309680827
213713264
15896580
48075643
219350591
193747484
155973490
82151660
17340781
15481070
29216764
2704951
28645961
18915795
45604374
133947893
21220931
224320485
3108351
16101182
6332292
22978395
108686283
285252127
285758133
221563863
92572677
50331969
22924446
15739494
108189101
36047098
28414093
260790804
261918703
76381104
138479037
244128288
301014412
246789509
22129280
16815644
27090222
56223278
28785486
42958829
18767649
18776942
20608910
20975060
16378486
69181624
19186003
136250134
121208305
141084952
1367531
113047940
27744185
85243004
5693842
189180763
47253057
247033019
16340501
15432218
21026508
337742544
14213413
309824548
13565472
17750231
9300262
12340562
17074440
9252212
39308549
19541375
112526560
15931637
55009164
46176168
19659031
3135241
19785811
79743108
85131054
19419870
21878458
16032925
14245881
4119741
34022952
22771961
16068266
24965555
59676104
45399148
7138532
106135104
266830495
150254660
18646108
21234528
16358097
47455112
23849615
21693764
33600887
17546958
117791724
166556095
165874008
329416274
332525740
33788397
284325893
263054110
54207182
250719718
103929010
253744435
166533928
260781058
8162322
18313747
18528834
108617810
19674502
51241574
61206798
24797315
20267484
18159985
18805644
110445334
36071818
47739450
16072676
17963725
118756393
130684893
131204770
44104395
21525246
21313053
154591966
86141342
22373419
50075754
119048111
48029066
116557648
18683964
68498034
47685065
247723476
254714347
103084072
112751687
52090363
47960267
262189336
275572403
28137737
285399460
147666113
49105997
294902433
327220622
195019882
21826591
110050273
101019179
26077830
78789634
228077059
262259549
306343227
162916357
84364947
20808999
25928457
131839804
16898332
16081831
28676476
16698389
18780213
28113052
24931955
127600245
217112773
37604765
179725674
128070269
30915636
33488160
234550687
28587120
50807830
7126672
17371046
68156893
262759806
56087980
43955137
218267731
261289053
16910781
294909683
62945011
12089362
21104773
183879848
85418520
65374102
15891345
252115520
21873714
41363507
7900962
151093003
247444980
206803921
306432337
198756585
108083058
303943382
21030707
16548243
115166212
269084357
15987296
104615577
79022250
45421957
318736018
17120599
14617834
324072532
326875826
319267194
108831720
27808118
65399031
248837857
194160423
232901331
18693598
235591153
24292180
15713560
329289665
311789873
33480810
19521572
18576166
293007346
329401030
254243882
47776907
213795255
36966852
223709915
53982156
70044565
300173989
184780576
33328619
128754469
236960617
329415017
25106863
46779481
21022846
43555354
154293918
70460118
24842534
116872568
58592705
23839068
18830326
15610600
167438813
236534618
239930426
106162969
125806932
156543762
149282205
46278119
169117805
242365033
101862922
139501320
54034655
113689856
69579382
74642450
23022687
123974480
18451200
20522862
2425151
15109378
16657915
47659480
17159560
21122578
308230587
228747444
93241358
281610530
14946200
16438594
14413466
18215973
11384102
15087011
67424023
273622712
236220226
55940991
55655935
18481050
31522400
167413441
89094168
20397518
320014712
313070057
150656075
76445672
26324609
631583
16625082
78598891
52419540
15724082
76392970
15264675
51462013
210628675
15727317
222554961
27948604
18776112
34371118
270055627
15433452
15021918
24881081
43920155
17220934
117821354
82161632
104324860
15764644
106448460
153810519
13058232
36683668
13623532
18466058
16878156
25657401
36412963
19258235
110823581
21119636
20930989
145330334
48188197
1931631
44397881
16232940
14720411
248817681
18611256
240466915
23507978
20199867
12296312
84318793
85365067
14063612
9130702
25971804
24109900
15485844
46131997
20378448
226150064
45492973
40923348
46992738
16547587
58512831
47438401
21674448
106514937
182824991
234540332
37917164
24746929
22055109
248837329
20786801
93876666
15988710
77032777
28628850
245419752
159609655
179588796
176896430
254186356
20094138
52954222
18028893
21728303
171171584
18587457
57514315
257549999
1976841
15891430
16071123
163598915
87584353
250686344
19086456
26548315
119491006
16334857
14592723
14620003
65707359
36406587
102789488
122396513
14199378
24928825
52774637
33998183
66369206
286703
6519522
111060879
252531143
14251225
90405702
16222202
40924038
19090614
18993104
19662335
169586280
20196398
271476647
21718496
288308178
12670512
120202126
863161
5283382
6904552
24002724
222622640
83953327
37925461
195039023
182251918
54435182
273519914
129760550
217512803
75579386
46783037
14246088
200542610
90739952
25159286
148878245
92093544
18134929
66716229
17243582
196824385
17168586
23092890
130945778
26013491
7231332
15892011
135173872
34036358
64916983
14677751
16560489
20245775
20742461
87063281
2984161
14940354
23055689
21844323
19038768
269375709
26133429
204334306
272016697
40912473
16930125
16456599
163589845
47448886
50446226
1025521
117543420
61734492
19608273
84445191
41387157
21333396
14959921
13102242
16164636
18895336
15973881
17995040
166219963
16491569
76362298
146166918
2568461
20792657
25261154
19914257
17060020
258885469
18171067
44960116
63877097
53429839
145625854
148868920
14248963
212657985
18080708
243725308
16721461
126722715
69497103
21225519
48043084
26754354
24645773
48027925
130274805
305096044
107120201
142721190
156016878
97474887
16099612
84650505
102238997
165204211
12654802
21228708
18686907
11621822
37723353
14049145
185702024
42259293
15751301
297067961
185360823
21443773
16347021
305189255
16299754
11680962
36563254
15741263
309883487
6608702
18559431
20957491
35629711
2317921
80940214
2232041
1797991
20474813
16900353
12134692
15220768
4107581
19087309
4207961
24431892
17910554
34643610
1106501
7848802
21268897
13524182
60919240
19792457
15689503
20508720
15458694
244655353
65106660
33792634
17291393
63004503
243000634
14515799
218975278
16072058
87498687
24362769
16425419
51113584
17301125
19010198
30922194
52062898
47415772
117776594
18170896
151444950
52070270
18168799
130238301
15008600
197179204
22267198
114565156
244166467
17004618
27689907
15766082
14332241
62849256
28162211
4785741
1877831
217454583
294171330
91016729
61122731
50406326
28277194
295770044
34109146
106738320
52487389
18001786
137466464
75325571
39155029
30948168
24933645
15399512
20109439
21901272
237477771
17766403
59130623
66386087
115749048
301073375
308233424
82643763
80617430
115564212
21307076
48779464
21829541
147649517
14335880
80638910
83665204
16187637
119899270
143798379
138787319
19508636
309937107
10878852
45970002
9717322
11072912
16371006
21301933
35218566
239555355
136300373
19576571
54598826
135515077
16250929
240469623
116836560
179245596
39510422
14728168
7702542
40116885
16787084
18978553
16887628
14989516
640893
16423388
48038024
111141045
19076678
21348880
18067335
199836680
107433523
16297707
18146481
24439201
21027715
114192592
14552725
15901113
21251668
86129724
231494434
10691752
26753102
317606078
271565614
267307456
50029551
28471924
29611503
14845727
14261617
24233316
144909618
48037533
260845829
17594192
196512864
88255956
138187288
18083519
256093212
179624992
56479970
18313728
15235835
90725320
93224770
21903700
31413260
24536705
15829003
71323944
21252385
35009875
249384564
142896252
39279393
109257354
285744541
118836367
28587919
15856087
21045364
19732969
19614210
48523902
28184738
20809530
28163255
169229045
46034063
23484025
45840174
66434167
22235344
21421710
9843332
37270324
32458513
19741685
69066533
202206694
233737858
22185130
47632905
56552341
98543618
21334179
41019773
18873711
46557945
21969829
35548003
14091360
21660846
19948202
27085401
18480909
69305568
14606079
30331417
60642052
21768766
14021902
11688592
23466918
156310285
40553282
140286364
172495439
15570735
19425227
212352266
123738314
8938742
11679892
14304642
164400667
30050899
22012091
20182089
14511951
16961265
45671898
92079350
24926288
18266688
15764283
18247062
52121568
26555366
7998482
55638250
16664681
8839632
17469289
20245031
15816595
37228652
8834882
13416712
16916445
29465136
117882437
46987435
51725378
15787714
27069084
46682250
32459728
47174858
266018597
20521159
17983739
112854317
236438268
46170801
86191706
16983458
67124069
24693874
245557444
121542666
1586501
756129
10697882
16262391
14216123
5968272
20402945
972651
6708952
62442994
16581604
31127446
18097821
54412900
5336752
19107878
20444463
14268812
16371887
21111896
38495835
18227519
1050111
73198063
3137331
16039421
15887713
19877680
16300786
18280993
18000662
74825169
19216998
22934648
85634177
5515202
25916881
113758100
32071013
20730021
52470438
19495105
21434408
16950863
42051556
158414847
229341167
16468012
14717197
17313498
1947301
17611447
16012783
249674727
198727691
17993906
130649891
8161232
18812301
15224867
14437914
73181712
24752484
21619519
51228911
46681100
26820275
15923226
238014929
17199075
26829919
40080029
17161241
18557258
9830752
14337705
76982370
19544921
44513878
5692542
17357657
15976697
237418907
210271545
18170310
278145569
249288197
221162525
22703645
21572351
50325797
38013922
21875890
43409523
76347918
233842454
193785644
114607567
234906311
75364211
37007274
16424044
30043495
285819029
78403308
95236960
199357407
21509894
47975734
24905240
271432057
21157904
233557728
26565487
15234546
46681363
46684007
17610267
17061263
222338898
20118767
65493023
257193354
24112747
50213088
65502117
21286108
15954472
20776147
50769180
63783555
18915145
1759181
15646547
26596727
28654276
40931019
232419156
16015621
35829796
23103488
28195764
76649729
14845376
48054535
40510796
93443168
29766367
52789108
14730894
20067354
19028248
41634520
122207745
107125748
129879105
224391627
16145763
37760670
16364399
89820928
88750092
18983793
41445718
18645152
50073507
93069110
21252618
59331128
33222598
148771088
78369108
14529929
9532402
14345062
35474809
18909534
18317325
229592356
14246001
22799750
6330762
14839147
113420831
19553409
17564591
82689705
23970102
47694175
15450996
14173315
115745371
22928810
117537998
166608401
216881337
22508473
293131808
281593711
18172905
18678924
104299137
12354832
20776497
90077282
160561302
16125224
14412533
35027698
19354391
18208368
15159913
69773058
7841652
19268706
148376661
234469322
37094727
240393970
15731751
26089178
75398827
18906561
20053279
130600206
10840862
76043920
193032268
20209807
235258843
18956073
273612978
296361085
20733972
237944147
248699486
76452765
239561508
246769138
242376736
249339682
242761889
240760644
245408102
237862972
234812598
242926427
234057152
237348797
198526130
239871673
252819323
117777832
77250424
235719973
20467163
50152441
19912734
19616327
12726012
21329888
20088666
55235265
124224165
32506723
15600527
15985455
6577802
16102244
25086658
55677432
17544524
19139963
18811140
233949261
22831059
32010840
26051676
27676828
17976923
23976316
60984835
229197216
28176898
15394954
20796447
15745368
217543151
20015903
236899846
240363117
211420609
236916916
236541422
244268646
236960387
235190657
10168082
2467791
21048033
19658173
26103389
18020081
66891808
242797777
84406725
131546062
18772406
20713061
14344823
11134252
5496932
133439172
137637040
219429281
248850174
211901075
15416505
20185502
245993078
59167437
19775740
20663500
198572491
90490354
19038247
26278736
43112030
26014310
15371292
28168942
17237540
14125882
68572942
19291441
19036725
21114659
242872360
9624742
54885400
26814634
19611483
36681590
31310158
28576135
10126672
8775672
15934650
56413858
15754281
17194257
239861560
17588130
21769727
16726367
35862157
30864583
240376522
5561412
18891923
18916432
65146567
15428227
1917731
27311044
18791763
5357812
90484508
22528309
12788332
15922214
239964567
18277655
223970563
15108702
14275291
22509548
15281676
8542882
17800215
21269970
125746882
19726613
19394188
9508922
18216752
190328374
137407124
221447516
246341769
211530910
234837632
235251868
225921757
50365212
19929362
22055226
24183358
18030431
13218102
161743731
24735461
76966145
15856366
17896154
237312687
235271965
238321369
15751083
23712174
26424123
18217624
234128524
237299871
201079432
221793778
19407835
84620376
15356407
22527499
33977070
76350004
254082173
26778110
234053893
237814920
213634439
235312723
233761277
224294785
233693291
237781383
242873057
249219716
234797704
15207668
23970171
18805303
48117116
250710495
37920978
234573331
34340464
7713202
209792690
19739126
19926675
20192403
15160884
