2273550115
50836715
142150214
188376042
76392970
1869598704
119115218
326208966
2598076226
50584308
39279393
573149116
351034720
280604607
1398105001
300538546
16228326
3327224411
12811862
228768266
18097821
870128035
11680962
26777550
2889918470
757832485
16977023
2557569770
1061627246
332007527
26071396
21203905
204599219
241726141
313134929
331233870
49187334
228474571
24030306
199665472
326711168
1647953958
27021456
28134530
79272626
21272265
3063337406
2339030118
2438520427
2415947431
472849061
2340834793
2341001269
2277775722
2343673094
2343820128
2434305450
2342643739
17094311
64864764
64496398
15741036
26808497
16353245
19785811
239432753
874763028
148474439
336085411
2852998461
584372522
37876078
885149478
16157855
48029066
16906530
42670638
50663170
138809881
3018910586
2648144220
3241349955
6749372
506375545
43388665
489848262
1691023394
21252618
42692687
2808219345
254117355
205392468
11856892
19091173
18089606
955593937
491461409
56267679
95245399
224320485
455824116
12354832
42930296
24439201
449047793
189542696
407013776
154985728
217550862
167024520
1726207638
605178330
106711386
501234848
135931182
2560169238
176546077
523670109
2207780696
794601193
55705976
21657697
366176456
352211941
2241013195
2861616083
370491805
17066022
118747545
88712640
164794993
1190825605
22286602
18005085
281311249
997428386
461759120
47669276
84928555
410216127
2937476451
371070887
2862577383
2914163523
21495954
32685738
3098140307
967681843
35115243
844401067
2964877294
3026622545
2953922782
15874918
2962891515
1065995022
125139645
584012853
1061292174
2472991946
3006258669
57430197
191469176
117631204
148878245
10126672
27114180
27027979
9130702
561385410
14081659
16547587
42796934
1223182314
1965822918
846479437
24618431
818798516
25950738
193160214
375894588
2688880416
497274816
203226736
2304017702
2361224263
2528017561
197183834
12591732
20823648
76438819
2768255817
2393063119
282695161
1603777441
140573575
493741387
177584156
18102933
1707711746
2359940388
2279098645
138190051
1406015426
7358142
923180844
484119725
186015478
1334143057
1593451027
2384440880
599454226
16873644
231215321
259300516
29774500
78693573
142721190
33653195
930880214
222666352
33398863
1441568833
40354250
251024167
59404731
58276259
2201547072
40020888
2786028281
68149768
15585439
354176032
25579796
21236099
3038593369
121234698
347627434
31464192
133801267
151970882
339304983
14497007
26256915
2542128216
576887255
116331114
2975906151
267443407
188857501
18825339
136550204
19195094
621150675
408947537
389034983
216506034
246883126
89463486
902899478
571202103
125813890
498911171
1920807991
2924199337
2465104886
568614476
2316003960
35474809
955736706
66426251
225226797
286349282
2181479035
37650763
2182624202
93288759
289530036
306326228
430349241
542962969
1445554201
2603913505
2584501496
349240397
20416109
19557657
614667209
2966205003
2730150631
115746254
352547168
2592143102
40345121
24018069
258551101
391002855
1405337395
585743307
48824225
37865281
2342676000
367337022
707233399
1897774009
46452405
21418923
730968566
2687796638
2978291435
1043702558
48802204
15012486
15224867
4207961
14173315
16129920
2836421
14465607
15675138
16081831
121795745
160561302
19186003
56440142
243337600
12859772
13067732
997684836
398088661
2332686745
15997860
18359321
143264454
2308493328
592381265
629838617
19455864
2241447679
107441863
122567777
24466578
238259855
20280088
101015707
851621377
759251
263234033
126722715
495869723
115564212
28596349
1934952858
469194846
21778391
313283969
792155928
1094275046
15705830
41204530
43035602
988980985
137787726
15423453
477702366
113423378
1553444053
260569668
538481859
21615761
15936981
17563807
583005149
238133003
1237107709
62394969
51333535
30202966
216590754
14266186
15827095
266894776
53265271
15759387
235817656
342737639
17760814
805599150
28805749
25769477
93500844
154129921
554117316
234186830
77032777
19766278
19993433
26492823
339220504
83696620
102121246
128318585
23195481
21023704
31603074
371393999
547269263
28297157
48124610
16002085
16305494
512764130
16326882
140286364
23765589
190298721
296164029
287802299
21525246
563250507
181792363
463211147
353730821
36673331
125128428
25941978
44438692
57039652
60030161
66495289
62645216
1163622720
513087375
137745632
74247792
351133674
234922535
170336271
1216957902
330799343
37106105
327601938
31393320
23478255
106140492
95737635
1015963112
222911412
52415954
399770251
49431141
39104612
26714962
149556381
8524102
842565144
74953781
18111483
73025974
91824582
78523300
23037924
321477858
114547606
1101965940
828170040
377735275
69190453
49964679
269622648
158064102
26287372
355652141
24936183
801739872
1258300770
19286059
195503811
347872629
226295331
318658756
389259853
22253744
324676050
44377087
26625439
49372625
262134446
184383206
764668328
22341769
24811659
898799018
39189100
1425523170
304117589
33590667
167862232
159651866
189186958
15782399
410247149
111913571
117454986
339930373
15944530
20598873
1371968256
168486243
387123654
15779125
138912175
76682321
20832710
254410443
53058728
77197634
296704143
27345147
17851022
784943635
525785725
331489082
344918904
1317301878
11447982
390520212
1497337766
90964095
16076032
839915725
1364803249
1222949941
121537837
438048452
21784951
17881467
878719854
240303906
1370684317
282552017
553745810
102211444
62815642
15933649
225852864
172529685
889024146
388925361
49247581
27069877
159930435
438492337
619510222
48923898
196334980
594194188
68270085
18083420
70125620
52024198
22217443
19948075
568411443
1257667158
848058758
70962235
70118472
112315191
497429837
21108021
216595995
14235863
15273001
88861467
529589500
217634501
454249913
14738760
94586761
40227122
17467950
872639550
532622381
433417278
116783980
929047183
42400767
964426362
211970994
38226099
900670338
323900685
42284908
24923175
544709328
39055432
199768203
559645321
44003273
933035684
15159913
7998482
45445240
30259841
129979478
449594667
514919679
100638300
34309234
789861342
23722910
72236311
578321883
73404741
27368525
14913547
743527070
23713170
28031362
993824616
618214668
418867782
23974861
69768385
563362273
28822811
547834846
25733801
219132038
15656004
14149825
43461710
28565796
18011418
256533756
201587871
278297689
64595423
1109951413
49190063
83701522
1198939088
915137490
392739061
533203329
1199009539
180212590
100090540
442892158
903168284
516668595
18344104
257507286
382699172
60289418
108463543
21906070
861556872
22674471
952891352
15935028
21541548
242561914
105706625
76855943
69344290
510120656
329688737
259964138
1226495796
331495252
63489388
244294644
16692057
406616566
69483012
26447410
21725017
16887628
138479037
16257649
64141011
364194053
428559259
42608496
15300388
19514508
631915653
1030002331
378178347
52267890
21308831
616677817
16921339
553880367
211990186
938674796
532198406
747599983
1120514155
22770745
106395831
901726280
863889445
542271666
619520469
30362607
186299824
137472360
41587357
18927538
59801837
22033957
18163893
42645839
167137469
26300180
15931637
20608910
46176168
50325797
21619519
14529929
612818487
902450426
24868543
448242444
583456839
1060492003
30298386
1247950627
16467567
93897084
935642286
900187770
165542353
307154654
21323944
21651982
235337115
253197814
17074440
525726943
17993620
45658900
64008841
582147792
357709352
61842118
14469996
81192266
30968436
20910380
880504676
241144285
456842824
201269815
43232530
745447032
25204668
45641358
902012588
529562997
34986245
568240602
884202938
601327729
766258429
54338361
293086610
237403203
26903885
481688811
475690797
1312266078
120295432
240431967
598925796
91206778
130977700
920120467
16478244
386541602
1146349951
473136093
748030279
19679854
129235890
525750541
952641019
1252826672
580332073
52499553
473333391
23617145
838399572
935033864
16874915
143663597
97912404
1072382221
35822388
248837329
39772880
880734110
163491404
912583795
36564017
260422832
329628740
54673874
66265121
413430793
324073939
79328416
15699819
940368062
86129724
32924010
533014463
18810387
86177206
1089287436
372564654
1137600571
26487169
171228400
224361187
603021174
46681100
20707966
281610530
334053327
16581824
28264799
25101996
50458089
104342107
55845533
158610503
29458079
134838419
193529978
811821134
727472528
57428429
18000662
7597712
37301997
863527548
26459660
171609372
43969372
1059240924
36681590
22139417
27048645
22650398
14692385
506896911
16697527
24771990
20958510
275701123
41875840
132981804
973503684
193918516
280657098
16119129
2059051
179119388
77153397
568653581
29233206
26820795
16045956
38484359
83662443
467296247
26384444
175521110
216534004
17618766
553276371
525633100
199216714
38002475
270535444
197323074
35216399
421356054
33946024
15281779
160682917
1284745723
526461138
236182540
119618571
349758661
20444225
13543
353461486
394392730
235190657
908532632
18080620
78941159
124789225
14363739
223360975
1077390931
151961600
64432312
1305575516
54874579
1426221824
597707513
16190478
188029180
714947334
149315713
251722186
459723403
30372129
31288110
209941571
552892861
597700715
239244397
43577172
434910897
237750442
1071900114
539160364
567504692
27385174
160789091
118717877
900326612
16585101
17643209
197496309
50968105
78465328
49694359
27228928
366403007
27578383
400294294
1037751566
740973908
21324543
249611730
637110015
325893346
547969112
30974710
332261547
308464109
496031588
347971482
339182018
132965775
206906021
53229950
26520417
526960836
565946472
731128693
529555835
70491757
950528365
1092757885
363124757
344690154
141275600
18371439
618172850
531476360
28156710
15696011
586730005
64431010
275073573
909429824
182301577
18400385
52989817
526463447
42040091
27943433
892355978
244801695
114259310
1290270200
18144612
230859523
49072873
375447114
112047805
49140008
22703645
19553409
14669951
15731751
514937213
29255194
473239939
70468535
17546958
84620376
1167690108
28123505
861749072
945038419
27897429
525590041
249219490
219507091
912598626
73490800
96442308
21355943
1155212191
595659586
431576918
98711526
232663949
111381659
75730979
20826129
722513881
17394946
58869220
300254302
15764657
19549487
53606937
22187638
114797715
21048942
35344094
1252626320
376064104
489022138
339760532
16495857
388399817
1023045163
136743706
152133436
25755336
442996741
60403583
194301595
28731961
855654883
25888359
25002819
182265955
560828139
355954658
46446875
509726800
252325607
356199275
315961749
25986794
88370617
50339164
525631358
20635633
547416793
212708176
26900055
6742412
1074480192
217543151
23022687
325770743
53999460
590156804
383996891
580997146
1002215947
317559933
93241358
27702749
14415941
104910172
486879436
171632862
22170482
39653808
19385204
17061263
21260858
48961660
525893754
437863554
138214798
29527113
333543327
378098157
820514154
253878910
523782755
141682204
278618766
1050950965
14790432
58379000
177702195
1166916624
14662354
15471040
19808819
457984599
29266469
443858973
218027755
91493488
630717039
610266640
269488377
806010806
19435965
196168350
118756393
1180379185
111704438
117509692
177564016
1128494358
27703934
19100841
47739450
22047070
130684893
12612432
40116885
179245596
270412323
59160947
18151782
237742305
76041787
46713710
275825889
15745368
263484898
1115073199
15971518
18646432
20792657
430130014
375253576
42676342
19296440
1005083041
17198100
975200486
14606178
30330016
137466464
34586182
890125778
996073172
88772059
798223170
21220931
968640560
52732971
500704345
912958562
22368074
121153053
260078890
26887496
60680268
24295482
25454400
41815816
116319448
28616612
24476251
481431094
140640762
23540117
114859756
15939202
378029485
229207628
14061583
312149882
52561616
104299137
37605181
17607843
17521363
128720249
16049790
128335404
44397959
26812918
18176907
255719070
269015459
963480595
61264980
562989744
213767250
42922147
22956220
15739391
21815363
418969728
119106051
14229804
355554687
773678778
80678758
138818961
22928810
146099226
20876553
551580888
313387477
93003933
22362095
739906356
232932541
24902602
366189868
314536920
16655861
21322709
18085447
15551300
44014149
177182882
16411611
88030799
842677034
103156176
325626577
34613145
66061133
15513604
626983614
186172324
76742510
14202465
119315975
64226279
41473687
101823726
41601529
15715842
356868857
34293050
17937495
326498030
18001922
41235434
21937575
108496256
75871759
60096219
156778632
75592503
87862480
568538180
182883013
19894061
22033991
84603059
140233495
13837532
428415988
122212010
131218499
63864872
24640360
86167608
54900089
21247089
22161986
552744336
312800783
317836467
343171266
16827173
20957491
45692831
471672239
112508171
18583823
27790011
59856467
22934648
726807247
45861760
18646108
494159085
23263061
344271904
722307139
764428554
476560308
116794706
5357812
17087824
20741549
733751245
139869072
164818810
406646937
18588822
8559342
132332780
21973258
334824599
239152264
218634414
20073874
293310280
555235636
9335232
39083632
11878172
26533227
16032925
69773058
382349834
32071013
468618241
305145458
14728168
76118161
239957687
509536670
240427862
90484508
19270144
137527606
109077243
219177643
18690058
21768766
15302774
19923836
195986307
16405291
42265227
47983707
256310989
22134126
283722374
144986277
284357195
41117538
267756351
15756963
455764741
450395536
344917767
178114153
231660649
75358647
567523972
14930128
17527466
19850687
146166918
557713978
389028352
17995040
19253330
135108504
15901113
301549400
39155029
38211356
358809775
382306591
254648944
69497103
44175850
26658853
19602495
17477109
304745550
153569256
42635237
21915043
21273388
123446801
555384561
22978395
14841020
141749281
125761765
513722174
44936149
21323251
89496720
360191435
50608511
214061648
605169321
88028344
54281064
23485514
14110710
329478794
20009204
17979132
19311347
498857597
19937880
18963809
14934964
219010139
7841652
285999126
24186110
81107148
7941352
128315927
366737145
31057963
75378219
113047940
47694175
216299334
231815020
18004009
166990746
87584353
220081296
51486676
462104542
18614130
19085493
14949858
37416239
78204002
17202594
81891347
53650979
16297802
402315462
183393591
57718215
22008787
506186126
225056976
44960116
807095
2467791
65493023
14412533
71627462
8775672
254082173
15485532
229232868
234540332
18146481
54885400
323493359
9300262
20076659
37521145
333663029
16968876
182147086
64088396
579273082
21940469
32117685
255624128
28491634
165804259
381498003
22804858
105325004
29615978
262420681
243050493
119748748
475655934
263711973
384014609
467640977
19220781
28178127
414261266
18788430
15281676
52815815
29598035
527087478
147606856
181292375
15552221
418991627
15365985
222622640
33222598
17850012
48459553
19041450
26837501
41410702
89820928
18957026
562936892
554664349
65919935
21426423
14410652
39308549
79292033
153434810
409489998
32592858
562871832
150337364
52667258
335868637
49040511
257399079
291481847
72547151
28424440
550401754
22055226
248735463
14989516
17973836
13524182
248515137
62554080
310380814
21678709
28189551
49366362
14974210
553853559
20390498
101846064
488558891
23696410
43532353
18026027
7548732
63863886
65140545
64663577
23220731
22144998
60971987
324095750
59295966
60452945
63357759
277798896
18594920
110921494
20794061
56173600
114934120
26510658
16284004
152020373
192039126
20732836
28348163
44026659
538679757
129895508
162826916
182902864
23678096
20677245
120605723
284732915
299027259
161467739
16492558
40340019
31586402
206658348
20445888
45876240
41848268
524644290
282354445
77212412
148936255
86230594
138977055
511936352
51036935
16480751
24735461
24904117
63361197
352401482
492439318
74839137
83923600
37907293
253747320
22059342
94197072
7692442
13495032
21660348
61122731
130600206
21093964
6576292
23091139
243774627
143798379
44715382
235217558
342821167
126041916
16193222
126401831
292549803
33664944
95014463
19094006
75029376
15876673
204019617
148348430
50696379
29652753
245406432
36612159
30811812
260030244
38284349
49457533
502509239
24539426
1564371
37094727
402029058
70799725
63845054
245255156
14616610
389249136
18805666
106135104
346082172
250912539
15186308
43177865
18191358
9840002
249219716
29766367
234057152
100958186
518714807
202206694
18122925
57486390
31310158
14331688
435047720
38731672
191949209
14745164
18061669
441346527
22099720
50064327
126339800
34939107
56779441
43630468
402396916
251877363
19458455
182251918
27789999
229197216
492684333
22508473
18208120
15075999
20686232
70466119
19173787
20879626
19211550
17652450
15613664
142321780
43409523
15584409
16163639
17602541
258886255
279316614
415100430
16788656
483155330
76350004
19139963
33977070
221162525
26946495
245408102
7270292
24159062
188065873
274596432
235251868
21153379
297112640
273612978
166556095
22694153
164045545
78704620
8863512
41590404
110527729
59471383
115146271
17814568
430105075
145676421
116198288
353479385
336025704
62850757
20776549
362027898
246341769
19605279
41363507
14275291
37764422
16424044
154591966
12726012
18029328
117777832
221793778
14084847
17513304
18172905
18020081
250710495
15210284
78046261
168805641
135552690
14726357
16584900
61028553
27689907
98671483
89245479
104823965
15537855
305189255
17744274
44682276
18811140
17093617
19574516
22973561
297653894
89297892
52499247
14802203
266193428
14726230
18803746
28414093
34929057
41932411
116616867
211901075
15116570
137407124
22443950
486923779
16099657
16491569
30043495
78968145
17349381
36452050
239948881
25935484
191225801
105326402
27438773
18102874
107125748
43334571
24966943
105901883
58859951
36649008
50695931
7702542
16287495
24000056
431982962
65744750
16725276
10774652
22914905
24438725
241135025
19408552
18640935
19738104
17136419
18760460
43200849
92345657
14282169
24053009
24801554
142801906
21582436
61869915
94340227
300560155
16974191
337473850
22339239
16870352
115192654
45732580
237348797
249922465
77019992
50213813
408549092
51241574
54943732
30873459
14680406
129906416
21334165
106883083
42962415
15742985
7228682
88784440
17292351
16007460
4923811
80940214
11203972
35218566
6724252
14249190
15762819
12144232
158769098
18461227
15335534
7039122
20019841
14839147
14730894
28614262
39993708
20984200
14955722
19414469
28272826
58242325
27759798
24043872
473083505
106816456
77243182
94617521
45595835
48808600
114887629
50769180
74057037
216881337
102751677
69146802
806946
3108351
168320194
271790289
124010425
296439197
65253672
44209472
23912630
255126880
44401911
22024279
328874230
425886369
158223063
36599540
20029400
344354267
378319685
44458614
7152572
16324063
21438729
176415355
28102130
48385604
87098271
36151591
15987296
198911018
210593464
640893
76450474
21520307
43386643
15424449
29531290
358632358
93575832
176950935
48537678
54225818
23664839
33301189
269899168
20378448
20791372
34353527
18956073
6017542
20502577
22530046
20632380
21255988
44674209
52749272
17487795
135248210
102740001
145398921
17990269
36872735
78968059
211177051
24817859
23853463
31127446
20564166
52958914
44379801
19519945
6817432
23780872
32545745
12807482
24302881
19783170
106776691
74559550
87217003
17502963
131204770
15113571
30036124
20245031
41634520
159548642
166232593
236896415
18915795
40303906
382331790
347007344
70183454
28228650
26596727
16377636
15396453
428333
9852432
20754831
16221835
174820521
6894852
16736846
56749157
43919633
18983793
21010214
113758100
28628850
22055109
19766858
58852499
29727721
22183141
19404559
13111552
83724053
18767506
18806621
78927772
15289200
19137110
17837506
95267732
41871955
45366943
8726072
75111782
20492360
280609379
101613438
30881566
15891345
61211378
22089915
237944147
236479311
252398355
240393970
111492406
90252949
292394554
14587949
221447516
14738157
342887079
143245968
20648450
54000196
39510422
18978553
24773493
12788332
22690712
19087460
104196124
989231
18737442
145773758
23970102
6608702
15077013
302757648
14132503
17275727
29828407
234812598
19407835
254719698
263936580
74869961
52505728
333692333
21434408
27311044
19046653
223970563
19115457
18872276
98413568
20764622
18062733
23545862
35131348
17633378
20073763
331259243
13798072
15518286
17976923
19396965
16031927
110445334
19612866
18480977
56413858
21672621
16787084
51964801
64527114
44177383
274624592
11611052
16187637
141522764
42924141
14213413
15515169
240363117
201079432
237299871
252819323
314123984
174900482
18566912
28176898
233949261
239964567
114756202
17770022
85606078
224391627
15394954
124930801
235258843
16068266
269375709
19417492
15481585
60984835
3137331
235271965
234469322
236487888
37920978
237862972
33655490
240760644
211530910
52503751
242761889
26051676
20088666
236960387
17544524
233842454
240385577
237312687
110545675
225921757
17800215
50152441
22545491
234053893
237763317
237814920
234937222
213634439
235312723
224294785
237781383
242873057
234797704
234822928
23970171
18967498
18805303
295685416
34340464
48117116
192967918
252819642
18958999
95937701
18166778
25391694
33777456
115453617
21790195
82492398
180251715
30170812
136678569
33351116
156282783
24903444
17825857
14844867
34927577
45190383
32221465
20852423
117806726
32007346
248699486
215654132
234837632
218975278
123156128
14667621
16458905
58857890
56282170
17918065
15976697
36921540
21762433
27472079
16366471
19268706
17454769
16890518
65146567
16689723
21286108
16180004
20243128
21821061
18163042
18804691
19980678
39295587
17920042
14857425
16429852
17161751
1367531
24088529
1917731
40899095
19401084
17074295
29216764
25505788
249748478
21876825
14149625
52099553
40579691
132683355
220409583
21694244
140090891
221034430
62925053
124224165
14515653
24122912
17325284
141325540
30864583
76185102
234573331
41445718
15693556
17494094
56401482
141039266
15450996
10168082
21797251
21206042
15891408
19363806
257064993
53524514
17428378
86872874
20733972
31113012
293447748
294986812
285819029
15075753
11161232
276801793
22194540
50434933
262822957
39100536
2704951
27744185
38495835
214151031
73217124
15416505
282093902
35022147
12315562
16159092
26014303
188914056
170082681
188458203
25831159
177606101
18941566
23717062
21765964
14058833
14246001
62932775
239695107
74843811
244268646
239964750
233693291
256136061
26142902
19780936
197163896
14056324
51067441
15923226
125905084
48456243
134926562
15495413
171693939
33305051
247134388
15017412
245854316
244177877
239584537
20244572
248799496
124326843
109371322
56491267
245419752
249327401
245350272
114516116
231626774
143335089
25810262
23477869
15153236
35347564
23157055
212165532
16102997
17922269
236551974
250618400
255678420
50839205
184148418
113379683
236530604
32422915
189191018
259278511
141342647
153281171
234997952
14344823
134697294
177014585
30906163
71036272
217327603
138642711
3552811
44403079
264035665
251869564
57115546
15664760
273992516
16271468
3135241
121147627
18720830
190328374
6577802
10840862
16256269
136300373
191589342
38441030
23594885
58415867
17079621
15922214
15428227
22528309
16056306
15207668
22509548
19739126
209792690
18891923
7713202
114388293
26324609
234128524
5561412
18916432
18217624
9508922
18216752
36654245
65391175
89193992
18632666
75364211
18056015
56469022
19658173
15985455
14095216
