8775672
1137600571
22545491
78408666
10102032
32010840
19739126
23124635
1096059529
825687307
66930621
1340363941
17388410
600463589
21829541
240824761
29769106
69693371
634097536
28126057
58235699
16742712
65682011
18087829
15743810
54315855
21828421
18923480
87532454
20255418
59794307
14859642
18464045
36396752
37957650
56401482
5357812
15922161
16043218
15922214
18987934
68767026
7402662
14324839
51241574
102764233
18172022
272542662
402029058
15993122
301549400
7039122
141040344
16982540
138131721
30257146
394281448
24190626
16929108
44360214
46678372
50055701
5561412
7713202
18805644
428333
22030154
8980312
15207668
