278145569
78369108
15918708
14344823
15922214
3108351
224294785
19022786
14410652
5693842
10840862
85606078
17074440
14730894
65091778
223970563
56413858
217416964
11856892
110445334
18767833
19924270
1051446626
15510241
42958829
14173315
15012486
1652541
14293310
759251
8839632
26585095
239964567
1065995022
18952304
368533204
564111558
586076931
426802833
267186597
24926288
2362911416
66697103
142490217
69773058
21301913
44362613
252219312
121546530
17629860
15647676
115749048
2359926157
141313671
20545835
58877906
484379263
2437340664
474464413
101148743
20192403
234022257
17976923
28587919
15428227
18916432
5357812
213634439
233761277
154591966
15513604
35474809
428333
60984835
30864583
18646108
27311044
17544524
21619519
38495835
12704562
18678924
31310158
66369181
25159286
37940492
6017542
58113278
20957191
16228479
950328072
1092757885
23484039
17539497
19611483
39542662
135931182
14078485
234573331
968650362
27882000
14669951
538185166
234837632
16256269
15160884
37920978
1045853744
16336478
282093902
86010111
80061207
285567348
48352832
18805303
20165052
20796870
27222419
67653749
24385307
285696733
15600527
107195577
16930125
41445718
195840597
36691154
136300373
20015903
128645212
2975350155
18825339
233949261
17962126
18247062
410216127
47798449
2312829909
140286364
250912539
189689466
35762860
26596727
1269758796
25556278
63749707
29766367
853882141
18956073
2364887699
29528469
1131917492
463504055
263313059
160561302
50325797
92544900
104914594
997684836
36939152
2914571740
15751083
55556702
21426423
2933760046
2953974395
2871306329
407013776
2962813893
540628749
2978291435
19553409
39308549
41634520
237312687
23440061
242822343
32007346
2847221717
1883989100
295348704
21878458
46002396
296474643
16725276
47437206
22412555
385147518
18168068
137119480
383406032
19417492
140457190
552415537
17477109
1584206750
87761128
243725992
193070719
33512441
861977203
21094888
158771358
3135241
45688610
353127757
15864671
550303938
360676643
289920303
60688917
20458416
1228760592
2468238230
253252536
1407857558
2715190350
138861937
19550464
36968660
266006481
321586997
35804232
16353989
1353106015
53505438
138609858
9082922
2230926277
39532887
301549400
28614262
141084952
52660746
18576537
2863210809
640893
213476798
266352128
210684204
27048645
18102933
15921327
1955057634
161344057
1444015610
44380442
1933042237
14828860
15075753
44209472
130600206
86177206
122212010
28354641
69217723
294653328
614542142
1603818872
7998482
73408582
55815964
191988816
432766911
94197072
48079753
1580416830
562086720
1322558402
2340967118
31183882
27676828
807095
15827806
2467791
14662354
29077161
35616518
24735461
237763317
18566912
550401754
16362900
7713202
22528309
86129724
21252618
39155029
35829796
18090660
18958999
18163042
1231303752
74482441
17061263
457984599
247723476
398088661
16511233
16435792
50102054
6577802
234797704
2964222544
2964526557
2953494478
2930635215
2951574214
2852998461
1074412920
248699486
2253968388
1069124515
246341769
240393970
242761889
18967498
50152441
84620376
15356407
584012853
22055226
37007274
148006729
2963445730
237348797
237862972
975200486
2966758114
235312723
1058807868
2965083477
240760644
963480595
233842454
1883356866
18166778
2976606250
2861616083
22831059
17896154
611593682
1511639706
12704752
96857244
1430336916
167485564
14589088
18642647
14617026
9300262
21274281
15210284
2472760855
21969143
413364987
471990351
84102858
230351497
2204081982
262833652
39510268
70961675
14268564
93059585
17836882
2914163523
2932617195
2316003960
195042501
14881914
2346029125
1060487274
2698011810
2361224263
27772478
1138688364
15207668
40943334
249844732
18527874
23628802
15587639
14935240
27677289
138194061
10168082
49732531
19559089
17966185
467728572
15145995
36700431
252805688
16438494
16370676
16032925
31540671
16563015
1367531
20448216
51241574
162019670
22509548
22508473
240385577
233455223
65494187
31123165
4170491
73103059
19739126
78403308
16187637
2382685057
1209417007
218205069
190328374
25517146
24468861
137407124
2862577383
17800215
489823939
252115520
4369541
24435205
217550862
1137600571
16028233
2973870195
22220447
15675138
2964287128
89460898
21684595
2966205003
79023814
