1058807868
33655490
473385849
281540744
1071900114
374507670
792482670
237403203
237348797
1180379185
15745368
88784440
1074480192
216881337
14662354
278145569
382222625
904474490
18956073
15444711
22831059
180233253
14344823
3108351
113047940
243682732
38495835
41634520
110445334
16031927
38410512
34379022
33521278
49359441
21828914
19797817
107443213
13984612
133833930
63077720
135489313
15302457
135138548
90490354
128774591
129835830
130144092
15328489
131473796
25577648
44932443
54261744
117474749
41452988
122310259
31328892
49194495
89027071
100047005
123327564
85877713
90880327
103894295
28652194
14335867
37292756
34376002
93972621
46015980
125181862
103493739
119110363
123250386
123428166
23029939
122105301
20094684
122533718
122444042
15802752
92391184
105173606
7039122
102375399
116977498
94612179
115422333
17432702
27993213
22534794
31148200
51480241
50317463
15921684
36765490
16529741
14438417
7429892
17687053
85820295
17907094
80024254
61547104
22399021
18156714
18074797
103038757
39895739
102172717
35521085
97608550
40055129
62437621
62196953
99141931
28158714
80633143
8564212
16812787
59012899
44628533
22103839
96279142
95273627
76671443
19379989
19675392
15976697
15520209
21562819
17857388
23487953
14412533
27810236
28651801
24317148
21789655
42692782
27735640
16100610
91696425
70756980
15343796
24806623
48553589
62174049
23671796
19593875
73333130
67385487
85591774
86545285
89475561
83370934
64855033
60635746
23448827
59342783
70287151
58529436
67372176
58859741
76638458
86302596
78897812
81884401
85398860
20353855
92339569
75314781
57973105
41423553
18777802
31476959
17819222
34928633
19674158
64448649
26073828
33004414
24290259
49159776
30660656
14717009
17163830
19974434
25235010
16042038
25556188
22162077
49036711
31595400
22714419
33935729
37763774
15806793
41436302
25665975
30656103
68181906
19080178
37283475
20692418
41596222
19658936
78336095
76635080
49456823
37297462
40835014
23206653
20060881
43901189
47656273
15221351
26451712
58258175
16498628
20608910
20733756
43192807
5741722
15149568
14873096
4642
14264911
12722872
16016495
20687382
20291259
93443168
19926983
83665789
19269183
48809111
91120835
47720065
19109172
21186125
16878156
18481050
18528834
41147062
52758395
15139281
22845770
15293735
44177383
70985602
35825428
22521914
22053641
34274380
15678355
11232732
11232742
19830244
14208982
31098756
17217640
32481979
34743251
19114646
23055054
89809809
33627164
18055895
80104296
44834594
57716257
1652541
428333
5392522
1367531
47009788
44930931
81987984
40145326
16051808
30057429
88216249
22083787
21692035
86133628
28661985
16791832
15752804
85409925
88681869
43019492
58708159
5145071
54624876
15950463
22333893
27781693
30271015
18632058
26761017
54323560
87375555
86340280
86309613
43915736
16827173
14079981
41150962
85951549
16881194
85149132
41802871
26527828
34667708
18740572
15458094
16648079
19037509
48193799
26772603
58341362
19636972
15635933
16399472
69381229
15822299
26256573
39553755
21014628
39908940
20597460
26300497
20798645
42076974
58151531
48419788
25946686
1917731
34022952
59677194
38778628
41419913
15919988
18148907
18082466
16028382
30049631
14772554
43302195
14085408
69030924
74804903
56910690
43529972
66464064
15662133
44196397
15357910
34588218
18199741
79609792
77765996
25693549
51042035
60728719
32969114
21292523
67482674
22288209
7123452
17784077
16356344
23842773
14750269
30285735
67381491
41719375
72302341
19266977
20124506
15903975
15091003
18603226
38191144
23225996
51274038
33517100
46220856
14099695
13176312
14385055
75353438
83761767
84347346
41146233
84412845
38925520
85244158
58858239
72669019
74198348
45447285
32492731
16624180
62320334
80136311
68186530
49050626
14669951
31594992
31147365
73149845
23756339
15114927
48835433
8775672
27213859
14730894
34936429
15896464
27676828
23712174
18811140
15675138
34402366
7402662
9855382
67389102
81392052
81983849
79050334
20883117
14318068
52768208
62829259
25557222
57443004
45855938
40016195
68602444
23103145
19388825
66020195
54975538
36489108
64547848
54581329
44441540
68602708
52410340
28645734
28590954
19366651
57695187
47651868
14704220
9542662
16173645
21761662
10712072
50115087
46319532
1268821
24183099
14445545
62526197
31322636
34709525
25558164
22101106
75063
65079515
65663721
66353369
7100612
73186935
15923226
65056071
48888656
30243263
39127688
17612607
72861525
39049868
16036688
41403889
19407835
20192403
46184745
18905115
32010840
51229845
51228911
18317325
21329888
15856366
22527499
15600527
23951197
20015903
19139963
33977070
19912734
68834620
50152441
23976316
23121519
26778110
19658173
16721061
41363507
37920978
40318829
32506723
18805303
20097342
24183358
20209807
63650107
16036525
20088666
23103488
23124635
24904117
18030431
28176898
20467163
19926675
19616327
21269970
26051676
55235265
21660348
20796447
18058317
55882303
30823468
14738157
5758472
18916432
25632707
5496932
17556805
11093102
1574421
19394188
17181926
14414279
19931003
37754476
31003113
16882190
1050111
25983270
27886302
15210410
26946495
26033435
23016395
20076659
15111202
5283382
73198063
15731751
14089912
42924141
15573154
15462053
19553409
18196597
21301933
26581822
17982212
1040641
49018432
73114145
45809876
41933952
45872559
23825286
75307718
57422033
34048909
73215357
67099059
26991332
26303413
36156936
29115819
44403079
19408986
35202721
36943223
38332312
24936269
47986333
14266212
34629240
37734178
21416416
23203640
19847843
17446277
1429761
19537303
42822541
15116570
17993906
7152572
37972772
26531016
72912014
22166589
29312953
16391823
17496074
43141196
42713604
20086258
34970516
27670481
16580226
20476979
26572460
17019535
17409240
29016395
46746241
46532475
14287798
68602176
53226623
63194859
27059821
52804000
45554779
58489555
41421428
65153415
41418597
18911762
24597501
25670077
48007810
54337711
60912398
39338661
27693945
33575423
26277270
36445581
16276138
52722154
24207758
57369087
20216215
54082579
46797969
59856082
44610179
56796659
11387512
58056152
42601060
69764772
11194162
19351157
67169298
47285507
15198871
25831695
17390071
32538257
49329467
24793245
47220692
43191988
19739126
38016554
22079963
54547572
31132261
23327166
52843968
34976385
56414363
26514141
18891923
18306465
25296684
18166778
57786057
31402300
47437191
60345555
27071922
36086588
48929344
62165659
51047703
64231963
46776675
39317548
22357972
48009187
19491594
50702694
60984835
15918708
19023474
27353516
25991977
14275291
20020575
9508922
18435465
15416505
3135241
15075999
18791763
17564591
17454769
3848721
14389132
15788171
14110585
27516627
45350413
10227992
23970171
17365337
48384896
53545636
18748065
36654245
45157540
16926682
46441055
15482321
20162119
19210268
30879560
28473864
2298161
19869738
26482598
42245201
21809779
23201501
23015471
755972
18995453
20016236
31407860
27153529
44929606
26696503
44433368
24642700
42744846
29050478
20268708
18203985
17618599
18067252
25988077
38913068
23623905
29591732
27679171
20597124
24164798
36473948
31521948
17708013
29990105
25123210
33754222
50868433
15592236
23535349
29505438
19082289
18145557
30063865
44431855
50940411
47681875
50745979
17976820
50117325
18873711
21028682
49105595
17641637
50151750
51376987
51422129
30467603
47636550
21713477
52102451
26586365
46899870
22640927
52820999
18975717
15356407
15581825
16056306
17513304
15160884
18217624
48117116
24773493
17976923
46727317
33532160
16302252
23760704
18770132
37692417
20019841
3137331
4923811
14904437
10168082
20713061
15985455
15751083
5558312
18558029
19929362
17078632
44161500
18758510
26651226
11864282
21921436
17944303
22393757
5278561
30087322
30216478
13108452
29172366
31750195
23283299
16067166
24687147
17647944
25485527
26697326
17373076
34493115
26235212
20691213
27024149
29396792
36146119
16789699
30071907
32380952
17502682
39750215
1294231
37404802
18403114
40076313
21486588
10303
41615819
14713161
42129386
18709192
26383442
16098943
41979032
30132038
17431989
32307651
36752310
30910422
19432005
46209617
48008067
18939777
16480751
19312710
40900652
48461444
19055552
20249808
24557446
14915412
15429511
19193301
21812653
10691752
48758472
39701676
43604680
18958019
46180114
13361922
16311693
23113510
15394954
22905527
39745956
34297914
15759387
22634051
44613736
45636770
40958480
22528309
19681171
15727279
14779234
17653817
25555340
22663277
25439353
18213559
16331459
11348282
24712469
14855410
22367178
22509548
18457416
17001533
25489859
6577802
5561412
15207668
5357812
7713202
