1055907624
219429281
1077121945
2353489777
43963249
2305587679
109602429
2475938496
2726684052
432771620
314205957
2940964728
74164455
37986651
2792526443
55034814
48377252
27088314
36473880
621210951
54624571
768445046
284531752
195988950
531648876
2964351843
210926192
14240875
1206227149
15764644
221484024
140519774
240812994
2596923487
16229350
1054108099
109974187
21884579
555527229
237944147
29213863
209409201
253176251
56681659
197567344
63546486
581141508
1135486501
48366585
450034412
33429636
25182677
201390166
21247089
20456357
763977163
22492599
1463800356
187788402
13674702
27260945
20084143
317278058
29796724
73410714
86861314
64638403
110512249
88246674
15667802
572255794
17411077
16579858
1330457336
1244193638
95720152
15052887
16670993
15085181
430043187
20545685
80616961
14943778
202338892
186669215
387296466
19036037
18437982
110435449
131287228
60931411
17879920
35017172
15866205
223875176
243714824
105182747
22080984
543830597
11379362
113724284
61853389
19506791
78950558
33281866
17397125
104866624
1205692608
25430758
618166251
135288093
28422104
33117932
18110598
26291588
7768692
23598711
80869021
76368129
80137302
23702262
18753800
190776017
19254677
297640122
34683660
177598167
128467197
30047390
130008051
18087057
18491075
14695514
29717247
221772290
79245766
20002175
24243168
32275859
293243322
209143649
137087319
85564029
19608297
250405271
35951705
20605323
84406725
430132570
119777698
1161879818
80071968
28181850
50393960
15832179
20779686
23950275
52425646
71659097
167083542
115979444
260259050
29293808
117450157
10615232
34744859
770468660
1111940934
44433231
76188685
472575547
44933706
16003924
219937434
10282842
16419588
460365590
322789632
51041912
15897285
455050953
132976955
130594732
249532009
16891934
356885109
14163275
30395398
41618838
25312372
37044824
185288247
18772375
32456856
16160352
244655353
332004109
939091
19077862
65533134
291750600
19576674
14521737
156815686
67954244
70963173
43200002
50014442
17899109
7152572
14282672
50775575
417420642
138576951
43910797
85726335
74234288
89071165
76059158
21229338
18203803
26898420
18571969
17231917
325798373
90276723
52531355
22730865
87736225
349274140
18347570
115855869
279105171
91721335
25511051
16170444
19031731
16434999
27582901
342233158
393656790
23816019
110332875
57438698
15464180
18218604
249370583
613695343
140531919
170912292
98908665
7651772
19683532
524600958
151953380
207331730
43465139
62034651
319233828
15430418
148888632
20606095
156045750
544750263
131016627
17448860
31003037
424396823
55965283
130851957
283339821
28137542
55085814
30049945
233416637
61220477
18090430
1132056128
572863050
179633271
1109613468
20023919
402881570
93710434
498141754
18783606
16221376
15989570
17642528
152379368
169512661
83723250
336030494
400783007
464960300
259002100
52164430
61337639
59223692
95395673
95281047
44119914
320810188
964668445
773800790
16077987
95972855
16615282
156708778
45692761
203184956
902130678
225954262
301704422
614401228
227777453
501875695
279189057
364113342
972714914
16581018
525695749
363417337
236233431
266276905
406489349
13610982
714812785
17900051
66508321
183376172
231087747
116553005
28499193
28223437
73152834
898617373
16723534
375069906
111719492
19041446
502027965
256126424
19046423
135610222
244143525
61520878
380573343
18008573
805972070
719046103
7259302
18920660
18051278
399114951
85678718
133719299
372277634
248807514
34992371
1518061
38705114
19674753
551008547
17871700
17782124
30249877
233842454
16788948
18189966
42946380
18738721
15975951
16097429
15680988
193709747
18019606
17862527
17782826
19689154
340144317
29497818
1161223598
266070233
5392522
215030458
114799785
19927379
16307530
21792879
177012761
335722813
250215613
245830076
258661350
896637768
1069329757
19226545
21766593
42670603
17250746
318057318
1140688806
16017475
17220934
409486555
325830217
1093090866
813286
211258879
1092979962
540922503
167086817
15675138
563147709
834082332
543494524
249005634
20476604
37722843
14335380
488970004
12663042
52533447
15463486
14789627
1079399412
117462661
357618550
16123577
45575817
334759072
7004382
252790574
198536233
57107405
21352975
262285193
17069785
20616597
57389552
50000303
34295089
70986355
78712283
368292554
10126672
221077805
87016942
491379793
221976002
31310158
73481950
55581659
43920155
33898911
6519522
20177010
322143316
92695818
94119639
24948676
166836296
370189868
499198775
19083469
946176451
42264692
96419969
89493391
9459362
290183670
243692246
18318962
60910153
33579481
30262332
466895304
14016182
19891734
20455554
19031717
23981681
14664825
14811951
31524154
15664289
24196158
14534931
25367445
50741623
98183305
14370739
15724740
15385348
14849086
14933158
14630956
17497478
23707115
14400908
14883459
28417331
19076678
14073637
80111897
37944658
64421810
54598682
63007953
41227169
10613072
20524329
36084073
313443472
15085627
85131054
69121742
63219080
15236181
21877818
115733549
15925848
258081466
55590247
438489523
344719254
29994724
14845825
575481158
21437858
15433452
16874644
400968345
529747178
21156659
344781594
525800681
120859242
54568657
55300928
510611090
13657922
745137270
348063877
27763028
27948604
124550405
467569691
860679211
369273302
20627332
52530334
30313925
