2328900913
67003469
207660339
20192403
234022257
20015903
33977070
233761277
211530910
282093902
12788332
234822928
244268646
26596727
745447032
234906311
1089334250
16930125
347395654
15923226
550401754
249219716
1209417007
242926427
1908143071
35829796
13218102
22508473
240760644
15210284
14275291
17513304
117777832
22831059
41445718
32010840
237348797
278145569
233693291
5558312
29766367
201079432
20467163
19658173
26051676
24310549
37920978
66344113
29218765
175386307
41645280
27776136
15839947
15212187
2155109252
2253968388
906782533
25146084
129879105
138774153
240014188
21093964
444873794
130932419
50762894
26016883
27082020
234469322
224294785
42924141
935033864
262190099
84177168
281565770
1103867503
74183291
424301451
96033630
36764306
370489880
27710985
18993263
26103389
16425672
249504740
16696247
14412533
455764741
17691719
22527499
18216752
137407124
47739450
126401831
15745368
21434408
56413858
24773493
34340464
23970171
15160884
54900089
61530523
18967498
37764422
237299871
18566912
28176898
20608910
50325797
124224165
15211931
217543151
14335880
807095
259395895
30313925
16256269
14344823
237862972
17074440
237781383
24735461
18030431
17800215
15931637
11856892
15394954
17976923
5746452
15356407
759251
36452050
213634439
15600527
90484508
50073507
49457533
23534175
826542104
93688013
19185897
17093617
214216108
5496932
85606078
14246001
46176168
51241574
15751083
3135241
22509548
19739126
18791763
84620376
224391627
249339682
23712174
18217624
108617810
236541422
60984835
234812598
191613738
18166778
234057152
76350004
46681100
110445334
15513604
73303753
27105334
119899270
235190657
235312723
114785533
114756202
16815644
245419752
78369108
80628196
110545675
14475345
76649729
16187637
14345062
6577802
10228272
65493023
14529929
15918708
18646108
15210410
41634520
2704951
19394188
20079183
6017542
16157855
10168082
32506723
39308549
15428227
2467791
5561412
18227519
52070270
22703645
9300262
89820928
17291393
20713061
14669951
7713202
42903494
133801267
14099695
1367531
48117116
16424044
15207668
14173315
2836421
926601
27311044
18916432
21220931
14511951
55155523
11857072
15985455
5357812
18891923
26089178
22528309
15675138
44935627
20592139
21619519
19610051
16031927
29212726
17121146
3108351
428333
19773627
15530618
16562479
33991163
6892002
17313416
36769908
15922214
1917731
23782016
