47520482
240393970
17925646
50442179
3383306697
28272915
353060311
15075999
28909874
333705168
1371260257
1311916897
2738097984
60922227
29257675
22276367
474464413
1355236921
374869307
366917235
11280062
196476301
260825531
43380331
14117843
17542672
3098382104
16045956
64088396
15742985
41225640
6765002
2927784350
567769553
30009639
95072551
181412162
2964949642
2963445730
121795745
572946354
1176866870
177625043
2890814963
21829541
1517113339
33602654
2471121096
147467535
74313566
14434063
7402662
17655804
111627001
234573331
589561485
17821950
312347118
1080602371
249447466
80140874
2882798022
58908090
42930296
372575989
130649891
222953824
20251654
552744336
14882554
574405888
2787117209
14885549
73147282
288542838
45972321
2628514687
11382292
316688927
250649831
1428441589
906782533
14587949
44716344
4816
19929998
1446019176
25285302
370199351
2790700376
1195304768
158129535
326255267
953950596
142896252
2687796638
149154217
2612261960
107286451
1862070906
2673993636
16138613
517001463
1487846678
1134292500
851621377
26822691
613968996
2377316143
272220041
41186732
23283299
18873711
2293592815
18680630
2463596905
300430043
792155928
317967764
22447083
176903212
90651198
455182608
2432248968
21601542
22831059
22811375
19923144
120297769
40189856
19926675
1074480192
1058051748
1077446982
1058460818
1154894353
58166411
14992326
20562637
14140460
18000662
23022687
15651878
570022515
1242134557
1917731
124224165
555997210
2364631970
17789637
175711277
63787812
69337453
15811342
17456146
331013135
467823431
377534571
239871673
242873057
235190657
1962564906
235189067
2329066872
15745368
150027557
607165880
1074129612
69084023
155102097
54380372
1559386724
7212562
22536055
30035517
15212187
158603096
2240094733
2241469784
54425403
47693937
475122994
8291702
547969112
234469322
21346398
27550683
521571923
148867652
1375229828
1955116262
19870226
625705943
477180324
17582355
39568693
1259851956
70492881
395570402
334219471
8284092
132047807
584488703
139574248
449594694
498612879
30231097
912598626
28188490
478800115
70118472
15551300
320408720
124196924
15679924
389759292
48366585
34971990
23609407
20687892
620169816
35772888
26503787
38593623
202350625
1305596696
1156714362
1314689383
229184756
1488843500
1179882343
240259817
390994991
15936167
1337062261
351170300
148041415
217543151
15934650
21434408
586671909
1430692574
37249903
102880783
1427060396
1401334237
34751322
1433376421
442426984
18697888
19066621
302005284
272395158
110445334
27311044
169203819
374896765
1138688364
13524182
21768766
15837659
95506425
300497193
96569103
26596727
71294756
20109439
103087786
10419
56202097
71468121
16097702
1059240924
552375827
132190685
80929175
193488244
152264866
709959775
1246915375
235271965
19036725
18705787
874091150
1223455387
73996394
18695891
16838731
17239512
339686162
187770145
1051446626
17517737
35219356
633924423
878721902
1209877550
7228682
10168082
342268499
1069351544
557280907
1241822899
381552927
1231405783
65717040
400320125
1074231842
109627945
381542027
16492765
21661605
15944157
60731758
1131917492
747876121
398258837
1120445658
1011308629
80628196
354466587
1177610378
65429553
1051483195
191055490
441185909
156333623
80612021
111635527
80461803
242600094
110792414
418833948
93950784
236541422
22703645
190328374
68730426
463515155
27728235
37782649
908791488
282123543
136361303
158128894
33942097
20386541
247479416
21301913
850233954
16827173
17451400
123905160
348642348
19974045
252115520
23181999
213015127
199640036
89496720
52989817
42769465
16688389
757756454
107751307
231815020
369187129
16078203
266775980
175121313
14116807
438976123
247723476
18915145
93288759
15535842
19302989
40557819
231444363
14091476
108686283
29626300
257696179
124985422
390910114
119271934
18371803
19073744
217146045
168717148
314335929
88382885
49821879
21280762
97459853
389276966
382474146
74523889
12101862
20102634
352040373
16214800
252819642
14091625
347263754
218027755
17095918
273762364
14728168
15159913
16815644
26083271
16187637
15987296
22172081
145542072
21863034
244331679
46437794
325897784
39539620
263334392
18805644
20707966
161792097
223970563
234767974
26487169
14212711
44960116
113218276
93876666
17093617
16444606
293493435
76471706
313498184
18766894
9830752
56401482
72547151
15923226
36231740
71181788
16950863
19919055
137466464
17173775
28725903
175767719
18882883
15976697
84620376
245408102
249219716
129360573
169229045
40530469
15211731
43318378
10500072
59910934
19616327
50877601
24946880
170034104
31794660
16099657
85606078
16350574
76350004
14049145
50073507
21301933
14552725
18678924
112283476
21010214
60990252
18004009
27901418
18646108
41543840
260907612
56413858
31182528
24193475
23839068
15675138
14246001
41186946
40924038
125753208
41548711
15805302
20475542
160976739
31658676
64033016
18980564
46232531
28227668
15754281
15360995
17173766
36947492
32594963
266832311
15727317
20517889
45715479
34417776
292374087
18741238
294311266
103929010
300254302
292473272
46134831
70758229
16675108
29767070
18922871
10306902
67087617
83042830
22626365
44539484
53284247
173853973
140262347
16505254
132264906
192778236
174783646
24303
36528772
25180583
14849284
22228759
23981089
114935301
239870743
14091360
246700305
16320934
257537624
15533655
44408277
261843696
63920068
67442692
40260642
36149469
20212609
16726367
219337066
102158616
57139473
16970629
118883794
199091405
222497737
14344362
250277415
33538041
27186551
106849406
184222652
132722236
82954402
21532597
244335323
169992417
142505053
193192262
231188931
260290029
279834203
58410481
160955643
16480310
297012366
71286759
143664412
33407950
43171801
12831902
48054535
16863814
22005283
76139986
177698725
15730075
67667142
17295416
59520066
179939231
21343293
28342372
15113565
16617884
16247383
82131324
17878859
19739678
27822469
16425419
63282817
16444233
17477775
19508636
16258543
15850297
238321369
19419870
45399148
186470328
101292304
15850135
12469012
24037404
18021071
784304
31426969
28038317
16470996
45190086
10126672
27535721
14692385
21261661
48779464
17564591
39308549
22650211
53837162
35548003
295685416
44653060
236488883
86902774
5692542
16651871
16912739
15169032
21622232
22508473
15210284
15428227
76966145
35829796
114756202
66369206
24183358
218349372
224294785
224391627
248699486
235251868
234812598
240376522
242926427
69182555
235312723
246341769
240760644
70756980
17800215
18166778
27676828
807095
18728980
15555396
22509548
252329518
19461770
197126134
17233823
16184358
234797704
37932056
22744510
115462350
236960387
233693291
20053279
39510422
33655490
233842454
16157855
222140591
18277655
237403203
16032925
18916432
78408666
166252256
54885400
35017909
25159286
15649433
19611483
44935627
16613128
9624742
30313925
11348282
66369181
43362650
31310158
161289598
225921757
17288391
18004786
19621410
86141342
15012486
20192403
278145569
17544524
41634520
6017542
5741722
131204770
215008481
46484040
11856032
21572351
161657535
28902856
27443744
30043495
14909968
108617810
18097821
47694175
31779156
428333
29216764
107125748
22517990
14839147
18608514
14331688
18983793
16031927
27234253
15513604
1367531
15416505
133439172
19291441
5392522
2467791
17976923
6577802
26424123
61734492
21034570
12726012
19739126
138471877
759251
14293310
28785486
51241574
12272322
14173315
1025521
45604374
14884201
24382424
5561412
42141036
123179939
237299871
221793778
15207668
236487888
237862972
18811140
26051676
33977070
240363117
248850174
239964567
43555354
3108351
249288197
5357812
17141539
247338938
209787354
24735461
22055226
16365305
44513878
18891923
14934964
50434933
39633505
227137407
141065660
22528309
7713202
15856366
74198348
34340464
19929362
18566912
161743731
237312687
15751083
18030431
14904437
13218102
233568276
185010059
40179315
9843332
27347518
28162811
209373206
18060563
208713030
103943184
18492940
21617059
14930128
9640612
26594283
22156082
56816254
93690536
49224286
22550225
125806932
140021079
31175661
160675277
26777586
36516110
17563655
20748745
28165037
153532870
26395411
85122506
19203575
133165344
27561003
22707958
94417887
14558147
69095031
43185881
18557258
14669951
23976316
40243583
15428715
29280682
37634620
15623243
15818493
17023827
11609152
19553409
67131414
27744528
80492179
22303193
70576177
42748815
26530744
18240736
13279612
18164662
17071048
20536157
19407496
20021512
14186328
14857975
83186886
18196573
14874772
66735189
75660564
67136320
22155975
22811855
10937622
70486574
16752719
62581962
26953547
57688821
7353042
41380687
14572682
11856442
48839773
57756166
44374244
45999933
41137808
25554209
36096940
18906561
54329062
15345968
41376740
17343415
50720386
29459641
29184271
23959684
27157127
45177239
34377370
41435364
16366931
32135940
11026962
22502752
19521643
26507881
20275632
14277364
18253464
4355421
33616818
23027629
24233436
24327507
14467149
30063594
29607260
14724142
21518524
15751056
26368886
18791763
8083432
14337705
17373651
23183211
16711117
15992317
17095956
15365985
28099028
17453303
6065872
14858726
