85881608
3239346701
3122099613
17997467
352548417
9112032
297053549
12859772
15772733
127974109
567518562
557257485
15110444
193132664
2863006655
2970279814
2966570782
2962868158
2975350155
2968451607
227032210
404517784
128290790
19186003
794140836
313205053
580911666
30159211
413636792
16071539
17725850
64421425
9532402
21316253
130945778
18963809
27055034
142721190
51520631
539595746
163247004
67364035
2382616801
606652116
2374382204
2236803631
1223955961
705564782
53257678
15976044
1135669754
260582890
537472373
117896091
1191824160
891961346
185814562
49289506
1308106963
2311063720
27957863
229551137
1908922723
366193785
385702678
1619729006
155657471
263861044
1588877126
2446595953
344436884
2183959042
38214128
308861333
149543566
991634754
2471390718
380045358
45479770
58613629
233291124
343676150
149751818
28357563
2495476574
1173814352
16003300
33888031
23033270
18402067
932303468
592404910
135692084
1090009730
75934658
109854452
16146535
2610693114
2269480073
2465068850
2233635295
128035358
1886186202
2471829113
2371028220
942567073
1692227370
604726301
1834756766
1337452386
1025437644
2340507384
2178339595
2353506000
2593574436
1925187373
2269483841
2367572508
2358140324
2350922096
1076987426
2610034638
2383802631
2352774165
2269462257
2296218770
2612038458
284788394
2283571788
2471794630
2358613165
2287268641
2386017110
2351497414
2386557629
67644697
2297052120
2176191584
370421682
50863024
23608092
1734018068
1720345368
124898913
17719592
2180223120
2385706369
2562247438
2382371617
1668489684
490936163
169188895
1460856811
220251523
2275535898
2474881090
241746478
1679524980
1931713226
1564741718
2350425115
2174906305
1077550658
974909006
2282904734
55107768
32347848
1550586602
24793559
199784543
124545612
1511522096
2542528231
17419755
2317431626
1677274381
7829912
2253147947
245327879
103130238
5415352
16959406
107036829
247334603
293131808
2173057286
56759980
246478393
2272531993
18829123
2202391423
24321039
26070572
126217701
15456127
47554499
41569840
1497177925
1924940095
423089206
2591419370
63133024
1382843582
1146454603
317291595
606947604
95063558
1037802517
1063153956
33146307
339844938
1933192507
2373857028
14668296
5741722
402029058
1712765988
20802213
435216869
16000856
849730280
285819697
312320542
407087874
2469604452
228844367
14615871
243218822
374725387
432616506
43920155
14463848
7563792
31128529
22053641
31122582
246357149
19716781
208692908
61206798
294084341
7004382
151963505
74294786
761783018
30912937
233783568
192955168
1410590874
1140648348
164369297
1083448909
1074129612
1260172386
303861808
82453460
1037321378
942156122
63169388
1080844782
126171100
381152398
33563161
161791703
168673083
20545793
1071840474
29501253
24195214
259364314
108376246
305216911
305620929
1089859058
479872233
267854863
21312077
833747178
155669457
334159627
50310311
242084771
16434589
34972633
1250384948
1963312058
1135486501
1311582487
20552026
1155335864
22336731
1134292500
30216513
887326860
161411080
40302336
19608297
80632717
47412499
599357981
22669526
14984637
1328365934
19918558
286302235
14677919
35773039
49775279
120188379
1027156464
14511951
15164565
122174004
123653013
1128781184
9300262
15675138
2467791
389840566
1051127714
1917731
1262814457
1055685948
2585664312
2592023390
53126197
477793352
346332654
516880804
23600262
22812754
384392601
150724371
442824717
242426145
46016028
1072467470
310310133
19318314
221792092
1055730738
267938462
510516465
1009269193
25781141
404132211
18909919
1058717720
1090002997
1058917562
1045110018
1055907624
1339931490
232992031
581141508
24745957
467823431
80612021
20002401
1071102246
239905257
33576489
1068499286
2433737761
235373000
36948268
1061385474
28602948
111635527
156333623
41017380
937801969
1072453910
1064206014
153486399
1077121945
1080509366
48086014
1060984272
1068470480
164007407
82649553
1058520120
39249305
153944899
137794015
995193054
140519774
937723303
252249233
432771620
789244177
787373558
245451804
22523087
138770045
78445977
162069635
163570705
240812994
2293131060
462143773
263815367
231510077
1880674038
776664410
199325935
237770636
1222257180
75785294
432676344
1243902714
292935209
29293808
558769636
153919023
249410485
950783972
1531521632
22812434
612117635
479843758
1206227149
500704345
1510368330
19068885
8539242
1265423480
361989106
297067961
241207373
1408035224
463132556
249348006
109025212
58928690
88806753
15459234
38254095
238259855
36686040
242892689
193732179
312134473
28599820
210926192
236511574
258900199
385429543
339852137
1092979962
112740986
239949176
132201224
248735463
158398519
24913074
58920564
224610761
297094309
247400616
37004446
30636371
36667851
78380273
36416962
589431806
18032149
563166659
571033146
526915733
21332200
1009523892
135931182
135537626
958081542
63262233
64420220
153558139
38507478
16967845
22162854
16648790
44177383
509092938
100486957
22720074
122152212
568374989
381672253
209720717
181802369
31406352
273600139
575538409
858719306
1216151178
93889069
1089973010
166280959
347255957
21313727
570159836
1077128318
1239857300
59199114
54278389
50325797
14412533
997684836
121795745
93069110
20508720
1024520180
325830217
23578274
1071970698
19169051
136550204
1060860422
321465235
809344356
15605774
47686352
356555370
40201103
575766234
1018952694
221224724
166613573
215520802
115979444
399682836
27675227
361407036
938378136
17006036
174257775
250386727
856614978
32441546
32860993
19787735
29271226
209290784
160925676
368552738
164306129
48114476
63619227
353861414
924480684
21011811
242939330
439321901
925999250
44188037
928802485
447410369
281610530
74508260
18064206
32311841
326255267
754485
24525283
137036008
376409881
22157996
928977020
202270622
382370203
41389879
444841686
23237281
16581604
589327200
137330385
27689340
63240797
62032351
18983793
66297057
71260732
583416892
21252618
388456346
121980861
110786387
26097227
19734832
274673392
921305324
56864092
546175233
885015054
560670258
512129107
188343922
23928491
208748050
91765373
39520162
48605066
40886069
246304301
6576492
54387835
612858171
589994128
251207525
36771809
54309568
227088228
163591582
910610113
21529239
544553624
916935650
628649366
36764306
204599219
259800864
75179838
17686146
462958122
260699067
25105981
16729099
21316695
8011072
514557770
56730035
55338739
16187637
18136692
27347950
63539017
5770442
21012092
90746809
239909635
115505593
362051343
115252480
229229345
67378554
15647676
574706429
18486586
622804972
145331696
819818946
568279985
305161420
519973828
291476444
42407456
107815874
148453195
15007149
18232065
197567344
31198269
600365311
785414496
378011557
106252738
46460258
479146881
59675891
231592112
253338262
23593446
15311268
59945683
829797714
33530012
563213677
246088673
227004336
188569553
31611298
9624742
85396297
38693661
18137749
111635980
465701566
264255425
568380390
39921231
378237454
209661883
805306172
481569504
18740765
34731150
20271080
22941833
15008539
18935711
112754257
87799109
12011422
407925701
131941193
60919240
16299627
193325576
14695985
14613777
418939830
209725175
24574149
567352836
34094879
58571775
18291500
574557710
127544605
115482841
20071361
21348758
61322812
14495726
302357630
19541593
18963990
226378425
14909815
270564445
633916551
9867582
187977950
84119348
481270015
26278266
247486443
347395654
18207250
743903048
252695467
44134773
386642310
15300520
17837184
11348282
102105237
163594382
163561118
50329274
202874176
14282672
44783853
277541573
110195330
84685733
18713552
111379452
61270209
407039290
74904598
21021385
62314025
282082582
124691908
341811281
317843853
50405341
70796663
28365366
40962113
243385206
194650254
219684981
30657398
21406834
6519522
16669075
166448505
556360542
292990703
384913290
237873737
87012838
625262322
15666059
21222282
11877492
125824746
15862680
276715917
163596420
39805607
257637289
168502762
14529929
164304081
570870850
48177456
363438783
43963249
248807345
135297032
19272796
456881610
47424356
288283152
16463891
43774826
314735760
36475250
56472469
55015443
65349281
46242560
27333712
305716812
123593803
17743408
143112580
30929600
19026662
62798034
150484583
60987879
29407288
34677788
16030076
82405425
43383705
133832049
50452197
22012091
188019606
15764644
33898911
44988185
17961886
29450962
17001730
409486555
17843720
344103156
346836896
55039308
111071616
18756358
19660039
25792589
15650946
15808765
53268167
17170047
91826372
97521766
235322745
26053563
314019215
15173047
23245909
30148694
15785277
36384443
292349708
14258321
21425125
15248150
41880322
50399834
63003432
45937455
14179819
17498747
16164289
55442787
56699946
76035270
19395925
14384907
19950069
15062527
22000141
37992869
68745521
57673909
58463169
35778956
18917882
94262891
90550402
76771090
107429237
23775162
34285488
14593759
14719662
19578141
7429102
14140370
8128442
29201047
16160352
15939889
43910797
15824967
37557615
21268897
807095
20608910
65776579
26755933
10326832
7356562
14135426
16583468
18979288
15954997
13491312
15361570
14676022
18622869
18696134
22304441
33670271
19615832
14616022
15174710
30313925
39311638
33600837
21782597
14727040
10069612
813286
18695134
20449956
17220934
