66602794
17587390
16116288
335104222
80628196
279233355
29417304
935594107
3333055535
3290070855
33972882
1342373456
80366372
22685638
2433737761
18810140
1260172386
2966570782
111635980
2724095695
971418086
561369168
82927269
36383045
45586446
2312829909
2968451607
17856665
369238541
107514329
30231097
126062842
44988185
1507338108
454919764
16930125
43920155
342330158
27949795
413221463
403415466
27676828
26778110
2916086925
1530850933
70144495
23534104
18510860
18622869
221135570
73181712
14676022
2347049341
2474927225
41269799
2847020489
7713202
1246567549
15999388
508227095
2400284491
1485342474
2367458834
76864521
39311638
1014391382
323325383
294886017
363010853
23193275
18811479
2303814699
939091
244268646
38833974
1056202634
217543151
17906632
576520016
164400657
1339931490
409456907
45671898
49698134
16145763
15572155
1650623953
518841067
475286355
13557972
125373627
174326208
364423298
319100065
26083271
268590068
43638469
56828100
19502995
90456813
2260493831
2285376860
2288979654
41720405
605034635
2272531993
1852230734
55334133
785414496
18766459
787373558
16789970
131497030
1178700896
9624742
37554482
30750995
199793570
50180175
90634314
254117355
48802204
15918708
555417547
15922214
238259855
151963505
31122582
21914864
226198366
110285572
403363766
857035082
208817615
236908536
518146406
1735627459
937455211
24563920
1954811515
344836759
17216642
28498976
239230898
705456164
45698932
1216693092
78116670
22569400
30397011
804723637
97474887
44410234
281545023
104574186
802605889
70702703
356374846
44973692
44177521
44358005
13872972
39572133
37061935
19235494
179111246
45296639
23450421
115712173
52856662
28489640
1339835893
16451492
1456669669
18313623
17093617
67194113
2836421
257041027
456909049
15808765
412826511
31855526
278582590
33530012
36652776
3108351
14293310
14511951
759251
22812754
23600262
48086014
26548315
60919240
14135426
44873497
18137749
42389136
381152398
292935209
325830217
1140648348
293063251
1410590874
15210284
339852137
199325935
234014087
295899118
54244175
267854863
82649553
82453460
14377605
80612021
168673083
248735463
161791703
208692908
138770045
239949176
19674502
163570705
24745957
66369181
240812994
36686040
156333623
249410485
168502762
46213956
21228708
23119695
362069281
18587457
467823431
1155335864
1074129612
1330457336
153486399
22669526
1093090866
595515713
21312077
389840566
294084341
369505837
29450962
178020735
38597509
24073742
223250039
25100603
613908228
17950222
23717390
431797962
112549655
229109790
346275650
81361240
39265334
361303666
72454254
18018355
36887681
27688281
314335929
113425204
115979444
14689023
220241680
464359920
276294876
41449306
164412502
482516063
118367934
69282849
334848283
16324077
246449525
67613352
385484545
18342955
36648252
35212135
46103575
181758556
459575760
281825713
382481334
32780218
97578274
15729207
17601174
249348006
22012091
31801993
24195214
109025212
125445568
21406834
38254095
22812434
28599820
34638973
46016028
263815367
111635527
39249305
164007407
292990703
305216911
107534936
234002627
155669457
113479635
16795212
54299209
88806753
43963249
180206508
381699137
188019606
23995748
233783568
30929600
23483116
74796290
8942262
24293140
75010991
44904935
75121860
27014299
17488749
14956372
29983833
61275243
43105468
26999628
22513411
32211324
297623476
58366671
15764644
1917731
113420831
30313925
813286
9855382
7402662
51241574
5392522
4970411
15675138
807095
15224867
2467791
428333
69181624
