1249982359
2988130703
16815644
148936255
106711386
2842077796
280992383
171632862
22090282
7228682
2194529533
23022687
292131326
15741263
1380035438
2201803388
262756968
1973338266
141084952
27048645
28178127
23267982
64527114
486900479
18812572
47498801
19195094
1548158070
8695932
151444950
17243582
19173787
25921076
829203036
297690193
188857501
104299137
229633414
50044510
272710377
303418267
988161470
26834339
407013776
21800063
160561302
449276714
74367289
838312123
387886099
1038913898
586239976
364968370
292697887
359615912
143905391
51980344
1499993378
24464743
28049266
405882488
399015776
114782468
16532983
153181367
22875103
27055034
28677540
14517693
1093172311
174310887
40158064
588450766
275250148
30008617
75935868
117082566
1074480192
22830824
1109635158
21619519
935862048
39506962
376542499
347314342
15012486
15931637
16311797
30864583
451586190
39510422
309274068
27245742
15766082
247723476
17061263
271441733
294902433
30249306
14335880
98471035
119784192
18277655
19184568
340545070
58323723
351865467
233043851
17007269
171228400
22159952
20109439
71294756
963572814
457984599
26831443
15500762
29598035
16930125
19568591
21696279
46256715
25095666
30694631
48459553
23867588
436882032
19651222
58854397
11771512
17881467
112047805
177770499
28811379
11680962
78403308
233737858
262756641
19739126
221162525
18915145
133439172
202206694
296361085
19028248
555474658
75364211
48029066
264219447
339822881
229592356
561329231
28205643
18632666
41363507
212262370
58019448
496284397
17800215
87498687
257661436
22983776
159274803
405004997
540122045
61220477
16007460
312800783
24189508
136550204
21316253
21027715
36860676
433034412
450941680
838147382
110445334
18909534
224686131
69475311
14312155
15712598
214049965
57108073
121875360
374054212
335471584
39154157
237567211
99586721
382791093
20649912
22517990
18683964
259395895
19730826
246035048
834560773
516119280
75190347
39313226
132722100
129300682
52989817
806054906
505214831
105604742
47156427
19327925
116558826
33490165
196707692
421269874
618373
23361799
245538128
611961641
375377497
232666016
23271334
15866233
57376680
606826231
727090974
19216998
17112878
15739494
340443188
210862000
16642166
430235090
22825900
176406752
428742280
148817164
15603311
326797708
21751910
16927029
22447551
236483353
118552712
40553282
277271768
127963931
93288759
600463589
23587187
31627923
366260656
78623653
213182436
123641446
317864888
16049790
45828171
21333396
210926373
56749157
171243885
308233424
164527067
32129142
69928260
58485784
18996618
19186003
28902856
50434933
432895323
256794628
457108392
15077542
26519763
274692664
444824413
286802959
37255058
345143635
318634320
29290541
21099807
25006240
325588387
21140587
312485722
26063984
154924023
366249453
314865705
506699012
448077090
112735894
331754246
489760495
494339010
494320609
295952250
174105488
551471153
555221255
123316394
50778996
243860697
471896378
404149621
430319297
40805066
363860825
374049514
307699687
93978692
44105886
404368553
12446772
382293496
366632011
63700449
11511562
62276917
263758909
425725062
19729761
180505807
275153751
537307296
331136992
465281988
137466464
24439201
18482836
46542220
21658275
303930546
364378392
253709701
247501335
18034481
18148345
252662866
39403011
261918703
193374081
140286364
153106114
20270456
18769750
334302327
287779635
19148372
135108504
450412434
476763090
68493373
243680130
34023198
43919633
387782298
404975403
361342191
301399825
9967532
22202560
94339455
107462812
26151295
71947287
323358482
20186161
89719385
20390464
310624385
18820757
46470553
27965775
18690526
342803375
460408190
442961360
325776583
19046506
111660905
15837659
28982259
17849766
376408213
37736691
281134839
82894433
169947442
364635197
15745368
25101996
118756393
29216764
18134913
42283921
80670924
50769180
192679883
18939584
31451473
279797163
89237073
33238218
41196210
40324185
293781983
49620730
14549252
62928574
315614740
129879105
19721592
363149034
5558312
25691789
50378444
356913083
206755902
355200875
143559317
15150435
58020981
298484343
258551101
21655151
14758854
17800410
313923429
346900853
37267617
24337279
19326321
264260714
59233951
234886583
17464060
254263707
45883196
46732785
17467592
303345164
56902581
269932293
16463987
38497702
22703645
346231817
261180742
19354822
21402332
11660152
180457135
64260783
253854167
206445421
168337019
36968065
112234097
138084052
318071125
345615788
20801445
25056524
256789748
29845901
340545518
322228163
47960407
19637223
161009606
317862577
250706291
159319860
179821161
340684963
14675992
305189255
21768766
27689907
114050808
15570735
14844867
147403898
27649171
28399464
75208467
29248267
139522857
29294382
30320930
89347313
28379910
164330929
36849388
115192815
239667992
292406822
210849255
246081234
218373524
325550232
28293222
319806890
218975278
16612865
20608910
73303753
15725863
143457079
107039356
214926378
23569837
21517099
27361199
91038197
246075552
20489666
237336769
58322890
20479155
12037882
24898927
249711663
8953122
25953124
15906182
44463285
127661658
295835358
87286793
220255518
303307152
303544634
304035770
201424110
30793262
30789477
109317391
95554746
11131052
238371588
28188696
17753649
257249527
317375612
73660075
227551833
18287104
224432932
22080495
24818081
294442330
26293343
289104926
31496788
239244397
260492449
332225019
325254961
245038752
335399259
238310433
15553567
21608574
34004218
30968912
339171262
16130815
85633532
44263285
278035920
36477343
143053056
30102857
147678158
17653235
80346583
26646725
15553178
20600181
21157904
18097821
14841069
12354832
59331128
93876666
79743108
38787290
50662872
29612843
20109654
67445393
42859465
115785342
17069968
55267847
21322255
85131054
56443303
242098934
316559525
27554196
78373172
30280952
91135143
323645176
321013165
52096510
324946227
327491081
16640598
17094167
29291829
293654826
122537801
309888827
18064233
151033009
94605114
160573068
197023462
14662354
82901787
104519864
149136844
190881245
19148225
19719337
31310158
61206078
314585779
255988002
198283890
28162211
102238997
47694175
34371118
34310801
314123984
87874365
16061631
30236546
193095522
15112814
22223283
241707015
14604449
87596047
52427113
61574238
112754180
25026537
60629397
22230784
15838858
20253030
42298959
307423431
293139010
19008129
20398463
17487323
211235684
182567075
47705875
143844775
34776159
33553032
181260745
29887800
19914609
182005903
25504432
74437446
238624910
65376147
235747438
41590526
35146980
243478827
38369744
10770832
14176701
32578805
17146739
278145569
172491076
32736444
151305965
175177390
43915727
67014538
58908090
205392468
34622673
313427510
60611468
309138092
45474773
251716361
103677210
270140529
250562135
19553382
25311035
15379248
116257271
48821786
116503304
21027294
309351705
258834020
16635387
218468577
234370900
16364399
58120509
20545835
18313747
27234253
15515169
37764422
21010214
18983793
46681100
15985455
15513604
138684140
18891923
16297707
296341341
77210506
33931693
245404253
17157800
279066556
306201888
94344703
15987296
168295477
50073507
37917164
12272322
161305668
17117148
37697986
168739596
41668490
27371565
246504690
140196073
49497591
261270913
297767474
71948393
279324179
70546805
126159534
15267961
23032307
130221349
205798202
33073116
131580691
27752787
19451196
119065287
16618753
297184362
25305630
300457343
116070357
74805917
39152935
43993546
192091856
274471614
62883155
288355271
41729606
17622723
309836495
179970763
54900089
154590040
213432539
147570009
42021028
1092231
179991172
306468283
47968459
38161540
199096613
33894121
227353108
24187657
19451403
20935568
23949110
24784446
47974201
15826580
16890008
47648410
18915740
37019788
16138613
32412946
90400044
22767693
66170398
180416592
28017540
29015144
14354476
117275484
40907405
119214956
173629006
36721403
19124659
81146094
22160736
20441204
180053460
136477852
39791007
25738290
190909934
19816601
14786390
59215470
39763313
262717730
262709009
262719073
22949368
262700839
27206985
18958586
262715230
240393970
79456773
17922587
262702852
301031476
262716546
62517734
184111225
30946816
262731048
57722716
59046632
297575494
269606470
211589519
22771961
232948247
61062148
297064917
22228996
17869540
295424059
18367615
100526162
216512904
76794099
42580313
27632272
297163161
14186729
301447274
6458012
19609670
18977132
281731958
18080928
19656202
217270324
5928082
110492612
31148548
17251383
24603976
22944138
303267036
52839139
304179395
139856097
304786867
111045553
16806523
33063390
15432221
33318466
296470180
89245589
52539588
188917697
21943186
35298008
130837015
15165442
14845389
288423519
274639048
13502302
200878207
22979698
187150391
110566450
22199570
14883401
290282026
191919892
42987370
28936783
193348825
119743118
29834078
19813688
23336271
36844081
13942512
18402410
22223279
284154025
20733972
291708427
241280080
76685149
114786735
25293102
140878364
9300832
19918020
119087921
51345639
19927940
270907536
26623409
236989010
270379514
64092181
15893133
245438245
55993668
74463699
115682441
14365078
20727508
208711800
249861457
45002777
220842194
22387456
221543326
281588405
86151156
16949923
281445278
41829544
222955443
47632905
16081831
21318504
251758005
213680342
20800517
44834654
18610435
26237139
23529316
22668049
45755180
34666589
249629747
40369382
31181884
82997786
40534656
74247792
275572403
269940486
118148745
20811918
19524764
37699908
19416543
279403047
280024175
15521002
44444415
119880355
62500030
37578983
104040624
159947352
245896699
33040901
249757720
25717275
33287543
13773712
28257700
22864139
111116141
18283233
19454145
16740261
42983595
24476907
36242119
73424491
15740314
70162401
278728126
32976121
270947066
18035373
24807794
17712111
27114255
20571096
19418521
119787525
36742588
74237584
21300322
81913073
212589092
240827573
17088913
27746264
17495960
75730192
14973991
79811082
22212693
256727945
16686615
23632789
41664997
20824143
22260714
18139642
57080461
148509962
147377197
197057218
266742131
104261303
16696986
15688016
257812650
22491394
265646441
38717240
23870670
48077173
19375792
16011264
16051615
30802977
67328093
7061372
22298770
252163109
270186854
7864462
43187689
22592397
18664542
18346123
145221933
32751720
18265541
16478130
15693025
101121066
21892520
42363459
30597636
10987882
76349329
84113947
138407034
34354496
21679575
20444225
41677175
18496709
80366822
20560725
105334636
6478182
172410884
212773620
145476734
248868822
49985881
52407635
270705834
72145717
19365820
17840716
271908775
245178543
253594705
42314484
145248491
18081855
19006883
95952493
27757326
18237358
235198568
94461968
24224472
45214994
26672339
65720211
92337151
37963977
186220786
28373452
226164326
28185063
14381657
23446938
112581965
112572111
36038331
18484931
16037744
41707856
6128652
74319732
17573898
16268411
16320523
18187781
19611220
1123841
33714234
92775509
29124069
16054717
17601347
18097588
17294330
23867802
88738365
195007109
139556111
23824522
35566561
153534429
18881917
37715484
14562259
151118574
17475108
254592139
74198636
133370106
242082801
184631385
245422571
240324003
49956296
253093355
223662239
98538615
146691525
823748
139305274
22192133
201819791
262726369
35920760
51779257
28358689
188922789
148442216
48949316
35606727
177918792
34819760
58594268
213713503
156017370
51306445
99105699
33653801
17137376
239561954
219702824
108764706
220767406
27952027
30924802
26479960
153402684
26138118
24789912
167500445
59316118
70986238
18392968
126717255
25059001
51866565
176227911
21664450
95932975
148974248
117873859
177338756
34635167
181322304
21780885
40761688
36757887
23458735
65604498
154026373
22536169
16171724
76456967
18294521
213137691
18031377
267853737
19171889
236952680
211224114
18763101
145362307
262707254
29002100
30330016
196625587
38848515
103019354
128229020
211630254
13163182
37194878
14350533
81353914
138120010
104599875
47520651
158975292
33599607
50496347
263378149
160387073
48322208
25142323
112880343
20287656
161520597
141451117
15720447
16288698
175759016
227840399
267922943
111689324
48731847
78048127
177205401
25721883
25422462
22528309
11134252
15416505
18145146
20997254
25338778
14586296
23444864
36477784
23609856
20599079
16192206
27031183
57017317
79555668
37938191
22868367
20711173
16117189
85345229
20815457
175095983
174788610
26073429
51183681
88947094
52161696
249414004
249885589
130582349
18642647
14872404
6481902
16396276
15989165
66483120
27688281
188019606
19120160
27366227
25115234
14110655
19542622
19352754
17230832
19616441
14385778
169102940
17231829
16934927
67034564
26020706
159221275
84103992
76694585
251731764
28639966
267302588
18805644
238746984
40880731
40175214
150053344
20785755
31305402
16894445
24065160
16340496
32615711
14589088
16123423
30945834
260592579
14356053
17350019
81979767
91895543
51101637
94629361
27032706
101911239
102481467
107154292
29167573
107765162
54065433
23108984
107868761
25200431
180091895
107508056
15963402
170028505
259856666
92581267
78366054
145854279
58812645
18082374
28221869
18883902
15109904
24416605
12804832
16901195
25138194
17388873
16332540
16912355
19398394
31470894
18087749
19982430
22362978
19659390
90454075
18963541
165739452
16652989
19550728
31536111
18962814
96809667
30911136
66542498
25217702
161356961
209284534
235188617
49623914
51180000
21426423
244283271
61875599
27743998
94139317
33377314
17784427
33570995
15076449
29888540
28842894
151693576
105690080
144227448
253485304
41834268
100518405
18058317
149190911
15181677
34915645
19405859
25062270
51861364
24178635
19842742
28560942
16653349
206008094
16927722
18081343
41654524
38685171
25329318
39591922
20098838
11636082
19411714
115431501
14584467
31294330
19001799
87481701
22615827
16317394
54407577
16471016
62377147
100643193
6448372
111342547
74754195
31905259
14835216
21907547
75919479
19344224
19574557
16026476
18592146
131204770
19417492
27744185
18217624
178447971
28614262
240517229
218708335
198941190
197471767
19301991
198292689
16176966
15630635
17260393
142281609
29551351
19667343
241994327
28145993
14649722
32441878
20630658
143621118
48441721
20786667
21144206
46017363
136692757
189570840
31288732
21346939
20786861
39283761
18963371
15044114
111094084
28599659
22924466
82411750
34997422
65522612
85298225
70966057
16783478
109963332
119859782
47577353
15917457
44294403
247883149
48794614
151628801
40945629
78448679
237367122
187547956
37722293
200590947
60391883
22434617
14934198
17819330
42712806
30623686
17539362
28379756
22323249
132375735
23842860
234880260
46421215
84890239
21900345
80436211
47174191
182593456
199729517
68214846
159196941
34159237
125161139
16960812
132939725
89129408
125177569
58466723
14072605
51832211
113455377
40061315
187940165
174307197
47547664
94161954
140289523
138152513
187924245
22492846
248955868
48071395
233719071
178688649
262461656
33007703
166653748
237348797
28730113
46997109
18037778
58993647
14235099
17771097
19714783
38167547
149033455
130881848
34735512
22072412
17971103
16350562
136675000
21866516
19129936
18640510
12667652
57646955
153801756
15533743
73697969
112809797
190750728
16419285
33430172
15935090
12912282
115564452
110207321
232242753
52804634
27414611
172358392
22949841
19556531
20047055
15031129
61269661
18929551
46810180
29821605
69335911
58784217
23558916
21032998
19364290
22371934
26373075
53938487
18875190
201922674
9836582
60666278
44626981
127640229
67882820
75187609
19770993
154186881
161483191
50632292
247335604
76649729
18544031
31883382
20686232
87742045
47455112
263785986
18223522
36760821
221527123
56343182
28815502
63216086
19880839
175469686
57640841
17694764
17329524
188767708
148062893
17296853
245138249
31448867
67763558
160179213
19301867
24494015
24462724
206396152
238283406
18578029
23068796
217543151
223158373
23036706
236687155
15207118
15433666
163960373
209657419
250328124
134997682
23024452
41397811
18309610
23192351
18179250
15029174
16597750
16475174
15180827
16753058
21050255
16722138
22927525
25948428
17345248
15738530
16111534
21758167
16364545
16531136
47775464
27363168
66384296
40758773
36070982
108665854
67403013
67390256
124967163
146155514
23940889
108973387
40809789
19322881
115954550
152410630
40075979
137746473
37666254
37731615
122029897
16615708
138855533
176408689
21269970
24079295
196259659
221789379
90304738
95442633
40814571
34831021
18879507
43627208
18009252
128092681
23718424
26602335
78688997
169207204
19116826
37307384
193438226
29704856
243403820
119773060
34077967
259877210
151908338
56369220
260820840
13837532
25875455
253244314
36185076
121931969
16382132
18177001
7227042
16813752
16098322
18963692
18573019
69285211
119071198
82439453
168779216
20941458
76127145
16547819
92534445
25141443
28112312
249785871
17093617
19117439
19733092
16245668
110309833
14194143
15583586
17612885
18708182
34066222
20211541
17166210
20870949
19003182
61332777
57240725
81841486
78461959
78462344
15772401
34939401
83651602
85383521
5539902
29570362
90440773
22297113
145058999
53401994
56401482
37985363
190401318
78784097
17313416
63768433
102825696
28661767
21326868
46002396
15731751
40116885
15335534
16157855
130600206
27311044
16137389
20511299
62626068
255824731
16001808
113212458
33683148
256110333
85608019
16353989
45857881
21336836
30233254
15357193
65377675
18917594
16138559
111220418
24517233
15778584
17164959
18160675
138977055
16650851
27919297
62973594
238611551
193012503
254632667
19787146
19455139
50842166
255671573
240385577
88784440
216881337
17074440
15210410
15918708
26083271
27901418
1917731
9855382
16349164
14934119
5357812
18993485
7044742
21691143
23590468
22220447
14617026
15923113
15135348
34927577
20166835
15382667
36424976
19993854
136250134
223847895
50378649
221373750
16468012
23266071
5660532
211588974
18646108
240907570
193919590
18000662
109280446
55329156
114756202
106835973
42270989
49682516
196824385
20776497
19952730
16724219
30914959
10819222
190315153
33765534
15064191
242366720
41461156
254082173
71259486
28161251
9300262
65493023
41634520
18791763
36768711
14191383
16424103
15581825
13361042
17387823
15893535
29722241
180092066
46129982
19117917
16594804
17877451
5775682
61886317
69773058
17156451
183677497
182015853
96125691
7904152
24887407
19948075
15985390
30280621
17070097
18770275
42068515
16545263
17423948
60006552
15483931
19069733
22415463
16721061
19035510
118664177
15980979
56798704
77898486
16335288
16733340
15297414
241201438
27670007
95500100
22850364
18233057
17782782
245477024
172778369
178046751
179264956
113990679
239652712
21692054
19346065
14151150
21224721
16404646
15957417
15912009
15033904
53952452
19662920
15951499
59250050
20151968
17164488
18030672
18807641
16522805
58992274
81191343
19308777
90742236
190381042
16051469
20621763
39773215
75896584
167113443
21048033
17133657
40224448
123314680
39371553
19553409
41593115
25998954
14730894
36747476
16068204
17029323
15221612
15560653
112508171
14840162
16298492
34991792
18396583
136518166
166351035
16248413
18811894
22983019
85398354
22524504
28423263
16413143
156275683
18092437
18706381
15305539
14915740
17880861
86129724
57292397
43069938
52544803
30598048
87308753
193532844
17140463
74822498
109863367
23886626
17873511
74358730
204362637
17312284
205944724
198511253
22956639
198007429
210532755
160561996
211513888
205796042
141233047
58611675
29782199
211927479
126318008
210165301
19616739
41402223
18035061
216855513
170475717
219185084
23166374
214936844
24983467
14668289
210933942
85977723
196247923
214933579
171154131
17237010
179540567
110578028
41116154
223320981
48361898
17819471
14412533
20713061
30313925
46176168
7713202
37666984
177272529
114583657
81880617
108617810
30043495
9532402
18678924
18916432
10168082
50325797
113420831
14529929
16031927
11650762
18172905
14669951
24802436
20957491
15896703
5336752
15727317
14049145
8565452
47739450
39308549
31136827
16007481
12831882
14693499
2467791
3108351
428333
1367531
15922214
21612122
20245031
18216752
19726613
13218102
9508922
15727817
10615232
18170310
7270292
19394188
18061669
47975734
21111098
26533227
14246001
15647676
28576135
8775672
24905240
17546958
14268812
66369181
15116570
22650211
55421408
2704951
17809507
84129740
5561412
11856892
14344823
