3246896835
300969036
910820737
2252090803
26834339
3317799825
534733488
615491216
27311044
182653720
953952349
14894296
3002509337
18909919
14587949
16187637
466645191
75367781
22528309
19734832
88007912
2953974395
363893602
2467791
807095
15754281
236097605
486894694
236576910
847487970
160330863
1955118518
26777550
93575832
28749406
33916007
22409843
1154894353
613725908
518644221
73303753
600463589
75364211
18632666
1623308912
1048784496
1444015610
18958999
94784682
2280942656
78403308
1209417007
21619519
57995307
234126951
1908143071
2389274473
2253968388
906782533
475988505
16026732
31491013
1305596696
1058460818
555474658
48463400
28833263
62379598
13877002
15207668
136250134
69160674
63650107
24539426
15773898
76043920
377534571
15378621
381736092
76132891
242376736
235217558
402029058
249339682
114607567
237418907
54412900
309267226
117777832
63150856
237781383
7270292
296245061
74759245
249288197
23124635
76350004
14904437
15751083
156703580
18233057
14275291
15985455
5496932
50055701
11134252
733751245
20733972
21823387
389028352
314335929
15356407
212262370
51228911
22260894
217543151
234837632
235719973
233842454
233761277
240427862
244268646
242926427
246341769
242873057
237348797
252819642
248850174
252819323
221793778
239871673
245408102
235258843
237403203
239561508
235271965
240393970
240385577
211901075
234812598
234797704
240363117
281540744
249219716
137407124
237944147
211530910
248699486
240760644
254082173
296361085
131546062
9508922
5561412
18020081
15745368
23134068
264219447
242761889
299883942
259341329
18791763
30944131
20713061
18906561
11650762
65493023
295685416
275540982
278145569
237862972
22055226
240376522
238321369
237299871
235251868
236541422
237763317
16446177
24183358
76452765
76966145
70756980
83603750
37007274
155642785
52503751
22545491
18277655
28358128
234053893
18566912
34340464
236960387
193794406
234469322
233693291
234822928
236899846
84620376
77250424
198526130
78431501
124224165
224294785
234937222
222286905
17896154
75339427
236479311
235190657
235312723
237750442
24735461
201079432
237814920
235289157
221447516
237312687
236916916
211420609
229197216
234022257
213634439
218349372
233949261
234128524
219429281
234057152
225921757
224391627
231592153
114756202
104598468
99645483
20115740
18229117
101843722
97963837
130714799
102777642
51831703
19188991
97171189
76445672
110545675
27775884
50036176
114388293
112508171
22983019
21048033
81191343
93965901
116604329
108959334
103868633
113763245
27044466
77839894
59536644
81207735
23775782
63073834
115703194
45994332
115402745
38978018
91578313
17674136
26809683
21572351
70799725
116616867
83884063
97803194
146099856
47341545
23820360
125139645
122713203
56469022
26324609
18056015
59969802
80956768
17544524
25645556
78387677
18004222
56944812
31191969
24852012
59223077
52470438
19828669
37094727
33655490
136526394
142499778
117150125
20879626
18060563
21346398
112651673
100114214
50918998
112907328
21509894
68277792
69086398
150737366
190328374
161743731
74198348
33977070
25086658
50152441
26424123
55677432
19069733
5693842
20444463
13218102
19028248
21157904
18216752
19726613
19269183
19394188
18170310
18061669
21111098
26533227
20092295
20088666
55235265
51229845
15116570
18905115
32010840
18967498
18317325
21329888
22527499
15600527
23951197
18916432
20015903
19139963
16102244
19912734
6577802
12726012
15281676
27676828
8542882
23121519
15394954
18943852
36654245
48117116
26778110
16721061
41363507
37920978
32506723
40318829
24773493
16256269
18805303
16056306
20097342
20209807
19407835
18030431
18891923
20467163
18811140
19926675
19616327
5357812
21269970
26051676
21660348
19929362
18217624
20796447
19257725
18166778
17800215
22831059
24904117
15160884
23970171
21897518
19658173
17513304
17395987
28176898
19255171
19739126
15428227
23976316
22509548
28837048
15856366
17812398
22109960
21202894
17074440
22545364
19209480
16667517
16433606
17993906
21700947
7713202
17976923
20252855
20684265
