174297119
64496398
1500458906
95974330
792477054
3180923486
2855804532
24723642
115417031
82705307
3232251584
3307459493
64851437
3221908099
3241143857
3237578306
129296528
2362216524
300270852
139805302
388501963
3111657019
3290062785
18961384
2715745851
1262743290
2367903998
2434978466
3244689452
2362104414
3245792719
31366504
357196495
49477112
1975557122
2918887933
2218006747
131103229
3331901896
820896006
1416773454
216587959
18654832
1166985350
112508171
228348660
59501894
1915470624
302821001
22894077
503344756
217544261
804100532
1909575738
242376736
270951522
1059240924
74811870
2456930618
512613427
103087786
122567777
140602271
2497015867
1656292837
1526531683
1405337395
816057780
804491964
2284564039
15212187
156005263
1131122617
58115655
26088115
234469322
226321171
790962373
57123630
27974888
51178378
377478420
29471210
30966593
1226281657
60828049
511073966
18703458
25755336
1077020743
180134634
78938427
1092979962
85861034
23976316
25770408
1058256326
1278897110
15075753
28176898
530876632
100600182
19658614
44209472
36954386
190589983
104874562
261264232
8983922
345150925
69445791
106764563
335473116
103151569
102277837
171250696
113112428
162801161
17172819
292990703
15918708
15922214
17622723
32010840
25727709
21661605
24769428
37287305
40804860
17346162
1089334250
378755427
326208966
234937222
136550204
44135635
18294521
21817105
331678866
24731494
22866687
19638248
22853715
747601231
601253994
1245367434
985567560
1075108921
475208057
55649452
466950480
91744236
1071251420
108619944
948166476
711513150
41060366
20617476
514749390
59704606
290804115
92775643
370183704
348262940
30912937
40497371
1074101017
966442267
15537423
1073212812
362864716
768415320
369143526
25951078
337595668
731400535
42748711
250706065
1228652142
286898862
185505217
259918701
46724483
95697765
240282772
89526574
26194384
92347514
1242946140
90645095
18071209
90973900
19253918
104342395
30941026
1035596292
1042942130
32445424
159609651
16046103
947843994
175163085
27675227
21426423
59909115
462348784
61244745
417664241
373011304
248850174
16703058
237763317
39308549
17560772
107620932
44085236
75655416
109287646
535181994
97337005
44395797
15210284
93723445
863381238
27272600
1244118840
1265467566
197345499
66350411
1310708510
840026882
1125409915
176135285
839585917
222569192
17005219
223360975
113710347
12748572
16424044
25781141
221162525
187414539
878722153
38051673
449795350
762851268
264221149
324403737
621265079
14834432
75367781
1430524482
112604826
1120298527
29489403
789339462
18455366
100407432
22463324
293131808
294684836
36492603
326514445
216562521
77640715
15745139
21332200
24827451
1060860422
40338609
23912630
217287666
1046531203
619501923
1155212191
82439559
1080844782
614998266
1138688364
1031422008
43983401
228932888
143258569
348201714
161503286
452344217
572299812
46897362
582019438
874822579
240812994
260018779
19407380
1011308629
240383280
398919818
77521601
16302064
350927143
68442170
958081542
15832775
240376522
19782176
602997805
29305836
833990756
386104803
701303623
270154678
292590965
353190789
518644221
25524208
34069014
6997452
60329634
427547952
168814450
600991865
425889480
16336478
1068990122
278046673
81049855
15976256
41080676
17927796
20488019
235271965
608639578
371891571
247844389
25128598
581083072
1052012460
240877623
10071432
118190428
137237269
432917529
20750643
15377696
15281779
112177318
103509604
12765522
237312687
21023209
17718488
540285889
102546916
28859894
295466696
106465257
326408771
16950822
5561412
234947020
743985493
941359285
19492233
728565668
521060392
1011705054
31285973
26051676
15808765
26596727
123282266
968041194
1133351336
870670477
720041906
288886063
67551567
1003011265
1037084538
28570569
14672279
119980244
1006959823
18805303
114756202
36654245
11379362
83932732
300381691
5514792
850467042
900274172
991832936
523677730
120410142
1214475872
117197307
19808819
19077055
1222580420
376001205
408105171
46952722
991821667
323362507
401629309
48763801
20014801
16298388
620483834
63009240
1114485228
362015638
114366939
259878262
360080281
233693291
22687837
16439804
14559881
459334383
549716269
344377992
72694504
1137600571
16814727
426895130
353081211
41464356
844062990
15094014
13290842
1146815960
14617444
114388293
174716364
1201917312
19387254
89005882
280887916
25398284
138653179
159833744
67160135
56275787
56934461
16350550
1051307989
14730894
41454303
18873711
161743731
66347449
480556612
351133674
506929789
560117034
16015621
23022687
861338246
39796364
81490353
21443271
393815471
6794502
17800215
5357812
328356258
335476450
280372038
131546062
779056838
158242564
612433367
501382726
124224165
121227441
301549400
28228650
16220911
67671333
158996721
104973619
14732526
25021661
130325424
108404573
45861760
15794743
621040309
799477532
8542882
15897401
560615329
280203345
135053252
589869443
823704900
275641207
333210855
36573744
262970655
388958868
49675523
305737834
15160884
46461212
501709599
310065496
274325894
550410250
523569051
299154244
99553061
391034034
23138621
750669710
701725549
32677499
344342855
620633651
81272184
212999242
23232204
67738195
42638402
15932085
114859756
24735461
81919296
41377639
111423122
466623181
550294448
572140623
55336991
11380092
397384986
235190657
234022257
70080015
181692939
390282604
81941185
441449465
312211702
240112167
309823586
14246001
1917731
15450996
362597648
20246675
10648962
18791763
438605034
66305104
27706561
813970249
23970171
15394954
30034253
562211615
115734982
273949938
248447252
577609337
587556715
560580767
19693903
32393576
23632545
53301765
6577802
67139259
28889446
23141243
621335433
364324160
128970371
46807181
244331679
236899846
222195455
618586017
616625821
28877939
59721693
29865139
419896169
252885449
30170729
616533667
18785549
91744614
1465391
90116111
17349191
9109712
16256269
77282328
93288759
104631905
69684767
28162811
602371899
133411169
306001688
53571098
26487169
369083112
272125687
517055412
522526229
53859018
55321133
114572222
36274813
26283568
26559483
196639784
8847632
190328374
71669234
15281676
237504609
135931182
473423047
38516217
203459710
268525875
221200874
53146054
344713110
319445345
206522478
127486569
591105070
16227442
45697504
52515403
84119348
97171189
102432081
237862972
474076544
97239626
455032561
272542662
234057152
240363117
94705448
211530910
309267226
314196144
380529483
87793207
113222894
42604379
137407124
99289820
176646411
299883942
250832397
15356407
19242010
27032322
28827600
169241651
71376506
41404006
16796557
157407492
179977881
241884253
246341769
277126369
382778200
107553809
254192856
57441339
19574755
23033536
234927299
49634881
444032389
307536420
35997473
252819323
17978136
111106890
44724973
134848877
51825003
449063517
16798505
49676366
271234795
43958971
427461253
404132211
437435558
390361137
386092483
448077090
443116470
178051196
237750442
353155284
46041465
14332280
455306401
388934702
462193099
195193469
161329769
380581302
35040789
68090854
15966258
328037233
83662443
424452660
111334252
55660287
284574432
28454400
59192006
326929954
21165226
53561981
338918415
45435324
247447352
28959225
25987646
402029058
403463458
42924141
27682559
305169634
19561670
33332251
37562817
399162660
19454799
395019118
26324609
19837886
26080637
18049633
32485380
285635447
28471132
235217558
68888437
29766392
19981363
390185107
35829796
314335929
378825316
144189766
396221275
43022634
333723173
68296831
19563355
288507926
397627306
28863138
36480720
188640630
361405157
25865394
353834752
297029331
18723974
73899524
18337099
258083601
17487795
20286844
29255464
25608025
21448988
332040370
357804729
239871673
155912061
338553588
60463743
17795084
352697892
46201350
19739126
296954894
24425248
24569975
28008669
17909670
350404786
188827405
49555067
343618883
19209385
30579591
29226660
262808373
295938866
153548670
15272346
15921060
325691585
97117774
16037181
358606388
48425512
59689759
335483713
243016578
24736925
29558711
263379552
322265311
27582406
286012996
3135241
94197072
15390620
16832872
156388420
125404945
118249504
25956756
267583652
54583752
35830735
37056172
235382964
73238316
24383393
22600144
42538248
20695333
33205490
31175661
259620884
224294785
109280446
191400151
44608453
314385816
252889035
16426983
317608866
33983758
90490354
7487922
21093964
5496932
21771686
266393743
15987296
161097939
320237848
49552615
32593871
33788397
23462455
42461804
224391627
26034739
189942910
31690998
17145940
86523551
144057659
54207182
23818058
235251868
133439172
43570068
127122241
274183274
257217856
260117897
25345883
233949261
299027259
211420609
252819642
240760644
193794406
238269188
26598413
84620376
201079432
18317325
236541422
159191197
20297258
293385147
106338272
248411876
18451235
234837632
221793778
18175516
144986277
194833325
20477312
20245031
19616327
42845059
213634439
217912727
139857988
6333502
297727408
22869663
40779506
240427862
195039023
96508790
156906405
244268646
221508042
25837601
37419748
76061715
16315120
299864992
249219716
25029134
21157521
15976697
73837327
14248640
57164759
42913132
18228178
139449099
33600981
57231210
172067011
243820238
39630997
16084075
110918004
15079717
14275268
15406025
173901962
67239054
177743663
98977661
237348797
18045593
237781383
25891386
21062272
15675138
268007771
234822928
66491920
161791703
16187637
15396680
219429281
209792690
19037905
244126588
169240137
78369108
236916916
287297991
284887236
22082445
39184406
19885377
36588739
18217624
27311044
38331797
153151632
76350004
36575786
153547072
18650197
248699486
38478823
15600527
234812598
17830132
26827068
197163896
22528309
18258453
17058879
14631084
10168082
15079397
89058215
162112933
15130900
22049571
24898216
76186310
58928690
26433072
21789463
132201224
158520264
16102244
277104778
278145569
15923226
35060071
260479308
275145228
36804447
46557945
30095477
217543151
252115520
15136820
22775866
125874115
197039674
20545650
138567998
255102183
36128561
17390888
29766367
108083058
123309919
19223352
19286001
89240602
98660007
251978131
44232147
15941955
14344823
7713202
18963842
30118202
49646990
15819180
87566177
266772387
40615400
20280088
70495892
242873057
75690416
241818979
21351517
3461521
35017203
23175245
16059563
14576408
255351078
7126672
18891923
46300272
15330102
172382653
33977070
18223105
266102058
39608678
87044950
19407835
110545675
68730426
235258843
22509548
249482040
15534771
17096533
31048444
44215945
25409341
21351688
185346392
18490262
243772709
63212108
14095706
17662443
205432945
15837791
28594702
25431499
27172954
53453330
20809500
18916377
42000482
17387589
109138977
16839318
26293494
15207668
221245285
18009645
221451752
15827095
186894262
138529384
17602996
16045956
30811191
19559177
41445718
195617425
168485883
92689000
11303052
15244984
138859197
35705936
111018665
245168067
25695046
20101427
22095898
241469548
17640609
14389132
17516275
137706279
17743015
19265338
44960116
17202594
17976923
