37943417
22375725
3068937590
431105217
1240034964
169786873
159143990
3219743768
130917188
2425792465
3107757899
3248226217
468780427
15674066
82452644
22429979
18786278
2557507771
1137600571
25929415
210856971
15760637
17679229
2980283879
14345193
3181417586
269998043
19675016
378223565
929842424
180949358
16794568
537133613
3014835196
491203981
3223646504
140594999
1947265657
393488321
1536791610
25903960
5031151
33575075
18316818
2687805324
88816329
456692341
222666657
242965065
1128932642
2250931860
300969036
2888895350
1172653034
545625585
2427885031
318531893
150062344
27634852
60784269
24881388
3044580759
67700256
17148848
67700991
2279716418
1255179128
28616639
3140766031
335512630
2930635215
199325935
3020043654
4030
811446133
14945261
1976844212
242598676
1400898841
3079758034
520583118
237770636
1222257180
365111367
27145088
306946569
2877851058
2992886017
6745972
254136706
2245603687
141055605
22641254
2202278850
1564307006
3095493190
3086531060
1210476625
21257545
3082986275
297528633
1212554670
16557667
18743568
28668804
3065915382
2174427540
1633158672
3062705737
2983185733
45654370
37007274
2849158170
1342861723
20024769
51002583
595819399
2609677488
2732294497
22797514
2685639684
493678717
247554512
104601548
94997082
85622573
2248717502
37972706
1322605766
2981592346
234053893
538399586
2966570782
283146123
8487622
1084989768
17539497
2281043022
2320616844
223547610
18352686
955306476
2984316288
19040864
2175120708
353018294
32211808
18038834
362153146
2958811541
22146175
268702954
267560004
2397630644
2862577383
1347814080
18684832
27562127
6581522
1114876050
18487710
143783013
515562132
21443866
334040588
2834562530
471199076
1170164516
2408015268
1928459821
2345421662
2165772116
1935977436
627835558
29874738
240524364
2968451607
373109633
21736012
95472439
2963702414
2160694559
865319948
1398468536
109443294
2784814687
18978610
2344211519
732422400
48287430
68770853
2445591096
35078260
353204019
19787330
2363252678
227436905
5771562
950390366
18839785
108208175
64042332
58569513
789955777
54271744
31331026
205399126
18648358
605058207
567191026
57377437
45550693
297758110
2929268562
46223
2847636192
299988190
31464192
304592296
76593838
184610818
15358348
974876868
2559534386
976264610
2910306218
349210319
1635979128
1381926373
17068858
2796155975
167608198
21059255
266719387
426028646
2830322703
2293987081
2787238026
422212540
2493417344
300459907
286470933
15271184
47436923
1345580348
555488830
41182107
328738760
2154017378
7304782
234604584
236135802
191197914
279360261
2250694614
36317599
423786753
247602443
2499989959
268657142
24981492
2852225594
554749709
2190898868
549592547
1520501
22158430
15957612
94418344
8548612
35688200
270017791
946462302
74767750
412541581
1566408362
30785374
28032974
1733572212
714780674
380637636
118530377
411738036
14238142
42028497
19675017
1552618212
1606282699
168857946
28204939
745751808
155712453
74007756
2717664331
1532137897
1357963112
1442218652
2335652726
2384252234
2724238561
35521789
1945949088
20337469
2320812032
22737786
308149975
8521372
14427261
78704822
376604111
17977186
27424230
33747810
23383636
46786678
32455614
342038269
21159888
1284857060
248495200
852385597
948786962
377620558
2756874390
2273995189
77130934
54344986
1598644159
193068992
631737717
198374745
517299066
161840982
150738074
98427091
1445123089
1975621081
554717895
2411860092
55309382
2629511964
185747570
2734264193
188509457
37738073
20489155
15976866
144360747
19805098
16801671
2512838016
2532942559
16498641
15887201
2422405800
2698878001
2281111633
24467697
36987915
2451543576
23547563
31583882
21669123
196816914
593100097
1340322055
14056817
1702222920
19593572
14275426
39595013
3554721
1879590020
2466433848
2398066861
23555490
83856032
50145722
717754718
51575022
41723152
44465935
50447280
2671993559
397047529
274581613
78719087
2476545004
2591864028
769758313
517236995
1631412079
1517267136
384852803
50870890
483010877
140286364
44709303
52195943
1287334873
302182987
36961179
39242835
23708172
574747315
2151786055
17008104
1364997457
17397521
17340781
15473429
1260091734
997285801
192762240
126055245
2509028282
199095219
361890181
478993121
22680719
1460002038
15008386
19380775
207695569
78497401
2280669680
815436163
2343134072
130740034
1382741984
29229561
18882837
898986043
28959708
1370497826
1618669622
7068302
15369123
1857533288
52182131
23911915
469503813
2422655437
18997068
1260172386
2413363292
385133552
2180504852
1135486501
938016032
25382012
1469101279
2400137766
197776953
220283722
20635601
251731538
231723415
2325994634
1435809432
1388717779
186382841
450256953
1531980092
2335677686
131991270
28172926
2150123534
2948211
17746320
18239888
29944407
1340093874
217492696
281593711
2326112988
256578308
288751432
25786620
117004374
2362923030
21723929
14659350
175378976
11348722
5408852
54116526
2341044722
1671069630
5807512
285297111
2347997820
387503398
20527726
325823775
34315720
312739589
235006792
2327860633
45924487
231340142
133856774
28206508
8730812
430432989
25169147
454675499
18697188
120059258
25883188
126694968
16989178
412806234
1071840474
2278614402
2284179481
47134562
245508619
52541153
612925396
275595575
19912598
2200276536
279908847
31534918
1578519660
14763834
258161837
1074518754
17947700
285679979
16535438
1072467470
1206227149
350718961
186910317
225549375
28502793
846493376
60030161
27893222
96126027
483394513
398157436
155669457
40787074
355589054
2255204664
254134747
335066240
23501907
21103426
18609221
584988532
20109359
20108993
28898833
106247820
18650143
599924697
60941359
80715478
14372270
47539748
295466696
53732896
240812994
17576401
322430765
64959401
123073232
13298072
436071530
14738561
44196397
25919401
377718590
31940756
1364930179
1339835893
1330457336
355906128
158398519
61419049
85922200
16302354
14326865
51563517
423101990
2182416270
2182559311
2181556790
1948498537
572225652
34802815
260802067
1499576712
181331103
467823431
1064206014
1051127714
98912331
364643881
6996432
1122282163
98909375
386380290
14522630
1060984272
335326469
79522532
1092979962
1080844782
126171100
21005767
56524311
2153796996
79258256
71156555
75858344
27557196
15418348
806057144
861388620
31512753
1087818049
26420906
24222556
250980843
49421426
1037321378
942156122
303861808
776664410
1071102246
16033549
45260988
703979924
12211422
1655320986
46945899
417649013
15950086
183376172
22889849
165552004
18741652
14264258
460584564
104175143
211031794
26707512
174110843
967240094
831991807
293128525
234374703
17862307
206721200
15440286
255671573
15245652
16469463
70118472
825724224
15907986
22859457
19824430
249850849
613723154
204905640
88806753
315919021
313525912
95995411
247387223
10822932
14222536
45918803
396039799
165872275
17496334
479069420
309823307
165663598
346029369
33234730
960950732
7809252
348959164
7228682
38232550
929113734
194171275
23274387
1881803426
131213338
15476915
295495727
123310100
153509042
229955820
145019023
741150194
399791192
14437914
582110859
20600214
25838635
229963617
284714517
38720614
48492291
39522848
15387222
35831099
7849842
156763292
135198678
584226351
1857722400
331244103
449588356
1700911370
1161231085
19367065
85249348
1000933489
1348785662
760053781
148529707
312182888
23839835
476213099
587783109
431071870
18025377
462137401
36381920
25236833
1187552004
1691391678
4207961
14666934
16076032
1431349254
1290360188
116217168
25025700
14766869
774964
455278761
167450918
52442742
306323725
106837882
604857214
1396212649
22206243
23096391
239609988
18592744
231510077
117656907
197567344
53086878
1392624697
126456232
47975879
253873288
53338746
1658269148
1657266265
15428227
16673400
14369905
7794142
48361925
32516805
28883305
386165024
1614054846
35856476
17763693
33186808
1115626076
331455321
1287230077
595538135
15760165
917105330
272019676
39319668
1359737186
35922194
1596735439
13985262
1335517206
36980342
16017475
47626551
1074101017
313377740
162069635
138770045
380674154
342863309
304880098
1561297867
304644511
176521439
52106506
1472855774
305822743
19275598
754074600
599284756
787037258
180027534
110466067
16228167
60079343
314247066
566570274
19362037
45516390
1392282998
113656820
1542372750
605165417
8433072
156708778
16895274
71666654
119615628
952540201
2729061
32194151
16175650
221484024
27220683
14358080
332557962
136337303
530813968
1075060123
1099433214
858646280
39441652
130026674
20523846
14179165
112236047
30261067
128599139
19661363
816653
79204815
8108972
13981132
14655177
16186995
44266660
22409525
123341759
1390071944
520049026
243601097
252819642
57412831
114607567
23951197
432771620
239905257
252303415
21713274
124003770
102734692
1186
1210399537
15431118
15921173
470715251
16565319
745273
33357113
113130846
18950712
445246882
102546138
250402748
29552276
221068485
104299137
44725923
21444175
73190286
20685982
20052728
1058917562
937723303
1244786665
1447543724
16397818
11388132
176526025
18516472
250188760
116319448
83698945
41967463
12687402
15346615
400448353
19739126
14146966
5561412
134631307
753299750
24547707
21118985
13213122
16535694
25243499
64876717
36948268
14924430
78037412
25542458
159356226
32983170
19411733
34357873
48520670
78946410
5746452
5763262
93914412
367964805
456135808
29970507
30913636
29447358
5895742
49798853
205799865
821978
19616718
16045268
310455468
269542188
422991372
36061678
6708952
1418937470
201419073
3950621
29635680
13028602
19553409
15134782
65693427
83518605
15987296
1241871
249738176
336683669
326489988
243793691
225663702
119561610
16745947
772667
6508432
26449988
16305330
19948217
443881429
15678816
148116121
756361226
239694448
17105998
297505251
211213265
225461516
16405372
17513304
79011908
22528070
958825640
74620749
14959562
76350004
364465905
95929534
1099299931
260845829
17524108
1362866868
381932181
398175271
100007671
478276697
128622398
39364668
587486420
1400472715
1262743092
540927767
17985190
29734298
19848867
970529419
18725061
103469435
500436115
462349727
202623127
43815496
21692297
17673288
193306907
427234885
261250076
366606110
563971773
552973414
227739261
23004283
59502660
55877057
548924165
33154444
305588032
1307820385
100333116
48029399
164007407
627949093
1046657701
292701678
794532
14882554
38250004
89714713
426862142
15918708
15922214
175487602
240385577
27981646
18730427
28642273
500704345
316879548
15952491
23593446
16132022
193732179
37945830
16395511
20715956
23013488
40927173
94682674
19873504
575576615
1248023346
8196592
181145158
191477653
277140228
175516613
54990843
1112972713
15300995
958922191
74501824
26637348
103130238
144921326
975200486
29239792
523743767
14705272
939119784
1324667310
1342881751
14275291
1286312880
166555205
1315641960
346384098
17038124
1128353214
1249388018
20886079
20536157
501637514
130241111
16049796
465857510
14669951
1316996828
222123633
273142477
161344057
1059240924
21414413
222323556
381699826
489696634
21130922
79105151
1226195785
1067343709
19002707
17564591
727472528
1148363760
21485095
188130402
14318609
782918371
11159
5660912
138103050
716564185
99990936
64420220
16838443
937071079
381289719
1134292500
1081848427
355610291
761783018
41729393
193532068
4131071
1167314444
294374084
32718488
17522250
279390084
49990915
7591572
1075872073
76649729
1093338182
29450962
26299078
432557320
19489239
24580952
15644999
31030273
17445453
31051849
109065990
14277276
18172905
448372273
822722
21982720
89774491
34743251
231175831
153952559
15905103
21336725
36563254
635096032
312134473
140519774
44873497
14412490
141229888
22881126
438019172
14749383
20098446
26928955
52117191
287965778
69107550
38683711
21220931
22266710
166273518
606790455
51391495
163915032
147492754
90420314
334098784
84418967
854256612
22461427
1022129432
281129299
1011622760
49060739
129945172
7838132
17636390
17430435
16089536
27283
15227791
16195714
132703897
431651687
491569749
377609596
37564520
303395606
1657311
44903491
75037263
108209473
54278489
19032473
5742822
132735612
89245686
17843439
214184334
163567629
29746415
896221
492603877
19608297
95713333
102148991
103075501
305623344
32631936
402170643
386643921
14384907
437126776
393729507
212080946
50533042
41737523
501277360
14676022
105204345
50463312
11852522
12837932
18466967
33039483
54243056
348511765
869667618
192918078
223885558
253006707
11579352
159002745
281294439
59005272
160468761
9884632
868004995
35581825
244655353
9979022
220549230
597878640
271128404
75124560
15948180
262864446
25781141
19807561
69638878
849990626
54915198
15080878
16811586
196264627
850600327
8943852
36029913
90959399
733751245
57128848
18528834
411985485
28000754
8447542
19103481
272022357
618611788
801398352
147664482
703392858
17354377
778705987
34113439
268349948
38903572
18523090
106157582
26347981
280332586
43087945
10855372
156333623
313068290
12319862
279819192
15082478
643513
409486555
18620179
17037258
617825073
284200942
18327279
178410725
47341545
733504945
31455332
41988894
281766200
611986351
48459797
47436444
1398261
751759981
16041830
16049299
318534201
95512991
472315803
785525274
19677673
35670796
15617578
464305609
561632213
758287453
346082659
15885590
17562854
19195109
19725644
40469169
16631997
16021001
18212246
184300298
770140592
465173516
119250381
768034242
15837659
23329908
244724428
252622141
234391018
241252324
46969683
14056708
50452197
20437286
21925979
158414847
15846407
50702044
28602948
241203719
15473958
43370735
144284474
16874570
22262038
256826044
52536440
72701241
21615146
48980310
14832547
285831456
20600084
352548417
15742985
18748292
14338956
15770165
17451031
27247847
545229562
458802009
45939911
44308191
602317143
36030289
115485051
15816595
23478246
86564461
15595816
18916432
255325817
5965332
602099352
155971530
705320294
15093646
19984919
14209424
145248491
417607477
10191
403829394
389184954
35633966
5392522
365552401
460620980
12
39768084
61302982
745949054
21257458
27376721
1344951
1823621
175215039
11990922
242206344
18508521
230244082
166592376
48177456
357710174
119438028
239949176
29293808
15032021
10828932
40112750
16467567
32625314
21313053
18086440
40488531
18909919
18829123
161791703
242892689
85396297
252249233
249348006
30519864
15182798
1183041
1435461
16245822
23962323
14647570
14199378
8963722
19658826
15234407
11348282
274200424
410133876
63204869
97299311
266824491
14370968
111379452
26946495
90487641
11856892
234473177
330700310
65541886
26243058
599379835
44557541
269976818
136514354
19361750
10615232
165080948
8370082
393358709
106949157
41017380
12133382
9624742
7713202
9855382
20713061
254689217
355653230
17907578
585360429
18787073
562356136
178639284
358386541
35773039
17169678
150078976
370305076
15520732
37737728
89817705
591439957
14312471
37585296
19658936
15173910
128072765
263779836
19247927
235439061
21113531
406223784
9283222
220589202
227341953
116324294
11342502
409034493
47681643
714333486
182982347
337164295
138864012
715180392
726393434
214732493
406813226
635429529
171583117
220592045
16924453
612871161
417764415
722496865
404093538
708211530
635858561
712878528
710066347
706200013
249888833
14075928
14224719
140799778
22812754
22812434
63169388
19918558
21690931
18293999
21226242
28148976
100108717
79346927
621058702
23069494
191159103
634043050
637160708
91700016
498296903
558630992
637279382
474451843
700211467
124485366
14911910
14848078
597643891
165612428
24701513
223946484
103724305
8819922
88373269
95700817
271272137
105297892
41801624
62406858
36895136
19350549
454943330
127293727
91501494
15355246
16655147
553000443
25664171
160577550
609547183
44829889
16481890
20402460
234746230
44734712
300064423
37687293
478155091
129343561
51295996
331597409
16707341
16298388
14603464
487150184
249018245
164446491
26035074
38718713
707486442
276865532
24549432
600250440
516947600
620449138
328813061
16707773
95347068
66557678
708958447
400324462
711209340
462225717
243031503
266790816
406657901
202035385
123733683
26794586
15752721
507770860
711013730
9658642
236184182
35636347
430819319
210207597
154562617
183480207
295251685
19266227
122860187
114216425
343838453
221466341
126223865
30338668
18572035
22524761
93252584
40405765
30959769
250202411
334227980
272745304
589866972
413533828
628038046
478216296
59911924
318446088
21062228
712604209
339852137
52488481
710247452
35000406
402979589
32229720
348219285
125401465
712637215
612993766
707071484
707515586
19351111
110724247
14249829
404464892
599605243
395586805
599333156
16305701
19306216
180666785
156518643
50532121
203112548
86964101
41479327
314850935
711136110
538547645
21380311
63093231
93593428
3526251
595835030
399793878
147842889
92909889
338254449
53240967
9624942
390268160
15882861
3729831
30082659
18890662
453373348
52349359
15305310
606941617
83764100
15890899
222565970
1382561
5384842
17050482
77188785
189997665
186294041
47611209
17781158
402607250
58653191
383382256
348102156
15125583
465386906
167580125
581374400
255091337
490726432
438688243
34165682
164249175
7411272
128979376
14221588
130689522
8241232
18291469
418
366668586
36823
1835411
11640472
26642006
17220934
25365536
16409683
16317406
7402662
40533912
46038835
10057582
16689804
172779883
247400444
24913422
27029537
5336752
19192100
24611889
360349601
165725379
124680363
158897152
32154349
25772916
479884440
614651404
5909972
188579641
144780076
21867629
244855557
22844556
19151501
266067254
30659704
601691423
532590453
281126276
25273598
253606605
14290630
484331705
419925326
57273735
153976794
377529734
743963
26273796
14588647
242645556
22374042
117410806
40403551
106564032
74843314
17796670
134955887
542921210
30454375
320721453
28731608
213130725
241285111
115725627
9861232
531163538
22182360
201752134
43705534
21087142
14589706
18978400
33750439
25044927
352332954
229276868
390319487
20532822
58998277
195766432
17941516
39633165
14977175
24688363
17890179
250893721
354444101
18556493
229134074
299145001
35908554
1080761
14602725
139413145
130776740
375203318
14148533
40797491
385600304
241095220
56178051
37343387
80071170
282143142
2318701
22571213
471954927
52953646
20020367
9151442
431333848
517763941
395309039
562280117
20660501
121115058
601631110
389464943
179196713
70152872
37692912
192751910
48374832
103981528
461733454
344689975
25333823
52833659
490704425
532833992
22111035
29515796
130031665
29923542
14134777
201825023
20189727
28948737
54749577
69177983
39651012
543600989
19916346
51470307
582312325
122782597
551449893
89763473
15534137
103058910
191515905
310137905
476018648
81516670
18350659
27563037
99783287
112019348
321939436
186540069
108337850
52304290
254907776
217140906
21067865
26973978
477803188
165207387
389795868
315462615
23713229
26773101
314096516
8903472
45429454
65464479
97160547
247067274
448207434
144158861
14339335
233393406
21213635
24940194
70511944
31621190
438518069
470597940
346030621
59688310
266467497
147970062
18613854
72539879
404341491
3577701
50315194
467904713
19674361
19003913
271043580
15975054
109589429
52140824
473092867
494937894
112460975
78149210
608252285
377569673
15710396
265726620
169752402
435916239
118941914
333218819
188259764
49132406
216431542
15470828
171171336
403451159
15956272
34900057
35326923
141696076
619621019
15568169
70659153
535937144
234267398
27892980
634604568
274355298
422141003
16289915
282227367
48800140
112317286
501040844
309834392
65758116
229222902
22871716
326627964
334021399
12155242
371335090
158946534
211311182
176882173
217516107
82494938
14640101
531336962
551879639
539423021
267949792
74178912
457117360
1439991
288266606
517360498
75938901
1574991
563203882
408662898
82390167
275737153
32225938
19277568
30250671
18627820
38012050
94357287
345713870
448304664
589383523
14563437
348881683
468549843
18587150
361495143
67795585
290903925
55141161
213487450
393013188
58459028
480651695
20742486
165073533
169509959
250215613
557975308
223972794
706047248
14872035
6367922
263935859
23410331
538859201
394775946
15125256
385013434
20377531
714740466
181755966
154442784
320972356
491899258
144953624
245645033
194848786
49886251
16798767
527645807
10041692
244751369
181002941
685763
257237919
45999784
52960162
22775126
421663962
272823854
4109681
64735763
605556809
9057832
714937902
522611392
618586017
350445068
715005643
41483045
236665651
714733772
224510833
207512272
9234042
561394003
255714328
319322488
163285383
562466236
31571591
592301310
69489370
637316660
715247394
222195455
73944899
15934389
40567611
715437787
715458480
703519273
25214807
26040605
31116456
704199186
471301182
27016874
716541284
165928525
15851898
549940575
15926642
54568657
364484139
568498760
50434933
252713384
602012786
717104990
41267266
298015007
50055745
8712332
274790851
229599808
15907915
50061761
319249117
40677187
104627449
633160425
718759855
23136498
718780652
500983076
20539100
444699535
470366309
719471995
466507721
130613344
719681119
504766411
247041936
52192850
17094392
153486399
570426375
18565077
46935634
613976328
227787781
419112039
73421739
518882237
720479850
720375842
158844097
98566373
706011368
588505922
234027692
550332789
17638326
15477292
721645321
397450322
82817048
505111741
305349779
21974027
404532682
568847223
623223652
710627972
18277244
457033547
700183964
723101826
82985099
722658554
722921504
211593691
337549131
51221815
131014080
14712614
335487853
723120877
613491814
188556034
107695170
724530332
17910371
24325493
724787430
414179987
206803289
536537867
15322999
132698610
21642006
725078491
413708743
11385382
84000627
15547356
21959614
65541213
458934114
396937145
18662614
234616811
594774844
481003797
715279081
726559014
126054015
13491312
343984459
706089954
727315531
240707403
467526074
727961706
225220553
22540707
16337838
95228628
631174197
567422701
39286444
636637991
92186819
16226071
729162248
62169169
247934439
108956748
725268289
240846283
446937238
447501930
551698752
35540224
59006730
25964295
729370928
217605226
464297968
321186184
359604344
730039927
729927133
41226304
423739208
522689165
14756542
113648271
254421054
446127093
346818511
629912886
24228185
609452702
355030524
17691487
305922344
545448119
731496199
501248533
732148116
359701361
628685152
733038636
44495604
227802424
720079178
234460312
733141843
140286482
14178592
434628632
158273206
472888645
428359346
52074305
267854863
193872188
133484445
7619982
810129
29058287
27744185
234002627
237454238
58379000
460362674
18057459
2836421
372407370
112471133
320870163
15647676
46605026
20067739
45710831
27964066
21918047
52844632
29295613
34359177
48115928
117893119
15314174
177617094
253656616
18105583
285872649
54212456
240762975
19135591
201383686
26951743
8731312
15770273
1367531
17015851
14964139
94178441
24223439
340375645
9252212
15094659
17348727
17200105
564166062
86988897
254594476
8114422
19107878
5965432
157064188
57399605
51241574
16283432
15302774
100683883
36187225
64534908
75105320
36190699
54189771
16023710
31603246
15612654
376940270
115929070
16243405
249682311
155598923
131497030
16512271
726957703
96878836
41865080
21043851
14412533
253604401
14606079
221792092
5988062
709798730
281162551
4816
96919832
614868908
468826038
76966145
19753142
15666980
17511789
17141766
27921175
18914191
54634164
305185735
716370457
192315964
9095812
250766147
276907403
309826004
18368098
603116148
524972812
21585062
61166763
24625691
57261121
111635980
31801993
14135426
166270127
34401125
481555562
373604983
373791638
46355141
15176587
242873057
16742806
36082429
40255499
18373162
20602459
23864373
48528862
16446177
17973937
71294756
3108351
18926284
357599157
268941928
709679125
18294521
66268834
548095676
27978241
15265641
21282305
107545479
111635527
29501253
20953696
519904646
472515859
51183547
53192639
28869095
16312001
24622734
704202954
15224867
39249305
620298978
15717167
494643538
191938692
389757881
161969197
18994444
608182396
16842063
29527113
19673605
216745771
605806383
184018200
607891255
225235528
38951971
69080066
1917731
2897441
18124790
29216764
75052666
25396695
606710749
312513209
37771355
142756961
619589485
539186423
523925886
85634177
28693930
11280062
615793632
19670455
64850463
16395977
18208354
41452908
327078750
15962264
15554922
32203622
42119708
28652194
21165566
27136225
17721177
45907924
528812892
367569462
76744905
362136242
607861935
473239596
152514512
248938158
109937844
252197200
20632738
461720085
235477044
601994431
22447339
14166472
233842454
601553389
243850557
49078102
15434632
186936812
61592630
29297634
29483720
134532301
43229760
352533151
39419180
449850217
117839957
18783149
600422073
184146314
69200422
78649756
6656232
145428165
52718518
90925848
263269829
104590641
395447939
14513689
154055702
449265699
15614141
14790966
47448886
64462558
18457996
150650562
23710418
250861910
134887156
61206798
19242166
29076826
157072047
30313925
234903540
49733381
17054261
211389935
235217558
575489049
35014307
177579714
462415310
537302342
23176276
18244206
2065391
24852465
33179436
14435829
18021496
223223150
33754039
44430552
16210231
16229491
335360731
20698435
564809652
226634176
297075545
24590188
164057608
27098495
239917974
36978064
14911286
24769507
16654276
16402111
16566133
30976419
382303129
533356624
30067519
23663563
18777618
110002219
271720173
16495756
240314301
9340812
38240763
16620971
73021442
44504716
307687130
517947440
15690738
19742740
67678471
19263836
108234997
813286
118511128
350441901
224285242
15954997
23134045
18202703
105290638
51064369
19902437
158100913
404271893
106219470
70740986
406745433
18597641
30352558
70406994
176572070
234636502
20527351
324756446
292594517
171802035
20437704
38477209
27288119
111070575
7793902
442906217
38372369
525863260
18403046
91149926
196764214
321581275
487941331
103952733
45690680
16171530
336784054
164769462
38533053
18922569
66682674
483169132
38883015
35014834
336577441
15744076
316165422
521902455
807095
14353836
25556330
85620661
40114174
20818801
309070309
466519303
95310256
1933161
16955991
454484422
22685200
22078798
463132556
69025401
87510313
234455988
167024520
423736648
18079984
14144710
107127119
35415477
41292079
306304790
24057172
313091751
22012091
15210284
43362671
461107053
262837948
38527499
25425407
20104506
19722881
10168082
15958741
68457232
371418272
256698174
489029074
355798810
151344413
111836749
214073707
193761442
417464650
381375492
19209714
526655343
254883790
286243546
398334480
409026232
64860140
277040040
353789193
115401900
478937563
19715528
194268938
224766531
14730894
38500966
76386268
253809805
426978229
24663013
131900490
15035484
87542929
16119689
69343589
75939860
78369108
87751135
295711337
16695860
216299334
15022633
36169080
23514392
25337146
30027617
502026942
17955078
8714762
438022899
286250675
494373734
56263107
87133100
209138950
31999918
22184848
97984073
11929312
61276770
80102969
263879706
46911323
23779091
497595005
15691595
16621525
201882918
267923399
41483740
24560882
192828305
17171235
112562633
153647805
225162769
22108222
7190092
432122791
19918047
7824142
18731092
20552026
18602468
18891923
18693598
24751340
29804238
15798813
139826100
10937622
18137749
14790621
245424983
171733309
120079924
452698811
23800643
160246064
47131160
404650567
16581604
17219227
217713684
339314075
22712352
25096881
46148285
21063039
21166244
352705938
23492750
28826854
176993671
347693974
121312489
15764395
262754003
103751207
210926192
20540661
278005891
289012166
453475667
20747881
452695117
46576295
398545199
18885594
14695985
20880383
18030769
118191213
24841856
30929600
13567742
12155422
8128442
26000138
11382292
22509548
267938462
16490790
109635284
333724911
4517721
19777276
59110488
16589206
85606078
17233031
210629559
22789766
22792325
157540424
408709877
205139530
14370819
15663808
16045956
67863471
176589375
19238073
38308927
58928690
18913818
4767021
386380298
197546231
101946977
13215382
18089163
19418459
332307234
50393960
384011082
291956314
40057701
50055701
77851299
21897392
20400757
366310777
7001342
28599820
36138245
19686644
152020719
24330008
44215023
356204746
95486467
46016028
14855994
15070701
20747011
29725730
279129193
15676106
360656531
47891535
172407147
8216772
294728278
67108469
112523085
24031113
101569095
73246280
35623311
35485869
99839131
184916555
47353139
287413569
2148071
5971922
16913521
1284921
9637692
332070863
211977699
329224903
32985158
242426145
24195214
36801473
274712149
193843778
14529929
121221719
61804428
192440000
56864092
185390750
19390085
48181208
21132309
58837318
16456627
85614542
297067961
4620451
7806332
150446172
115979444
314797639
314786172
33490420
107611931
296943479
15145744
272156121
56149176
141340931
286238045
17518344
276790852
130703239
19318314
12616
14770470
23872098
27046692
237423475
172207473
226223115
14266637
16669387
237420913
16159766
237422318
168249143
168658955
102036068
84146985
108492712
52229925
8699172
29911112
78445977
50140857
16187637
15764644
250384075
74014041
90484508
216789064
242108287
5389812
259379883
29735775
35625582
20609518
20811622
33671666
247940277
237422919
15040935
32622423
33067597
50836145
36869108
15808765
18412622
176856083
15661542
17216813
17191297
186860951
14230524
19329393
237845487
29205600
48739572
214942235
48015025
217670347
43420809
59010637
227139703
23874145
87482380
31180166
14128974
92882460
20192521
44009156
70526457
141232118
1566521
16969261
46662081
47412499
20019623
43008146
20002401
212915634
59161306
16828396
20076186
15136825
118918888
767
18232153
26777343
15147042
15620519
32140995
83966956
104237046
41661298
199560347
14650191
17006157
15977394
45645232
167063726
20126717
14213226
15675138
15446551
14089964
17583639
2157101
8453452
24058779
25356468
172083367
90291071
176143509
6475722
14483985
153030768
142012799
13862172
38390229
57172253
163268564
17842246
73177448
30364057
77867997
133832049
34133456
85722115
22302481
30657398
33676675
817209
39943742
123132632
18196776
94015639
23672075
74172968
15409520
104687636
126052691
17748830
53987588
47365516
18197198
34697244
21148293
21763412
15450996
118830664
14504258
679493
13460782
95505041
87808122
4388251
25159893
821142
17912371
78221906
22233289
19789124
14172274
21120006
80489885
14574055
47632905
27030437
59151371
957361
35702527
43388176
30686025
22053641
31128529
43963249
42226885
64497399
3754891
9869432
16303106
16730246
14861074
16545672
45612488
10006462
14215213
15410564
11738192
56514845
15819170
51111634
9463132
23534686
22891564
16877485
15704927
24431892
14574170
31195951
15970302
21638242
34752676
6606572
14536203
15867018
17195330
15450146
31611298
22176735
18565102
44177383
22106552
18781709
17279281
15433137
14204839
36239481
7004382
14799936
15756268
16666502
16827885
15902443
8797122
30720448
19407835
33530012
15257310
15260908
17716548
18498684
29296086
15430110
14984637
14245253
17587207
3896591
17514354
1009871
6723642
14327800
7356562
16250929
17993906
17800215
2484331
3068091
6557802
963481
9064382
16879765
14353461
841791
14185279
7259302
