3306171393
18740406
1611403818
2962813893
256318338
2966758114
3022753388
2927540985
2966205003
3063438354
3002561586
1138688364
326377745
193872188
24913074
46437166
2891165960
50326595
202734302
3128441148
314205957
2382685057
33616012
2932617195
1546080223
28595880
2861616083
24962849
504914052
2316374041
67007113
441938188
2927193738
2696781835
1598715366
3045054395
3044993235
44924658
245131304
20444463
3047416082
23434446
2962923040
33897176
70416289
1206227149
2702027864
886896799
2832384644
595982564
16930125
1689727646
208043428
17972622
2852998461
36761621
1921735968
2918099366
2924584614
546034772
2953974395
2929491549
2953713339
2964351843
2963960540
545319540
1092979962
2970462034
2960083520
330930920
252228068
234906311
26596727
249348006
38495835
26777550
2748805644
16893545
22665545
2292828092
28096105
22677427
90813853
257592414
18219350
40062096
1908143071
223612990
84239741
745193748
15993122
309267226
17835794
26331762
46372446
2253968388
41832806
39653808
531524384
254189974
23443224
42231269
937723303
290759989
449297033
1491053359
1851921150
15612314
1967548398
307535388
9852432
266133081
22076537
234469322
521793449
77056531
381152398
863241565
1702593540
1209417007
240812994
1048784496
1623308912
22170482
726182834
1055685948
14084847
1077446982
1497080935
1511403302
1058460818
263178396
1305596696
18943752
124196924
575543108
1581329581
1009269193
584012853
249233152
1089334250
1065995022
23624622
974583805
110445334
242926427
1058726408
28904735
1289319271
95506425
416064188
45144061
21695443
620298978
204450502
1051446626
1071402577
115573443
1058345042
976969338
123361808
314670099
114887629
24745488
500704345
963480595
161004312
431868224
237323221
301549400
154576072
7632462
159193531
891853765
225921757
21571908
15287435
370401175
262970655
847753273
41136370
321098680
20492778
118546960
193095665
94724061
402123776
553989423
760606266
400147659
87227715
632245681
772203295
585237751
14789627
21283508
235271965
125078191
322112153
246322479
383523180
289999104
24717764
48149896
498192390
295712549
570285966
591117843
148723032
506756544
607508014
358228584
34306348
480044160
240384795
35367045
121782200
594612439
545504517
353095809
601612903
602985059
475320660
284562514
106203272
207015756
43045418
288878510
222879618
39511166
433833054
93507368
274659732
538706206
322944277
90721898
173925279
433079050
347040415
492543606
270693800
33720234
198517622
16662367
227583037
3037811
544564823
28247834
344868733
580497576
19791621
35511525
64723403
24234881
570803222
23456767
25680128
296629275
529698254
135931182
37087551
84875635
567428550
565472635
122207745
240393970
27731082
349417581
36763813
115106094
61853389
76936279
8775672
9109712
15647676
18058609
20436059
20437286
7152572
20430077
14074515
18528834
232193350
272542662
504770970
27105334
200247485
248521878
192395162
170838035
34312300
392663973
522882395
92372285
185850877
486879436
360825461
482356124
255870943
498110634
512853331
20109439
16018516
417444187
445114158
24133242
54208274
30074572
32614946
21759163
494290403
89371131
434640859
397699204
158565356
437504964
37094727
17544524
246341769
237299871
43409523
30954864
28863440
19199193
235719973
218975278
236960387
13
20094138
90962313
79743108
15754281
235251868
240385577
252819323
33977070
248850174
240363117
20209807
51228911
18962239
486011254
34157422
239871673
17896154
260845829
21572351
33655490
84620376
244268646
22545491
239561508
117777832
299883942
278145569
77250424
211530910
234057152
361509785
267198300
23562007
424250678
65035979
377992746
338070844
270252401
479491933
263233752
79107932
476810574
108642953
44177383
21619958
415049532
15091410
466870769
75386970
17080590
34317124
317560731
457443115
17277891
431087320
33611223
59029696
453067540
361377083
455198788
18162015
17528931
344312689
253207280
14703395
30571752
5120691
102700680
402719755
148542994
463250455
296245061
222238773
361718991
474002777
443046689
226667760
139583286
174355863
270994183
41152954
415034646
431871482
432612047
305075576
438479457
287832830
437710201
234792272
376846723
33796167
153122546
317234815
451725251
26250265
131204770
33962419
161329769
380581302
301438739
147738795
223444411
19652861
408614077
164489022
29216764
402237957
225478898
380789231
46416158
402163226
402886771
16272350
407832976
408561161
401778721
330750257
255783335
53164499
368039513
111060290
182914728
398660294
46009301
331391741
45597867
370833932
382274452
19268706
347470528
378771113
380965912
355744037
380725276
15324851
249677516
28785486
148517828
48398586
4970411
14293310
36481500
100601004
16273831
19658936
301551634
146569971
238197721
264219447
163594070
275186860
56223278
148376661
161801527
90759538
59955964
39514461
160534735
152866991
21774892
376885156
183372239
299310051
73181712
14434063
9252212
15513604
759251
373526267
95229114
37756350
41455252
87229571
360036785
38497702
296030239
163518636
103376704
33160066
359150865
249674727
40898854
182844995
21336979
348847162
332315765
127615653
18178096
341042678
341915796
185291835
352462668
352642695
342788814
211420609
18309319
113328606
19826544
331678866
14733719
157015247
35110043
263535736
63624193
82433234
48808861
334751665
334127852
50664904
335603478
339014802
21466584
91042908
322829952
226250001
16102840
329173355
99338753
36776847
101221125
18699613
47776907
253143642
328351342
267335835
331143483
221793778
242873057
127728557
26304514
18498078
109571377
36412963
14159148
76043920
237763317
20192403
23124635
39846346
76966145
233842454
26424123
62331905
38731672
95453782
127877586
317165653
325348543
54781183
326399299
224391627
24112951
305356455
322068952
20461521
24889189
283042575
39603202
229197216
249219716
22878534
315992993
299686394
31247553
234573331
76185102
34988096
43110572
36239627
233761277
15973881
290312583
37235024
256178459
198933002
99217000
18593611
111815205
245203806
72707271
295836434
295685416
293665387
100447185
293323850
19107878
298329474
48827834
257509895
137407124
18675067
220810799
256337500
234568030
259353975
236541422
234837632
252110905
290122082
296596103
293618020
84692691
21846572
305144108
56478195
313387490
209069314
240376522
233949261
76452765
237944147
235312723
109280446
224294785
37007274
55677432
153486399
13491312
19918558
221447516
234128524
265768821
239926402
91179070
291836517
219429281
237403203
90784129
217112314
137452341
172739535
283959493
45222222
271250691
36093717
216913347
237781383
21711444
62343114
102753021
155339178
86739249
232066912
201144602
58636173
110229477
46246998
282414973
231619107
16097026
280803195
79025979
280059985
275084298
217543151
48890857
18487271
35940348
100277512
271185382
237862972
211602644
4063411
248699486
272006861
272091375
182548458
16367396
33042871
14551342
171291608
138460384
14695865
142505574
267495384
17396803
267227355
256151275
14063836
46226517
259930412
267335718
24932169
243026736
245514094
17323132
64475447
237770636
266855819
1947301
16012783
64485600
16925437
27930904
6330762
31562299
14737456
235304162
255755136
249181198
266388277
240411600
61235449
153876865
214186594
262881299
262883720
259871763
63206534
253795667
15607375
264201881
51241574
233693291
17487795
80124896
16316380
18203326
20237425
26573639
16950284
21812439
46176168
110545675
41233083
22142945
42944751
14529929
18942760
18908973
38259573
121275501
236487888
70704565
218349372
236916916
237418907
234937222
27160513
237814920
236479311
237312687
234053893
193846997
234434922
234822928
240357727
119899270
238321369
242376736
22581764
114756202
16815644
209792690
17941979
242075290
234812598
22055226
118159942
23845236
15732288
240760644
69022307
107109326
236536820
36585235
116864226
153869273
253294197
253133604
252819642
180208965
32422156
107209969
213322777
58630954
222145830
16187637
245390107
52717306
235258843
129084316
99583047
136367679
258634983
14209618
245408102
20456197
228849100
253060503
262254626
49304503
14361155
9532402
11856892
61263431
220183960
18997592
259356502
259332426
18994283
116871109
11859822
14499829
11695472
16683014
56891751
34006192
19674502
68307227
198980151
33933259
234022257
66369181
9624742
36683668
27664364
20602394
21394764
249937679
15766082
5741722
44638576
1877831
155569780
18267548
27926930
48144950
26792275
41814169
788524
742143
21114659
17463211
114388293
108617810
807095
74250237
222140591
89820928
18622869
70370795
78369108
201079432
237750442
26604072
75367781
30083561
71437550
69467865
28340001
157740554
59576786
18756295
46263320
29485416
18782983
18539689
34664420
9855382
25478673
16151917
71627462
23397717
65677968
27311044
21619519
50325797
18046839
223572746
196087110
18170310
119146990
188536929
67234667
17974739
110485995
16444805
24734659
18490517
57364108
44629884
20608910
17075388
63486896
15224867
90730010
54951024
25099464
116888471
59582349
30224032
21879175
19524647
49666825
16809032
5392522
19343323
79267291
28120169
15831039
27071443
28133917
14149625
217924108
23828744
15063312
188019606
24704611
35396697
49706543
82508334
143509022
124224165
24691587
93895054
63506775
30217983
216261139
51188290
109613758
10191572
16405564
20015903
204191508
18034265
206484591
53096959
16742806
18951016
113420831
15274064
23473054
30313925
23447418
35340367
45190383
18956073
56413858
41634245
20073874
190905929
124933288
196235230
16022437
19669801
54251499
121892059
19926671
46497297
36418174
17602069
5657302
74256569
176409735
16303106
190328374
119765959
192213972
15190291
197150088
19165396
176457808
90309411
25211926
195753768
161328670
23987282
18058955
28218276
20552026
19098792
20461111
17164028
25367704
80472766
18283108
34927577
39308549
100552886
11134252
14246001
154591966
176841104
21069585
14275426
28652194
25438885
29766367
186476276
15014353
111183271
188521142
76355556
167459413
11883722
109029747
19464628
36606320
20810011
15325727
14344823
134968672
171092968
52537790
18933863
33601538
18583823
78346023
48791956
24907898
14345062
92323073
48860352
157742190
110898053
97316936
71281860
47660321
150672238
165623237
151291412
161743731
166839399
48068813
163718216
15976697
50769180
20245031
15918708
19417492
9300262
57428429
14669951
2467791
20024413
15988710
5988062
16311797
65146567
19658614
1917731
7228682
46002396
141260325
154543307
139723925
50317463
56409070
142124113
15163577
67396700
69040579
152436792
148101624
145398280
153639375
6271992
142321780
18891276
123307744
14172756
16703871
139794488
32506723
61474522
22492599
14594483
18510413
117548050
40506540
129995315
128580078
2884771
127003024
30929500
106099447
87728672
17797100
115133459
24518790
21416600
76723247
14287111
114350517
92138733
115531226
89238091
48192718
32449180
23466352
90234956
108383788
20244374
24735461
27602924
72897574
19052177
15675138
95696678
95358981
77025461
15031986
18907317
25369415
30348750
22528309
18488048
63680354
89012390
34018536
105218928
34181682
44234566
70756980
61492151
23151665
35393937
85407767
15731751
50657154
55317728
90072076
19926983
90660155
12202632
65664194
26448014
32340002
86601774
18404759
16051471
26487169
11856142
11856422
19419870
17112878
16031927
40277246
78431501
38712914
22812434
21660348
55235265
15954997
26051676
19891734
28582749
16212113
39249305
14135426
83603750
15160884
40318829
37920978
23712174
31611298
33576489
16583468
34638973
20002401
63650107
24745957
26778110
22192142
15281574
18277655
36654245
76350004
15022633
18909919
37167720
19318314
23121519
21406834
38254095
12726012
31801993
14384907
20796447
50152441
15773898
49693594
49639096
24232525
22812754
15281676
7356562
28819823
22669526
18632809
47412499
34340464
15861717
15361570
6577802
16051473
20242622
85647441
73302010
85634199
23162276
7411862
57732036
15566783
15035484
1827121
82881723
21816904
74198348
37126406
19216998
81973751
831481
28347876
34402366
20659789
20168605
20088666
30243263
19540718
77868242
78693255
37981657
19977467
53832905
78712997
24183358
49510872
25086658
48404939
20217729
69136365
55581437
17022991
15391102
70294774
16729099
17847111
33039481
73620211
38509501
43986327
54750201
15248435
22981343
21983276
26991652
15971841
22689087
68261233
25338193
15923226
55292885
67441085
67971995
27082680
65437086
21104257
60942342
19688154
60984835
63897695
25935484
60951180
64056402
29172553
41772920
16424316
22301634
22664140
57660728
36473880
18646062
56731617
20489648
21306157
34633392
6577642
46562327
53578738
48589813
60485287
17470857
17848713
51223177
17892302
59549844
59627651
19152315
56037980
25375565
22017253
38833974
47999116
16445952
21782381
26762220
23859460
23452572
57524889
18891923
15984308
36598125
19218313
50828994
41445718
14955754
16404766
23951197
54289574
52337056
52545705
41829072
52779839
34374624
14536817
34771318
23882268
50653310
23861321
50403106
15904673
17829172
50745569
23623028
50797853
15018315
31541704
38237450
43291441
42113866
12686632
42513019
15602331
26252651
51170132
22068041
35007599
14231171
21381690
17743015
51360968
33853972
15732013
21278951
46367721
28165628
12506632
15867356
44967077
39787282
16957675
32562930
51913999
46133146
37692417
22120359
32010840
30045475
46875978
19033464
15639019
49105595
23548257
18760460
49848618
48907040
15506100
48543725
17190346
50647738
42955385
49388546
16960171
48719582
46254126
39701676
16384817
46125540
27518942
17198948
30613392
44705304
44319289
15685444
21834232
21953971
49539531
48117116
15436472
48234368
15641528
20017624
36696489
48280216
44228962
33950666
48398480
21891923
47958534
18480494
26182526
48726952
44355152
47238678
44210168
21785068
28375018
31421532
40050354
24027953
18080620
21136403
18377430
26818986
47871906
28322790
20788472
29068837
17930053
47617764
47615723
47616515
46441055
18213420
46498251
34172049
46070877
41954551
45857903
23579041
15964448
46977661
46997003
41696420
16090230
21736460
20948569
12044602
14954259
28543744
42737700
18185540
21658543
23631885
46048042
18727004
17013288
40157275
18746235
18497703
17323942
9755262
27448302
32415184
17876645
25763891
15532752
24422240
46446051
33080815
46644817
18861505
21822450
14595124
14452771
45968536
44130283
11274452
23393662
9834992
45385504
33632918
37424291
19536617
22267234
19033167
21330180
12916102
21263584
18135302
16623835
23143327
15700171
15031913
18746658
19548393
13733492
17951924
23569837
18194487
17998911
8504242
23803659
22330423
18043332
9689662
23656388
22553523
28823955
30517815
23458577
6426102
18885539
31181743
18435378
42919847
15158464
14236057
26164442
18663458
30035057
38613109
22685766
15554922
10307212
18178768
41406133
27676828
27335898
38157048
22037189
14092392
17928382
23731809
24975234
27760633
43367554
14828860
18205674
21836409
17639250
43952088
2059051
13361922
18513241
15684121
44706450
17934423
38527499
16296683
31204140
44410123
44007299
15091071
17626979
42954971
16407697
35502668
37359285
37500021
29762396
14632446
14503541
21113849
13494812
34759046
15603311
19675954
16231145
43022466
19513470
40885909
33320381
25599869
14610275
16703058
41269402
20417581
39542537
40411249
16602995
31358286
26097346
28609908
16360607
34495448
16362848
17287309
41838581
19425538
25352905
39279743
25017948
24251591
17643779
34795583
16342422
32545966
32420373
15675570
16339967
39803436
17850268
41377639
37000133
32766026
21631487
30529390
22037129
36735215
15985455
31488398
33504820
16605755
27205412
37704252
39860218
16417712
35559438
17006895
30411176
40307639
24730069
21918148
21104773
25153138
36569859
19336661
14334057
39777940
39074238
22707133
21242518
16565260
35217783
23784443
38116287
16873037
10840862
30073488
28330904
19720899
11022002
24678755
22399770
23664161
17502682
25732321
32281887
23721445
20023047
35459162
21355783
22823767
38008920
32264093
35733440
38225387
27499269
27240103
8184102
17458131
27303015
17148333
18221018
20748655
18530662
25831320
37581031
37563509
16651210
18056015
31172276
29443725
16944777
36791063
16319262
29751128
19495176
32110862
21958556
19596228
26259199
35835799
36403186
34129655
36454809
36486769
24253181
30027177
14146802
24485523
36372950
27933164
16405122
29175111
28724879
22156971
28159908
30950526
17776203
30107125
17264457
30681986
25618697
19387955
31157582
13630222
31575175
17664394
14133773
12089362
27627968
30864441
16950994
17074187
32531403
6980622
15198871
33186053
31639000
17612289
19912372
17373076
12788332
17767146
34253483
20958510
29082715
25108760
34493115
27105836
18125737
24703010
18650417
27541686
18534287
16808846
36149710
15985545
26847387
32626056
23196013
15855640
6802722
16337999
19685365
17862442
24420496
23205727
27890122
15330682
35290839
15430772
18393629
30239133
21778016
14286806
24176375
28498788
32719468
21459990
34808273
21136619
26537621
27524029
27860536
34176028
34989373
34731150
28480805
15519845
18912298
34047336
33119729
30913966
15711730
26089178
25147128
15670995
11110982
17511633
28176898
24802712
29412913
15393337
29468074
19137014
21152918
28770809
29748929
15255845
29520332
27897402
23165680
18772999
18932935
15763092
20651754
20694543
18640054
14229390
15779757
19543987
14262212
10494822
14584933
25802590
25096198
28613894
25361791
14857335
15227570
18693598
21571533
18825067
15726306
22509598
28181678
17590815
23769513
23196937
9009462
15336032
21531802
24701294
22026877
24755751
27928374
17291465
25172565
9623092
27815104
16259845
17538117
15856366
14282169
26946495
26819783
19665583
18694712
10691752
18996119
26362666
21706721
16224735
19251499
17583170
26459660
23486654
20072229
17505392
24723488
19151837
9167352
26391309
26417654
25168070
26132404
15458694
25558984
26517783
14888044
18706883
16941943
20897154
15656840
10196452
26181273
26117221
15447306
14747939
26109215
20841089
16649601
3803171
26240677
18664838
21787433
5171141
24803862
21496427
25510555
25713628
21823553
22219847
16039421
25755336
16432677
17887154
20570337
17066312
19326390
17025312
18980187
25526966
14763077
14338062
22372931
22180206
14250867
19557449
25162697
24008780
17883015
23337781
17479847
22797147
16658594
23270138
762336
24429904
16593823
17978110
23959999
6397452
18087197
17602871
24189610
14736234
24417583
19817615
23863635
24473495
24044964
15841335
17891169
23637263
22217443
19510412
14628475
20999272
16476596
24886595
719603
15650882
15575041
23258618
14774189
18764018
16144361
24412566
6323412
18572521
17074440
24773493
17993906
23976316
20546536
22508473
18217624
22831059
5561412
17800215
13218102
19926675
19929362
18905115
15116570
16721061
15581825
18967498
22527499
21329888
7270292
20097342
18216752
18166778
15727817
18317325
11650762
21269970
17513304
21690931
19726613
19658173
15378621
15600527
10102032
10615232
10326832
18811140
14275291
19083619
20467163
19407835
19139963
19912734
22509548
19394188
16825198
20020286
17894625
13857392
19038256
22890004
20058174
20053279
22931198
15524992
18549579
17033503
15991255
19317857
17133872
18683734
23039550
23121541
16951485
5745332
18751073
22993662
15396050
22801923
22643191
15798029
17198896
15258794
16015621
17651571
23345470
9376172
973541
16608612
16019871
16070427
18959546
19253454
16102083
17291519
22504543
15443575
15853310
18087450
15110172
22757365
19090859
17860561
20082415
17448775
15691324
16671570
15694556
15356407
21667927
14960656
17087272
15310749
16598217
20466643
16893035
18954631
19609871
774909
11538342
20170550
21812117
15887847
22100487
21736261
14736220
19891377
18873711
19091128
19913907
18484931
19624332
15815339
18997124
22400347
21650577
17972982
18379814
16736676
15140311
20469722
15828087
18178832
18774362
18292675
12398102
17143986
19560297
17757005
19686924
22560205
15755677
22575762
22306592
16062865
19037454
21369688
21406374
15210410
21631165
19808017
17970222
18228647
14922694
22053676
15587164
16504476
18637330
15613337
18393209
15831043
17338060
14437914
17845539
16190045
17477349
18289929
6607372
16534759
5700182
17928925
615413
20868337
14777043
16363118
19739126
21231796
20951862
19357277
21539874
15120050
21568079
15564982
20786780
16904438
21821061
19456306
14534290
14511951
14745164
18280993
18916432
16102244
17976923
15428227
15207668
15922214
18746485
15661604
16256269
16056306
14904437
16197450
803770
15751083
5558312
19069733
16446177
5496932
9508922
3108351
7402662
1367531
10168082
8542882
15394954
7713202
5693842
612473
428333
5357812
