13218102
2779958916
884648612
1228840274
19674502
30773949
707572454
24773493
2616613800
274624592
2792970091
2726473693
765300997
379435283
129879105
1072382221
16930125
42442665
19394188
216881337
135108504
17790274
266133081
600463589
3952661
19268706
40553282
17091571
217550862
16844276
17835794
15739494
19345264
108617810
17490662
34421877
110445334
14127092
20211914
18646108
16187637
14246001
221162525
56487731
15228276
14344823
22528309
15972043
15931637
54289574
19629840
28819823
24735461
21730445
15854671
15779344
14904437
15661604
15552221
15854138
14521664
15927842
15854782
15314458
15854371
15854091
15854690
15854653
15854487
15854873
15854738
15854899
15853274
15853310
15853515
15203187
15181677
15158234
15031921
15031183
14809833
7039122
8512722
15934654
15854678
14841020
16139890
15186308
12558052
14060882
15490191
5511332
736453
16074806
14420331
5539902
1050111
15481585
14601188
9676642
15944011
16119129
15029174
6323412
16197247
5669692
16204128
15394954
15939202
16239766
14884900
16119261
16247160
15745742
14095216
16063634
16057839
16255515
15487165
9508922
15445240
14410652
16002484
16266236
15919549
14614892
15764657
16317603
15730323
6782762
7721632
15594481
14132503
14982082
15693992
4087871
15693986
15694556
16359784
10774082
16117273
5848532
5814502
15740420
15897192
5998452
12144232
15763535
16171123
6980622
16412340
14834017
12927812
14516816
14276280
1103861
7548732
12687842
16133312
14744335
14915538
14300117
5283382
5561412
5357812
2249531
2579501
2232041
1300601
926601
801082
774909
12195
11841902
10223282
5469742
5447242
4393001
4369541
640893
13673392
15485266
5639832
7911232
1933161
7259302
6393032
5507542
13524182
4388251
3137331
15741824
15525938
15485527
15450996
15075753
11134252
10168082
6620762
15790186
1626991
15826514
15232374
16017424
14128054
15513002
