19805496
132981804
16184358
14920785
40297195
2175906841
148474439
377016559
41131444
423750894
133448051
15840909
26581913
24580952
2321587346
186668655
543480468
247334603
15741263
16107045
1219824320
186176712
20713061
2427729708
723156432
2382685057
242761889
16583468
61562089
61569942
65172301
2445809510
329746058
16792845
61822673
19824059
2667347828
15571033
1080844782
67966660
21301913
22642788
1139903348
751635697
56516570
1009054656
30849562
21418923
18059870
19612866
24083602
1061029050
60828944
1099199839
23124635
225921757
21879358
16473577
327567853
2863210809
2412738884
208155240
47954642
405114539
1467755432
2849006983
25770153
1880288888
21627536
510837222
163872164
186076005
2330590446
1102685221
1160619158
1605
55431738
132518463
2796618738
36111195
378934952
75183102
54075807
1330043059
343652585
92380090
282618643
45854064
409504763
282360723
460846924
360875439
6164822
15763400
386030812
1179231002
20281013
21209333
2188941006
1160614538
1169507406
1160604108
1506096079
14691041
1160620699
1160619974
1160605248
1160600550
1160625079
1160620262
192731991
89789465
14828205
38474484
1160625091
148452008
778677306
431983412
17547680
382900653
1214005273
1182967153
2294556481
17826300
68179067
171827285
403132140
39896375
1483923793
2537793620
14384763
1569721196
61189615
1929327258
44145969
15731380
1338189870
2680424846
14390856
20695777
125726741
22301673
16619568
87301577
61219302
17827213
29425418
74862524
24849953
2687451379
49702447
1542353767
20662671
2791900126
1949509010
75779693
1172845526
887702773
158009871
262822957
2432748469
469779255
434535093
126037948
2796262618
272634861
2715246877
569677030
2214688819
2677483411
2817784057
2836877364
536562502
552980009
602153023
200637770
468692208
23995536
212603874
155549410
26656134
54644048
186211716
376868383
28567212
113794236
993998125
2236539235
84928555
707233399
163987185
41932411
1347742987
14251225
284742585
16248895
20742461
58869089
123738314
564111558
18345986
11009742
31240698
75097835
319099281
891525656
17073580
747771583
62873395
256059253
1546528946
395575121
227718210
2412097783
217550862
228747444
1428659995
109348709
14046943
2472920462
26326409
78984719
18580432
774499711
256157246
2705410118
218952383
22772264
182502065
59866066
50103570
35235695
158503650
258684388
34367389
2513615484
272162027
48484849
195447010
162542006
29350320
269964801
15768141
93510913
14243732
6267382
251869564
8953122
227682918
292429021
380964534
302953925
16297802
731245722
714790303
15908898
383467324
1670875057
1018293084
15458694
25562002
434620443
2455018980
353731746
13850422
259074538
244722043
18967418
146569971
384335594
426909329
26007666
14352556
1430543952
11864862
132059773
2196084440
323063778
319915710
2598259806
2184310391
574997052
23470227
15146290
17045829
317497972
88770604
479666824
44742065
197028263
34062790
28616612
27027979
343171266
45732580
20450157
730968566
313379334
17528931
161677476
2274951930
21388284
1264541214
2688101471
1476281232
2550147943
2610013561
2616011982
2634207043
2656883676
19915305
66715357
21344549
2649890484
717313
129939890
30013010
57741304
201280692
621606939
534575464
2260619350
716564185
2260197309
367481833
135617692
131538331
16302242
2209542872
2343820128
18080569
233842454
12209082
29013772
749863
43388665
166943853
32443376
2244340904
585743307
351669463
1403960161
237348797
203226736
18125710
2361224263
22821481
917530112
24775648
904098974
33938700
2447207342
2236532474
14275562
2542877977
360643785
82133992
28594128
36703248
27814665
64844802
49736166
313338752
158378207
16425462
201568456
424549888
21798345
1383059977
9073382
15110357
25053299
50075587
273748217
20182642
18083786
14800270
7717612
8724862
19606528
17813899
121526197
1548898596
18364847
436471369
14058833
260276311
43924553
188857501
236065904
17818203
595554397
1129803342
22867902
15727317
362222177
28162128
115746254
2195241
15446531
21268897
10941562
16043205
1043768918
394478668
19608273
423411782
545597999
161913667
14260608
375980607
133947893
59019225
117100903
16319594
60693203
1222103100
16571264
402315462
21878635
14351178
968650362
16246688
13213122
190863864
34935679
14424943
14112267
20245775
13784532
61285110
37999041
15753057
26326911
19412785
1827901
79292033
52160380
15827690
284701874
212711552
2440161985
15070445
115982029
2402728412
37536462
894490556
20031674
2482681500
5807432
499295656
23666890
49520761
34719119
335660433
17553400
16698389
17340781
17907987
42692687
14348157
792449084
33397690
85423396
53429839
18816166
27550683
184789840
16877374
325001316
18438933
2347049341
98916038
17203197
21404093
18772897
139738464
321430176
393596432
323177076
18991439
104322937
12612432
932595337
258850836
22650398
27048645
7381772
87271106
257019844
60763047
14803826
16085247
1596819614
118613680
374655155
52835600
54320038
61779586
66248581
149134805
13067732
494140744
114887629
14379520
15662446
16560489
6527972
730820011
1322691
17067256
1442811426
18794659
15492359
34743251
13298072
44196397
149180925
14514804
13783772
16303211
15905103
19268706
79201552
2340834793
305360023
885103783
597955991
412688721
34140908
309438098
268119822
16815874
2326115610
2320203181
1220516618
326354989
332635943
2375458638
2377672627
381342142
393613231
902280655
80112314
2238804451
27332085
18394257
215702902
272605832
2428354496
949890020
14438923
1618579471
48062679
221034430
43782326
20729667
2471130661
311380450
735814190
37103372
370721654
11388132
10670192
172068761
47991586
185260078
10952962
2458224074
797711353
234409558
65466158
156016878
36047098
37281592
168295477
16955870
74262521
13796572
216779903
562318043
2303751216
28189551
14021902
107441863
18963842
987544944
1410322550
398088661
12859772
33301189
17426367
347007344
21787557
154259266
2371282622
23289520
2432830202
2439232495
18483231
2395107596
211281628
27247514
419632752
314307180
271792510
1857465738
1061627246
1535051239
291866760
455764741
138977055
201317211
327491919
118245138
61211378
333182259
12917302
239251120
27825390
1179040190
178012880
15473958
19877680
19359749
25857217
12144232
15186308
172893705
44438692
91038197
34799441
149315713
14389132
182251918
14728168
116835497
18286677
588536932
18008330
21368060
17046924
18031339
29743665
68700901
181720256
287413569
18963809
5695632
14372486
14717197
14434063
15210284
4119741
87818409
26792275
2568461
18949452
16353245
21426373
37972706
29255194
17642330
1235618354
494367490
1589257088
14246657
76118161
65763420
16887628
4923811
16787084
553690400
701821488
36507958
19371612
17673469
2198326472
2198243413
17719359
2429304692
2197941452
50073876
337874446
10987932
370899965
219328585
11680962
879161563
142721190
211921304
1769551
22708797
22019881
14592723
16244449
375432180
231653036
15134240
946872762
374331930
267480892
227118615
217454583
2370609176
2341001269
60475031
14107459
1316079955
14261617
1223182314
1280952062
339696663
10642672
57430197
158769098
18950712
16467567
112047805
2255182597
7571542
56394534
17792847
1598647561
17995040
1230067856
202294396
282262033
2205370140
1380812820
2205533976
436398296
430035633
1323349999
245534772
15201076
15741036
17415971
15569236
130689522
17446359
243393928
1511650100
1000591
1491546949
572170697
1470228523
30783608
10078
40147977
38002475
377673403
2204342798
3754891
516800640
386160951
28401352
1231633201
1356875730
25350177
103894263
934681
16887429
14246826
35219356
967278582
343035791
24773177
1586501
1352688432
15756974
8834882
7301572
183749519
15742985
16113700
16068266
546135718
16164520
21918310
410484940
16394673
62666416
16203586
19725644
15040500
64813814
56738911
1180721154
35838377
2269095344
20748745
44537229
23424865
17352633
373575184
14470334
18630046
440963378
141009015
14496800
57359366
2367484134
20453492
7939602
230588907
15811342
25536621
196476301
3799821
296338717
15425183
14269152
17198424
24941044
19563366
35701040
243847008
19744978
15823784
90992943
23890475
70375308
43040390
44106694
25148400
93069110
258885469
14096763
14940354
23055689
9692022
83047883
28429434
56538160
3802601
6040172
12805082
7017692
745920848
7167892
79543
14305837
55106134
39873401
19477006
15827269
9655282
140872924
16026783
110755266
932795072
444320419
436819711
24618161
22026825
19642037
21786287
536528296
14308635
18278364
14983480
4641021
15034921
14721480
14693623
7142392
691593
9976962
19356814
652193
17006157
37570179
19224439
6730222
18327902
16370204
9549942
3034251
30527806
7982372
647403
6116372
15092672
8396202
14948486
518930527
220215758
29044240
14113940
26191233
14510710
15535228
15378805
19038395
1267940407
15125708
110722758
65828611
70466119
297690193
15780280
180071504
492864745
372063849
174710820
102464004
15175650
188880550
22815957
407865516
331013135
17982895
18236258
19219492
60915637
258886255
286334011
359989536
21139573
339241519
153949394
27089739
130939707
860712752
157775646
388105873
266830495
279162316
260841091
18881645
718720518
462980781
18910428
574032254
22872768
17470695
71550142
69073724
2330622355
352534407
124237063
443215941
1154200344
1163597700
1077918062
180648825
43365602
377859879
62979094
327439964
60956260
9179272
27120312
17745925
110318731
66481550
191504337
1976841
207551121
106493466
15905230
727472528
20253396
728922451
1872588673
14434070
28172926
819800
2893971
5971922
171201467
32535973
117543420
26757325
16076032
14855994
34940883
32974542
134639840
17285612
14278978
23477869
1022664475
230381998
870883951
575003695
19166198
1053359707
31870691
22102261
422168048
508087046
450295469
429288194
1053736513
117790477
94914798
14237238
328097109
46313486
72429390
145347398
52605006
22076769
200736903
84655219
1395463573
1099390488
21844398
82509878
148376661
18734876
89380195
11733272
14263484
14479863
87091420
432862416
82177493
2207449116
35988955
45721374
15569807
2281745142
16570043
2900
1976794076
57436721
15976697
41410702
7702542
64088396
356978020
198377806
235455915
21896804
92186819
37714262
20609783
14244352
66951419
64478846
90918485
12790012
15497533
81632188
180251715
234822928
11280062
242555999
1068481578
29442313
486694111
7334402
970207298
101402237
46946127
330596591
25594161
1921444136
30909461
9701382
70424767
47503438
37997114
542287087
14415025
113088823
370310279
45034214
140310105
14158807
37920978
9815842
70207308
216503958
364827257
365202910
1620874074
197087759
14144398
15249166
484957912
48824225
3382
16870421
15919988
14710129
16968876
1126102688
21494928
1411378622
15076390
196633674
3475
27731625
14253109
25513915
18206161
1531265618
24440724
19432427
600992035
382677990
17295354
14111267
636668484
479796311
18512091
33942510
368087610
21982927
1902565609
79277977
1941656040
23341132
250801351
393570169
2163383664
23560086
516130805
2293330633
2306057035
2294593597
19001671
42492865
1183601342
205413180
14726357
449117916
346238546
75117197
15184327
321583314
2281126308
714703280
14139811
4816
14706139
166361173
20489155
179549676
543599375
169344116
49793
15770165
2260145645
915272149
23476681
14650130
26567591
23117374
18710668
17241749
12618392
287263845
112942401
16838731
308573576
17889970
817970
1469101279
2178012643
206938213
1444899691
5943622
24222556
26409734
34056134
13348
44202877
18000187
5502502
7075672
1133351336
946511857
5812922
324217903
7001342
34345141
214693975
228768266
15935628
17219227
363855086
148173793
2922
59796633
1849635199
14522289
109034782
308932610
39623123
331070853
343806772
608738905
132786160
935101020
171523154
182186257
703742856
298688149
262497965
356300957
378206916
62903922
241268241
87864309
229999442
318698405
772939687
1262471976
53709747
57353086
22117453
1010032752
1335644515
241242154
550379832
849909709
466558319
141706563
1645197804
881441958
24921813
1669116253
41108500
320806012
769606292
591927372
41210515
619417516
268217558
488998000
864043316
293236019
58359944
461689629
736023229
752392406
781476488
896781446
1898204346
1621544726
308681978
1302156852
1724333172
2166000396
2166950286
7769912
2180685128
69389595
37054889
373698683
60452945
199665781
29915974
1042431558
28134530
1024758584
45887284
15137037
395078235
21976759
1561083980
1258015718
1694765509
1184259026
453407852
55152945
21009588
582173572
14528722
361569440
22732623
1730440609
906805362
1268687172
992185460
472849061
1517310025
2183783485
434574645
2300479874
2277775722
113099415
167122787
29266469
912958562
22368074
30005269
462332710
219343470
92352086
90452723
407827410
1496348935
22944753
191713371
26336321
125208564
108659587
79663614
374584720
519096322
47511415
218193165
37705300
18913236
1487846678
393017475
396391962
30786388
16475584
26741284
37547583
100831898
1053395378
1200040062
18978448
52096459
23271575
1691867455
412341768
234427763
398061726
52516255
1491100536
61602059
144389153
52815815
1394907294
454890495
34296189
85633543
431429137
89447929
308622993
5520332
897679668
114870386
13837292
27530178
93957809
15220720
7377552
624947324
23492750
49990915
29313438
21273388
211620426
305189255
22691359
14062180
20150502
407013776
483508603
16916799
19578327
24410456
898301664
22387220
19476868
312713048
14964154
24308953
637107623
1120238144
1074159902
368502588
177443962
14763834
310618701
23543956
103914790
1909503769
372375309
11161232
180114171
794532
884752561
424320811
23325965
67358777
32359921
20562637
365696011
115095051
237407838
169729241
2197294435
292560859
182005092
823920
550464468
28366743
27245742
165924109
756231660
771488048
381236280
811376178
420842266
224372214
390176029
17257931
18791654
44513878
21065056
1920902803
350986820
281697682
15533593
518993421
58030201
594831004
17206632
2170947966
117016184
14105344
369653772
4970411
16586401
801642308
384920729
64440399
837220872
1695190687
253361011
26755480
15808765
36148351
19173787
16812908
14882554
16007460
233484761
885795212
518043414
12044602
21834078
111661759
30521243
46002396
300477730
205329298
577812345
1880785058
102883505
381306584
393666216
1955026837
253371469
465926604
44477869
21733121
996205194
20253932
222310949
627717650
2161342225
2161777813
13812712
14245999
14727182
57750705
528092722
40875530
67350484
35418596
1357848338
16643302
732884749
15051709
1173054758
37932371
280559745
419259287
59551909
225182116
466915451
452445098
26114257
1347119180
44728467
29201047
383012058
580108760
148639216
74527783
15554609
20001513
252139813
359630263
1327675195
1000228238
86364947
1172838276
989169450
16689804
331344525
84662571
354847710
850107536
18196597
9852432
234374703
280312672
399750282
372524211
2563081
1564781444
282903379
1900654062
1134701
288854366
4999
19429494
40933863
368992130
28576135
46131997
25159286
16950904
399559841
6638492
433902295
34710922
15788668
15429304
636639736
42478405
953054526
249227255
183475544
5562842
17214676
17973751
513319947
222144944
26515989
37505189
16035345
23406304
1330037756
1617752581
1250205618
17157381
7770342
1672140240
1486010184
41164579
28665119
28588451
873818467
70473460
1206354630
1416546728
5449422
368995768
150749564
47947898
1672289827
2968821
17963725
260825531
1726138987
21213276
31310158
31534918
30524827
54885400
8775672
78408666
14081659
173321172
577690047
1671133790
37521145
1662982248
59263819
15653247
18612289
325897784
1884358987
18090660
20507031
296385161
148018869
28665199
67461504
16370632
544371493
20178419
18380182
21431618
7764332
21318519
18295206
15688781
56501671
24746491
12618872
29054836
18697888
151911629
116341480
15212187
17899109
155954102
384721955
228785886
44470276
33600887
16644899
42013403
374328824
1769191
24249336
676493
1360771832
595819399
19385061
189886603
14476937
389811381
106802063
14087863
827409120
52428360
18907744
17594206
19405425
18031792
176555816
168857946
15317462
36783640
23762109
199810683
33510403
17322726
163958672
34936773
69356570
19541156
19684235
158694018
9437802
117519702
288938768
1172930515
250221282
44954969
64482503
103065157
1316827862
17918338
205886080
13588472
16811499
735063
1134300235
94822428
107894660
22930866
611993890
19247787
182126686
952024506
1589686087
1235866514
55171056
18758447
111051216
325623392
44119084
15853990
29798407
40971314
52323397
15368613
1340093874
35396374
100403677
1135967892
16705010
37416239
286273196
17976923
281572965
211515068
256382155
32982652
519775901
632466068
19039880
110735173
1295968100
402453451
14348307
213916229
56547835
355243
884893950
42703075
25562270
8963722
13982132
621583
19661363
15808647
345454327
105293348
18778840
34257196
42050545
21787013
549862794
36274813
1576469906
89595883
1074480192
997285801
397306863
286178672
15570213
870573445
1468808664
158007643
1056290964
38298814
71275139
78421007
1454350658
329913473
56423694
40982362
119372054
160983113
125761765
14802885
22068031
1064351137
38241622
1506847442
245577025
146134724
44541211
151124608
242794611
1337427824
36771809
99628642
108416848
76348185
19028248
15335534
86129724
42442665
595722507
83932732
238670075
127804944
275705502
171207465
450937976
464370392
172131138
167584219
186661783
167596782
1447116668
338494203
167609676
186637194
167611923
186644838
167592996
24804148
58486520
24801925
67346950
186666607
15101927
119375863
92592269
24802374
16374829
203696172
51123513
125104672
116451988
67214515
239948881
21775951
369334970
16491569
78226003
117290548
24002724
578365349
29670517
123933605
33998183
17471979
159588456
92345657
18164420
169586280
11348282
267399199
397291925
22076537
343864348
52499553
172858784
48388417
14276189
281190650
160561302
222622640
20295222
140286364
14277276
602478382
46557945
23022687
5965432
78369108
262756641
1071402577
600463589
29054405
188454083
16244381
562275873
100330153
350896704
82706980
35611404
99409580
531706078
6374602
17663776
615443591
271790289
301671747
816015918
188535896
430105075
97696782
355537716
135515077
18637396
403157441
1431596616
499082342
44733950
1037452561
876147692
222569192
762851268
1310884003
33987090
473083505
252131205
1343356195
913228118
39387222
193261562
83587516
179102365
245204777
329183200
732057710
782693485
1094275046
47178280
52811165
51357755
778075464
257096005
21513013
116978242
1146349951
399179578
836611243
28918971
16814727
258543800
221540345
73657657
292590965
24645354
113707377
531484849
23195603
17714851
758066780
1065869268
295960307
57225858
1458212444
71612740
43578084
177321281
291860062
792456152
523627648
158477852
579455346
67674014
238647297
165542353
30437038
49518060
22479331
280342746
1408532468
625242815
188999606
524986469
87737696
151242944
46146563
277590012
809552311
317980134
24926288
115455165
20776497
91386979
45147274
30261067
20094138
2890961
14839147
1564371
25521061
8731372
48029066
17243582
15361570
16373878
316580588
16896485
108985543
5768872
258161837
225819274
20817727
249844732
722619246
278124059
257883965
25809254
34380710
17652476
54111431
42059803
937386085
259395895
553036368
404422077
107146095
143947826
36623013
7563792
1137600571
86823765
275686563
381990922
27547100
538185166
382791093
301171418
1242040290
1071792811
534045415
403203085
15936194
1096059529
22421125
145848513
19792358
319409305
20394681
569569550
545225178
111092283
244648513
287873510
28049999
61479397
26157904
26799136
65029471
635491364
186324851
419710142
876252024
205900224
831331
49382674
41250334
193689335
17430435
22870867
61880275
595852285
39140384
26764886
696823
120285411
66003908
16001350
6114752
261918703
917371014
1009166178
46315413
112649480
190067421
9681572
990253063
16399949
635013792
6409412
14951871
14606586
14441010
14579415
599474445
148023569
221904474
16623747
260376991
128622412
500269490
141229888
202676583
775367
948149947
15380793
1077984440
346903361
14192180
9248492
310380814
119516865
153973599
4517721
19947513
80855326
5277421
14597239
11089432
1056281
18695891
31455332
109280446
217543151
16056306
17503180
59771400
104299137
22195551
28176898
243797058
570363063
330782310
37865281
33556614
21111098
272203887
815941105
488745110
111099751
116549501
315316508
12
10126672
44900926
19611483
234857514
237763317
418242701
52596376
16355778
789729500
240551931
858239083
821788778
711393146
904107769
42815635
346553234
40356855
769924160
123731155
851964061
553835334
267045892
22857369
454135456
28632206
335428488
16271468
48537678
34952091
42796934
15897465
859762296
20015903
47618388
24169451
518540989
34371118
14500346
39510422
11128592
22509548
22161986
50731463
340650370
300378623
575658149
19396965
11382292
16012783
108686283
153569256
14677919
16955517
129997410
733751245
60642052
21316253
16125224
186514697
26667113
126401831
20378448
33792634
283386225
13324892
87798068
147461579
271441733
58562226
47975734
13524182
16297707
19312262
485924782
18978553
207660339
61853389
19089116
271407243
344530673
495256079
388555493
54657064
69428683
7315022
104324860
159462573
106597684
56505125
170345781
15463671
14375609
18994444
29735775
15749983
264219447
414527508
12831
15208246
972651
7905122
11518842
384693975
28195764
19489239
21114659
33964434
63753027
221394881
545673954
7982802
5741722
22341950
41159876
14870670
15721984
53643803
21323268
234044087
56906548
186635139
20546536
15993122
291756142
583989270
627545086
100030015
36082429
19307505
48014131
5336752
85131054
26604904
47739450
26538229
32545745
55254185
285744541
135558864
15324722
15728161
657863
15163466
240434931
8161232
564119644
104823965
24903444
21762433
141749281
89245479
16228398
8667942
84909450
7963772
462220900
140228923
98543618
154985728
272164322
16017475
128980493
5063221
10638782
45334322
356434413
184834953
15430772
15164565
136300373
4898091
5796972
12733642
76699391
35997321
788673
326255267
17800215
135575282
14246001
78420819
15978412
95747671
15255015
21870081
126086206
17493398
65170886
19186003
22944903
50055701
37723353
18678924
9198832
15533709
14601165
15226458
1175221
177706730
479727198
15450996
46681100
2128391
24905240
78623653
166990746
15903662
394223948
435500714
491429605
525626080
18146481
21122578
455080677
35725569
14243930
22114874
15710825
101798046
14569907
7526892
224369830
48439497
92315421
7429102
89709482
15086810
18770132
13287622
101244346
168602010
67296324
61517849
49104041
20402945
15324851
83436796
234370900
201079432
301493573
20192403
212262370
20957491
79743108
65146567
39279393
292972175
16371887
16031927
229966028
14141323
54664781
19726613
16686673
18485546
106816456
26777550
65502117
197646173
15985455
27689907
146166918
143798379
82657929
15724082
41019773
227076288
122207745
97503010
7684882
339822881
120129682
56440142
16081831
333692333
106514937
7039122
34022952
386092483
322603418
275572403
9532402
18767699
57768217
18566912
115718513
216105697
9252212
106135104
91671740
173925279
29515247
19658614
16032925
237477771
21901272
249384564
82643763
26946495
129879105
32007346
21768766
18226567
20109439
12272322
33222598
36804447
147649517
142490217
16172747
96405362
339332911
80940214
76381104
292549803
345158526
20461521
246789509
17491257
22924446
148771088
285252127
347395654
110004599
240790556
268324726
21312469
193747484
154619001
122396513
20801445
15481070
17004139
20815668
19037532
9862752
19734832
18029328
135713596
103447346
330930920
474232856
16898332
28113052
309005035
256494414
80917722
122735017
12354832
49715850
15463486
31461776
21534951
15586316
267788655
49105997
21240602
114896223
154253584
15745368
555474658
21352380
14345062
2836421
118756393
8559342
218975278
19107878
59676104
21313053
21111896
18170310
113047940
184136149
50365212
35474809
71627462
20776147
22047070
246500501
562871832
563092520
266133081
135931182
71932716
237784374
418991627
24032168
18632809
74198348
17520304
29727721
813286
16664681
78431501
21157904
22703645
26820275
17454769
21674448
71294756
14173315
15428227
6519522
30227732
216881337
101613438
69773058
31127446
16157855
136250134
19739126
14529929
15731751
14989516
30043495
12759562
20601606
113947939
117789706
71666839
193031163
12127162
32262322
34340245
10525102
80589393
817268
745273
756129
6750982
16930125
10876852
10350
11892102
16250929
45659261
137466464
11666142
18622869
20214495
171154131
15416505
34739408
123327472
38423124
17816420
15766082
79907501
316063176
19878055
16259228
166608401
108617810
14140913
15649433
49153854
11856932
16457400
18812572
7402662
73181712
9855382
24752484
30313925
222953824
749963
9534522
66369206
5746452
14885549
1344951
50393960
18646108
18812301
20109973
18665800
14437914
14075928
12133382
15224867
2884771
34713362
5392522
28785486
1652541
807095
5402612
14412533
113420831
70775228
22826294
35131348
14293310
20867568
44783853
742143
36162570
73303753
14662354
29828407
18061669
17574151
18172905
19553409
17137438
27901418
77249113
20733972
33301127
233737858
41363507
2735591
62320952
7091082
2142731
14749606
14984090
11069462
14541402
5568612
817209
6475722
1081
811350
7410742
1270191
811377
113130846
112243365
112236047
461408011
104636001
87725458
13
2730791
1050111
1874221
202717389
14225267
103352755
2384071
17564591
269718863
17974739
816653
378848483
15513604
316557020
60168785
19414469
40116885
33664944
5693842
26820795
19407053
22443950
454937400
45951501
500912731
23258618
96856027
58852499
66472036
21765964
55258398
18762518
19514344
25555522
245799031
71059495
22804858
95245399
62932775
116794706
17825857
47969454
153149305
10840862
154591966
15675138
161148986
116820540
168507106
167183570
89773107
8726072
95267732
18806621
78927772
15289200
83724053
22055109
18983793
16736846
16221835
428333
15396453
70183454
382331790
18915795
20245031
30036124
131204770
106776691
23853463
102740001
17487795
52749272
44674209
18956073
48385604
45595835
20984200
14730894
28614262
35218566
88784440
7228682
51241574
50213813
24438725
78968145
16099657
297653894
5561412
14871463
17837506
76798118
34929057
16584900
16092859
14754196
20868048
17502963
20651512
17633378
82916410
21118443
25103967
56282170
34301957
55033850
20777469
21915043
276665873
16324063
125787946
164748570
43409523
21252618
165204211
41634520
15931637
24439201
39155029
136550204
14587949
15012486
145398921
40553282
39993708
76649729
6817432
45932530
47972824
77243182
73217124
202206694
44458614
28652194
7744592
7270292
13218102
78403308
229592356
66369181
109371322
89820928
15923226
245350272
27472079
50325797
133439172
14845376
238177562
221162525
18915145
176415355
22097670
40303906
17520409
19594483
235292714
18480977
24037404
21940469
19766858
16311797
28140646
23484039
2467791
166232593
29478121
24175660
22797914
640893
784304
40818079
28178127
30864583
74559550
11856892
15754281
17546958
50769180
20632682
5988062
25146084
14857739
352339068
432854654
75104117
21231796
20957191
19036725
29233206
22183141
22835671
49724848
24817859
98413568
52958914
42962415
27744185
15918708
16187637
20073763
28603812
27029537
19404559
28102130
15163055
21823701
19394188
23970102
46176168
14857460
85606078
211588974
52499247
20179628
151106990
106155059
263936580
44401911
19417492
10168082
19087460
209792690
18341401
48808600
39308549
27311044
247723476
7212562
20608910
19519945
17539739
14344823
117434676
16789970
759251
10615232
20536157
117537998
250188760
32718488
106498703
114782468
31627923
41704988
6708952
21220931
11856032
174820521
17454782
385007515
27015055
21010214
312800783
91478624
46808853
54900089
56413858
18791763
110445334
223970563
5558312
21269970
42635237
14669951
296361085
14149625
52099553
244268646
233761277
89193992
18720830
3135241
21876825
25505788
249748478
22138357
17291393
18227519
21619519
29216764
252819642
25104363
26324609
56469022
18767506
18056015
75364211
75378219
18513956
97759840
23545862
166978088
21425125
17093617
17074295
14861004
19401084
20632380
7713202
15029174
40899095
15207668
61842393
18916432
24735461
1917731
15922214
24088529
26533227
142321780
9300262
13111552
9508922
18216752
17652450
18891923
1367531
3108351
22528309
5357812
12807402
36712568
53524514
22676962
87098271
29531290
91416739
110740617
78507619
28230544
55613213
32221465
90948840
44032833
29774500
21438729
17744274
15268009
23268547
17607843
49071375
17745876
52524051
1829321
19658173
34305956
67886498
62925053
65253672
23780872
19349026
19349282
19349488
19349610
22830375
19349732
17161751
37956738
37957792
37955674
17079621
19349842
19349914
18027152
45692831
20520192
609293
28147906
14480451
21916557
29890699
49239152
73393866
17596162
15613664
15651634
19659126
21206042
16429852
14955722
18941566
6894852
31947242
55455838
12807482
38518773
20097323
26694773
22637567
35027698
16827173
87769954
