22931765
18740406
21252618
21945002
14844867
91707454
2528911500
449355748
1276086860
904427120
47669276
331058416
60628575
201389881
1949672929
374710346
55313263
38018775
21768343
15570213
109050508
89250968
16637197
21485095
2411400990
2375533844
108052596
2560169238
28855191
21821061
221184791
16698389
398088661
3088992136
19186003
134329964
2456878704
54605433
331350952
136550204
62531620
838803536
189129306
42946039
2251229473
1408487016
72955172
17112878
108617810
234812598
20243128
42692687
121147627
138609858
2970279814
34198151
2612307559
30313925
2962813893
2847221717
24438725
461759120
2875310271
1355843420
304576970
2953974395
15455253
69773058
16187637
129879105
250912539
389034983
2786564756
2734241886
26777550
28553213
2654890417
65744750
65703588
266830495
2651126504
1261119842
472109910
36634373
32504082
790024458
38460940
61877887
2382160040
272020103
44497416
285736926
43465410
2535362545
29259771
1906170014
62725783
407835614
20732804
158596217
2226964764
21412739
34543098
551186117
86178449
19923351
58500450
1173054482
1969244588
18646108
329431307
255492065
63506948
1363127011
16031927
242366324
2377634713
963480595
1058460818
18958999
1128372518
447885810
60984835
1180379185
1209417007
813286
15808765
237348797
1074480192
216881337
88784440
130600206
22508473
26487169
281610530
23022687
239537692
316548861
189542696
943814922
989909454
2598006824
18163042
37590378
436796988
118245138
16721461
252922828
1131917492
23525476
49187334
507816860
36586790
237590404
18950883
315188364
76346161
223970563
39968958
18880383
65095263
16030076
246824198
25456478
16941053
196168350
54791458
20566538
234822928
236916916
173933567
234053893
234469322
193794406
17544524
236960387
224294785
235719973
201079432
235289157
170166825
21447363
15923226
30864583
10322212
89681569
58415867
13524182
54911009
208986059
35043419
73099646
77911590
19612749
29716801
71627462
151562390
201857295
63533673
21830589
116136264
119245234
83662443
17356661
70756980
160567797
30018613
37964078
18323740
21136403
76936051
23195603
135108504
50842166
20024413
64485600
107199576
15922214
21286108
22043645
26820275
55155523
30505579
16148677
49540065
103104762
142321780
190328374
21520307
145773758
198526130
70847389
18959234
23586174
152546827
117656867
60223057
63500744
150737366
15745368
113420831
16068485
48115928
22184154
177304139
69644354
24618431
29259675
90508268
37666984
63650107
19828669
90023999
116592632
15891841
105797514
8133652
17246054
49677921
16391487
128720249
41602163
17872987
14296477
122129337
15425471
15685932
94586416
17376378
23025656
133854489
122250552
29608023
48349956
85487759
125081420
49247581
129049288
124186052
117633137
57953560
38626468
15938938
26566067
53266194
15259172
23396765
125475908
82764483
108085194
50062869
43848748
20778470
46329140
18150288
66140425
41670576
48605417
25553371
42927355
14801984
59856664
17927204
15742514
42668060
137893761
16439556
138840755
19078651
140137626
16460887
97350287
42432498
72713249
137537303
18770451
136490991
14161120
21432231
51964801
23514631
14191075
139769413
21021728
139260373
22205114
117509692
58708159
138259531
97303169
19855461
29841742
142487576
30005269
34446152
93987404
76495483
44085236
19500037
139172034
19905732
38694419
53936867
130156074
134978350
89321175
14737677
15194301
45836897
80182673
16638235
116518445
109088978
15755812
35104150
23051840
136342930
29317397
65046098
95796340
20776147
87522962
17967056
69315767
134726432
133027358
123696860
58981627
23515063
15225371
20061055
15533248
28376717
107256696
122970118
119991364
14313633
60171643
17912420
57983442
116617728
121990777
20736645
16245688
21327648
16448030
34113952
34976869
75220542
122790750
20440309
27897429
15972707
17724673
85947775
32935357
20964301
33083010
24632689
44222003
31252522
18839968
38675472
32773804
16073764
125128428
30653539
58966831
43964874
68881091
35169023
90495404
63864872
73557861
22479704
16042901
19479195
21857709
78161711
96631550
29124567
24275783
19637223
49778220
14203700
22333893
125213127
125180540
84610457
103170931
15857537
19095633
90755370
122186650
36681617
88449143
41885591
72906858
30262816
16811514
86322392
14660096
17532683
22026825
17608944
81143714
122835680
15383584
44235851
116909072
53516478
21675062
23026825
82913147
66729985
59489106
126771455
109682170
35006107
40183072
15501326
126111497
120230665
67208387
113572649
21905548
35289571
24645354
125868680
14287627
22334925
21361003
19909019
68326581
129554023
83671602
74144130
49726173
25351854
46224447
121554714
130596351
39660906
16096457
17349381
114013279
131203354
104269439
33044471
123600280
18691728
14311122
14794571
58331049
39538468
79591627
23126646
19877680
106541420
81938320
43192774
32240304
111898138
132034457
23512381
34562113
120922340
31431069
115764076
26572853
115769460
16302968
36563018
14517078
126656282
130022264
93832686
19788181
39369122
24225648
19886110
126164241
36563254
28672288
14086330
83471141
42300159
19924390
35148450
19353865
106238501
84857421
109015907
19382207
15211782
18197096
21443076
40163623
41658334
133740622
47437206
17964275
15863571
125941760
58234013
128975103
15774353
125736867
108067552
16189143
35782352
19340854
134594907
134599936
14760613
134785338
67398110
123389809
98542809
17918065
39321910
40623989
20220277
33414806
34293050
18001922
18064776
25425855
37993453
25564355
13065342
50357334
22650856
57826817
14813265
58875245
50120345
64230047
66764124
67012920
17209149
70303739
17050303
55355028
62908243
22408173
25883949
46312016
74043965
64796997
35718068
61095768
24257392
68902455
15528561
30516161
30761452
20544211
26395113
79494906
58916876
84918001
72220217
20010127
15198316
54445020
44130422
34157839
46913703
26652016
76450474
44655711
45842973
89093397
16917866
84619555
11650202
32422915
57419716
17393385
93687464
93892402
56724209
17956822
82100569
95486270
96563767
23807685
63298071
56535795
25344055
99123713
18156308
71781269
23274472
84172652
36644927
10860212
42474016
106096290
16949224
107170984
47367318
20478883
107454254
18434181
106842777
72020197
15079844
80956768
135592794
73206697
78713943
110893482
38431540
107728394
134164020
135673116
135683905
135183037
46681100
38768052
90484508
35223714
39322078
96946941
20215969
47750315
89564503
89686722
24905240
136120109
44001216
24369882
49636611
19850687
128114008
17327882
135787088
33438221
25754793
21343653
127486569
130995765
16873057
57490666
49488028
25765148
8229472
15369857
41373879
25169797
108184778
90967730
19660206
16023914
61691782
75006987
46482725
14826124
26739956
135978171
22136453
88587154
94268032
23037909
53111469
14282169
20023047
119799202
78527996
20144167
26218224
77139152
111368664
28879053
22635636
111975393
62765394
17919287
96399952
50434933
109353562
112382545
52112995
20077105
60701990
115478136
32340002
92320160
53822697
23623362
19054477
71604979
41920671
22526014
96195332
18574723
36595839
17295555
103853031
35199585
25614235
56619845
25597046
122212010
122102058
16054353
18011106
124545174
124634750
126417754
104548398
58284596
92172946
77839894
15740256
21990611
136295215
136352581
50448580
112483996
8656412
17885366
16845343
24082807
97509924
49963103
22185130
136371370
45821110
136199062
31896742
19742405
122487868
65691824
135681121
105551150
136042969
86159944
75837191
22443720
110866170
14785979
17572404
20576156
47569934
72496198
136118102
37812817
135972888
130337047
85004277
15802199
92163606
136138246
136150854
72377474
67390256
15182074
136167000
24416314
69357935
125451655
26424685
82726085
41634520
38425043
27980018
63618328
24482127
16242309
34416051
15892094
18919683
26773650
22115786
42299177
13235382
53435454
14343083
23359866
70683132
22922381
99211606
15357722
136354946
18091773
18027211
61120062
28785486
14717197
47739450
85311192
85205363
25381657
85383938
30346767
85837336
78570879
86190315
29698567
66849730
18939777
754654
84834992
87264292
87375555
85413739
87816261
36815980
82141401
20963802
84698539
29179862
88687387
41635142
52764104
89031083
88815475
89271422
37763479
85926057
59179323
69598507
44659091
18107931
91699787
15451434
93025737
65062268
16653691
90468984
29370934
69974778
94368150
88058002
47714253
95793561
55559733
15966258
53080844
97552861
22469348
38720882
30863073
24709164
100346733
32463193
97478086
102712537
23940383
104015389
26133241
105946204
75693158
14542767
74176402
105029416
107747971
80103040
108294410
72943130
84833919
108163172
88335997
28509363
20249384
57789363
109499449
27046546
72547151
104269100
110535741
106332008
27437359
103675142
111053171
18086993
98880271
112179234
109742153
74077902
105284143
17558702
39258707
114035422
114248879
110318681
115176936
114898438
78461574
113246801
115180959
90935559
113842205
116058388
116007916
116022388
22692481
37532940
77536737
62895577
115320738
68690213
116754342
116798830
49750459
108402366
112533514
119189665
119558628
42481696
41821611
114738738
93990724
120879642
23574918
81207735
118931959
122579156
122272833
82872922
85834296
50497567
21464697
66137053
120494494
21100561
86325416
23797083
106472892
122041492
111792597
112572686
112840576
93575832
93288271
113497839
112467598
41632517
17292356
113073879
113110708
94361992
17268814
100554577
39571021
112077860
45898250
14105487
69412829
105844396
111196412
114749081
29799529
35835989
78964452
115165755
102192639
43376269
100319055
16593823
21658065
18950151
46470855
25802674
15540235
27846369
114204421
93923977
116282843
83608162
89862626
39834120
27354144
14849562
96282271
109737826
76252035
91271577
49088857
54067195
117823997
22504543
114028634
75864150
118060513
55951676
47357124
65812337
22880278
55874788
116642631
119430112
90490354
119347935
17271761
92162776
83597141
21829908
115330449
116002194
115335871
115193867
115195250
116535989
14848605
116075284
50813963
121183236
38087617
121396082
28787863
16620316
120221662
45992044
12503362
101847525
113655117
35653973
120265441
109357547
28101589
114479957
123095751
118416535
123382404
117150458
123572296
17769570
49510872
86364947
119818583
79084674
74858756
124824646
22783927
123936376
73092360
64291797
68621000
125725676
15447566
117712349
49107783
14107079
125663369
52106950
96498019
73641535
51374505
37999868
28813431
126560579
107266369
125737125
51617774
97217619
127373225
116203746
25426740
115493677
25455332
25268929
26760049
128057854
16244542
91130171
122151573
19795438
89869220
84927367
68764339
78456470
94424647
106576166
125295573
122439380
38397309
111460725
132414576
62909187
15129956
133591402
14211699
43461710
121882959
91383735
14873917
17841727
104482842
135925236
58443226
27391793
22052486
42886237
134198957
134179170
127550371
67388918
32366453
18623794
45664471
135246342
75615563
39046666
19459971
135560887
104968054
16610359
30795926
104388739
31299848
113097167
117523032
123086251
24287047
120207382
21738726
130618014
18854849
17903885
19102503
124299721
18064854
87805317
121312996
18703454
84664241
91164921
123267738
80587773
122081594
120402343
29619396
49208091
125104918
73024132
122058595
135812088
124022626
15927152
17858855
134918253
105261577
27642603
26383728
41864446
120131696
85688698
22532589
18499066
126236438
83859270
72053137
121489690
126477829
15449410
19378957
40043671
112761264
126353252
126749760
37975637
66834352
122177988
23349805
127312196
127518368
126141855
119249374
119088127
123619499
15646555
95434650
128063834
76244630
127690876
123770438
82179730
128422953
71057686
129601435
111186722
125187596
44263825
130673613
15918353
128049460
130258193
125918925
81193405
59952027
24914494
14641392
43172932
131558235
117232386
119629436
126063703
132171327
123953890
94913795
24727593
101567145
119160384
133051842
132567420
133954432
60799354
120085165
78848839
110157033
124839821
25712146
25712028
15238108
132262936
134190551
134826092
24821555
17184884
45550356
17873746
14754796
21979991
24452765
102188773
131974617
33729171
26056548
67480228
61206906
21271151
37293657
135613433
109352814
135714290
26154246
52998609
135722522
135723706
135723895
131571920
45914093
135730105
135758041
58316102
60170831
48324132
123846973
77281816
60595611
135883420
135890194
135881887
20055317
135168933
33490450
13282482
121248860
124547393
33320241
49137865
22028260
52789108
114329964
64098343
31464977
86177206
123272874
122927702
103626741
42866408
18954007
19423090
17096533
19415066
18561169
32711245
47587628
45395811
70688775
19479187
21780977
29893606
41859853
17495447
82717376
82771861
92808495
103651315
40314279
16353586
14181994
43380985
135200175
30718981
26327104
33192597
89302827
50914921
19733153
135575900
24326917
119175889
122387574
16704290
131950870
135578080
65493023
76463643
18182408
17215594
17844954
45929317
19223352
117165632
71921765
112541613
55043152
58640121
50798417
22029476
17997990
17819471
134891696
131642449
107443213
18566912
24338179
46171969
15907720
18393616
14416843
100883148
104701285
49824102
61616297
15274064
22626888
57360176
120573640
122223309
55421408
122181609
109051409
73102369
37100058
126452478
69047589
129900430
128076421
130385748
130868261
26643074
131168612
109716610
2884771
37216284
60622849
21738311
135263946
21465147
16423253
41371303
25476041
48824207
48353677
66397155
102554429
30887511
118774301
39351481
133801267
36588739
23753100
130572009
19783257
37134855
24190626
114756202
18648150
18924570
20174209
22122618
18592146
19983468
38097395
20711848
125855207
54613670
19597291
59598262
21707592
18289357
22707958
63172705
129821560
55329156
17818461
110445334
126062898
15360995
134536180
24539426
19661470
134926562
20621267
21091608
101525697
106816456
33678664
47390511
23722861
36692438
33283440
67318671
52503751
27115020
78816019
91349433
69086398
5508812
16494919
77032777
5745332
92627963
7100612
36785104
127723420
111328008
114607567
15764657
108819120
15255845
131839804
18038834
130387834
63077720
89787930
17747395
35784576
80755473
10292132
18312754
18963842
106393492
112782097
31700800
100103619
15190016
108834915
88261830
73177448
112831782
54311326
31395567
46511133
46002396
18896440
16297707
91258643
28902856
21791103
28489820
21208959
30104231
18647895
39308549
76247821
99134052
14154272
96831824
14172126
62033597
50452297
74466960
68127315
69563105
18860694
17723910
22130447
32218342
25414167
18583823
38005062
18978263
17826047
19655708
20914802
86130827
20245031
82462571
41857399
22047229
27157127
15203873
14803701
17724914
5496932
612473
2836421
11856892
11857072
8839632
11856592
18118355
14246001
21111896
16925437
9300262
21270032
9532402
21301933
18805644
807095
14216123
21228708
16456599
621523
5741722
1754641
21220931
16451932
18027685
18873711
16890518
30902558
14511951
16664681
11650762
23134068
20776497
20480549
14293310
18227519
21619519
7380872
19107878
18144890
19416225
19394188
19083619
19726613
14529929
9717322
15896625
7228682
19417492
17291393
22831423
23176276
11384102
19079396
5402612
19485876
18746485
21536398
14839147
16379018
16032925
15224867
759251
10222862
9567972
14345062
14173315
15406924
15012486
18208368
15922628
34493115
21384333
29766367
9783492
19028248
20252855
21111098
17556805
35233789
5336752
19362341
34340464
20402945
25360971
21778391
16732770
19309926
27090222
24002724
17523006
17454769
15436633
52992670
45642688
13709302
25755336
16057839
21149225
75305255
14864663
14088218
56149868
42350902
18287817
78657110
46315529
25223699
65146567
20088666
42924141
46184745
32010840
51229845
51228911
18967498
18317325
15856366
22527499
23951197
23970171
33977070
16102244
19912734
68834620
74198348
15985455
20053279
73474826
50152441
23121519
22831059
18943852
36654245
48117116
26778110
22509548
16721061
41363507
23712174
37920978
32506723
40318829
24773493
16256269
18805303
20097342
24183358
20209807
12788332
35829796
23103488
23124635
19407835
10691752
24904117
20020575
55677432
18030431
41403889
20467163
19926675
19616327
26051676
55235265
21660348
19929362
27965346
58314796
68198420
61615342
25632938
22935909
49791309
58531651
31402393
53994739
69177224
28263009
21456272
21876550
24652204
20343089
51150417
18124830
15571038
59493962
43182168
62520720
42334984
43651761
39665048
62534627
38745085
15645722
54973469
49496229
29554047
19674468
30369695
41019773
21990436
48736109
29834340
15506100
7496712
20373514
32168302
42184387
18851639
46732934
19603180
20202335
60677028
23132471
29814643
24095951
15732537
54989719
15106558
31103355
58601435
27910838
27443630
60591114
18294746
18153380
27433709
31409608
20521024
17585551
26275176
24091188
47728816
24702490
36785651
14927343
59342783
18907313
16374829
23772713
16000764
34023198
17132095
21694113
19305965
22581092
15258512
22387887
18468662
31442248
19977456
28323372
6216242
15601204
16908124
14387040
24991251
834601
13127832
23477201
18441024
21278668
14856289
20657461
17782935
26160247
25609820
21120146
28474397
23916944
29292449
15637556
33887828
17223208
21789634
37081235
36831425
41648977
42636610
25714064
20095024
46022485
42475466
47949622
48452320
14140642
48520803
27685637
38926008
59135836
57725260
59806417
59247980
16175983
26490376
18078038
17275246
21778602
15503630
19225472
20543853
16068370
15663623
15468456
17422689
20989982
19674867
16102208
21087972
20411246
21334377
21364872
21379017
15227010
4027771
15495140
21584838
15647593
21670600
14195918
19734781
20206999
20333692
21752486
21713486
21697443
21819729
16787952
135313
21524918
17467637
18931128
15947442
20917826
21941758
21871348
21755470
16806182
14439031
17651424
16845946
19727941
20022268
18075897
19273104
21400788
21463746
22046981
20110322
20707628
22297512
17268182
14498920
22438950
14777759
19814572
19796592
22521536
16598188
22537368
22049027
15894654
20344831
21709467
21366131
22083741
14424621
19250906
19788359
18452159
16905514
15149327
19405747
17854936
15359490
55312717
18037907
52106276
3096351
22984417
14805903
14995191
16088285
18001786
21500782
23121541
20889358
23134349
973541
22906428
16038428
23340563
23274343
23394127
22876523
22581467
15841850
23556320
21127271
15565620
20522345
15654605
14514499
18254100
23237884
23801409
13800942
20269222
20790992
23520577
59483506
54918950
21289831
20866321
23131521
18860989
18370087
25666337
58776129
21248692
23869561
24411916
11509132
24572683
24600200
24726855
18424947
28121363
23999948
24123452
20994119
2929711
18724641
25364447
19202800
22069333
25432533
20690808
9545252
24731038
23113096
22319044
16455033
22402187
15046272
16903904
14070957
24417211
16003664
24463881
19196892
26119038
17665228
24444823
16216327
26170203
19429405
25619118
26106103
25227140
26661862
20803939
26703444
20801235
19251733
20575777
26172333
22760846
21319285
15710452
19764536
21422384
21422517
27669929
15502015
25433289
21756152
18206410
28026367
21768943
27010729
26518881
23133118
28211335
28494350
18110129
21280791
28442365
15985025
15089072
29513693
19790946
28424377
6235692
30227913
30343521
19355863
30369531
19444530
28769728
15741406
30372129
29612396
30937290
31040675
30300511
23303644
22172675
17667690
31996736
15853239
32344949
22316626
22762705
19911382
32289099
31602109
32271071
33730251
18166091
17496767
33516149
21368104
20939199
19950470
22713210
14533992
34805434
29809344
24972005
15768352
20979588
2790321
24351482
35696898
13805602
28365063
28470558
17124390
36694260
20307887
21859521
25091253
23385770
19171179
10198182
28630595
11702562
18168068
28359995
14859422
30011232
22291565
23838106
25533275
22861044
29513622
31584198
22273440
23755793
15128118
36238781
39398723
17933209
19709747
14400139
17054907
39907321
16798080
39490606
26354441
15245562
34963098
27348200
37535853
20610124
23442852
40762634
40553282
39114205
37747065
17394150
5604592
21004866
37219954
17470525
16120080
36742955
37501455
42215610
42032896
28150080
21463545
13526492
9548382
42774249
24260487
23024734
42456602
39330160
43092915
43549149
24410263
41832535
41605831
19551815
19885322
13138012
15600992
44170811
44347631
36966593
44025793
45081880
40895137
31524003
31294488
39186259
58280804
43197530
43617650
19413645
36661957
29075487
50848248
41705059
16340990
15736383
15100124
15428566
12646332
40511409
58831437
14432485
15523376
14499633
17998249
19989665
15739968
15651637
18835657
16666743
17037940
18708182
25645556
23458577
15403848
53229950
16260533
18057985
20748655
25618660
20490765
17177601
15659178
20994050
20052654
45190383
58851593
15737156
17714074
21850585
18165944
18284266
19806567
23947343
18686385
24163846
17825665
22931891
18289929
22233803
31336648
38557152
19843608
15763041
22004115
15280653
22311812
16658010
25779902
15372117
15162524
25540364
17955903
19771175
24724256
29817099
26420738
15988710
21349488
24458149
32226687
22564903
25726230
36453686
36085260
36776808
21361813
16020473
22704422
30590085
37191821
16868237
36109393
23279427
35678845
40039077
20768333
27384145
23204887
41179517
41252097
33272548
33796850
41183599
45743121
19457981
19237918
14435489
21550602
18273556
47567161
21910921
36664382
50755498
21916871
47679221
50280721
39166625
23998125
47632905
55961514
30966902
24965771
24525481
42955076
16826017
33056470
36844434
8274072
51168373
49704414
53543787
15267350
26800946
25149217
15964067
41170877
15732671
18521063
41838392
23166416
21569218
16550605
57407660
23753685
58548852
55414784
51450455
22915667
47254530
57405029
58667990
58324140
58724037
42412168
39755950
45868996
57896943
43409423
17904692
15733068
15368990
17421851
24480712
22264171
30446808
37907293
28251273
28238516
5815162
6485082
15407832
14554648
14071606
15430621
14246394
14079007
4629
14713863
13602972
15454023
14574448
15651657
10685542
4205881
13982172
16041184
15679564
15234881
16002230
7373272
3544881
14309308
15767787
16046815
11348282
16628803
16356226
16479300
10526122
15625031
12114172
16165116
16259097
9335232
9918502
16233732
14215547
16624692
9715112
17176326
17489093
16669548
16454414
17054064
16239766
14703299
14413544
14869941
16698193
15893912
14332649
15444711
5795162
6296622
17942260
16439401
18092102
14101232
18039442
17954920
17412891
17094493
627033
18021702
10039022
17181528
17598077
15504190
15249762
18023126
18301130
18208987
16031280
15630097
17650755
15773467
12579192
14875957
4603931
19668853
19784264
20713061
17976923
21542467
18252381
19245481
19863559
18401723
19776022
20601358
18560270
21171068
18099952
18745624
15503155
18847484
18760834
23059814
23084333
22647624
17653696
18944963
20192403
24374384
15516354
15508277
24362769
16881194
24240687
24705608
16311797
17964208
17872554
19305668
17502336
17468605
25193850
25293856
20412174
22795270
26133847
22779546
24293683
35800729
36657665
39362320
19822366
41171865
21925111
23994797
23032184
18981604
43200513
28227890
20324393
41134787
44374081
20067457
31117383
44658014
34040189
40772047
41854403
18451200
19790489
7736682
54805266
46304115
29149347
36285379
22093349
14925545
50833799
58057017
56606401
33303448
44479776
21001642
21764111
34251485
24182805
38484359
41823991
28077599
23278998
42342417
42160033
43585547
28577134
36921540
44585899
15809321
38262281
44972079
46746594
23039273
20608910
27518942
40679556
28858064
19599767
50073883
37841739
37108426
17107252
50948509
10057582
35464360
35977184
48726952
34337069
15646547
17546958
44403079
55008840
25527843
16390926
17518344
34927577
9075852
22234201
58046250
57993863
16210204
19610568
38342586
54269380
46198594
42551153
48585797
23022772
30136094
24910046
36388662
19254926
33610091
16204816
16640793
26290814
38992309
31474478
16211870
17623661
16884102
14146802
23081737
58294318
50159482
28916557
40942680
15021453
47215532
18729424
33507225
58364616
14590612
18679934
15148418
37041760
33580559
17069964
16499303
44429984
21133525
14377396
29343781
43540015
37907219
52073698
22337047
53673895
55068442
23235661
19877830
58449846
19674684
22871500
54060175
19757062
17480256
44236403
15669672
37663094
41718443
52750457
25997252
37969357
31547101
19133507
17907697
36047379
16134261
18484588
54951115
17816173
23078994
21918700
46275152
14345492
31460417
26523036
33330985
19748285
36679696
2467791
13332242
19447361
19293193
27916776
21771519
22366697
14963773
16036525
16841236
39619445
17864520
23864369
38113929
21848829
23094995
33611437
21045275
18915145
26335404
48380041
17090912
17074440
25414806
21341598
57560920
20367667
25897776
56477631
56496329
31377672
14350969
16435700
56642053
19216755
55298705
19364516
17041575
56847878
19638751
41510247
51990743
18256110
38182390
14453267
4159021
9233272
17554249
18498427
14296157
18531951
18910898
15688298
14270919
18838315
18078062
6719362
15044113
19446786
16886840
16783575
19150280
14802063
1899261
18501583
18398288
18314471
11883722
19994448
46482995
23362301
57587025
53374368
18810217
15827274
17815139
20366894
23452572
20468251
16703058
13067732
18939485
39193773
19029944
18812164
19040666
18622958
22078613
19539082
19915351
15734368
19259282
17218848
19050376
16739634
22660137
15443575
22797598
20261210
22825660
17411918
22786827
17073319
19615223
22549279
18297696
19189710
18958128
22147477
19036700
23339522
15648137
23646177
23691120
21336325
10222672
18529376
16399661
24261515
24493445
16559455
16314929
17311248
23976316
14835424
23354104
20796447
20535297
24008780
6721192
17195762
23080521
23629179
18623268
25446308
25982877
25060786
25420029
20593873
22950187
19996604
25495946
26635571
21037221
19775312
27051489
18340143
15867621
25273638
25946535
27389725
27337773
20407129
26946495
23613801
27688353
27543107
27621738
26926309
25172565
27544062
20026041
16314172
27291386
22106079
17787008
28979029
26044557
21866797
18227641
29472739
29503900
28166618
17263149
14261617
30040393
26523981
28109519
17496108
30050663
19734687
5998542
21317508
28084036
14876530
19859751
15698422
11110982
22547446
30892182
34817154
22655658
32633823
35036024
23287234
28686206
35782045
30678466
32256305
14837197
19586469
33410752
23661828
34589792
18910530
34622874
9151112
28545793
17603356
33555786
22518724
25204465
22528309
21925192
19578858
17366345
28411050
40980792
27660756
33593338
27003650
40029829
30033809
34404429
20700426
31323704
26011455
12591732
43918682
15330902
19658173
43921306
26505898
38240752
21589257
30059434
44445630
37976051
23708756
20723890
20952973
23253889
19632051
15981592
38989374
48209374
7370892
31139417
19518981
30241992
20295383
36256712
49185946
33377646
25512921
26486389
50048046
50225634
40045792
24883866
17177876
40134225
14217938
24692882
17231801
27783417
36837132
49613597
52120916
52378089
52760174
20453337
17629004
48731098
13284922
29520100
33348604
15149624
18817996
14726990
14738157
54675157
38483134
22522100
26472173
41728675
44423263
19076104
39161293
19291483
56401482
56428554
39668437
19374139
17584179
25086658
50510629
18371070
18915709
30037607
18226567
19026201
41201309
39207632
18444665
35304449
31409241
38613109
20965272
48907040
24620870
18875375
33433455
16442847
53982192
22460937
48805065
57369903
54594181
33741876
23631885
15436472
22017253
55430367
56089923
39171673
22451954
39159623
29896558
24025294
17520597
23794032
16418541
30100111
7143752
17354835
19908210
14694116
19466786
17851543
17471318
22152201
16562019
15513604
21029000
19553409
23490604
50647738
51585493
32562930
46557945
20872131
52221888
54230879
54925105
57062963
31048444
55687166
15752013
53111673
55390586
16265372
22033957
15704314
17292549
21878010
22131727
21159336
18713297
25336187
25613032
29648265
33146626
36180198
38910092
19557449
18804691
21969829
23754973
22170482
51682281
18316334
24539177
47451719
21761012
56463610
18123085
19820356
31735427
31449974
18763178
47775464
44454432
18275171
50843398
57075186
14215574
48363845
41671165
22176076
46209409
36101055
20800044
27920794
17299929
57056784
28663347
29088332
19771581
23165680
29881598
30253915
30301312
30145443
22675808
17623524
16118792
32426116
33024673
33320045
33240765
33420786
18994118
18810387
19216998
17373076
21298932
21065925
27046305
36484162
26582121
36678478
37286345
34966774
29508067
37850182
18912637
36722322
36350180
19686924
14150613
19710249
26702502
32281887
39045816
15731751
23868970
37288516
13216522
36584559
28176898
35664186
40982376
36259440
39809362
20097266
16693812
25535950
40905228
20252025
43764243
37500021
15724082
43481124
34523410
31603517
40910471
19938655
16068247
27676828
24731558
41702656
32395544
40510796
28907912
47804988
47948993
36274813
49653912
49060721
17091888
33251217
50797853
21381690
51311967
54562707
47660804
34606194
16412613
51498557
53824294
53964221
53442465
54289574
54311614
28771516
22290940
14976464
26873313
53911343
33312354
53981494
16852899
43539585
24219344
41445718
19468582
17976966
39291918
55023824
43421313
54052087
19201438
18267112
16057615
52627381
18811140
55337235
52873319
22516699
19365058
33549983
55706851
51662463
55722849
42081985
56038237
23021319
16296683
30978779
54998052
25080109
20645586
56509282
19092078
56550301
21026508
56048022
56054777
45398966
56583210
36233027
19425538
9486482
28464959
27444964
56871213
39787282
21789755
14668992
46345329
43444390
55484467
46135861
43606737
48877152
45450902
44319289
33972168
18576254
52960237
45502970
35176563
23326999
15072677
44616910
38236325
31221839
11611052
50331441
15288510
53079660
55898564
22600144
19490550
30235194
53116337
48823055
1180981
20882812
39896774
47201703
18146764
42306309
51876812
47755447
25767155
13371902
33931475
47529137
20910822
53408960
22927548
43712588
22620574
53699136
53530498
53478545
53436242
54000618
23025529
25138059
38662631
54517272
17818793
20456354
21196377
16374089
18743710
20729748
37723033
47404954
24034750
35056812
45741825
21055190
18104563
26014913
26869660
55621056
18170845
14329072
27415565
56096599
46423483
56420204
16566732
55885084
56233121
31479456
50792906
55386492
19771709
56241199
23688803
9275732
56263671
56266374
56272737
48058518
7479592
55619434
56240604
18342501
27353833
55271392
17592113
32764651
16037744
19921113
14345113
43224497
30643579
44964378
23962719
47281289
33864842
35103030
28755518
21315898
23077947
15552221
11102352
48751260
25770408
19238116
47782354
19877828
47616927
14869994
43119237
46773291
24360859
33209919
29202846
49105595
17809037
18041730
28710939
27193839
49904156
16481957
14894886
22191920
28856628
52113851
19286059
21714521
50304652
51525610
22759092
22008329
15613337
46038449
18497595
52779839
53135592
28888699
50745143
15687611
14084847
29993649
14477880
53964836
17726384
29430359
35241489
53519827
21866825
47720065
21638117
24779614
52136627
15518469
22507972
21388041
37419748
14614843
37865394
37968733
21329888
37564363
26155798
19139963
16906700
14730859
19739126
16933836
16464341
23201172
14836930
15675138
25860617
19513011
15244198
27905096
27912409
22485446
23774262
25455114
15729784
27926469
27683967
18988463
23607224
15961083
25337095
23141061
21768232
27761298
26292748
26214601
27996915
24392055
22265355
24810352
28015083
22209714
24720594
16016642
15828896
25855460
27728275
15866350
20815842
16462880
26213854
26586049
28102229
18401107
20405322
28031362
21747887
27169894
20768051
18909949
21432664
16453675
21269970
13064572
23551460
22263614
26036423
21912557
18322998
18769587
15464512
20351482
16030582
26078152
25983399
25752038
18766248
15304856
19881382
20105708
22802278
15507739
14547961
25154114
23863176
18456014
18170310
6231902
20921172
19592687
24737745
16333183
22520150
14889142
19685379
24338756
25402473
27041395
15703025
19597199
26033435
16058435
18693348
19647456
22884336
16792599
15773297
5484532
11615682
24213429
24190527
20174627
15281576
21033153
16928455
23489450
19214031
26152117
25821779
21526388
19326742
16900577
17739376
16121740
23362112
16565596
11651992
26305854
19104156
18157079
20293044
15110255
26052282
15458694
23948456
15265269
26449762
17739961
7546032
23119867
7144842
26089178
21017693
21634252
20570337
12506222
24753308
17894361
26452155
19140083
2347691
19867280
21622527
16856670
25420977
22692723
21631487
18620709
19220043
19600166
24334236
22925793
16697679
17894169
21878458
19016312
26132404
16955832
16579881
13510202
26757501
19659827
19312710
17218077
17930687
5455682
23368816
23898498
26778595
20407150
18608978
17058879
24910243
7519902
24795099
14458904
25361791
18815582
26942962
15771033
23643771
21152918
21787600
3271611
14803833
19124291
20248835
22139417
21892154
15753914
19841704
21044127
27104944
25393702
16478130
24889153
22667129
11081022
17997341
18638427
22640007
15759917
26537621
26955981
18205115
26441498
9287292
23127021
21534324
26258534
7039122
27320523
23439360
23186203
26812267
25975548
27426226
17947209
20624468
16110693
25707477
26815519
21059384
19243682
25010504
11244852
27500004
27569199
25153138
7524072
26117428
27374790
22009032
18337847
15816098
13012632
14883320
16051808
15553178
19308760
16882335
27187314
21007764
17513331
26558284
18087450
24125784
19770271
27897913
20179303
13986932
15627208
15853310
19781646
14142933
21674448
16371887
16268664
14094741
16628964
15731588
14527038
18750325
18598219
17813717
6750202
17234573
16115786
20572150
18916432
18043200
771630
17850325
18488836
14128732
20251654
18917072
14065543
7661922
19827717
17138014
15434044
19808017
20174871
16828842
18713667
20344756
19304181
18648959
18737334
18684171
18354255
20119109
19627094
16828265
5745462
12044602
17986652
19443812
14391242
18704596
19165408
20015903
20378448
14197315
5515202
16492765
15986385
16049051
17012346
18819257
15810195
18903400
19039844
14941285
18954208
18021588
19442766
17891169
5561412
19741749
15342544
15154248
14249190
17563655
16526000
14898452
16471647
3533231
17367405
18745415
16582866
15005272
17073790
16823809
18485106
5874762
17939408
17057888
17296156
18905115
14212764
19538400
19624818
17527916
18458831
16610744
19731058
18536826
13455472
13219832
9656222
19430499
17830624
16225776
17859888
16129920
15111163
8453452
18017931
15338937
14494288
18593344
17902238
10376152
9861692
12371632
16409233
16468763
7023342
6079972
18228647
17121424
19596796
16568609
15885390
19639235
18533974
18693598
17435455
15662154
16100318
15810417
15427912
7163682
18688138
11253262
18280993
17999966
17651380
14634658
15532541
9007482
18546944
17179408
19593728
15423476
18145550
14297710
14311334
15996433
16215678
752193
15102893
19399418
14412533
19541375
10662522
19123310
11783712
18266688
17334157
18247062
14550855
19375469
6697682
18276100
17892273
14790078
14810246
17963725
19445516
15624349
17903691
19526642
18286677
17934084
17989264
19546483
18791763
16117192
8071902
11421732
16054649
7557612
15537855
17746540
9538352
18914938
16039421
15520271
15920162
14300117
16274815
13218102
17233536
15098743
18931367
17183069
8512722
18638954
16641718
14639279
18426725
17093617
18210606
10937632
19029415
16912819
15312325
15800230
17463660
19195830
15850050
17962914
19003991
17925160
14483548
18563991
14522612
16916369
18125737
14301756
19055310
14503541
17955706
17394728
14217862
18295973
18171314
9835142
10550822
17773300
7408872
19124529
18964887
1695401
19058106
15491840
18362376
19312039
18913799
16950898
8430602
16958993
16893035
18576258
19085097
17054059
8708392
18979606
17567743
19183074
14989881
15321376
18981531
17979245
15321866
19250242
18540878
16049542
17378892
18251787
14955436
14074339
15503024
17726697
4388251
15381781
18270624
4515891
16528735
9741362
15842399
15751056
15596908
18762590
9872012
18938130
1467621
18394443
18880561
14273103
14561974
18805049
18497068
12738012
17971429
18381928
17203603
14394654
17911802
18891923
15059619
15653574
15912009
15922382
17572116
16224698
14125258
14774486
18395206
17934747
16005254
18461227
18469437
14766591
17786222
12743372
16636824
18606774
18770275
18706381
18790296
18814878
18573019
18552630
18884126
15519833
16458905
15531309
1125071
16640784
16936018
17820114
14074515
17953239
17998739
18137724
18177001
18309837
18511594
18017741
17290479
14335435
16485298
15386795
429043
9648662
12231542
16414347
17078418
898401
14429106
14224095
18246347
14422993
15191548
6997452
15700563
15670995
16479143
18530662
17987463
15445154
16805861
18351093
16181186
15804503
14012082
14430923
14428265
15664289
18611559
12726012
16623835
14834304
15976691
17872744
17791736
17275115
10202
14526709
16976461
17436526
7725042
14852411
16038671
16531389
14496790
16005225
11975892
18173010
7730052
17217914
18096895
15696011
16641279
15821034
16692771
17903209
17886496
17122356
10475872
16814727
14087249
14922694
14913540
7879972
18413820
17945294
16113691
18496709
16899075
18070094
15166577
16564424
15503251
7955522
16857568
14114924
17591223
18274719
15494931
18103993
18037344
17922536
16691502
14239737
14332427
18308416
14286155
17938770
16728227
17847098
11776352
14665554
17743167
15876673
17818893
15869470
15031183
4923811
14150637
15807127
14280239
18100193
8006742
16143519
15711605
17469332
17173475
16550571
15864123
16958766
18130982
6822622
14936771
6267962
15698824
17926619
17962266
18171116
6830022
15151930
18262785
2367051
17344590
17477130
17299076
14262105
14226492
17218322
16318959
16414242
806946
13699382
18092370
16872457
17061754
18235817
14256580
16257785
15819292
16031202
16068266
15641893
640893
16314105
17979288
14061583
17933037
17933053
16717271
16332197
22273
16133208
17819094
14182546
16294145
17901168
14911137
15751808
17958329
16677523
10196452
17914509
18152363
14389513
18190416
17800215
15764555
16180559
15700362
14222665
11821962
6009762
14386013
18059751
17885790
14803522
17497045
18175213
18165793
15233112
16148139
15365985
8234132
18159033
13256882
17064956
16711024
17917608
9133652
15441539
17982055
16034325
16007665
17954851
17887657
18119058
10383852
9329022
15898605
17794423
16327832
15720447
16266236
18071434
15740420
18205814
18229117
8318422
15251890
18189399
14072550
15776432
16949247
15792415
16511543
17358652
17963980
14270757
14835456
18059559
15723911
5610072
16920080
17514324
15817101
5472862
17824640
18204697
12687952
10451182
14800273
18195532
17543635
14296962
16341193
18111612
17861174
15394954
17085539
18205761
9720292
16806103
16233111
6606702
16888342
17070787
10207042
15713270
16495680
16694316
18148439
16626340
17094167
13367792
2547
18005673
17876925
11015352
16552101
14572477
15875767
14626599
18065503
17421130
15919009
15421151
14385319
10268302
13326952
17452566
17968481
17752368
16530973
18098616
15305831
5889412
6858022
17890913
17641131
17948145
16633910
18052630
17789793
14943818
16481781
17352686
16141096
15769217
18216752
17310704
17735050
18210883
18224379
10722252
12422972
15731049
14914938
14295486
9527242
18085986
14074743
15615814
8304712
14937298
16002530
17161347
17811556
15239437
8192862
14181215
16752100
16651411
17956668
18224761
10355872
9855382
16063094
17552501
16051473
17172392
17060454
16872978
14092004
17364176
16180224
15497928
16951485
15602822
15605972
18050968
15692998
15481585
17622723
17432280
7622512
796751
15987304
15579490
17519157
15862974
16842250
12732972
18131703
14825511
14825599
14825633
15960798
15971424
16418289
15267866
16333033
14068834
15113571
16337033
17845299
14170924
11845062
7300592
10728192
14817097
10840862
14464299
15041835
14820316
14062129
14730894
14792278
15085490
13958782
15367660
6145322
11829282
14197476
14975910
6048522
15525938
15464264
2305981
14834017
14915412
8137912
11616202
9836582
12732752
15555519
7318032
4904651
15250889
797981
15234697
7870892
15169967
7099662
15234137
15454339
9649222
15697312
15694556
14969353
15218282
12477962
10911792
15727317
14736322
14055514
15506002
15729617
15006721
14863096
14656738
9979852
15738163
7487922
14770050
6939642
7413842
15715665
14930128
14193508
15087124
11616242
14235397
5725482
15726878
14341842
15698349
14262212
15537451
14749805
15680684
9486552
14888205
15935628
15918708
14774895
15572565
15944011
14229895
15603311
15701850
14682451
15460893
14761533
1502111
15969768
15721640
15074133
1931631
15008944
14565920
15828087
14261939
14728469
14208721
14314440
15971132
15513002
16119129
13852002
15946541
15496218
6424262
14188956
15771482
15786716
15786922
11106442
15956577
13284792
1877151
15781048
15693337
16051018
16350574
14173084
14384763
17915883
16116519
16192197
16317603
10643652
8340112
17901995
17780890
10326832
4655251
6246412
16479176
8170372
16800140
14713682
742123
18035065
15581992
14659350
12233072
16518863
6793252
14128054
17840967
922151
17934518
8349572
15445240
15172989
17951924
16970931
14620967
17915624
16117318
15616064
14128888
16433422
16873037
14355734
16259228
13840582
17899188
18009645
18020819
17886567
14063253
13837532
16618051
17726973
15283729
14759507
16594804
15379170
14750858
16713983
15854276
15951941
16431351
18126335
16611492
14247141
13431892
16605755
16843704
17979397
10162852
18034584
16135165
15021099
16778219
18123506
10546442
16319262
3332331
1759181
16636176
17025118
15300715
17322590
16821699
17336469
16371006
17331003
16827173
17441991
16015621
16226848
12672352
14287286
15578013
15972469
11143352
17467298
17546332
16494555
1653161
15138794
14832924
15693730
15525062
16283432
8106172
14761924
15767195
16443965
16187619
17466628
7665662
17475898
17294330
17496988
14809833
17681489
15508142
17602996
17776189
17275727
16940885
7459182
17419137
14654038
15249490
7126672
17391442
17264823
17429201
17594634
16482285
14258935
2357531
15311605
16895148
17840309
15603023
14670555
15535849
17748419
5622622
16565372
17888414
14535616
17837854
15777016
16132971
17487307
17500512
15626701
16653851
16206646
610793
17916803
17908266
17919912
17896545
17699708
17885302
17744518
17417254
15213128
16710435
17922514
17900005
17909913
17195861
16340301
17407828
7799412
17996051
17946981
15154398
17740285
17978459
5814392
15636522
15689561
12571232
16282011
18027230
17485281
18014074
18060355
17823454
7558412
12646442
18098526
18088386
17965110
7192292
39623
14516218
9429012
15304326
16066056
17288160
16264702
15996400
17059561
7350652
17812809
7781002
17044596
18150198
14203551
10967
17916257
14808047
15701927
15300350
18196597
18163499
16168407
18040939
18063643
14455403
9184222
18209474
18211145
754556
15129727
17777458
17627148
15854690
17362970
16424044
14415941
16559057
17589079
18099699
8039222
1376521
17927146
16732982
17641086
18075767
15762819
4369541
15702490
6837042
17551089
15694150
14398964
15236740
9883192
17218135
813524
15186308
15829920
15932085
14555801
18217624
14592373
5145071
14511615
14745164
18051227
15329906
15790190
1630561
17976672
14246362
15391102
11134252
17938420
14229113
18083519
15469569
16778147
16001133
16753383
14402818
18174563
14076060
18176938
18050020
17287449
17612885
15485532
14972150
6782762
6393032
16844056
16063483
14469759
15974744
14668277
10771662
17025312
2258301
18011486
18133102
17387589
16492753
17846772
15878890
15982286
18093701
14998161
17800397
16822030
17964924
18102874
12916102
16721335
6577802
6472452
18161747
17881551
18024105
17904439
682333
5906272
5539902
14915538
5845242
5283382
7529962
17671349
15490191
15043651
16367100
14833485
15730075
15939202
799032
6724252
14728168
16914974
14532256
17495624
13396002
17541193
17566505
1165371
15481677
15360456
17773310
17824100
5990992
16597787
17914122
15855640
14836419
17582899
17980762
17858291
9498402
6796502
17982724
17627001
9643452
690293
15909603
17884729
17142160
18075850
17449889
16955992
16433945
16170253
14495999
14682626
15746054
15703923
4426901
16807010
17227471
5943062
15726135
15886432
17389465
14774331
17784983
16192159
17506198
16487228
16000652
17967815
17529570
18124762
17916114
18077043
15227483
13093792
18068679
16446177
18199105
2059051
694563
15416505
14828860
1253431
15951499
14231321
16763018
5447242
16782473
13322812
16272370
17947360
7044742
16699218
14393348
1754241
14575798
9508922
17171293
10956962
13744762
12896172
14815766
7702542
989231
4511661
824072
6742412
14349013
11855222
14352112
12144232
18071440
17411020
14132503
804455
14203569
15878201
4239551
16232940
5920872
7060232
6820032
17390796
7913752
17609675
17825179
14222443
796409
15126891
15985852
7294142
14469179
14764605
18015658
14336910
14364465
16930489
14403042
816202
16402762
15665921
14328308
16875531
14356393
17291725
16960896
10486112
9167352
10697522
17847960
18043554
14127092
17474215
18127091
5865722
18051153
17926342
17366433
4541891
15763535
15661294
16265061
14454432
14567078
11843312
14536203
17445028
15027791
18014067
10086092
17907878
15815339
16272976
17829264
8404572
5469742
821584
11414442
770573
14100886
16005131
18173216
17299744
14389132
15730323
15684924
14276152
18136191
15471853
18144799
18154086
14725649
17738947
16318265
17024285
15841925
17052475
17810992
6975262
1917731
16539573
15700171
17592853
15383439
9272862
5656402
16174854
15779757
15971670
7214092
17574861
18026772
15631272
16042924
14281853
14833501
18088518
1007041
17609357
15316113
17752112
14985278
15730238
15065641
17849007
17917121
17940521
17908825
18004701
10388522
16550029
17218682
14548316
17981417
16045321
17912673
7518252
1590851
8006412
14669951
16545263
6426042
1050111
17351088
818578
16096718
16684149
14836546
14295569
14912925
17611447
15598890
17685359
17599476
17896706
17788259
15657280
7548732
16413143
15999664
17609294
15492842
17583954
14046665
17784174
15502695
18057820
17918869
8753672
18128281
17926920
17009637
16437737
13984092
15990055
795448
17887406
15037964
14074195
18118324
15256077
14407458
17907968
16424927
14614892
17653667
18034923
17893027
17892302
16457081
15741724
18153244
17398510
18075247
16317890
18139497
17995774
12624272
15756882
17778160
18130694
16135817
18163765
9105802
15941683
17833400
15862556
17217087
17898992
17469518
17954074
18092410
17933701
5511332
16908796
17527466
16411272
16010099
16927095
16672662
15075999
4396041
16686673
14521664
15116570
14275291
10102032
15160884
15378621
15751083
5558312
15581825
7270292
15700423
3108351
14520944
18153564
15952972
16140612
16117273
17924677
15756083
17911939
8542882
17379337
11463452
16658638
17493415
16929923
14687493
17602541
15759387
14840162
17759022
14401607
17886107
17646419
17927268
16036700
17095918
17915850
18019121
16961288
18025958
14688489
14904437
17964124
14403554
16819278
17192613
15782532
17790116
10168082
1626991
14437914
14662354
15356407
10419
15207668
15489349
15140355
15159913
7402662
15703576
15600527
15075753
14858000
15749725
15661604
2704951
16045956
7713202
6529042
16099657
15786795
15281676
16301714
15219854
16056306
16440518
2878431
16602995
5693842
4107251
18020081
6788872
15351784
2364311
14365762
15765104
17345738
16568409
14577013
16604876
15664760
15657024
16514116
15959560
16713988
7081172
16231145
13673392
16114917
14344823
11270992
15587326
16248413
17380952
17923876
17924595
17966335
15029174
16011804
18029328
17993906
17993620
17492327
17962979
17933092
17850012
17604536
17873544
17478436
16343837
18063698
15232374
15689503
935571
17997175
17940572
18081264
15978475
17945904
15730791
14810330
14707563
14836871
18131061
6685382
17927830
17856218
17238078
12927812
14165438
18150050
16681146
14269594
15907414
14410652
17831454
11736882
14547008
16176462
18150634
17877155
816899
17900914
428333
10615232
14410844
15172810
5417132
17428012
18041116
16386887
16049067
9117972
16004808
17836730
17979132
13857392
18083652
14800849
17292351
15993325
15694484
14551366
17433609
14249529
17875685
15693992
16405291
898491
5635722
793992
3128101
17744893
16186743
17922886
17331231
16002484
15934703
17386922
17838033
5357812
17480797
3135241
16953902
17640120
14111434
16641577
22203
17823343
18058268
17550920
8540582
14720411
17924526
15302379
14080915
16468012
17367994
17355574
17078632
16051469
17479383
17643209
17193201
16887628
15976697
17900421
15428227
17973915
1367531
3137331
17513304
