61853389
485924782
63787812
3002118118
392810019
43344979
16029338
28138109
34793128
224320485
63004503
1222257180
2911284075
1071900114
15808765
242366324
47285504
15182074
205065655
193732179
221793778
246341769
1060487274
343171266
787373558
234008312
32513830
474464413
2360426665
148808008
252705519
15781056
2904293505
1631077226
19725660
249279773
14550855
33394651
19033743
17251182
17025469
42965000
15162954
317980134
136550204
407013776
600016933
147649517
18915795
15752446
34978859
19925191
3018910586
74326408
442194174
2272531993
15738935
278593403
161791703
896543550
2252090803
14293310
2884771
14511951
6577642
25465131
46927338
216777407
1055956286
164702019
524529774
15978412
95270375
58908090
16640598
309883487
104914594
115718513
105925025
189129306
22485748
329913473
14597239
19089116
136300373
16081831
163589845
48459553
48125246
31534918
17289717
1715501
1973358372
64916983
43409523
1539675883
126401831
15781389
50073507
15724082
218975278
272710377
569475013
19107878
242944499
2240941795
301077237
31461776
2312829909
398088661
243337600
70776391
19578327
92055121
104299137
15993122
31139552
25491788
15947333
16172747
299877078
157089828
45604374
18772897
442319975
749375898
15952856
15727317
459277523
46744256
226344326
37711061
254869396
394796192
226444702
87296832
92889917
114566034
26082923
1055548392
716668098
49463843
20545835
21547139
345407080
18801817
199792991
991909225
38444843
26078159
1004891731
102159247
28946201
79743108
93069110
33575662
1155261757
334393738
553063436
19410511
39155029
64448571
86129724
342887079
160726477
204401430
210941132
17243582
21252618
35725810
15312292
32256522
25371684
24490706
197496309
228747444
29598035
254117355
17800215
105176483
233842454
1479821083
6577802
18166778
23664429
18983793
133801267
28141536
22813666
69181624
19661363
71294756
28172926
14345062
46176168
11856892
15731751
20608910
15210284
14412533
35865630
14344823
15918708
759251
15922214
5988062
46709062
15224867
87818409
16303106
19553409
91180720
158414847
16129920
37841185
28614262
14246001
209792690
113420831
41189107
457984599
33977070
5392522
211620426
121422282
65535700
242836537
18229117
143798379
21220931
21010214
90484508
18002418
198614401
17429348
16076032
19777405
40043352
49988522
19417492
20733972
5741722
15416505
18622869
742143
17161586
22703645
17291393
21619519
89820928
17074440
3135241
223970563
229133761
444873794
112047805
14730894
53560219
15649616
36124043
20713061
25073877
33750798
23970102
78369108
84121114
47739450
110445334
428333
18646108
50325797
27744185
18891923
5357812
30313925
11134252
1917731
56413858
836586444
41634520
18791763
51241574
733751245
5561412
39308549
15428227
807095
2467791
14529929
15745368
50769180
27311044
14669951
6017542
22509548
26596727
432766911
19917537
37920978
1131917492
231492077
325880081
466949802
297940478
45301611
33139075
169077193
216470359
477894314
233724961
246357149
11348282
15675138
401666442
41815816
32702405
15176396
123064415
969876055
785002513
233737858
18916432
234053893
234022257
523782755
124137039
45891550
989637403
81910008
876701240
65664359
111147868
897682525
54900089
65146567
14062180
875730271
805335157
255050011
460707131
9738172
19394410
20192403
593866785
438098028
90725320
82004350
19739126
295105662
140678650
16796483
190328374
299883942
218779638
9300262
14027972
16187637
85606078
16031927
28635386
23231964
18720099
1367531
202300307
15754281
109280446
22508473
474421099
41445718
7228682
3108351
529753172
114756202
26267040
23103488
135521801
140762272
132196546
595698632
15175943
229075628
329208789
19981371
300098168
10168082
47124055
38833974
743057023
600408957
16517204
586542951
3888351
18719880
15151876
16544024
15137097
20252482
524746581
95463107
546488925
378848483
88738382
82905730
20386167
109665242
34713362
12788332
213795411
211011844
30225740
41374473
442376484
101842376
490077357
31435120
7713202
15207668
