3099613624
96851655
17291452
16172991
19658506
50496437
14802885
18061792
203667408
100544388
28650599
23111224
145711196
17225962
16459415
253582818
15418817
39816538
131497030
25110374
48598141
389028352
69413002
236485849
2284181942
284089166
61206798
2460215322
48818331
2233154425
22270398
16242277
196863798
125453969
58926235
67424224
15361570
518071987
39155029
210620418
20608754
1137600571
150064837
2155649270
289072583
1154679685
17412903
19318314
51547100
24689021
15919256
2382117350
246837516
24254832
49717874
1660673196
1087509704
154391896
14377605
16422679
200163448
1563164448
163570705
16317406
2916867288
845743333
581053112
1414038823
17091975
386403997
19113795
144892700
45931428
38247661
16006592
14270650
14246001
17725964
338824141
109046048
75974281
3899801
33530012
24538213
1613223313
18248786
2193465944
340613443
193938626
2691552012
14226882
18150335
80132462
2230348585
109179587
58503762
15441965
1543986138
15471824
450941680
467251373
210684204
19186003
73194036
47485981
36711022
111635980
77694285
14849562
8833642
56839088
460618806
2414805841
874916178
224424419
64477046
25155337
126672013
34487135
23556859
202298302
2300278368
916814792
249722522
15097615
600408823
18228898
275315776
554205029
106514937
2163177444
170034104
16563690
790202100
22175293
2695663285
16258543
220045042
27860681
92383771
193884547
17285969
792720050
19948202
24195214
1140648348
18207053
1286312880
23600262
321551339
21220931
50325797
2443284403
27754737
429298552
248900032
352548417
37926532
22555330
2836421
22535018
326190894
18371803
47106908
205302299
19697415
17220934
67215899
14277364
59217500
17194257
169586280
93069110
130945778
731167584
86129724
714600883
339818707
9675872
20088983
1281394405
16226848
15676455
1115264605
871991101
151106990
17171111
46733238
1888440972
395110569
5120691
59676104
85131054
1084972932
5336752
15922214
263269829
1101196741
1615463502
532690100
15617631
355906128
11866582
17348724
15210284
59473586
48408528
6708952
25560344
191719726
182180556
62945920
168502762
156333623
245347370
1083448909
111635527
438529528
74032200
76027332
309317893
82489457
192444266
121817564
21924525
21688902
222622640
217143539
16930125
110213431
1602390937
1665514478
1861467348
85606078
13524182
15463671
8162322
17763819
59331128
37788181
225633432
838928948
246500501
84119348
56001656
12354832
175847438
355237624
66509355
574185893
364632749
956955703
97333578
162501671
21152181
64013035
1225344060
18739107
174098426
205310984
89447848
239905257
1074129612
1055907624
256698648
243282826
322833476
16664681
85362822
34392053
487210411
392309759
107163954
21406319
351065668
356477515
17237540
205392468
121236173
16228479
86364947
1339835893
18953498
30345764
199016610
43963249
16017475
25099456
50922798
342863309
1330457336
757303975
14327933
20196258
97705675
80083850
46176168
114497182
15237434
84419098
22149851
359744643
22142013
1072453910
356885109
18320874
15012486
18587457
244655353
2082111
253250012
114547989
254117355
205864193
262359254
5988062
18776942
15695164
25564401
534788190
48022843
1112746789
67095962
69193833
21333572
243291022
21228708
164412502
176447270
47438401
184136149
595515713
15485441
15731368
56700964
108617810
21111896
75052666
35773039
453319164
77767574
148084463
1134292500
21619519
49698134
16129920
48802204
58889572
14962779
71805880
76140868
158426909
1106501
17074440
115979444
22673630
23375172
18678924
59031230
18941075
22835920
28202605
7402662
89820928
36114729
88750092
97474887
14676022
44137955
1198663765
17011177
26191233
17655090
19249328
188410619
15764644
17146861
307982591
28785486
148529707
1100877248
318044856
47707475
409456907
238259855
59186449
86326761
54208274
15570213
73273614
330657727
145665141
26637348
16655152
21862217
44134773
4207961
392952772
270060679
19674261
15637375
30313925
17152067
214133792
138986379
133165344
15850135
309753403
24797969
95973441
28637224
16286743
18510860
740939640
16817966
27794779
17934133
24165761
296550439
22071093
252124716
53088771
1023511549
28427428
248747209
27711339
42535683
424372482
110827653
27776098
24197307
22321602
34167466
323440720
19206117
20213316
158756328
112899475
44498699
15170457
56452670
235794412
18905748
151081560
39324127
122526450
158423675
23433928
19824430
22975495
145450074
234505748
16960896
18873112
17155575
240814908
51103360
95820665
5741722
39298589
25535595
9589252
82939583
14614553
66868982
28476204
16661097
138186769
16899141
132981520
103025567
35283239
21652798
60790544
23095909
14337705
42483598
18946160
13678962
14592411
43171801
20721095
236530658
31255325
245876881
91377501
15626106
208040000
275242508
255736228
40080029
95271988
15808765
96218435
35478720
32433037
174801117
18036441
29285832
22533846
19259102
19038281
266099036
103478921
30053829
16599663
72977273
223169032
27682619
7827602
15488528
17433998
61793200
18559124
18240191
9300262
87612710
15640005
17806599
16318652
20730021
17655804
20626103
48523902
77603
16348481
21982720
14511951
17004618
15754281
51241574
210926192
130328436
22235344
22453248
138118848
101862922
92093544
20809530
109393656
55028345
103131395
97581493
67136320
50442179
23484025
66434167
21826591
106743376
106162969
90550657
47364219
115105973
167438813
155942845
89836466
53709601
93748661
32458513
28163255
18917517
15856087
21045364
239930426
125806932
38585952
17966753
18420886
27370524
14247141
24005891
17313498
26816341
28184738
55681870
19033547
14283170
66799896
97261800
17135615
86392440
74642450
85844559
45840174
169117805
19741685
17449453
169229045
245993078
20192275
71292377
221659600
54918323
53203904
46278119
242502917
236534618
15669384
50469728
174281775
16196492
23501907
37995658
16724890
50386004
227444053
19073744
244743467
24110170
52047494
256074273
18800712
238840746
18170523
813286
14787980
15232635
8940342
15679641
5692542
15850297
19291441
37261304
9830752
52524602
18206547
15615783
20068053
82920618
21421710
29466408
21056978
28339843
175431777
15164393
22744510
12859012
68219213
102792727
15021918
16365305
19682187
18791654
44513878
63783555
54034655
18772406
17152605
113173142
102803873
22322730
17025489
43467353
20688358
18741238
46910766
23438894
69066533
121860139
21336343
