239964567
15007149
19674502
249722522
51241574
3281853858
114756202
2978291435
2884771
15210284
52503751
17896154
16228398
35474809
57625403
3163325224
1131917492
1367531
475988505
14293310
28785486
807095
44513878
24689405
10774652
8839632
15754281
432766911
1137600571
11348282
18956073
1209417007
13201312
16029780
2812768561
841671175
1652460752
93383829
86338153
185319681
1536791610
110545675
135931182
90651198
16187637
474232856
733751245
2963445730
1138688364
472156260
28655457
582094342
61533498
35786732
18315879
1648117711
20015903
246769138
19139963
249288197
295685416
20536157
61263431
589244564
31534918
2927758254
30313925
2836421
9252212
72915673
24553183
626983614
20295222
36042554
17198100
75367781
15764644
497462357
274692199
17061263
192423021
54900089
104237736
225117900
15012486
141084952
156767309
65707359
18983793
21220931
16336478
28146113
44177383
223970563
11856032
21111896
50365212
22055226
24002724
27311044
36776808
71294756
15224867
108617810
30043495
759251
428333
29216764
19291441
18906561
131204770
17094323
234822928
236899846
236916916
237781383
237763317
234053893
235719973
201079432
224294785
237312687
16145763
640893
225921757
224391627
16789768
13058232
12925072
19548143
63493754
15135065
80612021
9508922
8542882
19553409
111635527
108832418
76966145
161743731
18566912
14337705
19268706
17469289
21909248
37764422
54642235
80670924
129879105
50769180
14844867
16045956
18280993
16117242
18646108
26808497
15976697
46176168
14246001
19805496
46002396
4923811
15731751
28614262
16781837
22703645
107125748
21905548
21286108
16247829
26487169
17454769
122207745
27583598
15791186
16247383
15518286
22498836
34927577
14616459
137779067
17611447
117419826
18461227
4388251
17546958
26590559
47739450
15391102
23970102
41634520
16031927
15248833
16365305
39308549
17835794
14358491
18206547
15615783
28299893
16180004
20545835
37029918
59162524
101125591
44653060
58863060
23839068
85634199
47719711
26424123
16827173
87947361
42608496
28652194
102172717
56910690
16311797
69641276
115462350
34340464
58005657
40399691
15563971
14728168
87730555
23022687
24645354
58308924
19028248
31396920
45366310
134926562
15841636
20713061
9300262
8940342
60984835
30034338
17074440
20067354
11611052
44615672
15160884
20608910
13363902
2704951
15281676
15145614
15652059
15506100
15075753
14730894
14662354
14889142
14745427
5741722
16267319
21010214
15988710
16157855
15675138
3108351
14275291
19739126
18805644
14344823
52789108
18916432
19394188
17993906
14904437
21269970
18217624
5357812
17800215
15661604
15428227
10615232
15356407
15727817
22508473
12726012
23976316
19069733
18791763
15450996
15918708
26946495
20796447
18170310
12044602
16102244
10840862
16424044
17627001
23970171
13218102
18905115
6577642
19026201
14074515
15116570
17513304
16056306
15751083
15600527
11134252
11773082
7402662
5815162
6577802
18216752
5561412
5693842
5496932
28176898
15675570
19658173
19737700
17530254
27676828
42483598
37760670
19286059
38274353
41173266
50948509
36429867
15723287
55581437
29766367
25086658
30243263
70430353
74825169
34730013
80403646
26510092
56237214
86343252
26089178
93443168
18956212
82375040
20192403
38459769
114345663
85634177
99320249
110914578
120891258
14345062
56813952
65391175
107443213
15922214
16042901
56707997
94209879
16099657
27046546
1917731
105421856
53837162
40510796
18250906
120295432
59856467
84976228
31400528
42448257
34198409
25311745
126938702
120486482
41445718
100276443
108184778
25169797
24936183
51682281
18891923
42804538
119799202
12272322
117410234
17493415
5862922
80649326
14782009
25197585
26070176
16327441
25579796
131839804
58448382
24087905
18560087
134891696
25163050
16446177
132359798
24369882
89460898
116947094
39334317
19037272
19037037
36101055
48054535
19033547
26814634
15742532
23245693
79288186
110445334
96359916
56470183
15705830
131290943
7713202
23134068
18019121
27276907
16109950
27557570
35396514
58415867
10168082
3135241
17078632
16890518
14078653
43949095
105683447
26533227
47975734
14845376
76649729
73303753
48115928
19155901
70756980
15394954
20053279
89820928
55009164
31966078
28195764
22528309
24905240
17872744
16032925
73198063
100534628
103060329
56413858
65493023
21843669
55455838
80697317
35006811
71358042
55329156
20060878
14669951
21969829
103615139
25568065
26820275
44172522
14884201
47720065
22148010
21806098
38534602
65146567
16468012
54941553
54964927
51505169
9468242
35922557
37666540
4217551
17967428
15513604
19929362
21660348
55235265
26051676
19616327
19926675
20467163
18030431
55677432
19407835
23103488
23124635
35829796
12788332
20209807
24183358
20097342
18805303
40318829
24773493
16256269
41363507
37920978
32506723
23712174
16721061
26778110
48117116
22509548
36654245
22831059
23121519
50152441
15985455
19912734
33977070
23951197
22527499
18317325
15856366
18967498
51228911
42924141
20088666
36426206
24735461
16015621
17976923
18166778
15207668
31597943
