36294193
21544278
24773215
2715241309
173677630
2927758254
239964567
49038411
18020081
611069829
8775672
17539497
626654014
18945029
41348969
93288759
82687751
234022257
569546005
2709716292
56998906
16715195
1149161774
840321368
14618485
122146840
2741043462
339730304
23617498
1336724048
1713033067
333797481
15637375
16467567
36566503
141341662
352534407
34018724
1336169892
1444446630
1444853400
256741399
2324898037
96698846
21039814
1931908801
19394188
618645955
960696949
1340542626
873721170
30305334
573785774
58367882
59987201
2320918514
3382
2335745958
60804740
270544388
29088219
89505304
1074129612
51982954
21753328
35474809
1527248724
69084023
41509164
20776147
19980084
148376661
293120622
133456403
55472395
67120404
14789651
769730090
25567674
22580637
100323640
107266704
90697970
27039511
60919541
50343387
300032301
102105346
80329107
14789482
260020943
316564839
809342713
935422020
1644462907
233992098
239930426
138792144
1183119804
1189921
111635527
210926192
21627294
2291626052
19186003
391307482
475988505
1322558402
118881579
12875902
91232408
1350225955
150462768
66369181
19611483
20867568
10126672
25028906
57141484
34660688
14844867
21408731
58560480
17896154
500704345
88499626
544659399
1020058453
16012638
43352405
214515958
1578791610
18306664
101874152
15113565
16119115
262013520
586671909
20600214
7862832
213349510
19730627
302165980
219429281
18610854
1089445405
29598035
554468819
125806932
9843332
333533135
586794387
80380326
110541296
140515293
240393970
1092757885
1382011333
492437344
73125015
116872568
733751245
33600887
31310158
249288197
1072382221
38521731
952949900
18204828
15146558
18728980
78369108
40994985
114756202
65391175
1259738090
124224165
15850297
24037404
106428817
24198769
20448324
18056078
17237540
64826699
61915625
1137600571
1058051748
40818079
103025362
32697273
253420346
17750632
156316094
372361577
732497372
297856522
227239535
834055856
240311403
130980846
41839765
364813464
1074480192
52244007
113047940
140572277
108741033
330537050
190905427
15444711
29216764
461712126
158769098
14745164
216881337
21826591
26062385
237781383
18083379
248850174
80329073
30864583
60477859
239871673
246769138
18172905
234837632
15481585
233693291
198526130
248699486
237944147
234812598
234937222
20733972
211530910
240363117
249339682
22055226
1059240924
1405337395
19458818
330345252
475912792
607165880
16187637
16613128
15647676
550401754
16119129
14593341
37094727
28676128
18637396
7402662
22552031
1077446982
18566912
19658614
324972553
33851648
14368116
51241574
43234991
34178462
82908461
52446754
14372104
16985316
17836424
30221959
127613373
37225212
41753377
19697524
60771486
234053893
45207248
24193091
242352871
217543151
21426656
163091078
39569497
339688370
16752148
237312687
37127933
18280993
19291441
26371484
31060952
930751
15554778
32924328
19084128
301549400
50055701
39308549
15918708
35548003
15731751
2704951
90484508
23134068
37764422
106689502
16148677
18745415
18673531
20076659
20459404
64031401
89353757
51831703
136550204
85606078
53434947
19367142
46176168
50769180
131204770
15513604
143542014
110445334
23022687
26533227
18216752
16031927
14415941
15745368
18925783
65130545
171612378
139099256
109779155
159183157
161478167
147397632
162692286
163564646
162106899
136526394
113092693
40886461
61113285
154591966
133439172
40892059
20201865
18027450
161743731
1621271
22956220
50162016
24974248
17564591
16032925
150737366
133400890
14760150
16830660
81139286
45257275
17093617
66693073
73181712
15101583
5693842
50419518
75400983
18197328
15506100
17432280
24589199
46034063
19553409
1367531
12469012
16468012
50325797
22883726
9763482
32121888
19055310
19633909
19216998
56470183
37004385
64136009
19739126
29766367
22053641
76043920
37007274
76452765
34340464
24183358
10840862
20053279
21301933
41403889
22508473
80136311
44513878
14125882
86235946
106162969
110340480
103105535
101036123
17582355
14091360
19614210
18705787
18772406
26944996
18409321
48722401
44792162
28163255
19929832
97962058
63652429
77250424
34690497
7702542
74844656
24844642
97821192
27046546
23098517
103929010
100550414
113382794
111907944
14369130
90968475
38720882
63236485
17069175
16721461
71118385
105029416
109499449
21157904
110694888
110696122
28167656
20331972
16827071
103675142
19188991
64170669
105284143
93575832
8953122
18229117
38237450
114645340
44135635
28427899
46002396
36109866
40692887
27897429
28973966
39323937
90813079
15511332
88078856
23164874
64592901
62447206
19209094
73974047
24438725
81989417
15605972
26493862
63470499
27882000
107728394
107747971
63500744
19615542
21931171
108437634
17919287
18817527
93661140
58292864
109126346
45452558
45274312
23315710
16178588
31328892
18005047
109155963
23540192
28902856
14455072
60211053
83175301
16859739
21151046
29289165
17964788
21740736
16477115
22707958
49828399
91206778
60225999
109140311
106455931
22650211
108196727
107199576
74797446
13570702
100554577
20007904
13010682
14800483
60759272
76357321
61324375
66182660
57435183
100385507
108688171
101377005
96169390
18026733
74606653
41351483
52885183
7228682
51142412
52581656
109542900
21093964
19563481
17755584
84590248
48019369
25833825
89725178
15501476
32681339
43025768
29689896
26094073
107323281
27787482
56868119
15804446
35980108
42113855
14379326
18376182
32044648
21497621
35005279
101368752
15187377
27627968
5405752
39623015
16286743
52190807
17512765
53160842
47344392
3424941
27285857
60206111
18963183
17272797
46098484
101273645
21645049
30863073
51725378
108692297
16689377
95526831
54221142
40949815
9282122
46437223
11057632
109293015
19996808
59464097
27079768
36997374
69406594
35833379
40529163
36459420
21551621
39600548
21258388
18843720
109297541
18497595
103593476
15218525
18381502
23091771
107302008
40933773
108831720
58592705
103148683
107501758
24735461
86392440
108426637
109630075
36541952
94903101
14902963
33619891
52972702
16121455
16326882
17970341
74231031
20481906
17292351
15751056
26199079
19917266
16795014
80378382
27283364
17481452
14922694
21949662
57799518
15950463
17340169
9427572
18790296
14235903
15186308
43175571
18489929
43911414
15699942
17192613
15433666
23220961
77282328
16486245
28449400
18026879
48599342
65120302
73794551
35761278
49736073
26623334
25570638
18588866
17440232
22341950
17611447
18568504
15615814
17445058
15745139
41810551
19038256
17941768
20291509
17025312
28251546
16703058
9508922
14231321
17527466
20570337
17203389
18591276
17078632
150433
13253992
5840532
19735514
18277078
18760460
13396002
73215357
48289529
21704190
27744185
14989516
14964429
53721467
15416505
21040094
18467164
17752368
14180279
12084362
15445240
6108862
16814727
16181186
11622712
14078808
804455
14311992
18276100
28365585
17606369
64093320
15693660
26277130
24278642
24774363
18058317
69175544
20538881
26514231
18014625
17892302
41947542
16232940
28110171
15721408
24080131
28386918
67161062
37199437
18852531
53857251
21534324
57860431
42500602
50264631
47141482
28410165
19598319
73321705
20913960
21874459
29431826
48183641
63489388
26528900
61556910
27049487
26509757
23080926
75406816
64436062
17778734
41634520
82181907
16156419
29350302
56764250
43173060
18860060
65493023
21829480
20585656
16933756
71627462
48439306
40597877
63812348
38850179
78739725
78884975
89006955
38332312
83949216
71699485
20399765
90762674
22311812
16608612
73236511
80758998
27671624
56707997
65225482
63172705
79289890
75383376
91685324
49026824
16492765
83664608
19766278
15795976
21603385
84664241
25414167
18325403
88335896
93075757
20963802
16692057
90685551
49172479
17426138
31966078
72546905
45325911
16151355
87849313
22949998
19926983
37559626
28426047
24539426
77703940
58457350
52674542
37062282
40335385
23924532
15905092
3135241
55235265
50152441
25086658
18277655
52503751
26424123
76966145
74198348
18632809
54022214
102172717
13023332
52520393
93957289
102408164
74786202
76415571
24000596
88060152
102803980
89496720
89045216
66353369
46783324
50726030
92742050
98944905
26287372
33007438
47673949
91349433
18632356
41821611
104015389
41861263
101240140
104238995
104755737
38978018
17967056
105608599
28321424
58814073
31766941
84135023
106096290
27273713
106428754
62928539
72610882
97057228
39741866
21572351
34082620
55069522
19457981
30186757
27347518
14348022
15141113
14650810
14293310
19071750
71868349
23242733
7144842
88720707
79597334
25769477
104065382
100270602
23025475
57720688
13832932
59246168
85304958
104618000
33972168
65388593
49992096
91903683
103255544
98578246
31076463
105206927
24613220
105032157
53078833
34678937
47540795
21027857
14413351
27003119
106245532
21331977
49721459
44209472
17563655
14985296
31253570
73523652
19493498
18345919
44800059
87034614
14789562
15501088
26820275
57428429
16840724
39982256
31534354
28188857
46560358
21046753
24000971
91055467
19411965
49946714
23010592
40526566
25568065
43155375
101606557
98767746
48592267
103615139
26550644
16422013
103868633
21969829
14286262
6393032
15485266
13325192
15730075
30935338
28652194
41683723
102179370
37368039
91634269
33556966
94366606
16051808
102189261
15966258
100114214
15972765
18177680
74515144
102560667
77027865
19110217
102656411
25941604
640893
26518726
16664681
14669951
19280548
15932085
14529929
19276257
61120062
82288285
40314843
40931019
56810866
76750943
21925787
63953350
20060878
55329156
86396448
90947260
36382444
61534647
88294765
17238419
39660906
21328762
24645354
91732137
9887552
38274353
50153118
20198802
28265580
97171189
19811171
95484614
96401517
22300305
42653309
25910039
22783927
18614827
57578695
19629959
85959880
71358042
33209919
14353217
31809591
45943593
27297108
52118721
38013922
19612749
21059384
15722163
23202327
15119994
57047732
29276070
49066071
19686444
23107980
78109349
23893867
32242999
76755012
78627041
13492872
19145003
18205814
36160312
55875324
16806103
79146095
15562438
18093204
816954
79517714
79519055
78729885
23719936
16264566
80683638
78258093
15753420
19185767
29729380
67021862
19273889
74642450
21551631
27192459
27622429
25446919
81439373
83018245
18057820
12955332
22144363
85386639
27187314
59217500
35006811
48101016
36360940
25292876
48605417
17295837
24790154
83917471
84952933
80697317
55455838
28637224
15694341
72962073
28469067
22818616
14578504
27004051
14666285
28628533
67725307
89887508
90077998
86342969
49488860
16262368
90651198
82905836
24338735
87528361
51197959
14930128
24316964
56937536
23507761
18260458
87922029
33336299
21535745
30292816
29512815
57833910
68819317
11472282
78763686
53400533
88550337
24622190
41868400
15921559
29367654
6109702
15481986
14985460
38677881
28570569
15615228
91839907
16222707
93443168
46232531
16697821
16228599
37760670
15316113
22122618
38613109
7039122
42156681
14353479
22643800
39437055
81988652
17524010
15717083
30974238
68863199
44788964
46437169
18145568
89031083
19240837
24519987
18329671
26714962
86643035
20197197
17830360
54769979
87612710
34927577
40983324
30325619
91179899
7698992
86384768
46476526
61958779
86734467
28032787
45455840
5656402
16223834
80205680
22579459
90706699
22136453
15584800
6513952
65696286
70986916
70049940
91179070
15690115
28340089
30803912
50707849
20121072
25230076
25321309
14728168
35207611
35818542
17999392
15726937
40471894
67875816
34434801
19204124
35904361
15693609
26092282
24184410
18995885
31224590
89489297
17718055
40345681
35124688
48249973
41132071
17491671
83311512
6508752
34411924
32596847
16037744
55445051
15159913
657863
85883768
18986865
86343252
24727699
19286059
25169797
14947699
26028893
66799868
83002651
16827173
44379974
24382424
87348177
84388315
84715066
14437914
19965261
12998502
9502702
15839980
18140016
84515429
86459443
20946417
88216639
22784942
11256622
88298369
61606233
20736915
14884201
71660694
88049318
37763479
23450159
73938516
29649362
12831902
32035781
1759181
89208983
19691442
54385629
73270807
14050355
20322919
15471924
54237828
85705884
16651693
65930807
22434994
15700171
16593629
14782782
89539069
88721729
87599123
79811082
70992939
90116420
86051293
19473742
21714521
27920064
20209857
20719333
25535812
28674673
15953601
89819250
52144254
19832989
85990364
31569282
57666349
30262891
56573807
23097695
16584443
17712475
69069895
80642384
6798832
35195343
15922214
11270992
20558017
73382544
78776222
19311664
39482293
48847011
16195157
49059418
15359490
37602242
43964874
22015621
14152630
41808212
20910380
26918145
36683286
15735191
41820096
28382704
45450902
49135957
23839068
19864625
69658348
49224286
78149185
50096394
68249891
16406442
73045018
14730894
83973439
49038014
52108410
22230295
26155798
29640535
30798635
84684659
34253650
22276232
28226074
20461139
8495792
34141144
17444795
59517567
15736463
82501347
47569883
35960250
20385394
47658444
14701911
35750409
33168062
30258428
18778196
49528453
21555126
36961771
33709271
25364336
18587986
14904278
15981769
19090150
37710615
17966697
41841643
26057459
15928610
26873184
14958690
28013026
26573028
16873604
23447681
28675848
24783772
36389299
37104063
17896804
22551804
29243147
14183468
26010663
14956624
37796803
18486212
66658641
80486574
48216671
7966432
19294684
25892417
61176221
34335862
11134252
16180004
47807413
34316220
65079229
21712702
44407994
28093392
15981930
16300512
25477596
60609881
15976665
18237945
52422609
33720501
20462034
60491329
81565416
36096906
18451200
9300262
4923811
15764136
15754281
2467791
3108351
807095
34713362
35002876
14885549
22042454
18949452
4898091
40533912
23808856
9252212
9567972
759251
428333
14412844
15110357
1652541
16458853
26574283
21778391
20402945
19674395
16451013
61661638
28135590
59141515
59846716
18956073
76124778
22526995
21932753
20780599
15139452
17170319
18371803
16727535
944031
15064170
15164393
18559124
17449453
17655804
17807970
16817966
16348481
15381852
5692662
29716801
16323335
25471311
79045814
16297644
15496218
32435043
8349572
20534696
49245544
23418843
38910481
16697527
20448825
19881382
58312891
38004611
8493562
21158774
59020759
21332232
17658435
54414861
38122727
80655756
23323482
56391188
21006997
43555354
41677388
20725898
21878443
14246001
31112459
38966313
17582899
24521262
77651007
23442861
16254899
67734792
16514451
68450928
55360723
59461669
14372573
20116600
22673630
80938257
20905258
18953266
16890518
72977866
76094426
80472766
18276859
15165894
17091068
69101513
21604766
30043495
58602902
67683034
15203873
30899768
34810105
73402288
16064507
54669212
24033978
36683386
19850687
49964679
25772928
15725359
47952607
35298962
21658065
41704154
30177756
16317079
60224260
46899430
79781052
23312291
20875778
47905934
30639615
25901084
16726846
15616142
21707592
15762819
24898059
77214154
21712038
19053307
28885875
18590776
43221627
10546442
35147930
19629220
16598023
22853963
15695513
23375171
3210141
15971670
15453249
27616381
38363798
23700363
68904239
13218102
34367366
44752416
66524895
19607827
19843008
61508048
48201374
14389132
19112266
31073295
78839729
754874
48594340
77017567
75288946
14804615
65056071
24990477
15825182
68493615
54630464
42954971
41189107
17791977
14161051
18029134
79213181
23509051
78490683
20253339
31268560
26588061
54697253
19960656
60223057
25763891
17165424
18773467
16833640
55994774
79812975
44477673
73156554
20319987
16374260
41385012
79987381
20651967
22847312
58933792
32824661
17769571
19954796
47180038
16365800
26278480
43217363
54079508
18804184
27512366
18346123
15207062
18397255
15295568
26348193
35542428
15171801
15805710
45643731
30300467
40446821
56540777
15634155
16275054
10083252
21900168
24211745
18079569
19069733
34942224
24723092
60699354
76791135
15729617
53413433
27783848
67066842
72892678
75078564
18569124
54598826
15875340
23877786
18945705
33134244
28320589
60416924
69336997
49317394
23303543
68881111
27051037
71351234
5716202
27320313
22780923
24237558
15532057
43542735
16243426
14875666
26299455
15221534
39101187
33956122
36388716
15950052
72615881
27965224
34734876
42039648
22486788
22955629
34907845
69111734
29016009
25417508
49925017
35114668
58921407
24029868
16162366
31037324
37045655
47389300
14910412
40292361
28154359
15727793
17053183
43172212
21351975
39505730
32479809
39155615
59286178
15811874
16415176
71417025
69927172
48628640
17083406
19844872
26473603
72325029
14128090
26623761
18222298
13632712
27587238
16848177
16911233
46944219
17480182
20603671
14833959
22895372
15152669
52073544
16889424
17862000
17179045
31147688
15694536
30722718
29996844
681443
19693204
39088933
66381213
56171668
23378233
21989965
28915129
17723262
25136786
25678788
33696171
16305667
17524946
17656420
57264904
16145088
15607982
49008582
28877358
37110158
75142955
15121230
49726670
46697419
20644535
20022465
20647490
59472029
66016162
71642410
28273201
15963020
36531789
19767476
31420376
29863270
20174627
71795875
72465402
22784402
48394717
50218536
35883676
12886592
32293116
58144680
16990365
67920756
68782912
55360140
17544209
44282444
30667201
41583152
22062828
60677242
19843690
14212466
14117294
54048695
12229862
65344466
33514352
20682106
32661679
19048707
71560736
26665492
38269637
58981156
43924561
18853707
44522629
25888359
35519095
21597961
54040178
66540005
39298790
58594389
22642472
47829524
20473763
21309746
17198300
15579242
20281069
14639192
29144553
17676383
36244176
48009288
985051
68281766
46574538
20205596
17739054
26816915
31071929
64088456
26250609
15935963
67520529
49128817
42569489
55651668
19113810
26879658
16702266
17469317
49330870
18002287
20541844
19912382
58033117
19382251
72617532
22056901
21419934
75728551
30774340
18614522
75658223
18660984
19270333
7043402
37853383
26214213
22794207
48871362
51456623
75945470
26074446
40179725
15645121
29362545
56072708
38790984
27038698
22074444
40588081
52244071
16733703
58920073
37938232
52214252
47511584
34167177
16793478
38730107
45330717
19422460
32586737
20776847
73488729
59275153
24478513
73735433
37564363
74732831
75367781
75459926
24056521
68047133
15749725
73322523
35672351
75459942
75737962
44906757
75904087
15285498
53726800
18539631
14520424
72569150
23823684
25172914
20806376
45416599
64472728
62740616
17069525
22196899
75398827
22631970
74827102
17689892
31339820
63312155
16984407
30621351
14752564
16921339
23008116
20958510
74806505
18461227
75683125
75684771
15508743
56727320
56273695
17479561
50312236
18758318
73384636
22149244
818095
21951760
17664394
18943752
14133773
12089362
15314005
22278459
32244625
21173597
19877828
20917178
17612289
16505673
27702749
11110982
34147040
26089178
21725276
4393001
14604238
15405104
30239133
14286806
21459990
21136619
34176028
34825033
22372931
17373076
34493115
15985545
34990906
30027177
29443725
29751128
36791063
15832611
27303069
37000133
36299748
26028291
37290514
27240103
15330682
21355783
18991110
23089303
23784443
37445814
15050390
15182074
24678755
31181743
38429399
27684092
15723824
15690503
39858028
21918148
21104773
20487842
36101055
17277295
22578739
40240683
16605755
36584559
41377639
15675570
39803436
16339967
14857335
39279743
42079501
42185689
42159561
15898536
20517132
38078115
15603311
16231145
23400883
43509173
24855046
24904117
27061748
15368990
15554922
44207411
44137955
43731176
34523410
28134420
19850697
31628787
34273717
16119100
43367554
17916257
24219344
45860623
23812038
10307212
18213420
28423263
16039421
46692927
24721888
21819977
46977661
21658543
22071093
37987830
38103732
47772403
23989411
22102055
47965912
7334712
15641528
21891923
48456235
18480494
14828860
43411322
48726952
47238678
52122104
20808855
50029551
54311614
21796530
18510308
18170356
56873859
58918414
15934324
37939437
32636227
23303145
13527262
32927258
25458378
69975138
52904752
9075852
15024479
74841248
8453452
8071902
74311813
16446177
74841769
18127957
15163500
18560231
74642565
18020907
16887628
22871500
19365058
51682281
30006844
19734025
36151878
17973421
29476311
17010913
20768051
38522700
15248833
35718317
18534287
49757762
19593530
59991155
54177346
16054602
61603379
28805749
49962796
48356494
74959787
54302898
17242377
38794200
44731596
16245688
53111469
74839655
20088666
28803127
68559350
25802590
27363168
74466749
22207307
74472413
67369835
41822806
16016642
74495334
32389958
18091773
66172538
44531237
50656724
22272027
36740746
20707198
24101685
66729216
21626664
20018781
49646990
37183464
28294172
63182712
74485002
47653621
19520342
25025452
65248549
20412954
18498684
40630448
52029432
36703763
22166937
47649236
19785194
63177462
16954664
62500759
51757284
34117270
33265414
64161351
15436472
19658149
36114495
17592564
14412533
26323773
67194113
34496163
34675554
71437386
17543946
73620211
72768770
16296683
22811375
69704356
73386875
57221477
34658840
16429977
40045792
13939122
24524916
7836472
56376739
18956212
28708256
18963009
34494064
27165771
11879272
16945266
23326914
33977070
43986327
12687842
61638534
15569613
65751806
66412479
32538728
20732463
68763791
22568169
21381831
59765555
17931651
64889052
25333398
63783555
19264218
73149558
19660747
17902238
45120166
62514523
63533226
44235851
28913547
21703263
17342173
27444964
15854738
17909736
38176153
18444665
15675138
18203300
18393955
15773164
28480805
14889142
15369049
38005062
6577642
25162697
15210410
21157100
41225264
49790536
43425301
51739907
16860329
54909664
62891079
30109962
63561755
26589534
49702654
62238507
17251178
55668029
28347876
21882339
50948509
17564665
51990743
35771956
16098713
32183940
9629292
15951223
15496979
21730808
13284922
39510422
14234981
19211550
18278800
26991652
37932297
52036335
19303104
22860286
22931765
30979974
18737334
67080145
20412174
15945457
15421002
24274553
37575746
22225649
37339998
21673520
68437232
10451052
36700535
21866516
32753000
43112314
28913738
54296277
50564129
23678096
69011458
46184745
50101320
36788724
67142400
69289442
22509598
33988265
61615342
29915595
17235959
71274042
16557667
30346767
16469463
16360607
70538454
72118454
15063486
17215219
63602081
65692318
36691154
11688022
59493962
70485409
26305854
55914930
65886236
73516226
38566557
28249022
15639019
35948889
6980622
18873711
74250237
38902043
70308646
73286597
33823550
72443655
39232867
30123558
74724558
19926346
15709468
39915851
22938799
20019841
31059685
16568788
15966556
19238116
23104561
49577208
14152172
56532503
36686069
22716596
31306074
24328977
22559176
16593823
73231238
28585181
16147260
22456513
26980610
32871174
68543202
18493147
19895627
15988031
63615980
18739458
47145774
25169531
19395615
5885772
58966831
65772783
71333111
20939349
18602254
16911432
52772115
15641893
18456424
20521901
31124797
18139799
17134165
36086609
39335089
29013637
40055348
16317909
19347013
5392522
15012486
15232635
11611052
71293843
58990170
62607158
48374478
35760840
55897339
31474109
14993622
5692542
19197661
15169032
16318652
20889358
20347310
18131240
64766844
17609675
16969200
43632419
23220731
18289357
24801554
54151766
49864927
16308483
29273417
63811288
41622566
64027252
28248148
58235191
19191701
23372761
14170924
56187258
20875564
38886935
17857740
19147690
42000482
28858064
27114255
22949852
25044071
50155799
35488269
55348286
25381869
15752013
55619001
20567020
24936183
20522401
21605122
17607843
50757160
53832905
30229316
18614130
24317148
40104312
22400280
7651512
34795188
50304652
21787433
15356407
15116570
18905115
51228911
18967498
18317325
21329888
15856366
22527499
15600527
23951197
18916432
14275291
20015903
23970171
19139963
16102244
19912734
68834620
15985455
17513304
12726012
15281676
73474826
17976923
27676828
8542882
15428227
23976316
23121519
22831059
15394954
10102032
18943852
36654245
48117116
18166778
26778110
19658173
16721061
15661604
41363507
23712174
37920978
32506723
40318829
24773493
16256269
18805303
15160884
16056306
20097342
14904437
20209807
15207668
12788332
35829796
23103488
22528309
42924141
16424044
20192403
23124635
19407835
17800215
20020575
55677432
28176898
15378621
15751083
20467163
19926675
5558312
19616327
7713202
21269970
26051676
19929362
21660348
15581825
18217624
20796447
18883577
5665282
61776145
23936729
58415867
19955092
18027211
16833212
41410702
65276449
41662246
19732969
16632200
23259606
70288026
17541193
60703576
27157127
17450886
37793578
54222623
14229390
14738157
16287495
19039844
18660521
69865439
15450996
13673392
17546958
14344823
30131595
16537815
66460461
14532256
17965110
17963725
72095500
14465607
18693598
27052129
2934291
18266012
1917731
21631487
26568142
19913907
32545966
21209087
20715028
15779344
59486472
73033188
72172184
73403844
36983562
15214193
15456860
55421408
6577802
12144232
56666521
17850012
16624180
33122266
14759360
15604237
57544201
55784384
14121727
15755677
27518942
25770408
32010840
21136403
6629442
22234201
49848618
15973881
22556073
50577509
50581806
50647738
48520147
18961969
2676401
21933267
28675789
50797853
15018315
34281156
22516699
50915579
18784811
18560087
24398848
20724120
22068041
6042362
47659011
21381690
51360968
14798611
15732013
28165628
46367721
25247742
33600093
39787282
71734086
32141362
32562930
18272748
26983525
46557945
16573363
52114486
52102451
34129655
20872131
28856628
12730962
52713165
35578805
52818298
31173747
18985290
53163957
52779839
52226794
40390603
52218947
53321599
5496932
17945904
28649856
49777764
22509548
22017253
55002000
41445718
19468582
19201438
43421313
16057615
43057070
47720065
54011853
18811140
46139170
22968058
20218556
52873319
14720411
22334544
18750325
30345066
14622062
55027576
42483598
54380888
49704414
56550301
16739711
18021621
14570329
56871213
32475674
47992839
14616459
55687166
57132037
46729169
32537213
13067732
18891923
31503718
48380041
57443812
55068442
19602035
55722849
57993863
57684806
16869213
57349604
22107113
58194573
21778016
23681198
14920143
54630655
58851593
11441232
14913999
17327882
57741987
14869719
18659766
18791763
5210841
47792810
33954607
41901547
21866825
22264669
54672223
16168407
57616371
45741411
15837411
56123350
5561412
26002875
5357812
18906561
19624861
35654845
10168082
15406238
15976697
17900421
17454769
20713061
43466237
38654152
52557756
17506198
59049574
34438597
16358144
58667990
58662380
35762860
17838780
60737415
28591132
47397798
15610600
59656343
22278349
44167704
22155425
26658853
16597918
57385917
36905417
24233549
21846304
20609172
20851313
23113622
26520098
53112255
47632905
61634215
60790544
42104026
12340562
49171436
16438594
48613512
22335512
21137449
58708914
11231872
62907371
17757005
9257082
18385910
52600406
56421422
61970456
62420861
63692727
19929998
31614463
33817203
7069802
44702959
63981997
64222826
54446722
28115380
48566172
45766531
62437621
30646813
35758513
6518722
22739175
65653558
17829264
54527178
65502117
66245670
21877213
62086811
23619177
66526266
15435147
59996393
57147584
26634091
19491594
60984835
21016594
17164028
67102922
17602541
52099131
17260774
15031183
694563
68459216
20024535
44939980
18485607
19380796
18187781
15923226
16404293
51419150
21252385
28371414
17898056
57263677
5469742
39143801
21689707
29693558
19817054
43315437
57646391
44482542
15383880
29401275
24038802
13029762
39638131
61631638
64932634
23606500
27317819
69587848
70734755
41836805
12436092
15461011
15021422
10305322
21501255
71281860
59924621
43218588
14505273
62395156
72121768
37461389
57841827
72619142
68828412
17880985
56759776
36677338
20455522
16729099
68571979
16803651
20289554
18844859
19920700
26261118
73060357
18166484
14857569
24172936
24516301
22114428
19479061
21028682
17928925
35935613
16378114
49647959
29553362
18050988
57976073
15966726
16960896
1626991
20646194
16602995
