1539333164
525449191
427931760
540198783
76456274
23201727
236511574
1045110018
2293131060
17797381
538469308
540132776
54970048
36685290
2685526603
15349180
14615871
20068053
20517132
24228311
252863582
2251493013
258808831
2488840044
612197548
2203320877
19236848
834079495
2844322259
46674734
366716051
2780839162
3279003277
193958760
837203413
414638265
194870705
79466474
65129573
41432870
111141045
320244699
340485889
274117490
635271418
374893174
59233473
253727901
88359566
39820438
16742080
114961445
69356087
76221855
15755786
30411509
16859797
33741541
50436417
78436072
80672684
31236610
87486126
500389435
22227150
259278859
429825102
109685703
3366764734
201388920
3275065724
40811482
40684090
3350662493
1646790241
1345205954
3253750022
2237408230
30272877
31768030
16075614
1163772380
1571239068
244200716
271936131
793888422
68887844
931310701
2515438423
803826720
3257289914
395848183
901819944
145056027
3251059513
386479393
22015798
68465704
3183284862
122495400
3255191132
3326165032
3337538667
23303643
342843449
22069212
96723147
258871381
49867080
833141988
407166837
792038436
16660725
499977571
264101742
249295123
3290070855
505438386
2354157643
134260281
6721522
91933457
116622290
764256720
3219201164
2998798542
329622677
587979481
36395646
2254251013
3310062995
746701106
596571221
1058987810
3237790491
216834759
19112558
2750519552
2536287965
43261344
459269265
16711026
231094495
245662940
18583722
74501824
25203361
273542042
33235771
212078909
514915840
5412832
45962059
18495137
40544406
227486087
16388786
18316354
532269530
28722984
17470134
394188905
1604366701
286229614
1165949142
56101363
435297255
3135083117
910977236
3239806750
2994951136
26369593
327337127
124694413
2237815201
1471542956
2514633289
259778121
2418995393
2458351900
16028233
600628585
1536791610
36169202
1395699210
2991342471
205044620
378364268
352475792
1025220056
306337537
338779219
354648791
17966674
2688298656
19519071
50367908
16960279
14752085
18742394
46822887
1716581
46213956
14155907
96675300
17375057
132037426
403095802
452696089
1214410454
820187383
3030532401
97716449
928376425
3145103599
2908222406
3035147116
3032215710
36464593
800662291
160063119
23422537
2805473622
508026607
1933042237
486731383
531757829
28873973
2699868895
282489939
30013777
99133948
2737973549
467058615
1594688912
37365390
18457896
351221537
37710752
19725644
116994659
15143478
46078438
84339577
567240884
2334494892
54359582
242169247
1120387332
1549319774
473386342
1397421727
2304215250
75281216
22343509
1055730738
1061385474
1099199839
60828944
158470209
117501995
476256944
15939889
2533077109
153411445
15744281
2716328657
49053573
202194744
3215443767
123685638
411671236
262037678
571202103
19864968
186206026
1106659014
367750490
197567344
119629443
757739089
153265593
59989211
2288856122
885834534
949223450
169648277
1520765270
1578085500
2947341718
1562371434
34198352
24165761
352337092
3192871749
63227112
145837792
78706973
55934327
278032161
14370819
32644905
466544748
362895183
17147341
23494713
829619610
125138459
20325147
2972867598
581468642
185511273
559018772
2888785333
997857750
51979500
2962899181
47508640
251639409
19805994
50746603
164544204
1153863685
3031688279
590024564
2427778873
210576889
200471093
42996054
7768402
14849562
14190948
1291770157
29417304
21280975
2517988075
2383635480
42432353
2971175212
579455097
83518820
3166120541
2314699448
124234862
17836903
404525685
328554657
47438401
2850366897
97595006
327732347
2587788524
2862157933
57177347
57170318
2155242431
1095154086
2304512363
614604711
135730830
30000912
17006036
16967845
153558139
15174710
172964233
39483882
2231837953
492325083
15471611
54611965
22561831
38551910
23844914
55674134
24484924
19314853
1242362215
163918937
65089824
16096334
106766676
172008477
316389142
49387814
1692227370
2293724174
2990755420
31562414
70776137
14997948
76698951
98906881
1084972932
18320874
356885109
2570940854
2627732063
16265742
473531519
254253201
14368074
110528264
163206295
295431169
2962679213
50891913
225123321
19487436
395690143
61542328
338065509
57769516
339690481
20618180
47402168
2903882613
99944372
424412391
264404758
232217983
479786939
2184663751
1212367730
2214476322
544063295
289037143
2855292632
161749050
740058884
344269211
1208367830
37804334
107114920
289382106
54570719
192179675
2206203852
21676551
2331209359
2858275729
24886932
18340518
2941263338
318518392
2927758254
3058548402
19754093
31413009
17856719
2994575745
17480920
248720263
1357364178
1600879274
188363529
47514621
243366327
23249517
403667366
306445376
216440015
908398027
2812433126
451659978
760544600
2650081003
354347089
17929907
117457449
149911518
80361686
205069128
490936163
74299511
25629193
1860740352
81480949
113269648
531354965
1236209414
18001891
71150575
2816122295
29372259
56283903
2951527872
275552925
816734720
297441843
2155029096
247166585
14825119
1336287198
23598003
15862440
44988185
21879831
15956067
35222128
2841741550
61901693
27793335
27949304
2433817741
824371736
16794101
17592278
3063196245
131259580
427715650
2678304391
1074129612
153944899
23561980
19028953
28165335
169686021
19010580
14135350
374052497
22103058
545664061
346878074
1666858470
30647326
21456548
37119116
297124473
74721676
393005076
545857418
2231850596
1395422546
396749463
281696823
74768403
402806789
1568300168
873078391
1144935463
412978054
123528331
195717009
345954680
394031689
1449069661
25557388
1562616068
43282431
120892600
499300332
491563202
2644720712
58876796
1197823010
555188446
201487534
121812371
480147479
61808074
358252206
487746266
2846965761
86104502
487918498
250289285
14930580
18725815
88292735
2432406907
53903663
2548268827
2419998398
46562247
2998976085
903015312
1917692970
3497941
134630418
564000352
209197591
589765353
840927272
284198929
783944028
20413996
2266863381
330760725
330436310
2863586790
2796702962
487020751
301215172
36973629
194695060
67711204
54367390
16397938
40145940
422113547
356845817
1377517688
136834716
325146522
41366385
16899221
16096735
59225745
84077400
15854702
51228973
17294950
948527498
862430010
77193640
898795603
593813785
435331179
279598938
17001490
26030160
43954179
69093910
82933637
183073365
14554874
18206066
734901624
2542276958
1038728899
71627462
86129724
11771512
18963809
130945778
16244449
21316253
18678924
436925910
50446226
20259954
27511061
1716295034
30354991
25864475
23040346
297041910
2939447946
1203365418
133145316
2531889245
524505900
2209742392
2876538754
37068441
23511468
2727612869
1383454831
81248610
2941513940
1599782204
26564529
408737634
2970462034
2901764444
19239163
24079889
1895563525
2463274765
1488110784
160774893
95570406
99654022
1656032827
700900380
194351775
194170887
314303797
115097756
85526005
501861132
85286794
25390350
169963553
102700680
5120691
27860681
25098482
304909941
19224439
330361451
631090444
2422724898
24793165
558810910
204688509
1345702333
63112528
18924291
474314181
2932734676
49006504
1655474346
143360590
543366008
38855868
22023852
2343162355
1120449002
16589206
972391417
189376144
307577710
382912760
204084484
34116129
56806379
22325059
137928565
408277798
64789340
327596664
136402916
507007888
359382918
175832677
1548572586
508245510
20697111
308142557
33638321
795890814
1213341847
232402717
2914899483
230692135
22518134
80330381
48906364
509285375
87374085
733196166
19807415
242397440
2498408608
213565651
16051263
2247799814
47327366
126118634
120342217
430834036
485805200
229215657
223856361
253058831
55315930
36340091
65387758
48900687
40750325
212034001
126408323
84614401
112803682
490010119
560714039
103050711
37352137
2902378946
367362453
50928903
19756912
36350292
29431342
2173186189
2813562219
2883821193
817724232
22790755
16038962
64036746
16006466
2604671245
361543110
2891633495
14412888
2891641685
46098928
31015433
2909421332
2869600636
2903882167
35270866
3205
750626522
867064105
2892982470
569544773
334382873
14753225
391658754
2361723913
333759976
2546483125
1055907624
78207435
96176825
29603142
84061224
83869121
30404308
24719390
223935062
434214221
434050353
23365188
452340122
24879395
30971909
35549780
252233089
22029553
15822969
17758502
139881024
15575625
14858856
32515106
33248363
119521385
19344825
71019945
29221344
19940791
24457744
15309072
16029780
3554721
17596622
15473639
15355482
21786618
15830436
37970685
126349885
257922239
74240983
2796155975
33846385
15253917
2667125713
2867502731
37526010
166313436
395699816
2491891687
606843158
16795628
14090948
1262736474
2868206009
481640933
32400179
990141942
20314315
772153975
6430402
294756689
156846934
272543115
104273668
320547422
269992592
394813497
15051291
319438158
30682583
123413321
755113
59373150
26614342
606799417
586072256
33572003
27235734
2825171018
17144330
2705683130
1098875552
188236774
25471833
547720779
586897746
16145570
365120434
94076386
12083782
2813720958
542136263
15545122
290837629
2296414801
720404713
550275928
783792992
2208174187
20293457
15932723
106814808
21138339
52168558
2466837068
54874691
38320944
508227095
180863189
470449487
330563111
21200430
1169579419
2841876407
1025073326
16355334
34941236
397599104
2830215380
23721159
49620730
16058301
1246551126
479191329
551520612
1418281304
2751286765
2504953740
320407211
2463735408
1029449594
109338845
277165873
17291393
254117355
205864193
1286312880
38460660
2525375252
25533069
515635918
339206441
1092378031
447072651
159605664
188809568
262959692
262793060
1548889003
75806321
1452961598
449296738
2423013782
28028808
839736338
34156423
216572008
19006907
14173461
526685883
16037167
45413198
472537991
584510316
31574630
313457680
17514263
3286621
19954938
1101746198
36381659
21633768
14969842
34936539
517603815
554624689
56784523
536928076
997953726
2294095244
2788219635
166986511
2284735209
2512264104
2734647354
18706489
18133113
149696442
1352867064
1436147575
587763910
746201370
43380129
159270190
21005767
481677528
445034985
202057606
529817556
17937362
2205277231
92196227
2807929794
314056460
44195184
43894318
14886632
169962549
16608439
8962732
16044763
19850057
415105266
1078126694
514868149
108443742
65707960
520483527
1398226626
27961203
61009724
835534724
2736440051
17814938
1112722104
2677281392
1920598429
72921072
19834403
72198806
495211603
18320938
465862895
17064007
434182025
172636093
2744626713
71797635
168798343
260484573
2202103980
25889982
45722835
432846625
2604665188
578587541
67734051
545432990
14548947
106808348
57261575
129321003
977675604
2282511570
282679800
20655577
1191378247
2451860754
83279364
31055828
388024853
2759522865
22874688
254108334
1691132418
1415497340
270033955
360654717
45626822
431948066
381363707
248768262
159205133
185490316
123071208
351764217
80985011
88735607
18552000
53176629
494158101
16000856
255781062
18191927
13518652
74829020
225106180
65456062
177759074
177586079
177598167
108997223
252888386
743087011
614058573
26441991
197192859
108993692
267873112
74177826
52485598
88282197
14792476
22714413
35029970
62545966
14001742
16875756
37032310
15945699
26966058
1416884089
950908639
2770674258
192179792
355696940
95314534
1394399438
452451595
388381588
50936590
314634001
792435774
1450052838
944531131
399665589
21505486
596818338
34313512
1661573780
883619466
176542018
833504192
1186610730
108411567
2556062151
97732452
1320177877
246088673
594863522
1500382724
2155701816
142078947
104324029
1709169104
99526665
38285038
2747959898
1049846640
2327600372
2736117391
323417384
860144472
208170564
35104164
10291552
245698405
755680686
24252158
66727768
14868145
227894751
1361047658
925630458
208647814
2271462342
46967893
591964833
46549541
2521541502
16986207
32309662
109851304
24207473
1255329390
125353231
2471294780
341875192
1350084025
991828219
2375167334
615508838
75974281
138600717
50826280
54951973
17169320
25110374
768499704
320722258
2273476777
524935338
199453429
29797605
2683940564
621403520
245513323
33309287
1146313928
20786801
11856892
37501003
546267471
14188413
494740974
1567325384
500704345
29751533
633399535
915866371
605060256
45647641
216600160
284306242
401724537
259542511
998310636
389974502
273602931
320778891
37602432
615554889
220721771
70771229
360285166
409456907
149089236
48730505
22411875
63345416
20546557
387170537
85644362
186159060
40527992
41026120
2646787525
17030707
18633998
27477467
2610480625
70485409
2225653322
19821359
254316803
15174190
17466418
14199707
1262387226
220724485
876326334
322913008
2481386618
480819245
135702959
818705040
596151434
18014005
114870265
7707062
822432366
59606658
119945869
121891998
603992347
2485389544
21409631
2639367326
169620164
395296194
85985204
25837289
437984773
822074952
1433584531
2257351072
815783862
44844958
50843347
488505706
21797760
256562839
22959648
15449825
471496004
22017113
299755404
203188066
1007209237
47899499
1638733244
5875352
31090437
171470035
94384034
1080602371
1328258820
2588632927
367927917
184681223
15300487
349473434
16082791
932800111
11864732
205011806
106219470
472803603
32047533
131322596
94189356
1925483556
910611002
1157969064
33192295
1428806826
17567036
16938795
19733065
2550085777
1278590316
2419601257
304125473
84816752
543660970
1358252790
14192541
621124734
1265795664
2542542991
1534557020
453065573
1422241538
372022249
28257603
132332780
136402367
323392744
785127174
142905425
307912317
304252817
431914020
222776264
474359398
281760115
605696041
1669342272
1658465617
124286581
208259174
355419421
51658756
1315731600
607676741
2314238677
729025861
557938785
380147305
41205820
46039173
360384383
1307872135
1241823829
2523374372
227557866
412666934
613834480
212292139
61863728
39205957
15246892
15644999
459287059
37727891
104895697
19567968
2321460636
495085002
130557513
2190746552
475936030
32750439
31743105
34851995
105232779
105688844
24947031
332459882
21244178
19875123
2307026323
2458425187
79364420
156860993
71651549
1472395142
21193987
1349590711
18735647
730841191
2440051997
1418360461
441134864
176212898
2483823930
2326393674
267854863
28834750
1635888062
287855550
12244082
621335481
1960797738
607718259
1428868201
15880390
47583332
95911950
1722279132
42824645
130090686
323021293
568444562
970516747
1511633029
2428950398
1537998109
25522043
2347280246
27968672
455063664
326022621
252360681
241010775
322825308
21850395
1170721818
707276972
341191272
229665860
29146558
22379289
215349722
586643236
174796640
815871284
2329150465
23593966
15941338
123993222
1158380624
36741608
21801133
192793578
15134952
1623918636
21378105
820609639
153686456
35139868
9109242
16796785
22010263
34731508
549479767
28802580
499922336
971270282
15691663
1068875149
361476587
1929640418
73333278
792926154
290798459
73857509
228915951
364893399
406704480
61270370
54442102
26902984
2426420755
23883590
83982929
227766959
175507061
1549231957
864896366
302628587
14758976
27010731
735340760
142223869
955906094
49323291
321646852
22001536
417548994
2402563808
185289508
18302938
617735056
166025625
124369425
573495038
1733086495
1876880742
34438002
176589375
259786813
16729240
24854688
24701407
912958472
102420077
411958406
48425734
101156604
46525604
2359033740
1912521912
1113190686
16929491
283306902
305317441
33555158
81100946
38496530
167815078
487157406
253890088
541225013
272797964
215168669
302946277
1874326992
456422080
404298678
1300565870
116972225
28644072
573864567
407998861
1915005608
151923086
234771520
24842407
574684578
2209980120
2367986134
2374590824
27419341
707789815
33936754
382132420
19629204
240135871
2385531445
118987843
270528803
366374544
707891263
15368553
2161076772
133737836
715071589
15446551
1086643477
209295679
60684098
1965191694
47019366
901537399
23631773
427780830
940539218
41896365
601539976
313732016
14851523
325405501
2376847605
2324069972
778797211
107581696
1526148606
143562492
89639762
105443877
153919023
2359859870
28161405
314326827
17451455
125851115
2319865363
284222023
2349173934
2346225654
36764306
179183392
3554671
222232356
354803483
71912145
158048044
45813346
138986379
282735852
267921808
167312036
54208274
352548417
461720085
1129029661
970207298
89527372
277250519
287503006
1206279740
418999353
223871098
25169147
700574470
799501596
1425980648
23220837
15407632
842618156
293672070
49222740
207845946
188550805
27957863
1632220008
107483388
552227382
66779848
205229922
857264618
132604508
106627539
16082911
17092812
1607319140
32939004
2234596310
2153403961
1184364697
66533920
244617917
200446975
245454146
805359060
1003282136
2164881932
154112893
1170940658
1563700531
40625160
344132693
217214517
755571236
200242762
612088773
1415848314
1599047936
2319275709
52297714
790772725
18514747
600040394
60204574
240797899
103458830
1548928488
1532157697
20313720
496988212
394228882
32767923
22107711
379511613
35750463
307925978
305052222
114507370
781739222
244538823
1455858290
35686580
747897960
2243116610
252419145
867739465
22332114
141877319
118719917
260409522
247334603
473116442
60621348
124356463
48365316
34109622
18503647
51302611
11439652
32962571
34857643
34512788
40863280
17235412
14145823
20732707
1619487020
28796289
1468647660
49157283
112606304
332888709
47383549
1931432197
225531116
607451886
188793260
32695402
211853232
16108971
601385465
1470837234
115757256
812331996
2272531993
145313224
24003374
62708496
596911851
535838465
1636111441
68921387
21612657
287507644
112717133
46025153
14982804
1894631112
404184162
62346194
2227236205
1979395855
2237710205
2185377792
244991312
72649788
110715575
71312723
206952660
403430757
16934457
17698956
174098184
85460092
42138102
399791727
21413469
76283314
2228670704
54083492
2233098943
1522458121
96648433
1237354357
153815136
313416408
2237270676
2180411749
284738545
363878668
1352796702
1051696140
1480278008
1873091689
2183296987
788152537
24712487
261465691
1077775832
271043264
385055297
321109508
375949267
78569026
1254700087
14283145
40293637
119133043
16129526
17071048
22642788
7684882
61220477
21827563
14375915
22181587
24232091
2180769380
2182731721
131599699
25831268
115025273
40033399
238705311
1683911737
18693390
212657985
38380127
884658332
1576469906
440201085
117847563
1902789918
613142259
199462383
19211695
566021395
32686575
364423298
38860110
251264919
16634486
823949869
253799551
1187631678
114547989
993467755
245448820
8036392
115868416
303855276
1621001970
25619846
778916437
244947603
118934834
1069060597
805059452
1134837152
151087913
1286905933
19808920
67194113
25119773
754135908
72750421
125632328
14587342
202981916
343653642
357189638
14793764
36575786
466532637
53420694
276128578
365514706
930126308
38926205
271647798
60265280
37999041
997684836
154233179
51622683
298997025
311424455
399708261
216446661
1944370776
253428532
1466427451
724410276
18590994
343102692
546140610
462673299
85355556
132330417
23281347
18338630
20822820
1576493125
35828351
976598881
37435889
37853966
286260637
411194625
53545729
720587954
107429408
17536006
321798592
24540958
50666280
48132847
297067961
780269431
92272771
46769839
70021993
560921297
172123517
825270024
372429456
42156235
261927509
168759825
144858839
23676863
20719498
47694887
1181305388
161669450
176424228
368055961
117464021
42291075
430364646
46780776
1202285802
740397097
1404590618
36996314
128137381
166331148
18196619
47724293
64809157
144347388
26439887
63270136
116496709
19078560
425967837
263025363
511303869
1485928500
112751048
72069784
966005244
95241388
22215003
51318250
17551301
165568903
220806200
254804335
869049313
242883885
759324066
45867342
17012119
197553087
1018511616
20914025
176845741
11640472
558841865
410492166
211572664
19212015
422867470
34141121
243770734
27549495
19572333
355097344
23498379
51330975
1130275662
21801375
187257177
19377117
47066924
56968681
18479820
51515415
274422511
303619497
23167249
15156381
421925640
442975519
296681435
1074278209
20464300
256860506
184626036
362670034
967078086
95281047
1634177714
123478177
18122383
67883839
979621957
1534080332
52976281
1328447552
40574527
80568643
14615094
16378267
15113650
22184329
22986148
21718571
234540216
17301707
21414576
14513611
14454489
36842122
1104526898
245510319
22804904
67188131
1095548593
1611519468
74745811
1696296049
263483165
305241300
33709454
35742774
104313616
195835739
185448870
37281485
1362603362
212040202
990627116
309900349
110525152
132569463
94137304
126062842
39279027
1507338108
415304375
1625743140
354555664
397775059
19030740
1629214850
73146747
21728303
18199523
961542091
30973848
352380170
207745397
91246067
128416763
10222612
82453754
172141399
89468986
187354656
27476300
392687010
451436822
12916102
75425872
148908323
1603358671
31219459
1668220860
391562379
225054639
1676045845
63003476
103046392
45671898
38477209
1653714872
339686238
244635069
49388157
21323268
63973194
18578085
17169753
128926945
16879947
30777281
16170888
379220792
737523788
1267784124
161279293
1554363578
53130511
16552733
19865053
20772763
80944550
33276161
53159373
15473574
15917488
763994012
410972730
363267167
51485497
546834475
22319206
208628376
105811879
18852981
61124569
68548942
157627958
424607764
128763579
71907621
342370981
54244175
1592503250
29787625
30343453
561665696
1080261055
953848772
309411361
27768774
60841112
310074998
219486028
445957363
1442019078
810086666
301639963
119477609
860415787
15213658
578687327
252679942
28142321
111631062
1566978973
28238540
21458110
25104533
79388411
75433542
16596200
117489156
130296757
80802900
78615346
20589511
929092556
54072099
1398095065
17162456
1441558909
53689588
562229863
214669154
1593396457
23123824
103113385
14711138
439586178
64153655
36892329
253391683
81450082
181828893
532764773
367572487
23964912
226302013
198801940
19625014
21352373
26950899
148150805
419912835
415854742
18766459
97948944
1141458618
431948748
393501079
2479091
1526578452
72940275
208736091
529123058
381211913
22225610
78295067
96699894
373127318
279172884
141292759
181846527
27267415
19616697
492763581
199400127
91122542
131039234
41568710
15278648
362702415
22455433
523934035
770423912
16190616
246483164
958435057
18646934
15907610
15368940
15693815
281593711
221484024
25010768
222985500
415826305
236530218
848518471
1174260378
67732438
185834180
13657662
300146523
1270374902
41740651
18561541
191463695
236091490
1283389062
28121292
160058869
16194409
27952164
304786389
586671909
1055685948
147945368
8370582
821372790
1402707229
17016866
620298978
1240504304
49449357
433861040
325019194
340418291
1430959345
400322344
344220470
201400769
91218624
117884175
319499139
1337176261
225907142
108556027
42101913
93079410
342883455
49800332
82817361
57335718
39040456
1380160790
15693407
61915169
266339787
452172857
213436654
30926084
245588045
24259655
22017956
275370404
1405337395
279198802
55857300
331757074
18466064
250436974
388089132
500724305
272493951
338031417
25610240
77091080
20917419
504645375
347461170
20796867
80902752
347356296
16421441
31312342
46854930
1442908771
66336560
18962157
29352668
1105888730
66780891
373639969
367480731
1240108088
17257760
517152757
347971836
40732085
27124758
1410590874
72433451
18763909
298111983
1286864876
86798476
158068150
986520420
117189136
608683745
19209189
1419394699
25883568
234519994
1023324744
17298097
202447104
306343315
32850557
19283163
227138623
879938671
1232905927
547515370
1044408734
353842941
130936537
126032227
137788484
16162682
906641918
390297090
1065995022
14050552
1397745990
13952832
122810412
743851758
197621220
12096732
1398644592
16426077
15497093
17125058
15586199
25826472
23024454
18220818
209944791
428708272
413216440
150984722
1004569112
72405094
1380789588
919794715
499223654
329845934
119346928
397816682
79498350
163232237
332615156
624018877
460337463
1367517271
495403221
185322763
403835152
1173467982
414374264
257555428
113998443
56787191
130500468
394539117
1148642546
231532159
1354473210
289194045
733543134
734304834
23605102
821847428
29062271
153841691
18437517
388350912
465900914
327091166
263346930
27486761
154186573
16858503
378311911
40947953
239619210
15464697
14526877
260515558
278393903
135215341
23543520
22931856
1208592938
1246599554
1300953482
458800279
409658798
574814017
31543537
253226223
150740603
4970411
142406930
14775654
179719307
247610676
859703424
28931687
244256140
540238571
211232473
307677859
20115368
35035003
19477339
27687635
386702491
16395511
796100197
44930749
146098247
29480629
1328494585
81714813
834313268
385160784
17075703
15497797
14558126
574389653
202731545
9715012
1160501227
17849506
852562393
26584186
960649556
1324919545
1106612167
84671389
357187990
142514424
316185694
503846047
260666954
22541767
15370279
9737232
16739012
16085390
216562521
283010772
15111631
379920074
1321406184
259767294
289735773
14855994
458038292
509317809
1190130534
1245378500
179274764
381319727
743996148
35135210
1241339102
1297672272
44214448
568714362
55065223
183524339
487856372
20744119
617503126
1316032628
153647805
1263944875
21962253
592428761
902211740
240840748
330592913
15393123
16322680
339247305
1309144555
335487853
18749423
21658755
330517445
29049770
17377323
20618608
800721668
310473016
279758985
49453870
41406567
47656923
194745921
26356064
14536763
259067709
391097582
33623630
189984742
728804923
264525621
467823431
256113470
46959678
203060129
325906474
23458411
1047298453
17473120
115884665
90886548
40788497
111498103
1255420302
99210729
255608063
11578772
464233001
251346866
27754737
18242016
35540532
47110706
26410217
14116797
72336016
221792092
494583213
363841215
868856461
259364256
128216374
1245595386
31054024
1222257180
752118373
938502108
52718518
1244493313
1244466846
38605446
23386530
205139274
223896187
13557782
32454425
607036686
583448681
31570257
64509520
16257715
1205978768
26773353
1065875670
317907435
19489355
66171696
218770703
354330741
28733880
202248907
16519783
21351617
32197495
135207320
86404695
35696091
247384177
29306765
12143522
343464115
172172880
20480549
89901789
42597278
16122373
850391624
1161142536
512598889
85396297
20545793
234128524
346948406
1151806141
337085358
1140006680
360157542
113631630
389840566
774975937
1155257198
1155335864
23840346
838684320
102873782
753228806
619669187
106742032
25368960
18566246
385153978
45000684
17809943
123910041
462898109
115733549
26165922
5336752
50073507
20343694
357606935
522282462
14185317
622272746
361321755
15949696
257529281
153860327
32207712
266918128
142721190
227837742
37291805
17265327
21518962
42722492
16081831
19610051
15950086
581053112
249469549
52596376
59157393
633980404
15108530
28785486
245424983
450941680
33222598
755742266
37723353
24933645
43409523
731167584
164412502
34387663
39155029
26244297
17375281
342803375
22685200
86141342
25522083
829797714
111339670
546135718
36711022
11762572
293131808
191477653
1037810959
56223278
16187637
216299334
49204865
236026761
16326882
16789970
112526560
254186356
18909919
475286355
14278643
115111016
261365881
201936724
18891923
42389136
37052689
14251225
14270650
80593904
106489036
16529151
20609518
19674502
25519414
16221373
14075928
88806753
14412533
372903539
16250929
41869753
15926431
14677919
93069110
14700316
21844854
35666789
14266598
5988062
57917441
9562092
331816614
48802204
161411080
24913074
381152398
16076032
14669951
326255267
17719869
12332122
85131054
34643610
21220931
4119741
40277246
16398389
21685295
56700964
26792275
95043682
15093646
25742720
14185190
47418074
16195411
10371822
7860782
14660362
190837646
311243261
94965725
37281592
14588748
49698134
35361993
16044030
85585813
227044479
73495529
229993947
35094637
15442036
324703465
269441846
262794246
114552552
16067683
256295544
7868832
23077071
534870442
15265641
19107878
301175614
612159362
217856221
595515713
59031230
385429543
78445977
312134473
58928690
394741838
17086475
20281013
46557945
16930125
28599820
58844283
146152602
318655249
182503471
18361437
55337142
224320485
34972633
109025212
808093166
19918558
111635527
112740986
23677457
14921945
18696134
55096169
21862217
7339202
22134976
22996281
66509355
16090292
74035849
255229621
16352179
15324851
15007149
453319164
44134773
69193833
19267379
19777462
16687236
17058614
13775902
341947334
31806244
25240279
159633273
28011750
26596206
16687237
277814667
111799309
279205261
245740404
374279213
19605981
23839835
17037382
14240875
40260612
20552026
356425092
39661402
19198775
55156489
27466573
264271769
141255641
34285368
43880035
13504062
29761798
168546619
26059158
219017382
198381553
107112476
21733692
31611298
117097951
55790584
188687596
533559626
15988031
55300403
142402282
27601238
8953122
246614123
60293310
31663365
22851333
82467773
23723361
47237625
775821182
17302656
99547903
253435644
200229759
538233083
37104668
18978610
264658626
33430795
29721588
18587457
21609706
331841472
381702960
45465815
571403130
15172248
255040592
388019727
17846705
11866582
418524598
16157778
19757002
778337191
144732776
393691133
45895089
16849912
21706800
16309984
197945940
7037062
22453888
263448714
14478814
25773300
32490661
102036068
16167077
23262069
28567643
848954816
280205156
397052012
11148162
15443416
16672561
257702991
57856806
63942707
24796125
34950893
21587376
164329489
288771922
17539029
75944553
59530330
113708495
792790628
34113439
315675025
26847104
34526570
17144475
44813235
558153579
471891309
314274438
25178222
479263733
530840114
15693776
138067755
30312376
174268918
388432699
258338305
549353746
339270636
466677048
36903744
131763362
51355882
23374246
29517014
13890382
42062582
26376024
473433091
20120093
24409339
22656831
316671079
22314440
60887326
27997907
74027114
262856460
81895203
85634177
480877857
569155012
15689503
158426909
575522049
20148039
178229910
210954755
40004611
18061882
635253805
48833879
82167518
257983463
443964961
8128442
19394188
334194887
33677005
27052147
612935339
106708798
47067912
115485921
115485051
39814243
56864092
25781141
115979444
156751221
576742948
97474887
14482396
14803701
54627578
240275599
15811525
29273823
46798151
22639322
14550926
48050572
118173606
528754434
541329760
22321415
14574380
548104824
354181777
22714185
41539317
253320860
121859642
218805556
81381301
271677374
52175998
327206528
287473863
470649484
76850899
375668644
200214063
237411094
378739638
534380406
101782947
228830689
186813521
20801977
53747096
76838357
106228835
49473571
49986620
24379982
33537967
34824802
39249305
40197700
56792300
23079148
22739285
201712702
127366181
28589097
71369563
15324386
143277057
49871367
40359999
49172121
51184630
524059917
257556026
131928608
176797045
97746729
195932162
30050923
31050061
48034816
26834957
20967177
20962103
49432303
36279515
105222107
84945554
34373883
107605737
17311932
377869520
118115869
117563769
258036662
271038498
85482660
250603308
246080067
47348960
541660379
456340071
247774098
5354852
20217263
15000885
362476913
90738419
386133566
188798070
222641276
352820706
18772628
17010916
338156794
56466243
400762159
97064659
7854952
15297674
24205253
6877872
297152824
305833183
23823567
192955168
21471357
446568165
18148414
418156663
479842899
10429722
537700945
363440695
29463453
19819118
485923228
65784689
18137749
29832919
15992672
137794015
61440064
47763245
24265090
3419141
24136198
23188724
20301135
25529018
21907474
50452197
270013816
14098607
225436217
319868526
265358970
257618775
354399766
369797217
22737278
466519303
39922506
17238370
241972602
452473832
54636313
255538315
111635980
242431682
29600366
378966113
88539966
8813602
295899118
17147448
56081005
220165693
55673433
516880804
111595219
123185375
23142862
342880802
17297846
40908929
237408637
335369838
366228884
145085728
13971852
14400829
14078676
16035350
28812925
16616035
107564573
17737025
16224297
80890381
16298634
35637055
19940347
32163401
14263531
25704351
51034731
14676022
14466538
57405911
178089726
20182089
114050808
103927659
18344104
59589510
15441965
14248963
130617778
10419
207790188
79915690
37759047
30805637
14068794
22771961
76381104
15463671
9532402
57751453
136300373
15727317
16170253
1652541
18812572
21111896
15952856
15361570
36948268
162069635
15954997
82453460
384392601
339852137
292935209
133872807
21279636
126166612
33166794
19075308
14246372
17348525
17278675
14324884
14520390
14496627
15007263
18692955
2874241
12253252
8417922
22483974
18917572
18012029
2726631
15109180
7337622
24000016
19041207
13001192
13000872
47753447
41670820
126122735
65664369
31127446
14708901
24260392
15443282
30890882
147617498
22832229
364024607
40982648
378415750
319254556
56360861
21320537
21202724
7917922
16254215
75398827
36191823
9897412
14266637
23656197
285252127
172932812
47533318
167667846
131144091
289640962
41560781
16058634
31860617
236054545
25802912
14885540
116763916
14449169
27187343
276728526
282972369
39584528
50439234
472264209
371861751
161461543
466741595
29704634
137433639
20764056
179393076
102189217
17142921
11803352
27811971
15119634
110828644
14297830
57962211
16303106
1917731
230997420
17716548
29609512
163268439
314801112
168556905
15220768
7860902
25744258
41795342
262262797
280707480
79942437
156770421
231687547
12769722
346711949
24713327
40947644
40302336
16244059
26575720
59184386
28656933
378127810
137466464
70036903
16063986
23412142
199135807
264861120
253512216
22178384
15674865
78139444
106069950
247963674
296187004
37702946
258498441
202736406
22528705
20066547
318587405
70533091
131597788
49219932
23103351
79204835
247813702
33986037
10117892
39556282
237810343
29979814
254785112
54650049
203966843
345461691
38271276
32517594
132021364
14630443
8161232
346171723
38712914
16089186
19983965
128360328
40024222
17192780
109440184
23664655
114881944
159612777
57002648
14426645
52479823
208908158
143931449
14062180
153227833
72656068
16041234
95042203
213545138
242911974
150686538
49234356
80889502
18768341
48011328
15738250
34745464
15965292
21690931
69181624
57540655
32474693
120129682
15947602
16834046
36719281
54682125
16642888
15183411
91386983
44456191
14695985
42716568
42090411
76659035
30380250
75038912
21893564
54986656
15723911
15620255
77222667
40024095
68761966
21765244
16370091
85726335
63271139
252349521
235327188
29189538
297516831
156395674
180506345
97572418
305545041
72650365
40579429
80374497
330364570
227829450
46414140
216481299
26248534
20535707
16380351
38287817
19900808
87347073
19730151
80886503
51039875
15900384
141697394
14688489
14620003
19784906
244655353
36047098
38365722
2884771
16955991
3108351
14293310
15164565
51241574
14437914
14434063
113494390
149982376
22812754
18829123
156333623
15675138
168673083
16017475
26548315
11857072
9567972
108617810
63246339
30043495
173999134
1106501
52070270
16157855
16311797
15224867
103087786
75069067
15731368
20776497
36743910
15808765
15723290
249410485
59884592
142419647
208692908
125445568
53941120
26083271
113420831
33530012
5990782
31128529
278582590
21228708
16116288
17220934
43638469
104872956
44873497
80366372
107236541
55334133
18227519
11856592
21543246
23944104
27901418
62591681
34747631
17091590
186555013
22254482
32774989
16348549
24884150
36789158
99044326
263815367
234014087
198980151
248735463
163570705
252249233
153486399
239949176
30216513
84119348
140519774
14984637
168502762
21406834
29450962
138770045
23600262
48086014
47412499
36686040
21312077
237112418
119250381
22669526
85322445
199325935
16583468
63169388
85896319
92186819
148453195
82649553
240812994
31801993
80612021
158398519
75124560
242426145
132201224
33563161
193732179
133832049
19318314
7356562
16197321
15022633
24431892
153251103
15446531
15554922
48177456
19400197
55355654
161791703
23593446
18997592
17171111
31122582
30912937
14377605
14770470
73238146
246357149
22012091
235373000
49697450
19608273
813286
24195214
26946495
41017380
15458694
59159771
14717197
20479813
10069612
18172905
16742806
16674443
14337131
16935292
19697415
14287094
21982720
1947301
17494010
13393052
15918708
5741722
14133964
7259302
21619519
21268897
14957147
14962779
125453969
41814169
48847011
15667291
16013368
59676104
428333
17044233
14811485
18812301
14529929
21634627
17006157
12340562
18723427
8839632
188019606
7004382
151963505
20109973
33514869
12133382
7744592
89820928
5392522
20608910
15922214
50325797
71294756
759251
16012783
243291022
240813318
15935927
233783568
19785811
203296606
16175650
148529707
108921747
18276341
158414847
15750214
266099038
326938003
325830217
4207961
14246001
11856032
2836421
272550180
20818801
15505053
6017542
13493302
60919240
14345062
18510860
26657119
30313925
2467791
20252085
14940354
43963249
21696279
87063281
82689705
22650211
14146966
15012486
20508720
13058232
12925072
28602948
17074440
74243986
29442313
9300262
16129920
807095
14511951
19143036
18622869
16172991
80652108
16444412
67095221
63762872
13524182
65052281
166624068
80672916
27700079
17144765
65364826
33792634
99655992
91180720
17799686
107207846
101560653
131271607
305677126
17093617
31448660
27457788
24745957
65158737
30065770
269617776
14159148
232193350
131497030
175632616
17004618
19724708
21125852
44177383
162283218
69489370
14384907
20209807
22831059
21660348
23976316
21354333
148542797
21454467
19519715
131272773
15904300
14520666
18707579
59454178
21120463
26794906
66575037
17169491
45967429
106469922
20414526
38804594
16392637
183022621
107416963
15163255
80103740
114825491
90938377
75052666
15764644
9624742
10791692
9229732
117448404
48112717
69062953
1691501
20644529
14088897
10237
23871246
10000642
95244634
14280079
45273090
17637006
33104009
15814530
18835517
14123243
22068663
16607691
39671383
20735597
21715290
29828160
46564629
16092538
37819422
22076359
54612276
14066873
122460506
16018868
30899259
31402344
7334402
17270153
17078429
17098190
15059667
17142198
62881445
19352605
18319201
9126922
13742032
23036627
10402382
10333192
27968690
2372091
21413466
17513304
21158274
14335380
20002401
16317406
15627575
9352852
14355102
1335711
779576
9824652
12507532
1082371
886841
677713
15484371
8024112
15099823
14355312
8954852
5507352
15405118
8954992
14370357
14801219
14793236
13491312
