106771492
26549696
15770447
1243902714
3038574548
25301238
2496328531
43344979
18983793
851621377
2252238980
20073434
956729808
41719431
15137996
381017034
45950796
20006673
794435371
3196606524
5692542
60919541
2307771108
55350568
20610047
29747434
1076916320
554468819
2201733193
16669075
369031482
55637679
6519522
2544250500
394077010
16912739
568466334
40994985
589123768
1071205484
27039511
454313925
594749537
2544227706
394370898
16651871
18149266
1868625810
31015374
34743251
39419180
2968571812
2996740484
296361085
28848238
76126109
1628841380
46151541
1326005070
169376808
2862577383
1596148664
17161241
296826321
81889861
1967084534
1451773004
1115148079
337886919
1132105436
158129535
17087295
48514175
31507972
19748357
235331818
27364778
1259851956
19917508
47821994
561460575
2213246365
858486488
48057779
404370559
342677019
18847579
48370582
247723476
141084952
15987296
1613575663
17061263
22937104
15562948
2841736080
124914957
107113055
77920769
54624571
850107536
242727646
1060984272
249288197
237299871
168502762
22053641
82649553
314549077
2431984819
148771088
1077446982
1058051748
93867715
19563355
17390193
237348797
2923170479
2964526557
2933760046
2930635215
2852998461
2914163523
2696643955
2861616083
2929491549
237814920
94339455
27688281
133883535
2849226698
1287342625
2963445730
18648926
461446649
417937892
884458202
1155219762
33483988
1924364107
18994444
457984599
17995040
80890381
1131917492
2414850630
148882145
298072383
74313566
30258963
122207745
1514448374
26777550
282747242
14760150
51594473
921357234
56413858
26487169
39646053
16226996
339730304
20797842
19877089
45577976
53981347
1055515873
17093617
25784013
16083346
85606078
22033991
78369108
11348282
113477976
15646547
236848479
295685416
123418917
206428391
120216707
297568211
103929010
18608703
25429371
240755522
299108866
102413443
283551336
294360411
221807103
115833283
217576245
246620753
22194526
193794406
284816305
43958971
300894709
19718686
54230879
233590633
296060169
48523902
137407124
23670971
177769660
299883942
202251633
51417210
81503713
27151689
240729004
63753027
109297261
121313542
143212113
299706141
29235589
116938461
240912888
231665649
61519450
94120244
15714301
1759181
172866976
63644961
39092743
24745932
21824768
124001588
44666153
277023345
50406637
78408666
51682281
39651528
269641776
27737215
26814634
62527063
28193644
24474040
22835920
273044509
262155916
34065272
19598173
20928189
115842494
16297787
267913454
262868286
34721108
23519943
18809926
299150173
277124414
227529274
36853383
128108228
23559794
94612298
21596896
281884030
58358587
268980834
50184624
301078762
292111881
295709231
60930130
40700318
21937575
17803612
37261304
164106504
42295870
19723699
18980564
17449453
19288813
19730650
104570561
21426656
211901075
9624742
20733972
239561508
237312687
15729617
90002061
17896154
18632666
216881337
18915145
227444053
14587949
146516713
63615980
37731615
16557667
185855764
219429281
68572942
7518732
234022257
51782310
14803701
16247383
115462350
15679641
17563655
32466793
119899270
200125468
78431501
124224165
783214
18566912
5558312
76966145
24183358
19268706
109888155
98649499
22555330
84419098
78703721
52047494
46326721
19073744
51103360
47546581
19291441
17194257
50386004
21215752
122066467
119271048
48117116
20088983
17002487
17809043
14337705
14592411
15381852
9830752
15232635
15169032
12469012
16318652
18645152
167540488
36114729
8833642
18371803
136250134
40931019
21622232
10102032
40318829
21329888
26424123
10126672
60477859
26051676
142306922
50055701
17166830
19367142
14344823
69091605
20418143
16467567
102420809
50713128
18433265
18002599
88186553
18093701
17199619
184182609
28969421
13306282
83851805
19028248
20097342
40923070
43171801
19407835
84620376
23121519
15737436
21812653
137929407
159362503
27909461
191335159
112541584
195844526
63783555
41623308
16031927
15985455
26533227
21776552
57152622
80530081
12831902
111021422
171726106
99404301
19278408
17343595
136897400
103025567
76840708
36681590
20650758
18811140
37666775
35474809
106800773
20015903
15039436
171612378
40892059
21693764
26749459
44741434
113160243
29433706
15065016
29300696
19865017
69691649
17078632
90484508
14754866
161743731
113803587
18782656
71281860
12674922
9376622
14631642
22614637
63377408
27650256
40173703
50769180
16212541
25169797
107252120
75927706
15273001
18110129
70171397
17313498
150737366
27311044
135562849
19931247
142321780
55421408
30007576
53936867
145511232
64180917
20251654
59164794
25663177
23118150
19996804
141587695
8234132
16667912
16993648
18234841
150777151
84877964
38691250
14915155
125576842
145030840
57785515
142043737
24623545
45771063
15884741
25694379
140706386
90999650
24789638
140617148
65018369
81894853
42956083
99272818
31088061
26295325
42706103
142366193
124311502
48746885
61161266
50493480
20716349
69648081
55996145
21875936
14362093
48267659
15136326
53409907
26057021
27739413
33874056
120474390
35705936
53717114
18680891
32419902
25818101
53366852
2922
16372009
45388270
22547565
123567163
16243061
20591025
41926709
98187969
123983948
51240289
854241
73557861
40809837
54999900
26097881
93855063
16600574
54219775
123899931
17913753
63506487
16217162
104023969
17291996
7359842
108496256
108704898
124255358
15410334
64806761
51181560
32917091
42628373
97121633
36399571
107745212
112597732
97062965
124213876
34376002
96818341
16494919
56696211
124480650
115356578
26746743
16710420
124624030
42024458
70001195
119644492
118261307
124334006
112841637
72442979
23590891
65491841
41446355
53001443
72906858
124514681
37831315
21902738
146052706
92093544
15033904
27475312
141278604
27408000
111521844
85043595
121614347
95957206
86325304
101398169
86674333
72754600
58528442
140189696
74875513
134374295
90518324
18644199
28880371
56783491
104249727
145919661
137019056
107815304
58523379
100679361
33111514
145781966
144219062
145802256
65141257
89829090
32633274
129253670
139391626
140122731
19278537
26625634
24472076
44240883
127758337
139430595
34774943
140218740
109057527
24250704
19749363
72106985
84928872
84304003
36859107
140266368
131600531
131160186
35917660
30882054
50574770
140320819
131815667
73514534
82284911
104100189
111728189
99983338
140394945
47088875
119066636
51451108
24365980
135499346
33070194
140432199
62460840
140458279
108319660
122188319
68044209
116928163
103123714
139839700
140469904
70929547
139811071
119094897
35641521
139890794
140516024
123910334
84649486
70777084
109451607
58004651
140546982
66705231
16201819
114829839
140474441
140576922
107219383
89589068
92567783
110937883
121256871
100801313
22393358
108654328
23958788
19066566
21949393
140671070
61125264
99643389
97158335
17908010
139977459
134517380
137249171
17755074
124798323
43531808
105560241
28475271
23669425
117509692
140950475
138637038
140492286
52920791
29648934
75668235
67781033
140981451
123133635
34809704
141003641
67793996
38568212
19889929
35723476
78533282
141041389
141048940
138609272
126725365
63840887
104113207
60616627
65489398
140513336
61075304
25444766
140309124
64984311
135074853
33304349
131990873
140837208
141191226
119048353
102847533
103980375
87756857
119564030
59261853
41586364
41584492
52855734
141336241
86483372
50885334
54249624
115973703
100901784
137784644
84049597
135588581
117582216
83424968
16042901
43481223
22740299
140281245
19586694
94882314
58510019
80111314
121566336
28940693
119105175
25948682
36563254
43554566
126233945
46828068
43620520
96605353
141626895
87289372
109952006
45122569
57069158
29345912
112233474
69004353
25167013
112621681
73097209
21826591
141708298
46759835
30526351
139160013
27368417
20315240
22168042
21764111
127356185
75034786
141751641
111697917
125469783
78933755
20543394
105968610
63694379
134946489
86097789
36171463
127621582
52247087
141847375
10054032
88381942
133952956
141921407
109178173
113115140
141816668
73516428
141606638
122898591
141970758
78170735
141890968
128674787
138836099
141727579
62073456
142045953
98041695
34129482
90739096
74144130
69716423
105868102
142037781
112019517
118882853
142099446
142100958
82177441
31229193
22645975
142108705
23125192
142052865
142042316
25501036
137466464
128787990
18091773
67689335
125279782
142211124
100135842
77825875
110903027
67146782
141674329
53442342
71541968
24519987
138113307
28924313
38664073
141743807
85175790
142452391
138130651
135655496
126436236
95925245
85000558
65965894
81601391
27503460
142562490
66206698
139114960
99290891
88278494
142313928
73921511
138780388
127548566
142731264
107145103
137305701
142783751
48879399
53764394
117827574
14977923
132248577
17225573
142766712
38443344
122227577
55548246
52732971
126961917
29882019
142881737
14502484
23057591
124037821
60180506
23646076
128942092
128929969
121661653
49947979
143017663
43140007
48907480
143109014
143171341
28812827
136227366
35753021
143222378
62359786
143266797
143287036
25093412
30538594
60239878
114339376
98131029
102263222
133293177
142968036
136675120
143338926
73142233
27576889
139458591
135191638
78005394
110312051
134844562
104296011
143321469
120281873
16517668
50116170
18808692
107006819
132243693
86114444
143626530
58608119
143644192
119254486
143646413
133046661
31018767
15679301
58658319
103063898
87090041
122392562
42608496
13067732
141119057
109294436
126617568
110599332
143815692
5800652
143685085
82483665
89813600
128008853
120724093
133433984
143473502
143572341
90050397
110328203
26526438
125826604
113535921
73194449
21572888
15014747
20448527
19092928
144045343
48791094
141486005
100448273
73158081
42954508
107329342
26218224
138507832
39535372
15221655
36225050
143840598
143784730
18492234
130577461
107222424
124580662
133286878
23986468
131992042
19378927
61544069
35733382
143797005
67157872
66322492
129855127
144348629
129524886
126197981
30103087
45692790
16726805
142472729
141196128
28285707
129200163
144508383
144233659
65438620
15834830
66172740
144562601
135289819
143526135
37719683
120676219
89977188
141351078
144560796
139135002
18468486
143954451
15752857
132418653
19219786
26585163
40970256
16634579
136305447
80879076
14532176
20749408
142324072
56931650
31709802
144920453
134148977
97237992
117335690
122556241
143888179
144865151
36253104
144816913
121811813
101243817
82229222
107450735
24144947
22881348
132222349
132218278
69792836
145137730
59213047
117086169
72890124
46435868
145290433
30611620
25113905
71398745
23503226
145267181
143488029
127215578
76244630
28919963
19255663
95713333
30360991
145375900
145438520
26323773
51625496
14519349
145454248
60129140
85127776
142457900
21277665
44657903
134784856
68638183
144989422
20775224
67561745
142749175
73198229
73144081
145701154
93526495
36168565
137848725
15160884
66259976
75327348
82792315
24300075
122784736
38858922
142037331
24990736
145834002
145843527
145256041
140247759
124654842
145893491
97854216
20599458
23028288
71216609
25234693
116380908
143155036
32515354
16554602
19620470
106757097
136497872
9676152
146089228
70938405
73975180
26683803
47481937
30785914
17218709
16166007
24812633
31146787
29991678
19774209
22298331
80172301
64033016
15212774
49229046
28556811
28165440
36904033
26087120
81701891
17851177
15844811
78020226
20607533
87052303
29898014
57221477
14081282
33222598
7904152
82751005
86592135
28034348
34810105
59133139
76188685
78627041
73132025
65499704
15299373
25763891
26009507
86674797
35006863
38381682
14940842
18647663
83992914
84389322
82652149
64254642
76076931
69177224
86361794
48043422
85350396
19780002
74168842
14098960
17840967
17954494
85643377
24560119
23166714
48820031
16727097
22786142
22166937
17884446
40818079
20942257
15812612
26066370
85900778
18228816
85634199
85833816
63212565
85732860
65152675
19053307
12322682
85580616
21789755
16353591
85486126
26286483
22868427
80660584
31474478
77802639
85386639
53106230
41740308
82438375
19094006
14437435
84240836
49059418
44422871
68642779
64274583
17684727
82802688
15046662
44403079
81010255
17885302
48609897
25582520
19797817
63995901
51648715
21279968
81183129
15027796
15605972
33615640
22812044
38972487
69175544
71840268
24713160
15741602
84442023
84344040
84343383
22975119
84327141
18164995
5405752
77763495
14307307
47752415
77852785
19827665
83981860
54358945
42497258
63150856
60625265
61006898
43315437
76109674
14825418
67398110
17699672
83575108
71348239
44767773
82710096
83727700
83717374
50317908
83695489
56744339
48530263
59827454
34330593
59317106
58337604
56707997
16609959
16489831
15517190
16984020
24280515
14537046
87879845
17231732
84500347
20847914
86235125
79781052
19240113
80681424
86766537
33018963
20467925
22339239
41404841
41286675
89222289
14166103
54203149
12655322
90116420
20757621
90344568
82559142
14093909
27789594
49863209
35350414
19214700
38650167
15698349
32822134
55079018
31253047
34698537
46739672
79848537
61905803
34751322
58784347
40589618
30524827
37922956
28622801
16633016
41965335
48892929
21797895
22577091
14929875
22697397
17433998
34793128
19034714
86874694
19998587
29264472
7626142
33066401
89391676
88736955
80925639
67918699
60636108
29750354
89214909
16292000
18102933
18917677
14468225
20953527
54769979
17779065
41482337
80800979
22568169
87941822
78545256
47739450
58106653
57471560
10305322
66759749
45455840
91249836
87528361
91208519
48609945
46278119
71504144
89814216
87273730
91179899
34382363
64674830
64753204
15741263
18904276
91098283
17806725
60373737
34759046
22962511
81488979
26233068
22551081
18284765
27038592
90454075
869541
27814428
61706763
21167235
90409998
53318939
24232840
14724623
20585656
89486296
16426463
71530737
29506866
82459100
85418520
56707827
50325797
65691824
15745139
22643800
50005359
18646108
87730555
31794660
14529929
73198063
14669951
9532402
14412533
17389256
15224817
18956073
17491498
27245742
8940342
29849953
69773058
49140008
56690623
75353438
43964874
20113220
80677503
62447206
9335232
52054505
19394188
26062385
22536055
56572080
26820275
23134068
25568065
19408986
113420831
16365305
56443453
20252855
17749847
17498138
49750261
57019339
24905240
78403308
87103895
4388251
41634520
21600922
16180004
20109439
48809111
71627462
87742200
63296156
18622869
7597712
21313053
21612122
48847011
22178781
19739121
5988062
19417492
133439172
38897095
26385287
119991364
124584086
17430381
14461891
80152429
38990358
15696261
36750171
76613919
124667060
84976228
39321607
123421059
15423228
15793787
77794283
122188941
48357684
86218666
17288873
80086944
115697701
22929168
124838347
115588412
19165633
55249928
110486704
48355434
44268976
72765590
124967163
86612329
111257952
124743315
15976256
33337973
71598434
21819640
18830945
24521324
108985242
17379681
14937580
74214522
40898986
72144717
121990777
125217893
117865629
19414809
79578497
22071560
115995931
112945313
39755667
35046648
17855686
125153212
20819460
24764239
91027318
112916735
109669673
125142705
27630358
27768300
25122835
51295767
88637147
125104480
36612159
25565125
125226745
68609382
22633993
69113701
16936211
52883692
36672376
115418751
56057210
19405166
125335737
43384148
87475496
93045473
17987451
124171141
27164972
110625455
72425317
61434814
16097061
125493800
46159126
125506134
111005039
86787171
120994924
21406083
125448135
103560785
64291797
19009294
96848521
43246095
92127949
49835713
44345221
52509561
39337290
36948354
46774689
123879975
35941798
37999143
44407994
50718154
111377144
15977918
64381036
69256645
125579738
18027450
35129888
20186559
67103716
18863894
16062904
18247515
115430987
117290187
87108382
98217350
21217406
18557573
125684443
54776555
23234222
18514343
33613067
115490133
42682253
114229595
41685532
1949051
14921258
20963335
49333050
14605192
24728591
88956405
16807199
98987059
125763567
15198582
64193927
23097695
46579745
51170360
29841016
42853586
46787956
112867710
125753208
24428219
102578943
17696117
114871949
16724361
38768226
19382118
126013001
73258662
64420485
31598354
19273889
125982822
89318972
17503315
15296714
67095149
34703579
26290780
90100246
125915177
37801419
98351042
110978600
52190807
126169768
20920473
125552115
34751839
16440035
124574104
122236006
126133527
115174909
123996381
22066868
126074963
11294262
125464972
26877644
84946665
104955498
80096105
124167677
64885613
125678555
61476499
19723396
39399729
75668055
41763637
46989968
18951624
20610026
92986988
38133687
20189084
143471417
68602771
139856569
87612710
18906782
15485266
19002292
15481986
16594193
15498362
31255325
22816033
46719826
18001156
32506723
139723958
18978610
34732573
120556883
57457477
23013383
37914284
53400533
117536511
67447390
136731708
14628529
72595913
60731599
29602124
38196876
117267404
39308549
25344447
14437914
54624876
137468195
12859012
6948322
25276610
49224286
18906561
20720626
57949536
136682183
103414323
25292876
14913837
18916432
65391175
34340464
135138548
11883722
48446352
15782962
48781212
54302898
46413840
822697
122454004
122431213
50434933
88597989
15715665
56813952
22981318
24717508
14345062
60771486
29634049
18323740
34834745
118502117
115166212
18555244
119502769
112886109
100642969
120891258
120554901
119819638
18594418
31561219
86608815
39660906
18191358
98931878
21780888
81512870
19257539
20012463
18156308
75632874
109192303
11324482
85901858
109388121
19208668
24061661
16726116
16425419
30428249
18248294
61295382
63363638
80152382
26430264
114015887
114756202
114360959
101879021
25924011
103085558
110914578
64755578
63652429
99320249
85634177
21040094
14480936
10865192
17104919
114310232
113857247
114345663
89894243
20498771
20721095
16742053
97056000
59333255
21738527
16515123
8025532
97953551
24264746
47978588
106237220
45489122
114450638
86235946
90402884
105421856
15451696
18795453
8953122
61113285
104636359
39299120
39162584
43923842
53459916
110898740
10035342
19512273
16074091
20677133
19929998
40198923
17960693
25725587
49197819
18614766
38459769
10306902
57435183
16753058
56544803
106849100
107821580
15570565
23327166
45970002
49275477
90021188
30773401
86392440
103148683
40933773
6798832
18170319
18990265
24735461
26637419
41445718
83932732
52589224
12233622
20192403
53160842
88780043
42603467
39623015
30225740
82375040
80212255
22014599
21767992
24581520
102765859
81439373
106775972
102632315
107562348
30805637
20614075
15675138
27257196
107211107
71334521
107192017
54743075
21429511
27437359
44800059
22107113
59464097
15969141
78064092
31175661
27897429
52524602
49992096
103736682
104275833
14104027
21979792
98981244
17966753
96680925
18130982
15641893
24936183
100114214
27046546
94366606
19121926
44672556
86198852
23870788
102172717
94460639
37000133
27205412
93307357
14902963
25204992
88750092
26388811
46263050
21421178
16109292
39279939
34927577
100664311
98550030
100276443
77232206
27627968
100083987
43156017
18009084
18956212
15989069
99546661
70986916
12505022
52181008
45640578
37808717
80917255
19366941
97552861
26898011
80332491
15787200
38735000
22259218
84606980
93910945
96842391
31739695
96899214
49442971
97379726
17203389
90532876
97171189
22541908
19675180
16623835
85959880
23323482
91732137
16043259
39072806
44379974
78084936
94654073
28482605
40938614
24275621
86162488
95273627
21278129
90947260
18057820
67725307
93657038
18376826
9020432
29234415
16475304
80153997
92066636
21678785
51078186
92784683
16100610
22883776
28845706
93946041
93931872
21154766
87304113
55423901
15861944
93443168
22707958
16789978
12910912
72059249
29454444
90651198
41030291
39616153
31259380
16374260
19926983
85358948
14453404
18949053
89292254
71437775
34251125
21688432
89539069
65502117
19698470
14785460
26033885
30199168
16300355
26089178
17965285
73270807
14713235
18640663
36965318
71090519
14215217
89208983
88721729
51964801
73938516
88049318
88781550
16085755
33893474
19639748
44513878
88334890
22642225
70123606
32340002
24303
49531633
15612282
43249891
15008696
23585474
14511951
86343252
21544565
15564815
80161841
15302201
84515429
25582220
59141515
59395774
87103856
44522505
84917947
78669397
33480171
19785284
24773493
22047229
83919094
56237214
36741297
86390349
87286442
31838293
48353677
27384521
31402393
29431826
86163869
14884201
82941180
78528871
52145003
72649711
52108410
74515144
20060878
74198348
37147512
84343528
84343904
15035484
52763281
17907072
20410788
18485106
78096589
34253650
44219965
15938384
42638402
36372950
17602541
59882021
73480296
33663774
65482014
38317097
29487664
38275972
58041024
42953944
78933290
26510092
10067962
14428983
15576494
67683034
75027855
14629356
74494311
41175010
76141817
24092062
67228192
80874834
80472766
80403646
73680467
15779344
79258361
22673630
68450928
71660694
24965771
14165069
16348491
17302542
24422240
25191077
14246001
48655618
18034656
16297644
25167362
62324582
69069895
17034552
5526202
73186935
15969768
18865635
26812918
7100612
10031172
20073530
22120359
19479061
15971670
3210141
23375171
24739714
22931765
61340600
16781500
76755012
79881334
15417706
16225921
19137343
47228999
34730013
23509051
77017567
79213181
54630464
14804615
18317325
48594340
754874
19112266
45450902
19607827
66524895
74825169
16950822
16679842
19677553
71129590
21965254
52851436
19785194
20467163
41173885
22059342
66798264
15462267
55235265
22831059
74477942
32485396
8006412
10029732
76791135
24723092
54222623
4415071
77805733
18385910
70430353
71607709
42055840
77195106
20851313
70890338
77010168
44195577
17625897
17635773
30243263
21878458
46899430
15033709
54598826
52405049
18216422
25086658
20168605
51599744
18058670
17281885
31315451
31301038
19360919
26807821
48183641
42635527
37308245
38220717
68734651
18533317
13298152
39518916
20088666
28601993
14808307
74781364
68471280
18166778
25855271
70627146
32538728
33823550
18480494
33977070
18030431
23258618
9717322
29766367
18963842
64027252
17215219
16083628
41169250
26261118
16729099
20131183
36677338
56759776
72731750
72553038
15562438
64914137
19359330
71027276
67175886
7350652
64889052
14056454
15081182
13547812
48244303
17716287
19738104
8776962
68559350
68364568
69795520
19838028
10546442
55581437
26028893
65056071
17402815
18204828
17194296
34675554
18496709
66281503
54610064
68459216
17888697
25943676
52620367
45990847
49113041
24645354
21931535
66440207
17164028
23912871
7651512
60984835
60194085
49424632
52367752
21707592
59996393
66526266
16361933
16264702
62045097
63422539
63372657
28882005
44278391
34975624
35033933
35758513
15725659
57976073
57911275
24827588
58878196
27864779
25910039
51990743
34402366
47632905
14177416
21658285
47794090
48566172
7280532
35004994
15829687
24447182
42698415
28676276
30653539
38976390
16492813
28347876
35243343
44702959
21329349
57331899
64009733
15288160
22208312
35941104
15723287
34129655
61793200
43274920
50053975
55994774
53112255
60435461
20330799
46034063
15680092
15065359
26882455
58667990
27091353
54672223
22278349
21022846
15610600
15314458
15724761
25919258
35762860
18695206
34438597
25801440
21038244
55955956
17506198
58694247
47413798
18912298
59912689
57989310
48728205
41436696
25414167
57806275
55484467
29915595
39165315
59217500
47121480
14894886
18220541
58918414
26829094
21603355
55360723
27444964
15232967
21404194
43252642
22136453
14920143
26884866
16260594
54562806
45377172
56136071
16417798
20213316
26336132
55031712
33682135
36429867
50948509
19473742
27076737
52408612
29454484
37191821
14616459
55274283
11114322
56401482
18760460
18559124
20020575
16057615
43421313
20705197
48807676
12687842
54722289
14976464
17090912
44482542
54555090
18549579
36654245
41173266
14922694
22233925
18945415
47397798
23760704
46557945
18180003
33004414
51561869
19639235
28165628
14798611
51360968
23795538
14125756
40176164
23606993
27165062
29154181
15607219
44652004
50510629
23208648
15721408
23467134
51096075
15602331
9589602
51038172
38237450
44832407
44125752
50797853
43220809
15293425
16573363
35950112
31660947
7058252
50660930
37692417
50647738
15664760
35593745
38274353
41658823
15506100
44410519
41838276
19286059
39410548
19766278
44431855
6629442
49337169
35654845
30045475
20249384
29588209
32010840
25770408
18955317
24742936
49105595
47804867
27518942
48751260
24382786
37656827
26184888
22176076
26511310
21891923
15905092
7822382
45317789
15641528
15436472
37760670
23745502
32242999
29850803
17659059
47864483
46494294
15892735
36739210
14154518
18607330
15791414
22071093
18185540
20084422
46380605
22243973
17094138
35013729
33574092
21252385
42483598
27382597
19188996
19415066
7081172
40299387
27676828
44209472
19715741
41406133
37424291
41013370
15359578
18178768
36395731
36773740
41363507
18941075
14828860
15218525
41315467
17530254
34319638
43367554
18116944
16119100
39313226
35905067
16314509
17141960
19068747
21281497
15034087
26077830
22017253
9202882
23132145
2059051
39680372
25387631
20811462
22857713
15902990
32156297
19737700
41947542
21846304
16085685
36921540
37920978
18299168
22236737
34600684
25817897
28988583
38527499
44137955
21395752
36732058
16492753
19658173
11294522
621323
43555354
43542849
43509173
28123142
39860218
36101055
18525221
30537512
7827602
17921988
25471127
18739107
22460937
18360056
15495186
28332443
9486482
6724252
20105689
19425538
15482286
16360607
7836472
14678279
33988265
27860536
42311071
34795583
30049463
15675570
17850268
15503170
26954881
28176898
41174853
14403929
36584559
18706957
16296683
31613448
19948022
37194535
33413203
23039269
16417712
40496321
15876673
19920700
30165609
21166022
22300305
22528309
27538688
21104773
24652356
24211745
17927146
18826280
39510422
19370810
19336661
38429399
19066621
26155798
38433140
18981284
28330904
22037129
20953828
10376152
33929496
20451320
16873037
15752013
14050355
21675376
36556416
28468758
15832611
19495176
33946024
36775112
5758472
17324916
15790186
15075753
15951941
7713202
5496932
5693842
21703263
18171279
7270292
21674448
16371006
15525938
25169531
12814702
22969707
21111098
5561412
22303418
18879513
9300262
19553409
16935939
17541193
11776302
21044127
35091045
17927796
26793433
16788241
20786801
18891923
18678924
17909670
18216752
15436633
3135241
3137331
1626991
4369541
5815162
6577802
6996632
8251132
4393001
5283382
8069392
9508922
8542882
7402662
1931631
11773082
12814822
13574662
9915942
14089912
11134252
12765522
12008602
15100124
15106935
15207668
14834304
15600527
11682052
2232041
15735191
15751083
15724066
14989516
10475872
16021159
14889142
16041691
16056306
6529042
16301714
16340990
15694484
16602995
16689723
11270992
15741036
10486112
15440686
16699218
17345738
16260147
17513304
17681489
17589079
16686673
4248211
17599476
17792688
15976697
18118324
17495624
14454432
18152363
15496218
18300955
18139456
15116570
14074515
18746485
16265372
18688138
18559997
17655446
17930574
17193201
18750958
6323412
19349317
18978469
22047070
19201674
1367531
15922214
1917731
17556805
29443725
20112887
19805496
5661892
31615604
22156082
22850120
12414952
30027177
22196379
16318228
27105836
36403186
22504344
23355686
30683371
36168511
19026201
35768553
12788332
18116286
23274472
16143385
28743679
22114874
21046753
22328258
27084721
18999433
28746205
25453667
15381137
34006347
31507917
23458577
16493380
20732463
21541548
15393337
30286203
22866181
17633692
25680128
22156754
18037385
18913799
16735476
14948413
20823399
15819914
28162811
18443734
21658543
19420686
19432346
19781330
15816098
15975976
17955950
18510614
18125737
14180984
15456075
8431652
23857550
17115414
21761094
22748588
26528766
30960030
16190045
965091
14277578
24884689
18314047
17487658
12089362
27702749
16598913
15311671
17549739
26236022
2552171
17597551
19754122
18122925
14363739
30456535
19850697
23201714
21631487
23262069
19006592
18014625
25333272
19152815
17495507
18465738
17496189
27224821
18210470
23163378
17643749
17469884
21634934
14707231
17905363
16265235
18917123
6577642
22498836
7359522
17784527
20016252
22031300
15689503
21582325
15252189
17486092
23185115
17197463
28031362
28924600
31342183
22118811
15919256
19387955
21859521
29413324
14229390
18083519
23107980
22918287
19137014
25767358
22399770
28143230
20701384
26918145
28036539
16064507
21993071
18986865
13857392
18731418
23023047
24219344
30681986
17208780
20781559
15519833
15693450
23165680
24322560
26607712
24908439
9133652
22377107
17743015
16259845
17132005
24802712
18012319
17511633
15159913
20267436
27524029
17592853
21717361
11423952
18909949
23696410
20494362
15573154
17970924
17303820
14850859
17327783
12392512
17671349
18967498
18905115
18943852
13218102
19926675
19929362
17042774
25139270
26772861
23700122
26876344
21607132
26814336
21909248
21273916
18755274
1022781
13481912
13221472
14458904
808015
26942962
15797574
18329671
16071123
14620003
17793777
15154398
18960131
14915538
18019529
19627094
14535616
16328784
17973915
16413143
20768051
19881382
17368164
15694556
16215678
11102352
20816367
16015621
14165438
16940885
17399741
18447233
17257199
18931367
17268463
21050255
18085986
15929009
19275275
16935023
19115457
14178874
18856701
16925437
18451200
16143986
21301933
14760590
19596796
20458199
17924677
14216123
19826165
16371887
15692652
18978553
16282011
9720292
16658638
21869715
21026635
18856444
20940670
16364399
17856218
15831260
15237014
17896545
17980109
15862974
17996152
17886496
17094656
17923876
5840532
16815257
8512722
14927343
20622189
19021008
18805666
16747705
22334544
19609117
15186308
19685365
5796422
21849464
18205674
19456306
19586469
19783509
19366401
19163684
21360968
8106172
23202327
16593823
22884336
17345782
16362662
16038067
22169636
22524948
18552630
18101197
7314672
18529376
15692998
15985852
16225776
14736220
17394614
15368990
5336752
17445860
21627881
18640821
20194941
15256077
16334857
23970171
8162322
15916757
20766032
18059559
20526845
10697522
16597377
18221018
18187781
18978263
18713667
15855640
20392805
20119109
16371402
16316524
4655251
19208942
15971613
20378448
19156285
18110126
17971429
16258000
6945382
19848315
17620349
17002534
17746540
17954074
19161866
19480011
19834943
16641577
18804691
19637214
19729374
823124
18953322
19219879
14415888
16419807
18123506
15832103
14776279
19593728
17625467
15504190
18588866
14816063
17903209
14414279
18351093
19114646
18063134
18228454
17609675
18790296
14899541
15822642
6620762
16140612
15907414
17824640
15239437
15365985
17094493
15730791
17752112
15829920
18081264
17915624
18128281
17830360
796409
9643452
17095918
17627001
15692987
15661294
15854276
15702490
17914526
17924595
17488194
15316113
16681146
14128054
16057839
14369130
15730075
5447242
15767195
15968882
14964429
4278201
18172905
15762819
16019871
18386792
20248835
21531802
6970992
16051808
21337192
7218122
12294952
16624180
16231145
17908825
18533386
11538342
22234257
18734358
23507761
27683967
7622512
15923226
18346687
15932085
18346995
16424044
10840862
20174627
19827717
18019121
17441426
18280993
19312036
17920055
17355574
2704951
20390684
15731751
16102244
17546958
12738012
14149682
15383439
18034923
15687611
18530662
17939979
18020635
17997175
17856347
10662522
12044602
14725237
5484532
17986153
18805303
17934084
18376867
18026634
19808017
18083379
17765549
7487922
19493490
22509548
23712174
18170310
20796447
22527499
19850687
19140083
27157127
23951197
19739126
26946495
18087450
20072229
27410004
18256885
24678755
19589167
14384991
15572659
17767146
19124529
14744335
25176696
21501255
15923445
16145943
17037940
14276152
18105731
17837421
15148698
16509580
19259282
15918708
3803171
17926920
20841089
22731153
14287627
22686277
22495627
15450996
14662354
16827173
16135165
16514116
18146091
15323110
20877721
17233536
16890518
20644713
18266688
18271805
16266236
15751056
15104184
17777458
17940521
14372509
20958510
7730052
18784372
694563
17025312
5392522
19135040
14968996
23449552
16608612
19686924
25881670
14761182
17924514
14095216
22219847
16039421
21496427
21652530
14281853
20969617
18810387
19504700
20448825
20019841
19276257
18461227
17966335
19036725
15029174
18102874
16960896
15670995
17479847
19324308
19104156
21267014
24589199
14730894
15787053
18137724
16672662
16989073
18815582
16233111
14086866
16468012
14966703
16782473
16534759
20686232
17299744
13322812
20294498
14132503
16272370
16763018
17474215
14727152
12896172
17445058
14745164
16457081
7548732
17993620
15062505
24429904
21136403
16429977
14282169
18052560
19881876
16703058
20328811
15173109
17612607
16405291
14334057
15481585
17926342
16741856
12084362
14247141
15909291
8349572
6830022
11843312
15845446
6750202
17757005
20658039
989231
6742412
10771662
15360796
4541891
17116107
15406238
14728168
16893035
20570337
16887628
14465607
3128101
9117972
14078808
14815766
19737494
14178988
13673392
1050111
11420742
9272862
17602996
10168082
15445240
1253431
17927830
18591276
17982724
5511332
15615814
18276100
17527466
17611447
16174854
17945904
17900421
14231321
18791763
6108862
14720411
16181186
17850012
14311992
12144232
898491
804455
14389132
5656402
16232940
16368286
22522100
21369688
15749725
24412566
19632871
19557449
21504699
19069733
24904117
23976316
10677342
18693598
4193371
16619289
19252455
18621632
24044964
18292675
20755995
21660348
16597389
20515197
13023332
10451122
15894413
19091128
19750571
14726357
15985446
15676749
18943135
15482097
18309180
15623151
23484185
12432992
15740573
14793446
19110100
19190935
16814727
18332578
14150637
14100886
15855531
22039814
12726012
20053279
20546536
18020081
19913907
20791372
22508473
17993906
21333102
23103488
10615232
15727817
15356407
19912734
17976923
15428227
15394954
15661604
16256269
17800215
5357812
21269970
18217624
14904437
