109579534
103550181
23848444
85365067
15567780
1648117711
7228682
15766082
583821006
18501487
22144393
7402662
1137600571
19052248
109431937
1205297323
15160884
15356407
18909919
19407835
22523087
24745957
24913074
26778110
51228911
58928690
74294786
84620376
85396297
88806753
148453195
199325935
222286905
230797985
231510077
234797704
234937222
235251868
236479311
237299871
241207373
242892689
254082173
295685416
404132211
432771620
482450423
518644221
584012853
1058520120
1058917562
1061292174
1064206014
1065995022
1068470480
1074129612
1074412920
1092757885
1135486501
1305596696
2253968388
2953494478
2962994194
22881014
115753979
56475632
35823837
1952182076
249288197
232889383
224294785
1416972583
464108417
1005185047
198351657
353222682
169645746
886035986
22018627
34651339
1160761550
1198990640
1197858596
417552250
1252164091
1254782798
1281397604
1300772935
176960552
552023689
455031852
417952657
894338708
21454568
1347140264
21334152
20214905
1385989926
1393573884
139537355
1160582388
755400355
550718820
35572642
532749994
597027057
1348551900
1467541574
1468495063
155735525
1483033627
1450066213
143191657
1337802859
106561359
1518297696
1525901858
1536487435
1539217602
23686048
402475294
263796780
1561833181
1559309227
1566494191
19415650
408761752
1586498455
1587075122
122433514
1236208502
57445603
183292652
31457667
30384184
70670954
102080748
804827845
561347875
1279408135
139853022
623863865
545989216
22080533
46692354
56789523
381662147
19255663
45547018
14208529
26227427
179650134
27678557
297232416
552080449
41455386
633437653
701437518
989611974
597191704
1222716350
60947279
28439523
1107789684
51766000
169970177
50568420
23119606
27743037
546120447
29108738
500199155
404617078
500212441
1611039145
1583900258
18980564
30546235
1281405542
23500635
1000501598
28856628
34109366
43269016
66798443
1114249134
410863525
58592705
1468413103
523901316
272795549
514915411
287998090
112472740
5693842
22185437
16912739
108424193
240025822
40931019
46194602
65120302
11439162
41371217
19036725
45833897
34676135
27557391
22570912
729700471
541093113
19518243
367302785
501133020
14453750
333466631
243410469
179794772
199460053
45382738
176196828
43989916
599281894
15428227
19417492
464243657
1553302832
29626941
75173570
125714167
1093984549
12926172
353363643
1345237969
50083907
11680962
254876612
921558996
258483856
417683609
45236002
14200375
103067000
33228290
21671466
1045863019
580533831
33370510
16638420
739636092
28410438
97786095
525355473
402225336
612931719
399691177
15944148
369295185
54335729
713131352
358148918
83628625
322873527
394283122
1020682057
47650434
842327084
551459775
95947421
991830206
554029416
20733972
63851406
63829781
50760347
94418990
21348880
35218566
20776147
35474809
26271532
177718142
493350253
333533135
50239810
19291441
6519522
41815216
31453667
57050492
174002042
318684189
236622414
1389910302
478690018
64410472
28264799
25425062
792398642
1058051748
479059330
27702749
318748058
35548003
24198042
15933690
565755547
15615783
31528930
14369130
15694286
37760670
621327509
479034882
16223741
388442688
78896840
330379489
16713771
15679641
23839068
86177206
18795713
1164109129
222515617
462410227
827562247
385675730
169204092
85422115
26095475
35433063
365052568
355197996
1160591275
1351042476
429214488
544496996
74477232
1446912824
1469431022
377767230
1504122338
369181340
21940578
1540937876
16914425
237763317
16228479
575705670
1491005960
21495414
465024854
478894382
25847424
626084893
16692154
16949459
44513878
288448777
635723
264268489
553913934
26858420
467052338
29786975
547969112
29222346
595982564
26424123
22055226
19926675
18566912
24735461
40774549
856498626
24176292
271672837
156305445
56728804
568268202
37031436
51100795
125413642
71363535
17837036
461765665
618414244
28427111
405078175
405514582
365718670
17584211
458959554
458548901
45003150
601010804
20220344
26598018
16067349
20518600
121574692
124167677
141175634
130855982
140474933
71783630
34979131
28687426
143972822
186587050
186179889
204828643
208768834
229589329
250316820
78686027
254320920
260017466
268969932
278347173
16873396
300510735
313500827
48615610
23631957
382067033
323564139
36360333
152785417
365514279
69589705
414183674
431041597
431304700
50653693
405701150
472557434
455323413
359714261
518189582
544478432
378643672
325902731
29878009
628776168
726959233
729920184
298159628
13983302
787104566
372715657
22524318
435344873
833330142
637433388
930595202
944682217
32450897
41380594
382674055
635607513
150853154
1039805881
1076544546
1061052540
21699163
1136003124
1149084234
768451807
1155054217
1191641389
193097713
1215632438
1219209416
309820033
495512472
1229141136
1271670242
826401686
1291784160
1278251324
128012951
34029532
1043302424
266415230
31297007
1446831026
55338540
28670523
209614626
199010564
14313589
20012999
27003589
38438000
275107617
220655243
245378756
336035133
128925490
203014464
356521377
180867945
87523532
412454083
271597562
28151504
487663491
20856075
91863704
197130140
532351126
552020025
551041073
28036774
158843383
600986773
607828764
280992383
583356608
745685287
364463113
262007507
768549200
53282256
560758799
23627489
870032072
395524827
235673183
885352321
187383457
894247424
235382338
948175693
313071711
9669632
756088783
707629560
44000581
106558906
1020567199
856990225
485110693
1098740209
52423552
158788073
829420530
556505795
166624631
916814792
40725564
1195829179
30801231
164322655
38511631
1027456556
618047428
1255224079
21264736
97266270
429764225
1286065021
1284986539
1115225419
1308699547
1313253709
317869049
49724386
1169921065
1414153291
1431355339
290667819
545528259
221793778
102578394
179245596
90651198
592062012
733751245
15075999
469194846
21619519
71627462
1074480192
11134252
103675142
194650326
8162322
25755336
362373349
22849945
55907397
1300963351
537447293
335467483
21661605
1366180765
108619944
529681385
41894020
148376661
34768966
38535931
1160613054
948562159
787866360
14415941
70416263
39755500
1345822466
395409327
634182940
23906692
1073212812
1419670152
19066621
1397192076
1269814302
1350118422
318432586
1268479867
25951078
335868637
14809189
1089776822
48446688
1419733772
213107665
592276666
356934023
28570569
156975310
197520347
1072453910
1428414697
25726636
18466593
17220080
404226735
1179845202
17166830
70290811
1327715174
1007787446
1102452577
44186262
411913953
576684383
94953707
1316491106
41605993
43363111
27110895
39798620
43190305
35117288
75556441
57937309
84097008
71870003
86980180
85486126
94370802
92149666
28402455
28299893
100571765
29553061
108825019
117864197
21004916
122563579
124884474
55645601
19222192
77283371
162125909
160131647
16212769
27878965
32175709
50421008
63757751
183336168
221836949
217111803
25376947
55601810
36151511
122711447
189301217
234812918
104251907
221855385
116497396
262304942
71633054
273021160
301283281
273091311
33610348
23353862
356994410
271021816
364551193
99861018
364285431
339158635
220065540
347506655
464180986
239667234
460501894
491452684
537787984
286189998
48449404
65674543
17161241
525551342
18565124
22223456
14382001
609365792
15634296
755101549
21763020
625303761
701114305
757741656
18472357
633181907
861952016
764423640
289572182
265666054
785232931
83923119
431647105
415071437
85855748
277086370
565206050
607884526
275076840
1220086560
944462022
1152064159
1132106713
195453054
937909873
51241574
946576244
312084572
946417681
14055458
1060727293
147546705
15908867
14904437
17913713
18906561
33339463
38794892
45163519
87222358
19033547
44211540
20998126
68438434
17192715
15953346
62574875
22797281
540910926
37762777
15922214
19107878
262731919
190696950
26102542
759251
18916432
155029506
112047805
18805644
19394188
18891923
13218102
3108351
15731751
14529929
198957282
176693234
236944316
236903305
274680495
538303467
180495635
10168082
59397967
16474001
52476455
17074440
515899327
63818990
43033450
611027000
341150857
237403203
113047940
37764422
158769098
71003016
32310657
23094957
70476832
50769180
18983793
19268706
15207668
30734795
17134268
551195347
309267226
473124249
38666510
27744185
69009086
110545675
213634439
60984835
133439172
15923226
15675138
18082394
95506425
72566823
50380898
69094973
283778320
180108738
35270840
18915795
18227519
17291393
50325797
14246001
46176168
25101996
357031575
18646108
11611052
1367531
20646246
43723599
324173101
2467791
16930125
201540830
86838979
20698082
217454583
17001388
16624174
237477771
14007532
129879105
21901272
30043495
34022952
27311044
86129724
224320485
20192403
15210284
69773058
44935627
111689606
18791763
25891497
156703580
16102548
125769143
21805284
41675549
26774779
26777748
1917731
17797019
174067847
76737674
17193739
46927338
104170802
26100153
25690764
318023873
18963842
13727
385007515
7713202
12733642
47498801
44162172
348521364
163211518
15934650
25530716
15236959
21322076
124496073
41435071
312139726
16409468
27069084
143798379
16187637
