78368586
549516077
158445020
16317406
157064188
67215899
15808765
970207298
516880804
44196397
3290070855
45978023
80361644
27753686
229636313
15952856
222953824
476256944
2695663285
1536791610
3239192692
2970279814
2916086925
1206227149
115710058
1068499286
15570213
1639207880
13557972
15612015
2966570782
206727673
17171111
125453969
116341480
36739869
7858252
489602303
571202103
184136149
1491442248
52299972
6450322
104576097
2250579284
32431082
20517132
380530330
1614054846
2347049341
17086475
34097140
273257132
500436115
787373558
950783972
245451804
339852137
267938462
312134473
479872233
1140648348
789244177
80612021
1155335864
440460647
843854503
270776171
357855989
26106309
16538210
34999630
255852577
294084341
12266442
30117233
104872956
22218344
18220175
248900032
15901113
90077282
55334133
47415772
45671898
20466215
14695985
267941781
15946752
44906699
38732661
18587457
17036898
16050807
14251225
18963809
121566546
409486555
308233424
148529707
326929954
82939583
229449832
17124628
23232204
3421641
59031230
40057701
19186003
15877522
77032777
106514937
158426909
19541375
381152398
40302336
13067732
191477653
91180720
48802204
46429873
21879831
352548417
20068679
46213956
17328222
139536424
1025521
164007407
36172381
21768766
288751432
254186356
115485051
19697415
325830217
133872807
379936422
19354391
35831704
23410776
14155907
21728303
17889970
64526215
13393052
203240268
23499008
14270329
21011284
377266690
14927297
384942182
226299107
45698932
14888467
21252618
7259302
14129299
19152977
74853246
292935209
252249233
346711949
16116288
277719684
112526560
30244233
16051471
23151437
19397785
16187637
18137749
36690729
15600527
284696632
13784532
196824385
151963505
31448660
106516018
142790888
22789721
39155029
292990703
105262846
234014087
52615210
281593711
193771633
89052543
96221302
16815644
161777825
16259172
232193350
50746106
15533832
68724301
253754688
87271106
15727317
45916084
15987296
16955809
140467000
238264015
252942164
284296658
116763916
16431371
109272750
250850171
7380872
4119741
15442036
55235265
22545491
155642785
40318829
19739126
54412900
26778110
50152441
48398586
76348185
110541296
267854863
239905257
22523087
260845829
227341953
263815367
23593446
82453460
20109973
12962962
18510489
22559078
4970411
16581604
23378758
103018203
15134240
5988062
18916432
48148356
58503762
21146211
20604754
158414847
121208305
23995748
17494010
20150502
21918310
171171584
128647342
109381553
21228708
151519500
116505994
31128529
14074515
19674502
14631598
50371921
258900199
16072058
80944550
168673083
15356407
111141045
153486399
16893491
111635980
14700316
28725783
139186185
33960482
17291393
16456599
18767699
24797315
22685200
33514869
168502762
78445977
49204865
104324860
115718513
33964434
69091913
242418441
57767887
137794015
17899109
33934492
29467516
16669075
66369181
161791703
247486443
47696444
198667178
16371887
237770636
33792634
4207961
192955168
38254095
17137628
105566848
133379712
35879028
33986037
144286635
15360434
240812994
15689503
20508720
138479037
21461691
44783853
234826866
234002627
163570705
14688489
8442372
20772763
136300373
12272322
131144091
21307076
92079350
18678924
199325935
61853389
13850422
208692908
22519350
19139963
46176168
1947301
73238146
59603406
248735463
74473395
18227519
249348006
15344948
132201224
261906622
61206798
242426145
16081831
17011177
11347122
51520631
17004618
221792092
19716781
20545793
112740986
19090300
18170896
15234546
27090222
15730467
16834046
36683668
50393960
813286
15837659
31801993
8953122
15724082
624413
4898091
34713362
210926192
249410485
83388178
16012783
97471068
72198806
23126091
6487292
14998358
226276700
14615871
166252256
18018355
239949176
17910554
14270650
14676022
14377605
15840979
107545479
19948202
120176950
42924141
119250381
242892689
24769507
43920155
15458694
235373000
156333623
115111016
44960116
30912937
18949452
15110357
18481050
14412533
18172905
15931637
52070270
20776497
26755480
121469977
28576135
44485555
26596727
17006036
15443890
22162854
23092890
66369206
73181712
20179628
162069635
38507478
17220934
51241574
246088673
15463671
115979444
246357149
17330459
33222598
9862752
109999187
48847011
46557945
126719717
3108351
226668044
18149465
28599820
111635527
70526457
33576489
50073507
48086014
28602948
236513630
15368404
146569971
193732179
18967498
7713202
148453195
158398519
103087786
46817943
108617810
19089116
233783568
1106501
21982720
132278386
140519774
33563161
150724371
26083271
85396297
30354991
10252962
20777464
14434063
24448794
19418459
86697288
46016028
7356562
44177383
18510860
159169355
7429102
19891734
7004382
27901418
175151923
45604374
17840988
38228095
18909919
18829123
43409523
47632905
21333396
58928690
148809273
56864092
15224867
19608273
16157855
16367980
119245817
13491312
76091017
78408666
76936279
8839632
28582749
17006157
154688160
72662585
91464486
23600262
50508862
20002401
67194113
50325797
16244789
24456311
14384907
23105781
22053641
31611298
205466200
21684013
31122582
17379685
26886095
20609518
33530012
32309662
29823308
30216513
9532402
81871571
39594091
14529929
19318314
14717197
15210284
1917731
34972633
84119348
20346956
20642650
80628196
12340562
35773039
9648652
16374678
9636632
5611932
12804312
21121491
109025212
16664681
47723728
14345062
164412502
97474887
19107878
17112878
9300262
110899711
113420831
60919240
59159771
55355654
16129920
14246001
18622869
2467791
13493302
11856892
14062180
428333
5741722
5392522
48144950
15922214
11856032
161411080
88806753
47412499
40277246
21312077
15954997
22812754
24745957
15361570
22669526
20552026
16583468
18696134
14135426
25781141
7334402
109071031
15007149
43910797
16789970
18695134
16160352
807095
16311797
9252212
30313925
24913074
50452197
36948268
29450962
29501253
138770045
82649553
92186819
24195214
63169388
172858784
200604145
42389136
80366372
14984637
71294756
26548315
89820928
40260612
21619519
130617778
75052666
14471197
16369269
43963249
29442313
17070113
113494390
133832049
188019606
22012091
15764644
20437286
