74144130
3240113142
2533349580
19293193
3131169253
16095565
1249982359
24700690
388883861
247103812
7713202
1242578220
1071181008
280370983
14581542
16960812
613648114
611636144
1946729581
593804592
1944704575
1650922944
98247748
331936463
1691102664
928205708
194581795
21126909
2300324244
18849977
1334998123
411461185
20966392
368422985
296394037
114456845
33120109
126189497
29754546
2203346064
114427437
2149252963
21452894
1352911693
175388437
1554729433
19925980
26773351
1428441589
223619920
1259998795
36995571
17046967
1908143071
13228622
41387157
1587176756
21878635
294371597
292508270
1096476336
309829287
20472864
19407184
31014599
12120112
751839588
54244429
326753869
1650932534
594351447
331588728
1025411084
822589364
297606988
77828803
42095020
340066899
331793331
26005472
15536111
50056396
66603988
67113606
21316024
611952234
29470876
624744754
587480650
9855382
30135227
1123116434
23547436
27970894
47127897
304469767
18733970
16241824
13224032
2067661
16102208
19633113
17068146
19447361
28320360
42625595
15100515
45898477
18774864
252707173
14551788
342298824
15846115
37320335
245218285
138995782
47018665
14193764
41463945
34655333
1011316662
340475052
19666140
384913290
114607567
234906311
550401754
1089334250
975200486
34647910
63178365
24696405
106550184
90386169
1134981342
216881337
367396110
244123121
1148177071
1140302562
977261354
20642776
517776247
27672316
400297853
22528148
19416772
624260280
303867605
19574290
17632630
787643292
958338876
29564804
587685170
587642703
19722225
441268645
115685548
368852797
384392137
67411447
7972912
17971971
634815530
43150455
14934109
14474228
404287039
37933559
32374771
16223965
293048332
475129843
223709372
183262275
36384238
518661877
389028352
43359022
19256832
49842959
14548823
65362333
377652071
505978388
38178997
39391793
282189060
15724907
262451012
67075260
334170921
76115719
14572225
42910967
14752312
7972792
18197642
54299083
45829185
24874708
62993762
15743478
18257017
201092358
449492847
437048841
38065808
42649330
122575134
26174974
242423825
47961409
408563087
48734746
28358703
50040604
198489405
59826862
69028657
38449099
24989413
23489273
15138137
106309161
31863399
18805744
16689868
17153947
16434865
48797197
81499633
22772925
132992832
74295254
19341761
365596481
109057359
38282024
34291283
128883595
126051146
301040105
16362924
14602140
24000056
17974987
21233325
11612722
20165195
168657955
35465482
17157826
23076143
43930301
19712671
77372071
39091971
14095883
15524670
39533358
22970986
20563513
16469077
7972552
17808688
40553282
153891494
345810161
234010934
