369553654
1536791610
2962868158
2863006655
2916086925
74508260
231108733
117206108
1880674038
2975350155
2724095695
2968451607
2968007206
3044993235
3018670151
2433737761
581141508
236279233
2970462034
2970279814
2966570782
155669457
510516465
432676344
17171111
2651126504
19834403
125453969
937801969
15808765
491350825
1262814457
463132556
1155335864
15693493
20179628
1531521632
245451804
18963809
14511951
15485441
44039298
14293310
15210284
51241574
759251
1652541
3108351
807095
2467791
9300262
1917731
15675138
342863309
18829123
37710752
14499829
486821128
19725644
148529707
1071777608
2347049341
2382117350
502281810
20609518
970207298
1861751828
27860681
369505837
21062652
404132211
787373558
1339931490
27649741
15007149
2295040861
340613443
595515713
599377549
2272531993
475988505
8953122
16129920
26283468
73238146
14377605
813286
15667802
1243902714
1222257180
292935209
1707321486
408816873
1072467470
467823431
1080509366
17907578
377609596
1135399020
16228479
1206227149
1281405877
1023020557
87510313
17011177
328679423
355906128
432771620
26637348
108985543
1093090866
757303975
1260172386
15442036
1339835893
1128781184
1330457336
1134292500
15939889
1140648348
69066533
43403778
242836537
1080844782
1089859058
995193054
231510077
1071102246
1077214808
1092979962
303861808
1074129612
1068470480
937723303
776664410
950783972
126171100
1072453910
1077121945
1060984272
1061385474
1058717720
1058917562
1055907624
1068499286
1090002997
1055730738
1045110018
389840566
1058520120
1037321378
942156122
1055685948
1051127714
1027156464
1064206014
17539497
19674502
785414496
558769636
24959108
44783853
43024351
612117635
317226055
7868832
281593711
939091
15446551
136550204
599503354
22669526
516880804
479872233
442824717
153486399
40302336
164369297
381152398
385429543
384913290
384392601
16789970
15012352
373600871
192955168
252249233
339852137
153919023
325830217
312134473
96202201
17366486
29293808
237780351
44873497
258900199
292990703
291903997
29205600
30929600
92102359
164007407
82453460
234014087
168502762
18137749
69091913
239905257
111635980
23593446
267854863
78445977
232992031
163570705
15649433
14342564
16028241
16669075
19658936
19418459
40959360
84388888
30343716
263815367
193732179
221792092
19716781
38254095
153149305
11348282
73181712
65707359
9624742
234489403
248735463
168673083
247486443
249410485
30912937
249348006
36719281
246088673
235373000
246357149
234826866
210926192
158398519
137823987
33530012
28602948
115979444
236511574
234002627
153944899
85396297
240812994
233783568
199325935
237770636
161791703
242892689
239949176
242426145
227341953
216503958
132201224
208692908
48086014
30216513
80612021
148453195
24745957
188019606
24232525
17006157
140519774
166252256
103922067
28582749
39249305
16583468
15022633
75124560
34972633
84119348
107545479
138770045
36948268
115111016
153865861
28599820
161411080
33563161
56864092
137794015
150688795
24913074
44177383
49639096
151963505
88806753
153083172
28819823
29450962
20545793
21312077
151519500
162069635
86697288
155724750
122174004
38712914
24195214
92186819
82649553
109025212
89028052
111635527
29501253
40277246
108376246
150724371
70526457
116505994
112740986
76091017
16318114
58928690
19918558
19891734
14135426
22192142
34638973
20002401
20552026
19318314
23600262
133832049
50452197
18696134
36686040
31801993
15361570
47412499
22812754
31611298
33576489
21690931
18909919
25781141
14984637
21406834
22053641
21684013
74294786
61206798
7004382
30313925
31128529
31122582
13491312
7356562
15954997
63169388
43963249
22012091
