462143773
129853345
2796999726
19864770
517946816
2916086925
2154947018
1148468052
250386727
85648405
2846711961
308087162
33256849
2927758254
1855143636
129972726
14266331
3027286779
5990782
2968007206
3044993235
3018670151
2433737761
2970462034
438059409
191049947
109287731
2966570782
2970279814
150078976
20015188
1093338182
14159148
183767243
25630016
23168642
95270375
15212187
403414130
230065732
12859772
18963809
77852581
65390198
17329137
20769514
45604374
17340781
250912539
197183834
494583213
86697288
1623244873
41815443
237315800
18771370
498123757
19148372
1228167770
466509014
304646849
21702539
27978179
33919343
87290714
461622686
61206798
582931822
9634812
77790551
1092405350
70764269
245386255
89220865
135515077
38496530
117575756
156016878
254117355
71048726
17147223
106777354
1707321486
925128368
30070650
12244082
246989901
273540698
1183984044
16760131
17291452
218325695
18028893
46817943
184136149
184860130
21027715
16369359
21534951
300552750
92079350
305189255
18159985
50502137
139574248
15210410
119491006
183898020
86129724
18487710
21316253
21634627
19409109
1876856756
32995184
17243582
194697604
15586316
19693661
15950086
308233424
7381772
151444950
245572815
18174520
982873200
62502942
208692908
1155335864
132201224
510516465
112740986
1339931490
789244177
1135486501
432771620
787373558
310310133
442824717
581141508
1262814457
1083448909
1074129612
1058717720
1068499286
937801969
1009269193
1080509366
1072453910
1068470480
245451804
785414496
364415553
1071840474
1089859058
1260172386
1222257180
1243902714
148453195
305620929
232992031
150724371
41017380
1055685948
111635527
1134292500
937723303
1064206014
1071102246
46016028
389840566
995193054
404132211
1055730738
1051127714
432676344
115111016
1061385474
1027156464
1055907624
1045110018
384392601
1060984272
776664410
303861808
82453460
23593446
479872233
305216911
384913290
29293808
38254095
267938462
339852137
267854863
227088228
236511574
237770636
23600262
242892689
312134473
210926192
240812994
168673083
242426145
34972633
153486399
252249233
78445977
126171100
1092979962
1206227149
153944899
199325935
162069635
33563161
249348006
48086014
19318314
248735463
50452197
56864092
158398519
63169388
122174004
82649553
28602948
168502762
18696134
19918558
39249305
20545793
33576489
15361570
31611298
47412499
74508260
36686040
292935209
25781141
231510077
161791703
20552026
188019606
14135426
16583468
558769636
249410485
950783972
1531521632
22523087
234014087
18909919
292990703
156333623
80612021
29450962
263815367
239949176
14984637
239905257
479856064
463765807
1624202936
1037321378
154233179
47210423
381152398
41272328
21251668
372891057
23091456
78623653
173925279
1410590874
26953478
54905086
21921531
29501253
228179020
23859832
18137749
21657051
217550862
23886813
54622050
1729461572
23621827
114050808
44960116
71120500
282545479
1017637447
1686032558
24261730
310374952
501932384
460364759
127646305
16875221
13491312
260004452
28414093
30047091
19785811
22662550
52818466
158855363
302647341
25564548
23112236
104923212
34371118
17488612
426188506
1090148521
15079924
15432218
15918924
21902874
30927826
36426516
57056537
272566480
30077811
15724082
17011177
153181367
17006036
297650629
21312077
46557945
22812754
467823431
385429543
119250381
41619175
40302336
120138344
164369297
18053253
158857042
22386263
137794015
258900199
31128529
108376246
19358607
30216513
161411080
235373000
54993272
138770045
28599820
193732179
24913074
88806753
109025212
116861447
155669457
36948268
50310311
56767959
5770442
36385840
61533839
1413242372
1488913117
1504228026
1450332493
1398177932
31889547
32818247
1011428221
82223702
36171004
57740527
17553400
16088881
149352554
97290681
97288602
97289503
471628288
65539955
54618313
25740642
467059872
466676444
409456864
22094233
211873210
56746540
66454861
71350083
497911968
460709109
275137235
191467327
26946729
36735998
116017186
466744226
48061907
460700459
374113024
19783070
1140096079
460750312
1209272432
17218092
26520417
1134953563
50337129
18358219
127861493
21927612
1169150310
1075613244
85365067
499350129
57652432
20179628
83922884
84119348
252250986
395030396
78677709
12296312
612117635
15946841
519796125
773893321
15029864
39279014
93873338
97282776
130227549
257101815
56755030
164738291
257492232
27917014
974669112
257093769
164802861
158467267
141558822
142752443
246552744
463132556
399682836
468458369
23232204
14661737
55244619
46457363
33741953
19026662
1517305459
17669821
24129316
858568748
345158526
11680962
78650716
126401302
1318756688
104299137
33919677
301545381
217489910
776773316
24964138
66855728
15812307
460487142
551396262
18772897
242944499
398088661
85396297
467641411
54953050
282721598
16376937
16109501
479882421
19367849
171314974
44295213
37526845
18683964
577690047
193872188
1090002997
252296570
44169939
16967845
17789578
1301137500
120153772
1325697511
1058917562
269314519
21697048
14617444
13067732
17389023
207749306
94434053
997684836
1072467470
25129903
583023105
20295222
838187814
363729797
21611439
164805115
218553419
56440142
219356629
46456639
324095750
391733236
987553412
116331121
50550698
126369849
158244820
266830495
81187683
18825339
53929374
942156122
1253157446
158470843
24195214
92051199
203168280
15769734
1023020557
218982732
14763834
277599621
26283468
369238541
15954997
15987296
33972882
16002085
15988710
17659877
133832049
130496027
160561302
20474813
16081831
1074518754
6112442
21880237
22669526
747876121
63262233
164007407
970469874
15837659
31957766
44428574
133761311
11762572
31801993
386163434
18967418
1058520120
1077121945
300497193
142697625
243840731
89462345
14007532
58928690
48388417
26133429
61585965
163570705
432766911
577126418
1002323377
93867641
351092363
626983614
550455043
1080844782
243337600
16930125
153919023
7004382
334889455
37820042
26596727
28708146
19847765
43963249
321561717
299273962
32156822
59031230
22812434
19553409
5695632
35515414
16250929
388456346
227841653
1140648348
21879831
98909375
288751432
266719387
22012091
16244449
577304090
238259855
8406052
104567779
258885469
201528537
632210824
21696279
159609655
164412502
14345062
159147860
21842781
52521572
3108351
130160106
14677919
1128781184
172470598
9855382
16187637
140286364
27055034
453319164
24439201
1917731
142721190
140519774
21628154
50446226
423631401
39155029
132278386
278093318
15931637
301549400
352534407
161801527
245412130
222622640
132992832
757303975
18576537
161044052
14213413
103087786
14676022
56772892
156955018
21757802
20262083
474270886
232268199
18873711
74519287
31053563
120750710
571214272
36719966
132568319
19608297
47222656
44163055
36745613
287869148
257468730
98423036
257037844
204620025
38473237
77252095
19027427
45902216
19245194
10929352
87584353
19086064
455195895
419694131
55061848
16629970
8861182
9763482
42131730
16348549
135681544
42389136
19186003
261918703
23946892
51241574
44177383
19734832
14276734
19545932
21252618
36683668
232193350
80330381
47455112
16581604
18915795
18678924
11771512
15727317
115979444
21457205
113745340
115564212
138787319
7356562
23441791
246088673
12925072
13058232
75124560
84388888
111635980
20002401
76812873
30912937
40198892
35859980
89820928
224320485
15766082
119167339
193532068
14434063
108617810
15764644
807095
14717197
85131054
66851804
18891923
38167858
26946495
72198806
17494010
35449630
14268812
16371887
138479037
79743108
35027698
90077282
19107878
21268897
17910554
18622869
12354832
33222598
14270650
19354391
12272322
15689503
16898332
20508720
21612122
18172905
112047591
15264675
28265605
66998609
15463671
16170253
43409523
93069110
20776497
30043495
16157855
9532402
21220931
76133715
50400124
128576807
97281293
57413842
18198403
14412533
15922214
21619519
14511951
19394188
17220934
9300262
15675138
2467791
113420831
17074440
813286
14246001
7713202
30313925
27901418
20608910
428333
16955991
16129920
21982720
5988062
26083271
15731368
14529929
17006157
26792275
5392522
50325797
7402662
15224867
31127446
15918708
15458694
130617778
4119741
5741722
48037533
