58101799
2228393197
296521334
624774427
52880122
73413771
3236552547
502451036
128922607
995193054
1058917562
19042141
1536791610
21921531
28337697
996083906
18172905
44948899
38421062
14412533
9532402
15446531
123327472
36978467
38452560
14240875
110536434
14552725
13524182
16489259
394741838
57440750
1852867934
952086582
132788675
18963809
21768766
20249103
309282144
25522083
21220931
16930125
31127446
86129724
182819523
236617847
2155397910
1113363354
1516825897
933394638
217550862
191844330
112823255
16157855
24995302
2604113046
2252500776
158999703
14983095
64791926
20777057
1548572586
127340322
37960913
210893895
180859577
17101086
42389136
319100065
62317181
6576492
80366372
21308157
2276410488
92135953
30140755
44988185
204827483
25550105
89820928
14226882
571214272
2264799067
38222941
143636054
372300596
75714107
362768344
83422942
35393737
55445932
444195854
23501907
39298589
214140713
34843403
123422038
26849792
2559354637
67124033
73407643
264562311
27487492
612761403
29016985
356163520
15663169
2183816380
36118658
221149525
21692297
44993658
507624664
38512770
40891913
460051837
71141734
709318854
32774989
34096466
58068743
223903173
46598192
2242638794
16296123
26157674
19253732
496375356
1177746079
229927637
1281124513
16186313
50344152
829661168
1976125669
50400124
177719616
6355882
19359576
122169458
31492901
25728707
1652902860
283830150
21431335
36948268
1249937178
137504438
449934007
375797436
417337424
76859975
465173819
224604622
231991416
18746347
29503572
573408414
1535425255
63521854
36686040
24917606
159307219
454361580
168348043
12547792
22483679
410937595
262390366
158426909
15463671
92116630
199559244
142721190
15383825
38249934
284833057
23879075
136822007
15441965
508843592
487246825
609817863
82124599
893375966
1040068357
42823170
562492573
78699624
80114642
223603498
75537521
240986880
1653139746
38670564
62742604
379061127
600365311
18141295
1426338006
565059540
64400465
293615586
193813055
123564459
58375783
26101028
106673610
584549663
140843849
167293535
48938470
364103068
175246017
1543497534
117652817
34970326
120093907
1330457336
16999327
452170862
404624283
14473418
22386034
34919745
20064655
81187683
1352227776
92400299
148805276
1025938310
20954470
41826994
1376096630
22109355
90858461
1596097351
70764269
15239112
184073246
82732728
117928875
926652048
142813236
158479954
1532351671
7631382
1546654064
563923009
1596484572
457662413
1596600667
235135539
1252426915
36738199
16192383
211865652
592658547
1426174272
1596841256
1594615184
89093044
127402898
24830459
900548126
1527009206
1079941556
478119746
336792335
22076537
357907462
1597251980
934725199
473200430
32145194
1584670927
1597433174
24600670
421435158
1589178708
442485176
719041532
919856708
227277188
517596951
1598240365
1598205272
19675802
343604364
31931615
1598409241
1391713160
1592297143
264311797
258923351
15891841
1496805774
224892527
300401796
573071855
367558717
1598704386
952878504
323211123
124868958
187556572
564264421
510822848
1598862391
262391125
762038322
40742530
19263524
27265948
204976894
249253970
789997566
930442075
1369164728
22276152
1187917916
63013144
107514103
1599495091
1598795976
782820318
902767477
213157509
277450960
288080988
18558932
867017564
841967106
1483065721
301438061
18867221
78889902
858646280
1947301
309178614
870261620
162464526
1917731
39566375
545527056
25731571
18148414
126138888
1382300017
1394577756
97837393
1393631762
418440193
414483456
1259543929
1386972350
16943908
59844805
1398629894
164355220
1355989946
30490986
1379528239
415419035
21711202
621077047
73327476
26861393
364053594
990138991
1126584932
521921552
437593965
49880470
104055806
28663600
1408070264
385171805
1395871423
961299668
1263321703
1374780043
274602738
1053727682
83859494
309151539
559173692
555860119
29911172
31506730
815890093
849839533
1418976606
370073049
1336505484
224884451
23444557
212275381
1377517688
258520845
1431067296
1373197124
402314010
435854549
172136932
130617992
51211884
387228067
913535737
1491710281
460805927
107117166
811788733
1405827127
1407700981
1312069788
1437203167
280264899
1410283358
1425147499
1416180073
701360178
1337710483
18856204
1444732340
14789943
1086677220
76967543
93907882
28576220
485570806
1449750776
66382691
17222690
1433035927
1414177592
242397440
555546348
20073434
105173711
878381917
52142417
496971869
1452562662
1431622898
115976124
46727968
16129360
1029900432
37093408
237132793
17953459
21207887
849709124
154621523
619353079
20219585
53665207
868757353
1462651663
486183492
1463954180
1464030038
19985189
563123287
349485852
138156047
1466142097
21777385
28538579
1467444338
15825612
560861516
1176457374
347577186
1327126993
70952922
16037326
1470473330
1470633486
64883319
176852741
1286700842
1329975510
633089439
299798386
1474681616
1474533444
11969492
286811443
218033612
21840425
1323526712
41824113
1315151407
1480333644
1468033872
476334041
626238048
1205814476
1352991138
1483018117
93289922
1328365934
701629015
1485291097
2016821
1472760661
999822320
33628407
30473
222418526
237871451
17726201
18839420
310398399
1320638870
69682603
373521455
386135734
212094352
113298560
122743737
486315623
236239383
113528190
276545280
38008261
354008926
1257784783
14619496
889277599
388293453
14231621
15665517
414479993
15868476
245842675
19664950
360570667
1444774867
422682853
1508758562
21919812
197567344
191179145
168455380
824084202
70784560
55082121
15870723
1104468925
78106379
1149194221
1187212093
1483355989
1517849846
1144062666
54904376
25554895
21118919
9300572
222647168
119165740
22200424
45489027
1473612187
105317752
63004611
38124709
108053067
342402564
301557980
21721004
16642139
1138347210
1395565226
1209032358
1148775582
244309681
809682151
1144278451
1517965693
190676224
31053699
164363450
186207562
116789690
89575108
605396026
99373782
172863397
413362813
385635472
450025350
331011221
515633531
70279712
17014550
15946239
191317397
403686406
4508051
316454011
1011485790
1488186990
616515077
1235496025
63552540
42887104
244787462
25204382
260529105
369602017
473513339
1550884686
259000732
1247612029
32576058
252738486
173330626
845463672
369850187
1357771304
59351055
101938319
34298929
1554468355
1555800626
16951458
87358629
16282034
902131783
492294104
122027391
429391248
145764905
363198325
1560116270
1531106070
1560810332
112908146
95938091
1561975171
14958165
1209018548
326333795
396342945
292552239
115424431
163576195
1411675878
266628933
1124375143
65180537
17836903
41896838
902609857
44503584
606356858
1095584826
628622023
361708802
45495595
7808222
1222802137
1123397894
34088296
1205931529
1577812520
8047162
374731969
297125934
1578574782
179040721
133599754
498968535
1568823175
954077486
16691306
1081099381
1337252017
34423941
60496573
3445071
145485703
1384480074
145001560
314074914
153919023
1141049227
18981444
1587673207
809780766
365158979
820484533
279813634
115086951
14465451
15850952
1286762220
162496169
16018133
18855556
348666133
47700683
243692206
443930619
1249199887
319878938
935305998
8170492
1511862224
893678924
170318438
293349604
1490760698
1581970375
195555714
121619768
141286022
823416337
201739237
1396108610
1115001350
9611402
72326206
56923139
117567418
1487723142
1364946600
113406004
153452218
1118190728
148497650
515677714
208772458
412444314
308060994
314597240
1514036162
41483744
43375993
109380796
814141460
1380998060
1514587471
1210010605
18461667
315992740
386328023
25124549
109927000
1170108812
1357202263
60348591
163466246
105635425
32539868
35503588
847977769
1471247370
22422156
1520983410
15248019
14727882
45265624
703394443
1271512166
70737386
18772254
22050294
499041408
1410671952
1009282568
1525601455
1524217130
1511272778
1525224120
235680970
760511155
361419237
854987808
1526597340
1343039028
281223199
704170495
1362860989
19240776
940249932
749649894
213720810
7566952
22017161
1528639418
25155809
1145487330
382058863
400176858
133164672
303250614
876783055
305333702
343430070
185483557
313344689
1525516352
17191053
1528871425
1532123514
1477906674
29124564
1533035876
334956555
1762961
381603450
546609063
1534677696
16861360
14110996
156442470
703494948
1429635650
1535951779
47975320
1534478828
148537342
481782851
339984356
328312278
731728518
144351682
72545368
238431631
1161113791
600676687
20049194
28364105
218701942
1538889025
1257072026
337535812
1315490138
1367381785
1390682606
1019073751
567550577
382163978
543767308
40043595
17996223
97779937
48227903
893910673
22573689
362730523
1531464782
114927765
1543781299
36175071
1452242636
448094739
1544173333
1544203778
388276391
19694263
715325238
724912434
828034201
1247268404
1545378446
920003443
21041611
16685567
1488267168
1535929351
123986350
236657680
830328020
80291562
627785228
96899837
115734060
1195219422
1096739934
187679295
128009763
24802805
265292150
950126731
1376038658
26827378
492393871
329419165
844264332
15463789
1551263762
34007249
620974882
118941268
558297646
1222257319
14499866
21487617
485867465
74631073
42919821
98201375
121656504
655603
1537513908
398129057
37394877
34462338
1554526226
53753649
249877340
1400383326
419630691
1489275120
463357558
360106790
243313205
347638453
1061206392
288427270
1556257105
1031364901
88329491
66043726
958743469
412659337
54703557
401422951
28058941
170124647
1559295954
1072089445
270351641
101812204
277004758
404208327
244834140
1555968900
15825897
1362745483
47937807
340566448
1382730476
115565355
59342217
944452213
26391635
1425828295
1561257853
21409631
928559954
306328018
196822237
205980958
1475901270
131043979
105976771
121015281
1480390490
348005869
22983818
67663669
1368689330
478344912
1554445238
254994742
770525024
1480384934
441017247
17415011
1514891502
739196996
15965092
24891391
207729113
318501698
67861756
750444726
1365078061
1254448542
1564257558
190113290
467642246
1564144898
24754087
1449617834
798955106
25308918
226858803
1536810680
7545732
1528869949
336321539
99865860
1384776871
275122733
1571778554
580582767
17581651
1197686113
796480074
1541345054
68858570
1416484418
890043163
1477458042
222316497
1574370002
1436555834
44431638
1574519016
1232681503
273002031
1539834306
299780515
378177049
1139810582
189286580
1578139568
1576252399
123634264
855318571
1426568570
1578456084
34267638
834454729
443130468
166562299
5701722
831144780
754152116
58817456
54553903
462482637
381157667
1516103191
134645196
711059232
247880887
16034784
111984647
25322984
70910522
97266968
122759090
1570774375
1584330492
21326334
56904359
16747900
1509056017
18176147
55027643
34341669
1273413038
1164467702
27017563
863508132
460556597
276984279
1586104830
243448767
1492986122
614309664
601095062
1587488058
1566147266
34109132
1151549810
128413187
23118040
48238462
116291841
1094237749
604920211
854031032
1591427144
191710071
411044847
276718782
189964358
13774902
914744532
1385992399
1526208684
70128928
14271230
260022440
518259916
343396975
1246521013
271304998
206515205
363240308
1525546164
1573090412
1288238136
1218365107
1598619690
28107663
260619900
17745013
519052511
266390471
789653946
1394661470
460855541
19013730
97707834
513387368
1553257020
1553353711
52893626
464452570
1467667248
1138735308
1280866094
46499643
37860971
203942381
112322765
1559891760
1560554016
1561211858
1527519853
224030557
832467716
1552306723
1551440827
312147785
1563976327
21261410
253392056
117597470
476508403
931476865
1059016040
631668578
1564439017
1113968064
229721169
282710291
1569572312
1471274665
577509289
32478315
600440378
45058631
20518073
79282944
131055969
35289066
73934715
594181210
821984984
259205163
1562033690
14463848
1577159262
183062443
397516737
1241539302
411086106
28787545
234239576
1582152216
1238335944
22507906
1198369632
335000765
15212621
313418943
32477347
248072887
410049076
613492948
870424496
1591647019
77907850
1383145207
1544584807
23933806
625048982
46120961
1232734633
935085757
771852404
18347559
106185862
98178876
133025088
1598860002
1599238243
14346322
24942608
28481809
48057340
7828112
23717578
160187279
278655364
743099868
1539867402
347595451
69186716
16904814
21712671
1593832472
19096457
10322842
23123541
196251691
1529674530
40134263
814477885
227327271
16439631
1594495411
18889325
34165811
1123833248
1591567675
776662165
18471245
338111416
1573926536
1594715540
18277980
1594861909
17633159
23336204
476151296
379511613
1595199883
23107571
302945319
39122113
69159859
319879867
1595839981
234403619
97785152
26736464
1433114503
1535802288
878221542
77281433
187957160
38420603
22409664
51922992
428527305
52574905
333695526
21118367
529825725
1580717336
1580784583
276751451
1573476235
1511878310
146911119
497183960
1561370479
18907872
52278658
1445307482
477734625
40597003
1563365035
394249777
147692600
139794791
365277139
401840112
153049656
1563957740
1528908877
1564502630
75962741
1136539538
1284382045
76819270
734928842
1581032485
1339917979
26410066
1532569555
59071919
1581250363
937453730
501130092
30944850
191493449
318234888
713576412
1581281360
1458412705
468375086
1458013496
531183326
1147573596
340585499
580129745
71590199
1577189138
29732581
1581346711
26257152
48734933
1232132431
1581480889
1559592918
82130622
142859647
612684703
66261058
252801752
477086006
152337172
16244978
58238545
289627349
1435155823
409736387
1571969904
870834253
460825632
521533108
188723727
20410201
585913534
14079970
15434498
474559784
390941870
361985214
525823629
525610437
1289884855
246428359
23225483
276388061
15160438
18146212
1403390180
468061417
32090400
1573428168
49092546
48513042
18129115
89815732
354887807
22322776
187667078
42301660
382815168
316850683
196847381
73270922
1576271300
383764284
110693219
18137376
280983272
37332011
77665895
234785973
418102980
156826317
1466217481
9572932
57977498
35209967
1576813112
38777514
14046582
360518377
344803141
1273435668
192546257
1503733825
1276494320
1577808126
1572079778
10887582
1506109405
16824322
169113398
42652050
101186764
1578450319
19305421
17526304
25311226
1452213726
1179588462
36865468
82375673
329877250
1491285416
1580396466
30541747
37658905
54684270
245150212
43412697
51292541
16369783
237940040
274077452
125831693
45047497
392442761
203208588
1318653343
935064961
278089450
745720866
574834272
523898700
1320988832
311297839
916092068
234540614
233979612
327282382
12807182
31599931
368595388
11988052
16440151
480582018
1220112080
703152812
87721601
594134619
142790559
1375278320
733067312
176114738
62591844
221540142
25017309
456135808
1370136660
1250445655
292474317
1389344144
1411784256
1198474957
297258606
1414573260
370333679
342127131
1418627204
26409209
20598720
156974858
481452964
1325347100
19170880
22656149
22320759
200711723
547142960
12078212
22575182
127683370
221310017
234445902
1052740062
1255408861
1445104680
160172293
40129986
20541595
1452207356
203179306
264296912
257302726
78913131
1455121501
1455193172
1101827358
849171
24129316
40025628
1314864930
612757418
38540467
430834036
44712516
1355681048
250648063
884336108
483351783
1345636813
1257842449
20320325
301835911
157483427
412527865
250621937
22824076
39188154
185535371
151921529
209814743
1525666771
755241
27634180
12159542
35417406
1534584534
425510058
98527416
27187343
354759709
935481992
1543603370
752049456
1364795046
600864347
1551620815
19058612
17658214
1032242833
94194183
126118634
858196730
351245279
364408805
128082323
405766493
117766422
27779431
24940128
19157404
305307067
81020984
381781947
50413725
368968946
23550964
280235034
415177589
460509924
383491545
397707473
192363808
45859905
194783022
398253247
46470015
374549305
494516393
52129406
17922456
219013522
71398643
406907462
41375153
221242768
255797635
414283955
50159959
288992348
18005172
117867822
96826093
403543450
30070650
555189797
501183615
96675300
61536959
102865708
18018016
369580401
551635203
15623425
142441640
78085696
174983698
62998867
114629415
565239293
530013450
600495880
402970260
525810622
16123336
600775368
433625827
198190305
18858719
131552659
477886150
711530280
278093318
22075279
18201928
768730872
31513627
58318464
79821678
343513430
486054441
74698860
49718002
158467204
634999002
854910452
23102522
595077893
295771622
580060390
11334782
926473784
844619448
17200655
13296612
411627561
128317617
16652548
1160343744
142862878
255568149
1260748273
47317037
18094402
80885066
351697625
119434726
429226924
18553450
635557230
28723653
208089517
62273161
535685231
29504717
280666291
96396634
176803959
1416422167
720503970
916119618
1397609532
103148821
85362918
208186672
1447974312
1300127862
827317712
1230772747
83853815
40088697
452780138
391479119
714656390
341759609
18297756
858086534
1318718190
18810049
62637176
13654792
87327779
562392475
61373007
22741152
1362500604
422104815
23617498
101788064
598106708
268917757
39818937
1523238193
1381631160
98990269
20809898
27098459
1401015511
19194707
385381946
637016026
15017893
490548310
1151432114
13609702
19637346
87714915
446175993
568307912
185743169
30373542
1514638669
1431998562
191056898
393829772
798611173
130613335
1466216502
1466948101
255831480
1390355102
40488067
49346988
26806460
582229613
1309896444
14828039
1425475111
1477695583
302805543
634969513
93039123
9927392
419190991
1539737168
16385353
513649376
138555304
17000056
30939502
123023560
1390398872
1544763902
564435747
20612197
260862920
251213220
1545995438
217149781
1237018106
78769643
364034076
165812364
1392782557
106786049
33964274
1011842329
149517337
134941793
198210052
20024308
981522170
362067062
1549519441
930593654
20594367
1436667128
1339920534
1455611245
619952683
22258049
54685856
84250047
342601720
204028810
1537818049
390396137
88275755
95697335
278423378
20823653
1490904252
1551133998
886209307
21339104
45485040
1513062211
457531223
506692529
127097712
522463461
26928440
603403084
1532655349
481282264
1391965718
27537982
22017618
49658351
876126769
365614704
375360994
50710064
271790978
358279127
28479457
35660141
20696831
377964853
402893065
100280704
377393515
412374842
78620078
111619549
335937782
441415749
185669171
59048198
414421049
130545305
460301889
468064786
204760930
201528537
21167360
16479782
106447408
289148551
186579768
334938627
66990239
180852061
201830110
460309636
58663137
80073064
495109018
22414341
462308062
14603933
468785625
43350883
18603721
364670234
450752645
81875792
249981429
82401506
82913333
250229734
146164526
378787534
414238585
562708314
243685893
564018066
43903126
542395905
566414297
305400267
215894744
83940575
10818272
485963620
423639656
564781186
22310524
36851244
353416809
158967511
490476152
18967418
498166505
239457671
270495679
274589475
590662799
97913446
175436238
59167488
24599929
273597914
569729307
262476527
485963749
3648061
7848212
545709753
474389443
7092692
16478818
162890905
311375219
557313944
341804846
703558700
703497330
703156442
24682804
23498543
36614873
20636793
463007428
47412858
71161152
215471500
521908101
415581517
245174381
21421366
281634234
17143007
601378138
61569850
720654954
570269166
705234602
322628886
17011429
707514956
25108476
179670650
322423134
16046730
409427727
236432289
608805108
16184280
22530626
15994844
551536744
304179953
5075541
15276654
32671153
21069190
753950449
754669362
176866077
187664718
33766447
423206038
208817480
700789615
70702985
252736039
212915108
37013247
710133944
375402395
54366616
209913190
312244671
17350285
19121955
743615900
779842801
19802091
80114835
707362213
606521635
14787862
18824433
18358219
144950319
258458683
723693284
291753331
49254705
223228680
703180374
274737243
34287371
16334910
339828349
97401220
93442227
370921179
601393260
22204842
389040905
46384316
56731753
813881774
244245504
159332654
815325156
248243370
37613042
21418253
38335125
19563712
630003745
575985262
709939842
1016511
200768224
24547299
431134656
20375842
814229186
815700776
820029458
39858600
606018240
619627001
816141506
211746246
782175565
560609786
174908128
451883125
350520071
274650743
24011071
55137681
817819339
16622150
349194447
17050656
788079248
206817988
47604663
32279056
809303952
151713485
633393335
112505481
808364468
234622634
375593938
65148004
169656045
277103225
364590175
293697655
22883655
486029893
369190269
315820739
22200821
32420954
587478579
227051422
158825869
398361833
758098418
243263553
21899367
101754147
603161522
45578398
376498095
823375807
44504886
289085568
12242902
540441046
182937671
156403945
368705663
28399775
166882438
325071164
19777686
779496384
16291960
594892104
38570026
282115372
78358892
820539870
833653808
72150791
165904367
814112666
619678284
399984585
703970300
5883682
111106050
94691881
194747670
167632906
283820917
707891263
27890056
20951443
819567944
78346460
22266164
17799392
19499833
137463461
17582296
58788679
611860301
30931190
45394502
431690749
360374031
572336127
225590053
216888169
309738795
363449589
440491747
460217190
538634346
15311223
191935159
353414155
842211474
5933322
62860958
426194582
52059657
248680818
525635234
46186092
262701796
25523383
13473112
848085553
211616452
15716401
17912361
846194245
709353427
65497954
849363097
861753247
23583814
403133509
493757496
424409927
633107665
102750466
254083841
831465114
859188427
14891842
11915822
874733742
455225996
466624442
54042571
40803951
911476632
26536479
87468403
272196688
19844197
28788470
309048411
167443891
915012289
34944596
916050133
23092382
922142960
16012868
274288184
923531191
24713701
353149585
18318911
299915668
22533339
17370361
139801987
41281602
20648214
14727169
14104560
23232646
43690761
18117542
36376606
248857252
17494645
30047823
40280828
885810566
14760550
16675719
22662158
17193479
80148596
80490392
15825233
849264260
123018528
15184503
14921619
17162311
891097956
930626707
54032362
89105630
69041107
903772520
238753998
27686400
930862436
43202932
14622022
202718818
456817557
767516479
24777089
8308102
829638260
23314335
351776401
937446600
941090684
925655942
898955754
913758566
927317858
70460815
14108027
792186529
320244699
947222120
332051967
319266569
344264120
178806116
68023292
20892262
89959125
801582534
860498593
89241112
964949334
540083743
246889638
969131742
288196423
102802196
161855842
301820047
358244184
976678044
243007829
859260774
590376842
87699454
465071792
16347908
913517856
3863181
582977343
143506878
102321770
581927498
19469743
136357511
21369812
295306444
993903842
461391777
36675761
999389132
1001741228
36571880
1004323386
61955271
43006001
366021291
1002259237
514448991
577263332
3479511
1016301068
272715020
1023728646
1023752869
1023757429
1024788492
1030943533
1030939280
1030942754
1030976161
1031426780
1031431729
1031727948
1031730090
1031732100
1034110944
1034131855
20094962
1038340298
93706471
480749757
219417123
1044989814
64333410
242040710
919093369
260034738
126631680
956443734
394046454
1040650812
930939378
394253882
19340669
148524657
237840569
19604884
15859722
522323154
64017637
20197932
16163029
151525430
1038062636
93655497
602541660
1087336824
915770178
1089277388
1089568340
90556369
23220889
17717430
1090156897
74238318
817903729
21782597
17636955
1092408702
14401912
1095470006
39909868
15219311
1097330851
1046878652
566363396
23989985
249511342
1105155877
1105409617
1112154660
1111837950
155722548
1113611743
1113622291
1113626023
1119616196
1120124917
26176046
578276329
1007390414
108168216
1083791
1119771708
1123514269
261370510
1126725042
63004503
1126928124
1092767906
47341419
472987747
568506836
792674708
18626454
1137853303
1138511947
1081054465
438447358
289455180
1140561217
1140578084
1140591552
1140619549
1140629948
1140685861
1022637721
931134308
1135235761
619357810
1145640625
1146784800
759395030
799342934
267973474
1140627726
1149600200
1149607730
1149631220
985184642
1152681912
1152706784
1129230002
1080125263
820762711
103692709
49202580
51056042
835449601
51164756
9584292
938544668
1129779817
189198364
1167410738
35787842
1158446023
1169686171
900397603
633088172
1158461929
1172803706
1173035707
277786283
1173910213
1175468196
1175490918
1175495418
1179375494
1134885757
583902190
146256417
1182728437
1182751741
1182763166
1183269014
850948824
498370219
1193496668
1193640445
1194033942
1194564518
1194863810
1197405277
1197571237
153554238
1198145808
1198268274
1198618158
24151372
1198885334
1199120502
1201206385
1201732254
1205028181
1205064313
1208673426
1208993666
31531826
71307217
186552980
211682545
27531220
475374104
1219407955
1219436460
1219525663
1219581044
1219936417
1221932148
1222981711
1223839033
1227659634
1227690223
24800518
1228112576
1228473938
16227981
1230070670
250970990
18803425
1242020238
1242137460
1243949107
1244580174
21677425
1244756984
1246350672
1246377572
1247237125
1240441136
461774195
1249765452
1250073049
1250165533
1252326205
1257932048
1257931956
21990748
1259410080
1260327248
1260355963
1260508279
1265219864
1267065590
23407574
19717063
1262946170
1275703650
1275742891
1276104037
1277813592
1277955840
1278253280
1278271122
280743285
219269732
1272886644
47620062
1282198099
467823431
1283710574
471454646
38969317
28976901
16674789
20097201
1220845652
1099472899
436402024
1297082462
1297157310
1300480038
109965500
317167495
1319101771
61403921
29073385
485191056
43527046
1325422124
516112589
1325206362
29738710
1328186185
1323911058
1329700092
130686384
14695985
1041405014
23592155
614318679
1343248898
1343254200
290740081
1343418536
1033961113
1343425430
1344975955
1346006460
39591724
1347173804
1347304669
1347342146
1347375980
66247691
1347831896
1347878588
1347859220
1359757544
1293914906
361711354
318524613
209085338
1370433816
1370545674
713369978
1375981722
1376015904
1325265096
1378379340
1378419775
1379347668
1382664876
353842941
1400350814
1400704195
1400737802
1403970109
1403962548
1404005569
1404013855
238653913
23354659
1409290880
1409277222
1409324089
1411637444
1411789106
1411774674
1411881866
60973030
20079575
1414257384
1414311512
1414338187
1414319856
1414362811
941384209
1414418366
1414427726
1414583058
1415023423
449333790
16247906
73929597
1343099023
1417130089
1418554992
1418590676
1418901684
1418973558
1419019297
1419072535
1419082315
719328602
35735170
1415056742
959614057
15265641
1428073627
1428231307
1428374342
1428770096
1428756744
1428762900
139812674
33273634
1435627423
197915912
198720628
1442587520
1442619096
1442624136
1442671609
1442677237
334634942
1268204604
54334926
1167735445
144190147
64310094
1454500898
17299312
369123575
16797358
1477981687
1478103944
39317107
485107315
470431193
106137204
26147140
535862524
42095429
334459885
14194650
14753010
58209576
156748072
218627679
311658842
338000605
1508531125
118257751
1534391750
1534804424
22644644
21637887
1109380304
267350440
10281832
1537638462
23168642
23104526
1193393012
15678971
193889978
1544155746
1544302753
1544365752
587689571
1545931950
1363489092
320433928
1499434566
1398850933
1549400515
1549427810
1549465717
1549410186
418221221
378228848
1370599946
1308371
511091498
271449616
1042762189
1560175729
1526535860
1561151600
1561201502
1561216003
1561210052
1561182324
1556658841
1561212704
1281645697
1524348457
41626557
32647663
118414368
25972839
163456477
294084341
9589252
18880139
14982783
40128794
130496027
377949581
148878820
15922214
160720376
1111940934
14492779
46817943
18363255
277598071
17167550
426041590
352581799
18812311
184562575
124490608
221135570
18143413
351065668
80654397
74588583
202298302
114887629
96218435
70469623
1037321378
49734054
14870670
16178385
148826880
312134473
233783568
173979063
76376525
28901450
43430441
16187637
128631032
108200472
40315296
862980936
428333
16129920
50338601
113420831
40000765
140519774
49374935
326399268
17470695
556890374
172414996
515655160
18483886
236968815
100818214
186646579
58120509
111400999
22517990
129879105
104589290
21010214
205408611
18313747
46681100
18983793
43919633
28264799
14839147
36452050
28405734
15808765
25101996
18646108
14335880
15731751
247334603
109071031
46176168
15931637
1486524408
242836537
18695134
14529929
37683414
31801993
16303106
278124059
18696134
9917512
22059385
52183156
1209878390
50452197
810424
561604726
339266274
137340182
217489910
39249305
509582589
234014087
91180720
390828876
292131326
8406052
531524384
609210039
18622869
378586856
137794015
29501253
301012485
853984315
20115499
17393196
212777836
19678610
34173162
1249223520
16136067
163570705
19358607
230766028
313030037
148808814
44491388
195864514
161044052
16145875
399679253
58928690
15222806
288352064
85396297
63169388
263815367
19367849
21457205
1090009730
135712188
177641164
975398646
246487026
8862532
94013297
20660342
225092673
20002401
258954731
50100228
339852137
15980575
193872188
29561414
66858922
292935209
357092583
257014270
112047591
18590012
21209333
29734444
258900199
594043110
28265605
133832049
59824526
14246001
76812873
115670062
256845781
22012091
179973018
161411080
343516444
28502793
30216513
237446906
40302336
176951197
348012576
22812754
74519287
227088228
18909919
73181712
43763852
30256559
71120500
9624742
337453078
17093617
6323872
15949714
82945896
113467748
115979444
16376937
1339835893
268950193
52891214
389088184
21936945
17058931
41738842
206889192
68846613
21242180
249726335
18851508
153907859
195975714
15275864
44177383
327003627
244722043
50325797
22093595
167411876
90746345
629983261
93069110
9763482
104267638
14962779
245516606
159961621
18872608
22952132
121817564
202759893
46877654
61879600
63001307
21123640
37029298
19570075
16247494
134846593
54203405
250884927
47454443
33576489
113468433
100351405
119250381
21312077
126511890
226219881
161791703
92102359
120342217
759251
112740986
20295222
15837659
76133715
16370091
206391296
67738041
333140339
282545479
167087610
198241550
17004139
31053563
258885469
252782302
71244739
70526457
155724750
150724371
156333623
111635527
249410485
249348006
23593446
813286
18444468
15764644
38259234
18699572
807095
26783343
3108351
15864446
2161291
54276326
17389023
36367491
245498430
252687024
19834403
30203220
14677919
232268199
15264675
18839276
17469289
41628166
15723732
22049097
18906097
17997467
30031547
37687633
252249233
150078976
210926192
111635980
240812994
168502762
33563161
33530012
72198806
15066958
55338739
16581604
125445568
17494010
158520264
236511574
239905257
