2933595378
2976606250
912608010
16543331
601277618
2493021860
2992440550
11856892
2966758114
454298667
37007274
2382685057
1051127714
2921599300
296245061
2976598347
54412900
2786564756
237348797
2987524595
2963445730
2975091705
2973870195
1080844782
295685416
41445718
2951574214
2482022082
2861616083
314205957
237750442
2978291435
2750127259
2966765501
82657929
1499993378
432676344
2930635215
2964877294
2970462034
1068499286
2864384387
2964174789
242772524
2962891515
1092979962
2953922782
2730150631
23124635
301549400
834069080
1322558402
2962813893
1155212191
117777832
33655490
2964526557
26424123
110545675
211530910
234906311
23103488
1072008757
52503751
2852998461
236899846
976969338
613725908
1060370282
1074412920
2929491549
37920978
237312687
237763317
278145569
584012853
2933760046
22545491
237944147
2953713339
242873057
1131917492
47798449
20192403
2965083477
198526130
235251868
1051446626
1074101017
22055226
242761889
84620376
18773159
17896154
239964567
2847221717
234128524
222286905
78369108
1048784496
2862577383
2869746172
2914571740
2696643955
1058256326
246341769
211420609
19929362
37094727
281540744
236960387
14275291
1058345042
2953494478
2914515430
2964222544
2966205003
2953974395
2932617195
423735676
47996358
21159091
265052182
402719755
239871673
236916916
550401754
1089334250
240363117
1209417007
24904117
1511136481
2165727586
1206227149
15855468
1045853744
299801933
35829796
510823412
309267226
22214699
34274380
625621822
394705493
15942837
486869326
614453254
31523230
346808922
369106913
731364698
201079432
15212187
240427862
124224165
233949261
252819642
24735461
254189974
549815527
1071900114
1058051748
1072382221
377534571
2253968388
9300262
1869793274
381152398
2153650038
38439342
113047940
131204770
148376661
133456403
475988505
83682907
234469322
23306799
257123540
266133081
149634850
19395857
234812598
246769138
234053893
235190657
240385577
248850174
114756202
234822928
244268646
1849261916
30053040
586671909
518644221
28546637
94682674
36613393
1623308912
33616477
234797704
1305596696
8775672
1137600571
293120622
17312265
14303167
105867648
76438819
39073351
30771049
403171779
62692433
45156531
35784576
28918971
22456513
474533802
264129564
64432312
34537273
567295169
383896720
60329634
314243234
190589983
24099461
32288130
387416970
266830495
260841091
509018908
760337630
14454492
1260657396
21626548
16634544
107218326
534329922
375669510
25502928
73490800
194408901
24737098
105978929
442597093
90613781
1385433524
474452816
108796052
53194812
50671433
292450753
23097482
20073434
563124667
233737858
66140425
382301115
166131787
158445020
582927693
96055783
269927781
302244545
867282944
449056680
22392036
58270778
17934084
15075999
126446628
23586174
7232892
1345282771
1410817536
341530888
149181677
584468098
787484389
17443185
1032835447
455108106
437863554
271382415
18524109
738815767
1179208742
473521972
500369289
177182882
863889445
1124165096
192329667
373449237
61735353
412336526
117854286
23713170
1395965208
1327125151
562554051
16104643
58475589
19477874
81192266
759887336
32389958
69768385
868564052
60600382
403654378
74827928
24839273
130426992
519927975
169057854
18909138
104664398
16485255
434261231
147601825
464138208
228596812
115290636
1311152898
1077164832
203240268
552059150
255726627
373657768
164885283
66034438
22914364
1111981874
488147408
92997908
1349911075
21368768
1063981320
30700793
240682764
592381265
372129915
27438773
453062298
861656358
16190478
270535444
523782755
26447410
357709352
75730979
92939766
552427099
501835093
14893297
113092693
26021608
96231120
525632695
38877666
611299629
1177089950
452686325
17921160
21522858
611516397
171229124
1406384665
290562634
539325012
557895083
246447524
213780862
115433979
195070336
304975405
19136850
62379197
18083420
462409651
827373564
928988078
243820238
170336271
316683000
241656485
630163657
39711828
50298490
740973908
72462691
506033683
278618766
178444048
48923898
30524827
15699819
363050600
64594059
61008839
956426796
1257465392
519011732
24157436
22100294
217159658
53999460
58459311
877527739
1152123776
119250564
21016686
49913368
32986359
509558324
554052913
282341361
70771720
1317689665
262161505
966442267
244541621
102121246
1120514155
188760974
98507228
213761225
41548451
59867476
59846716
278279975
140640762
111381659
266894776
345277046
1184537982
224511121
360080281
42531027
176853382
938948774
54114276
220406914
55381358
330643630
15097698
29706898
185485104
319347569
216194646
70788259
1316937211
11447982
127659690
45847801
26714962
704417894
796895119
308464109
74247792
38955684
18025774
35786732
255775029
902450426
33050680
14162694
18523777
127240079
620309874
14048894
60784980
494999217
373659014
537775187
17943186
17613067
65086245
508243349
18648293
47657632
73195351
22026065
101489570
25966515
47681231
633099705
26302562
80692475
51682241
613507500
531690609
21365300
182780305
91738491
1223623118
991997365
497429837
49351684
990077707
898933364
565946472
509389160
335523025
62447206
19518978
822932352
33981571
56779441
1237107709
273151261
169209848
2471871
20606940
885756235
25386925
964426362
471062544
20859215
16419140
46136742
1220118984
62147616
428081159
19079128
592441532
349832208
568240602
347627434
1336169892
261435211
158060289
19985444
460748307
549733625
421482987
23543548
32989815
20369095
18566912
21044127
212097279
15669672
351252549
343772856
553126021
782594725
30507281
76064527
199216714
1305789096
561671409
785870101
303246692
1191574687
152065920
312921460
304259639
154357876
16854103
54096689
119788492
147397139
550245803
900187770
546453665
549507803
19163286
196198758
931355365
54415293
33114782
182044362
114572222
1247522576
1284943735
341819672
405136333
283730127
100635434
397520053
264451340
269978234
244329776
795175891
178061745
454811069
243050493
636615736
18814865
19296440
236182540
997744357
432044387
88600987
298198699
19490590
50930983
329146440
1025390371
368616839
1391289362
199056422
886837747
296566732
569310457
39341708
19373622
993824616
44285683
270619099
532459682
26960905
913517954
49697614
1177437224
580093685
859229431
23703429
197323074
461043233
87864482
405979612
290259449
528775851
55852966
609362474
306471190
559580733
15580117
42178112
271562273
1278159036
534903573
291902653
16923619
605022011
372018582
4217621
305424937
154751587
17430737
531794366
602281715
46141778
272034187
34813813
386107804
372573735
546101526
48389713
12896172
248348279
17909913
19468883
844797552
616228094
378919810
254193327
24305174
16672662
104598468
418867782
27671624
27228928
42126668
168485883
41104760
264268489
57338175
318491039
114271900
471592068
500109617
706729200
15422042
1392006378
20335940
53709988
1140512106
727132566
313126565
73931586
318594095
103316756
55748114
1372236109
116871871
809256522
99015340
319206620
73678167
58966563
529770476
1377652362
24896542
762754596
43420311
24226326
1219144500
102233766
156705242
53229950
581523921
852965144
377682368
75271635
247903672
431113379
125132334
329688737
1145724890
389828281
159615116
64088396
344238162
983914922
125941760
34116023
590156804
476190715
24060607
581092355
87730555
838399572
830918346
25986794
473537263
24607095
163249730
534937214
342285497
1405337395
283063548
343064472
531563448
1216651544
15916747
181750168
278817907
901726280
49196062
55413460
21939876
37929853
1265231149
1250551284
44943417
629512521
16137969
525560280
1109951413
762096368
60429771
532285060
21190891
610263803
1181842302
21349717
236070036
241665167
17233536
576587778
28578720
107552468
414003816
50948136
535114284
16323332
61153399
36033897
444761713
101823726
14086059
1309666544
540343159
552130941
745616606
83379702
26075350
282695161
88494677
720691320
309359097
16340816
50506813
160613949
161499605
21906070
239244397
26300180
49192413
281117935
454242486
778467457
18374977
898583592
54628695
238726677
310569635
320140450
398726524
14486438
133906999
721225400
32466096
464266828
330373787
587233389
145080336
959697078
985567560
18916432
24471110
240957851
989798425
21253826
347766901
85727915
108846304
1199009539
1191987930
82144210
232663949
138092553
41845354
49045738
917784739
360591440
234467675
933213384
635935539
166203690
403496360
22270993
487769182
22343105
14355264
36741409
614779927
24565406
792660210
373347464
808140325
29236749
19850687
93308808
47987228
492225571
509060015
44073163
106728440
446028349
29048085
40306643
51316600
196871565
260533699
404946834
489980242
191162512
20347310
21702932
17995040
18653708
62407070
16710420
35216399
41841228
547969112
17561562
212302405
177584156
89496720
33536609
22253744
836914616
41806188
291941733
138190051
39609732
364411241
323900685
27556859
49190063
516120235
465101253
21798372
32792179
1355741172
14835599
32258396
32497478
41221664
26005424
163491404
1230079152
327606656
792985038
25138890
71625602
19639635
919844534
1345758930
151531611
121171999
48169508
171726106
321716129
459907263
743558490
19879733
925747736
1051879940
1365211296
1369789748
77302539
1129860534
579368294
17399744
137942779
40848321
337452094
16697527
79328416
140641561
16389986
860977687
344451503
17970907
311140916
823731786
44640823
510120656
1209613802
616253221
65586007
278918598
275704406
632378545
130397688
244868659
489920509
1176924836
531891699
236976784
898154778
30292596
862163581
46013723
619379091
757047931
345157107
26566049
45966086
199843527
919416091
19610325
529555835
31172273
60074423
1327886762
632046032
41518874
570115053
93897084
60200562
1347196416
739727905
367632903
412776430
1272649165
90958842
1065995022
68166416
479052259
270641253
43370083
159912424
1285629264
34771589
374331930
238304539
521461389
38163178
519700358
497517512
1353012492
40240795
389728673
296072442
705197282
359454522
350261087
23723263
156316105
116547555
1357135723
281897435
38184890
629262455
228448495
43921883
989834077
256218512
879598382
39577385
563785715
20790511
436796988
40750167
48219427
463449978
928931964
243800399
776458279
26040994
275777549
248467487
1037571367
316739994
22984882
357216118
41439081
1138549152
318024826
37589957
917745888
261800010
865652354
16475200
27798388
65863536
23336328
1064176266
387948805
223359056
371756736
42211732
88952703
101585671
490946441
915192618
297429597
1293689678
57099343
746119867
56124977
26880187
915137490
158064102
327796195
77223259
1247651756
1379778721
469069845
433761230
567504692
381580473
52208158
96069811
19921268
1273327519
19201638
266824042
21368516
718420838
711435216
150840511
297397741
122212010
325324378
373125198
917063846
48566603
25755336
83462293
338577075
234930119
885733974
19207811
421335920
718355514
121215534
372089338
941943944
418509953
874824648
29902737
279748735
1024297722
19511717
751210146
998317824
497473402
382144889
26224443
270474413
16478130
126386789
874831099
790467060
45569754
1173938484
934715324
16685367
286639702
894409520
1300902798
724234633
46639413
343012467
944264634
501369442
17297742
930784507
945038419
125341629
39221364
32226374
925572320
860359554
66495289
49532166
500176112
63860918
227307359
1220629646
152133436
26695899
751962637
28435461
56952466
362678762
1270081363
531579259
28483601
938795198
277561227
18175578
56181953
559645321
319766207
167894282
141938077
316161690
26492823
17192613
559816775
575854925
751966374
508092522
603037450
153876973
414818123
20602733
18615231
355819306
733811228
198319957
1247683382
158286198
112519014
74775477
524012917
16004747
48281694
613710982
1102452577
1050950965
457820209
807472957
800300156
49871971
896601648
24894416
193536281
25058590
27478843
34081563
28248148
497882349
65375897
144570961
1314509329
821712181
43133252
838473116
160198833
347998420
569216789
90190851
34194671
54673874
561994847
48799761
24716002
34147040
130643901
224733344
307038329
54338361
113552754
276115688
1308477882
362800632
770515328
310282801
51621287
293210059
727472528
718542396
39447439
19627379
247823276
191052555
60026566
111466072
18101172
1346991799
388324834
17915515
759190508
485147757
416586428
45885542
1337808126
112042072
919124827
377469842
21037189
44022997
191697336
16280583
356837905
705069115
46347178
885696506
942629846
49787356
18385910
51757284
34817173
210071271
65937678
755598414
770745098
705427316
38450727
20787240
46869803
37685181
582056406
1011414938
1252826672
552892861
742726926
33345380
32496207
300449386
907182044
178527524
58103489
88078856
110461957
498339075
46099935
834959562
21497127
89297892
123728862
1370016014
18205674
49207725
874662648
22209251
538468244
535936655
91032729
22491195
254782844
514718176
232710967
24966943
82651052
1119988981
1220416554
1011890714
56594263
399179578
553190985
1064362644
73760246
552462392
905064006
1284922842
839041502
245176801
1284749940
805728944
18284815
17971747
89005882
44482017
23195603
915594294
636303971
75930868
1358271690
263471041
606817729
294145954
120499557
70231532
1368774841
86986583
495370168
1206885618
37782419
264861791
574019352
385797446
51915336
883219495
27181317
1194500233
1130537934
490910538
333543327
101790355
18261890
241721501
1126129784
525692915
1119732654
31623445
20654278
44923479
1038175002
384569804
16482751
94260950
22559554
298298531
46132982
177702195
28814158
17726384
974976480
372338018
70240914
211935905
83367587
19524902
610291822
141275600
19679854
15737777
1229949734
619516056
611962336
729243726
14990040
453499347
529621943
234875686
26789007
216061839
555120824
36951247
572272578
272539173
525590041
47808357
264470355
325102870
338341096
1377845546
237442866
451061927
19303339
65483539
407013776
21884000
107198673
779478162
490717983
800350260
128948834
1276261476
1385715500
47389530
1387042915
1378504074
35578121
573153273
11278002
36815713
34105633
350490382
319329439
1389155102
23978175
1174006596
533212252
1152497407
62016867
529614328
189151596
73657179
510500925
1392587172
427456264
1297158794
479010983
953899742
23746133
1325833531
1378852496
59528873
559095216
385348693
297764653
18648044
36387406
531916185
1003298450
822111853
599579949
442156304
21042626
563246052
148691372
17129218
1319119482
252606348
15779804
14836666
423864715
136492726
424209490
23138382
22099720
588532665
634962812
60477859
17399419
234837632
108310388
233842454
249219716
554385500
529562997
240393970
872607492
23119695
36699753
213634439
66602794
527016345
892013958
581481920
51461150
348135358
1127231418
42910675
1320751896
20714308
366255358
48043980
863776506
19532134
524627779
474502810
258551101
442316354
349112183
513571276
961774910
541309107
1325839927
80355923
791928830
744313110
805890847
20904610
745591364
19606136
267418730
380104486
31156001
754109270
909448512
119628606
1359673399
454249183
153088889
75035466
462104542
791964055
619490562
122387181
1337803208
49475614
19726270
17714851
842217397
1210379282
466083781
526610911
206265372
370987481
271409370
758417659
330519528
45285498
573244039
145268378
1247582635
20051181
270669912
1263277537
28591173
251404783
15623102
1263369031
252232974
41262406
1284274044
274556792
15837717
620167296
15219770
1107690794
883387836
55062129
424313836
1332369733
624310497
35678176
1339358815
199298984
374839075
1343270654
246584113
38676858
515068626
1080848592
571136406
67914574
20840956
140633368
472912489
1086889440
1378330802
257644271
371051218
464780665
122520535
350594144
15972765
22136453
23559162
283631263
259349567
348713484
49162880
17756694
143998743
386104184
72765590
1042729758
780291397
1366115804
258090432
986187007
47833957
1355831521
1352678618
1138688364
40109601
44016811
26864249
34434801
61858025
53399460
24803021
18378434
964349538
24419870
525643462
1103147204
21104079
913360034
424749105
215163102
436860778
48569555
110291582
396908796
152618717
143323267
40809146
331364731
475122861
513864760
352005771
148826234
67640179
1167819247
737970072
16886195
56639905
160176284
69301275
22549279
24438725
544464449
30420922
1007745685
559027816
18461227
51783770
1220041100
1170211693
498259188
1273502778
15976697
253343991
1357110091
984611394
22195441
113123611
224294785
16564850
438743843
14695757
563955584
190919939
371482443
829710272
321785606
15215142
295491729
41164548
32748961
1284745723
462923401
70125620
19740972
16373878
73192530
32322349
1359724699
114854440
36887681
435828122
1149467804
1337449771
13491312
14793374
415836996
747323220
444997710
422821099
274650524
54194097
977087906
914844500
476445269
56019066
535935019
23246458
531497189
1078008103
72950144
41886807
24261212
856840262
90802305
73557861
310961902
137946437
1116362221
409886625
1001078671
142188969
36054492
117082302
234944537
885694922
352928298
760635656
43235172
21351067
47219213
268827648
124789225
18865635
575636686
35002663
531867773
28546606
407020147
837762415
135556071
113029819
305401656
524349790
72547151
344967296
23540192
33286059
19766278
54985562
860672210
350633941
306263965
885463688
466985804
567737524
879272462
931146007
64607956
19021008
175809536
498111654
370422480
138864371
810823478
25834050
98158642
44832407
506896911
621862693
23468661
26359247
192306323
38957083
399003454
56810757
405364961
112910755
16685133
818815074
325072453
32934753
25301329
53058728
23585453
32213591
323903018
118190428
379498878
61897213
108052596
19275989
372364734
324407182
1270350900
1342714279
19242010
50750586
1059294918
54420505
20009204
1252777542
348244673
109782727
15722673
73657657
103675142
23251075
209941571
23696410
45019911
947843994
19916238
58602902
17387589
76057201
17714709
149913262
622661135
315878798
16557667
109441206
66951419
707305604
805669518
94857536
102857733
26900055
221162525
297769932
543373179
31008866
16133176
41410702
217543151
558271726
906620078
44888362
294838928
502067536
49372905
162114552
559969624
455766763
109331141
28135590
27661086
291315723
379846213
902231725
1241665878
20592715
86098686
889404936
518842926
515658487
344934943
26877459
210271545
18640821
11384102
420832039
60018520
49814519
342788814
37324552
369089866
14832450
301014412
961506888
495593747
314287177
17198100
17930084
972018818
339761949
567627529
903222422
85146136
124448637
38521731
19390002
26313195
1270001353
82901787
23519688
54474720
60403583
454368570
1039458157
55380541
43792566
732980827
246338946
54127009
43192774
17595460
868627688
820695986
928291068
297707887
326188739
1126542014
139719874
1137740796
540144290
32819907
31257236
911459833
477198473
16495857
34856097
25623475
1002775867
822663973
17205449
731176344
19855461
355066338
910049354
23006862
43018953
1330655886
474365948
244321261
102578394
853803996
705221179
90252949
23692622
1324753603
16568748
22505218
143754792
877699334
1323675235
16552513
60100421
14358751
545256080
342268499
34122899
878434837
44683821
538481859
317964284
301109616
494213047
1278889040
187770145
34732474
1300802671
1075843532
62859424
1277984012
175193015
1327141244
209770868
1262557194
26043187
35264381
19247639
346052578
104679627
24130623
46479775
880259844
225610098
32366249
274715757
123694443
1273791835
14913540
286688001
222695674
39324951
18749457
714794713
240760644
225921757
237862972
1297375638
267941781
330515924
18468610
39155029
382195321
91671740
18978553
129562426
9075852
94361418
355672153
488741197
20698035
349758661
47656216
33500262
930546402
779147040
21022163
18495555
19605809
408560273
182372367
24230870
17114316
566912724
65888205
286178174
869644112
624371088
158885270
68051985
789861342
313532641
32208576
19266087
579960106
25117341
332577960
76553135
21795874
282219422
263875901
19869149
21820996
174338995
339274724
16097702
88051120
20280088
225123568
20252855
14240056
20883703
46489733
21316253
21348880
102301168
741336032
556924250
19404370
139738464
87352595
56366631
46705305
21621802
166235477
834367916
19539082
208155240
119372054
371026178
300972758
15925067
15887713
26493862
39116801
122488212
9717322
238251587
86826943
15518446
18910031
439665801
17595285
1246772221
37559877
224364108
64402344
107446900
160576371
23618487
108701537
14344823
493057470
25914630
438009484
525837864
235303489
18769613
472437840
16054412
832427250
355652141
793148808
125128428
526760271
38087617
52989817
101124951
630802892
730216224
19541129
832556244
916888770
196334980
1068499243
487953217
22030519
843820334
346581898
854203626
394214281
81582751
743924732
293260816
36498420
417569612
285902442
1051296038
532608870
519899474
1141705974
764004830
891532531
82277624
438492337
219879482
17074175
1106765569
21353457
13575452
998454739
103291848
1151823614
180212590
620404151
424311927
279898945
151495488
297151847
354106420
15935541
554468750
56260787
565011525
444524212
107792558
22024503
31393320
368793771
151961600
421366765
912679207
84706649
28534205
885480031
218770952
261791499
34725096
890125778
103416820
781029062
73408582
806026429
543106638
55010881
756100196
28731961
70156027
359683245
900326612
93433526
147821230
404768884
91933457
743425316
568549840
146510317
428415988
1123325898
85481971
23712477
54051325
48206460
72060437
339930373
287412220
1025053892
121656624
305392294
550341878
345551240
1016021365
593652162
940211887
172157075
92622448
38006312
293267862
379542746
414087978
194333065
597044614
478106866
22354925
317284206
43528708
321477858
454159132
374139177
277074284
549462423
889980282
24467920
24022166
74529892
577679150
15886750
70493967
25251489
45474081
119771879
1124063420
19212059
19434319
455980767
949972056
755576502
224400923
399219106
1220408402
18810387
339760532
173306938
60543
20388775
56686755
28364222
24957598
1190825605
51104835
822598140
533098601
106119020
21324543
66124799
230859523
1099539254
912583795
124962754
246101364
24568985
347468729
38212833
194248620
112877415
16704200
20447561
29173383
27943373
6655632
15450996
24710604
287142039
589555343
741294451
287521806
914800753
92313481
320510859
919107205
48762789
1037746910
565580459
21763879
118542778
1045678476
16150531
19381138
895795075
548680759
53519827
1014429541
235887538
705113048
37696416
972585192
493374168
180092066
65440539
97570587
185491889
1059585464
246106096
842567388
30480695
131367532
106541420
576113205
27959644
938260944
337473850
407065046
1084375028
108627520
491299190
1129111004
274117802
1137931675
18558760
1090918741
403683994
213163917
16140182
43172206
616965232
323425586
350463705
21968189
22071853
453590954
44397959
187048448
123061960
457130300
214187580
35730238
1102520792
314713270
1289433486
360887333
1272756912
107633302
87982425
1237156340
297077167
33635414
42912666
17880468
16492765
14773379
26751225
274136152
105604742
27414706
480337372
414339753
839915725
243305594
1273887122
960836720
35485869
233799394
615784213
101143492
606703977
96358028
100270267
325770743
478889692
50679073
618172850
52702957
502390166
356199275
49855286
891696973
475912792
93288759
39645169
116534252
934785902
16491569
121312996
715192998
29487664
73046213
274647646
33639971
27759798
49817920
851726574
194641299
513178982
21713254
178928679
1206386233
39499345
134895356
293834769
1290006391
17068655
28162811
51766000
613718131
91038197
830067482
20706241
475400571
22914905
26258444
268509363
63723170
16845454
114259310
141610612
848480257
1154148853
269488377
533360549
19418408
25375741
142794468
1206730454
783422076
308188280
835982184
289155388
1197362822
72050394
456736756
352630721
448237360
334670570
102837765
255761503
290054685
29498001
332961120
333571586
399149753
200645872
349894593
1242221706
49234698
146263776
733235245
799257301
47382788
1247803160
26120980
1262191316
451743701
1239951126
532198406
333221088
624395526
228499063
268508407
378588792
303811108
470373325
245134202
464270076
29176622
472625382
104832981
457166566
113682461
506320602
636879969
45450902
806010806
316091091
64391840
635639298
59445101
202367059
27385174
242561914
597700715
229575933
363124757
129361762
56747571
114985417
1020144608
9653132
53496072
77729393
474261671
457448375
50370358
533358812
536789359
244243072
413470255
30944625
93093380
25888995
47495820
16536371
906602389
18827458
704843875
32872729
547421964
604853644
14147191
1104124604
29896465
352532987
860529242
1242615925
292263105
716725658
581161150
558948307
433542836
488093215
755284814
120758826
1166114029
29052464
1146680815
868485978
1155087751
227561012
807672260
50916876
234943376
321002831
52824967
311605059
48222903
884304968
1018361923
857533447
64517813
1264233181
1264618352
886860457
246037612
258527170
83447947
102110825
21775637
47201319
48127125
17961123
22818143
1120215656
15481546
89115450
875798761
437603855
104874562
22807262
99358742
19592577
771571165
37828075
832278541
178065971
860899104
738675925
981026485
38718826
58338636
68406484
35123416
894341934
62671699
1308375582
271486090
945993632
35382101
52439793
16801482
49408729
18510073
16403671
291187306
20027986
34921768
328517495
18964586
233661250
22901137
18994290
288289280
59486472
380561103
152374617
126581551
18485106
300926919
26618351
228481572
95115234
403421903
584222042
18294521
15233463
17841608
21262748
342213755
400052761
868541900
248795863
19943471
74588888
966743815
357104817
257399079
326478307
50540290
798750925
62359800
425903051
111169558
24565069
508328674
462450635
62700898
15089284
1263117206
1087165952
1270114573
41103651
345677300
85032311
250170662
110577692
145456012
93183253
937094018
558846083
731491915
131627757
453172555
18028893
853525614
15165549
196377769
20749472
950328072
25142323
91032525
61273118
276791546
582388145
79626446
52144099
44767773
228949716
351842966
482530465
96012479
52804634
597943819
92301403
205752286
44369711
458521913
260917477
552873124
564947756
28152873
52114473
17133872
996269796
550727658
218027755
559904297
35566892
35623311
289019237
38442545
1077325285
425889480
1138807657
106173214
1117510909
122232195
111358348
1067108112
27903560
44135635
587746073
18691822
1119901964
407996257
803846683
182070768
1170794407
238805492
1172881104
336699225
1014365072
14665246
196229215
42873361
585708797
371040614
88784850
83856032
1219395228
172460152
1084398186
798886105
44904935
15696261
42234415
360824622
86646955
1241664308
1240191018
29764532
69425663
25350203
14689329
710976812
19221963
241194290
584325869
243717966
226185843
1253243257
42322841
16888610
454134528
763446409
510746189
629684066
288452100
15063486
1251844002
497388844
575560476
270813870
1189786963
1239543974
359115055
23723129
141049444
179394765
540562169
11335322
436151675
1113402006
366367784
253690397
14404161
475404591
8816972
50094299
19384480
229323985
348732368
325137131
24645354
50137748
500704345
147711469
34667232
72889852
122245784
104914594
235616275
25440865
369512545
54324223
69475311
398075067
16228398
15712598
78016201
497094511
1058460818
935033864
963480595
6708952
274747823
373720018
18902926
342998082
203351605
475563208
129360573
52815333
561343781
18565158
24740664
15698349
29063596
418036191
17627001
18437276
22302852
14283008
19463943
28662271
15080288
16045160
55307642
16318622
20999337
42767938
25393375
21789755
259836684
24559540
22643800
51298022
36146049
46989191
107904103
121135509
16930125
15356840
113665945
15456075
18833283
139800861
308697470
137822057
419062950
370107374
18672117
46195482
314335929
37649030
45941717
22529837
35817009
309913931
30128040
74891937
132171400
25928457
30512179
98912540
135575282
22939817
154981289
287297991
190905427
15152063
220393861
21378057
19135664
16597581
127617846
16457416
18490523
40973507
291257996
20863959
141376562
75398827
28123214
15360275
188857501
17830360
23492750
1175221
40796059
15225507
16746457
127939761
279823755
98072819
169220502
15079717
21969829
157089828
260425456
203641278
7126672
69636160
39315304
124328535
113416608
65738962
128151243
118193450
125045020
60924276
94922212
16871612
38017836
107546414
83107133
46594474
36260689
108609396
104397119
53600438
132139597
112233248
59330398
89491320
60753020
85929677
54879709
90554435
97289263
30789945
23855965
31301775
144368716
34996820
47431424
35232289
95791824
22274362
57190174
18913849
20403926
21962217
49634131
17159999
64540335
19359685
31943356
42157000
23158265
17490416
76782594
18224467
28617247
46222143
43180314
27418093
29265992
14107927
36723850
59830316
47840836
44363549
27457211
18967124
77008436
64405324
170321365
45227645
38269652
44018701
28342650
138627188
25627614
30513565
91673547
43886369
31611040
68955741
21853949
21301785
80189916
30789393
73672908
106877655
40806894
35937630
145617975
85426089
119475655
26486539
28923742
26610412
16982545
18050866
40697286
43308717
14184474
51939776
22158786
23591363
76401810
65169934
80776221
29592354
36164168
29924247
158013226
67038032
27814017
26896959
47230764
15565641
18790301
96695347
18767971
26595110
17111011
26445158
24696391
102392728
47937677
71307417
157984435
101532977
19890848
167046833
126191623
30600993
87593116
33527648
62324130
247363171
42059991
63862889
169846969
34320266
25611545
24484212
31732172
23967913
44720140
160575560
87194230
27716828
138965451
25332314
137816550
28346027
66493004
21166779
111367782
111775484
72594877
118605873
35654242
67066663
21861403
26580254
28095119
85215866
148779040
44772391
72965105
52480248
144303689
180812990
87966968
113355478
28546820
67362654
210189047
19378625
140165349
45744611
140214439
91488577
15361374
203656185
78372188
61280116
43367510
22316934
22536283
16854698
190180846
182013536
39656676
151703313
20275766
20769092
23036839
25142105
37887993
81702894
70725642
60763047
225163993
214604053
234467536
101354384
32155661
14857739
135558864
151444950
24239923
237477771
274596432
97239626
16700729
203455506
298313783
15731751
21220931
20468251
16233111
33964434
191047731
253158009
247354252
121469977
14888467
155954102
242518427
30864583
257019844
15923226
21768766
15399512
21251668
37721930
42924141
25877123
257031639
41146703
158078174
8930132
18494833
35495940
18955317
109595889
55568331
33249832
14404805
61608485
103795331
17740969
152354819
28611932
17858039
15501205
22523823
125448135
19405166
21326868
16721461
24374384
18176907
58875860
63087032
174310887
24795772
17953239
17658324
177015623
21650254
17396250
27768163
16068513
27012706
28230825
18089641
18169837
116242495
197416912
67115072
15773164
28050376
203264811
27647532
16447162
218007847
16890518
58415867
180898332
59919918
26029012
98437673
64517139
14246001
239843089
28913695
171345895
19632622
248820306
188197073
133529247
234029543
115168779
266012753
59182604
285754242
199047717
32382142
21592920
18398006
33008201
238321369
193794406
237814920
190328374
17544524
221447516
234057152
234022257
16377693
226608446
40955703
23924409
38003907
14774486
40575981
172041497
38366333
8753672
7548732
82984783
18060848
32946035
134232754
112753826
18306932
77036504
71167782
81910369
93912233
107931257
16493584
96915231
16922542
16468224
128665302
93286785
49108921
118207026
47621372
83487564
40513745
21583087
19305716
150390315
22941658
30249592
80855172
46461378
53722841
45879369
43900524
57103209
16015264
66300880
129077144
42922087
30473727
17521231
49119905
60470230
17868921
32359723
36493479
14700696
99035610
95343495
48040121
43435603
15484375
35569087
21812735
14440162
77326950
26499317
15921139
17003407
53951714
19166852
21664462
78310157
14800483
29333152
61446071
48431859
48844790
54733707
75201011
24537008
23602223
73100242
19405142
16386611
85476025
87845384
83273470
119160563
69458600
100655099
40648270
19844822
17347026
41988733
36175986
15472185
28457644
29709583
48067315
36786969
25324123
42687560
29885607
13558362
17971683
31059474
42005395
44117672
16523551
44620357
34622321
23758330
94610710
83902376
58359941
48046949
50312272
20066205
18221921
17353400
20957779
20340149
132323176
81052447
59958022
15812084
26285993
45815621
48512100
20999767
48989030
28768552
128614643
19263598
26870199
52109519
80378329
101960578
64810355
106860448
74273697
121232384
118394111
44451231
21244285
33034657
97026226
20826652
45891073
129962278
93271574
16538759
26758614
65114310
21087042
141216267
39851872
92087541
47824246
16597960
35591900
14870101
16032376
35806094
112355543
86553294
24683815
26648667
27279372
21716432
97024224
21249223
40918367
27803749
33582337
57992949
52752708
89481244
19183790
21262010
21903520
7887482
17582758
73792191
34635205
135277455
96824063
52877243
42702454
14592648
44778684
21587660
30004549
25696798
18421509
52594694
39111531
60214021
67625371
24516076
74781030
35756736
41103849
10180742
19574318
148472854
132259002
122202153
30294812
15745139
34050945
15423045
36686069
73195502
82751005
43043510
19480011
21635070
27193839
20771736
53111469
82457140
70986916
22738001
14415941
27347119
27513648
73620439
31639124
30306870
23664161
21582436
16147260
29716801
41683723
68437232
21301933
22184830
23326914
29350302
15492842
22537633
16470253
30858943
36539277
11102352
41758974
57806275
16692057
81985434
41662246
15503170
14828860
6620762
40338170
37643159
71941447
15843376
12765522
18221018
21897371
68850446
23010592
14166103
36739210
18198655
25414167
24788417
16039421
74198348
26287372
26582786
59141515
14165438
59889817
21757798
19286059
22784942
26077830
21693607
18496709
21650577
19392127
19843008
24678755
14721057
31057963
73296387
55348286
22540858
81987140
21535847
61970456
19875009
31175661
49964679
15795580
55370392
19311664
50718336
24280515
16931849
47745785
23638219
18485607
28382704
57005769
48047188
25094134
37062282
38923891
15944196
53516478
29738565
80181353
77651007
65366184
74543417
59868822
24278642
27307053
30681986
20713266
64816476
79258361
40875530
17824640
9335232
19359749
32444947
81986231
33428464
35132974
19446914
30473755
53678140
19493490
62919284
21793058
25534688
20534696
5145071
19084896
30372129
19149363
17641086
17237516
23678096
71849541
24990477
18271977
23240312
19572860
6428532
51210644
63858421
14922694
43632419
28268821
27518942
66126034
19713940
56532503
21703263
31582404
78096589
18123036
34318965
17778734
39982256
21046753
15481585
38387762
21707592
23204438
20819456
17903209
15612282
56167383
44308191
22559176
40615400
22154089
19786336
40173703
23936729
7807512
27783848
26155798
20076659
14520944
21227726
82408368
19601548
42053396
50843674
40956297
21460388
18093701
65154923
67127842
17857740
47799692
15694150
16630150
73608892
31148200
17954074
23442861
36678714
22037129
14930128
34330593
43964874
29476311
16349648
64572413
75367781
36503550
15762819
74385022
50927830
19297613
32608938
18678924
5693842
19269183
32010840
20088666
33977070
25086658
23121519
36654245
40318829
26051676
55235265
55321133
15290597
16869693
35948889
16015621
52590627
7770012
45323490
34264619
18656543
28271822
75057893
74931688
24961137
23954895
55677432
29107732
21688546
23856851
34035846
20152737
44797359
33229869
41304840
53760526
40263786
15962565
36493134
15356871
19935900
38488130
14298618
18605420
16890320
27757213
55737611
36224099
19134315
54289574
26660869
50353276
26285770
31304926
24071354
24459812
15763535
40335385
39510422
18125737
16499559
37850985
9336792
44087426
19534979
38000464
12004172
17429660
35375151
25782915
35273993
14191002
18640508
898491
15116570
19028248
18317325
15856366
22527499
23951197
20015903
16102244
12726012
15281676
22831059
15394954
18943852
18166778
26778110
41363507
18170310
23712174
32506723
24773493
18805303
20097342
15727817
20209807
13218102
18030431
20467163
18811140
19926675
19616327
21269970
21660348
18217624
19473742
15845446
14086866
9272862
814293
14128134
4923811
20732463
17440232
15786716
28609908
19912372
16492753
13253992
19735514
17926342
15786922
14282169
4239551
14727152
18734358
15912508
12037882
17927830
22341950
11855222
21158774
14904437
17602996
19737494
18981284
17445058
20958510
17982724
17171293
15406238
14465607
15615814
14865439
21631487
5511332
17757005
16703058
17527466
20570337
14078808
12084362
18591276
15445240
17900421
17752368
18277078
18276100
12144232
17850012
15554922
17513304
17764022
15678586
19346382
16936762
39761428
42868976
40287250
42966436
23394183
25544735
16955946
33955594
11440392
22218622
1510901
37882456
41316644
41762156
24724582
36277815
32309141
16935023
26448586
19658173
14873061
15356407
12275422
30859675
16210895
18566868
16085755
37711958
30302059
16056168
33697690
22528309
16875531
17611447
17052328
38501093
18967498
18885539
682333
31454809
16177254
35502668
40022136
21918148
16868174
25660602
20439048
26894662
37296257
18828002
37343757
37046602
4655251
15641893
27242745
20738753
29792142
34353761
39332925
27188224
14848024
19245431
15730791
16007460
15581825
2364311
15160884
19407835
3137331
18087749
9167352
15600527
1050111
16721061
5558312
32156297
25311341
26459660
16682379
18905115
25641894
15210410
23524010
34698840
23970171
24789888
18403114
34359852
18802260
14622368
36177641
15435839
36791063
37742731
14241033
5438462
24294224
31208436
8695932
37289435
34208042
19425538
14335435
19275482
18334889
21821061
15159913
11410412
26639382
15606046
16814727
26946495
18693598
18791763
19624861
14410652
14389132
19612960
19391813
7001092
24421244
23062072
17597919
25399294
18836106
22380044
16503460
5815162
16232940
26512612
28177860
16210335
28176898
16537667
23976316
14847956
30853963
12788332
13673392
21782956
17546958
27025642
17078632
19739126
17800215
8542882
15428227
18891923
5496932
10168082
15207668
6577802
16446177
22508473
7713202
21157904
5357812
22509548
16256269
17976923
