570295074
22694854
55689052
24949093
620021507
14839147
41168554
27878771
249949680
22055109
29458079
58379000
23265954
115733549
54985176
266133081
19980909
16725341
40059219
21006356
112047805
55123211
36683668
23022687
76456274
132278386
27027979
733751245
23466415
36452050
88784440
84104594
15812461
69056021
46131997
370344807
56688305
487760032
19235973
19674684
1060643636
1058807868
578456999
950328072
796698883
1058345042
993153006
1058460818
987217542
958081542
165487085
402029058
1131917492
148491506
1143060714
1077095640
346917407
480075372
365638110
483970346
73227002
230338297
82451567
24296023
17291393
32765534
36071818
6539592
17491498
10926202
101008987
2557521
17525171
17446621
59157393
11134252
108968664
46479416
113745340
119421205
158426909
19309926
60627728
15485441
254117355
241964676
15111011
12612432
135108504
286339472
184136149
28811251
343791862
195826487
105152728
107265151
78117854
16977023
52465109
41653798
700275060
541877473
101846064
15728161
215021528
217454584
612660694
613038884
613692593
597403298
618487725
621170122
347508286
201718454
27692818
27488594
535848487
593898938
172129696
80698068
20339105
87463449
127873226
123428380
126629610
191613738
23025656
23128964
519521403
376753045
279105343
183654975
550401754
10929352
266991549
287413569
612473
20067354
22799750
18665800
17918891
12133382
216299334
13787352
15679641
2097571
234540332
16437135
28265021
19121926
50446312
475269545
18983793
36432978
72198659
460677016
526642620
460649862
316375309
161721745
110924703
198573171
94598493
441040701
557823379
486842141
545185523
8797672
21026508
538787576
28127095
272542662
295956334
119152076
472541504
24725431
415981838
28238988
257211750
15912586
68281948
94197072
443753520
51220244
17365728
19784906
526637528
111395714
375415135
56782290
22028039
378249561
201145649
99949940
66486777
151885972
362688424
260819929
172071566
115506105
30692577
388621450
430235090
22242298
325662031
405034710
151200240
443899276
387933948
213340870
455428250
459608558
243673632
454285246
460551509
430805514
339811333
461292198
394894971
330633493
30006431
126616184
312975963
464261753
18778634
475346537
324694119
52992670
47440513
479676546
17143107
52531978
482308164
486223373
164371883
42698449
281671404
482221580
489993730
142352817
144031017
461210124
364464034
258375828
33356096
16201819
62509229
14993204
21397043
16613570
21485195
18314743
482326966
90697696
171632862
20791372
362606475
148333607
448077090
242355136
44899813
151127887
120295432
295730101
156714051
30902625
239434560
119466928
242727646
372421906
72668126
161329769
380581302
260934156
425505686
211901720
240290655
426726628
83844852
94558801
34647452
34685541
34905472
41384171
44372962
16748576
40899383
335996055
142810278
26572460
237054368
27069873
54312079
292342774
52021870
105174965
36788063
25332656
20452755
368992130
247312115
282131278
18194898
50115087
159588456
18164420
20750406
17054817
41806795
38036372
266593162
20957191
19939139
389825216
19888697
158474961
108741756
117466670
17965523
378193079
22545453
215938090
15861355
256053751
15462819
127785310
172509769
27313623
27867017
40257235
44195547
213795411
10774652
294728278
61853389
17993620
212262370
83603750
221162525
216881337
22826294
166608401
40297689
1910771
17136814
62902733
20787409
54908916
348694354
14225263
32141328
19677871
82409533
15859060
16420152
14475050
22019324
15998113
19918047
15768704
23437121
80159333
17592779
18480494
364932994
49992096
167121443
5276611
14569203
52094100
41336747
30892804
70476832
50731463
412714519
17816420
14410652
29487664
153964574
21100235
43948570
18956212
320556969
61630178
65052794
18083379
176573604
292448473
275127961
33967342
89048551
202631852
284582218
133267573
34997932
300624221
15646174
15670644
16468012
16815644
9109712
20177097
14199378
234370900
17918663
286703
121074718
15987296
20686232
2232041
25971804
16028241
17717287
76091017
67378554
14615871
20430077
17658786
56413858
14703188
22208192
17469289
19658936
277345249
125984383
122212010
239902186
374131385
165749392
174355863
76747961
39922594
30876483
126704322
119162694
36730584
370829911
398402577
408523459
333504114
231090987
261857310
398660294
408161658
65421510
75315097
352510850
390170319
413180088
15647676
11857072
16630062
21783950
18058609
20437286
16613128
14270650
6519522
11348282
17004618
16358271
236221098
200204572
374116636
41124675
373992687
49872564
57768217
121243014
393311964
15739494
292549803
240916823
17177663
93935435
16642675
65069927
34159237
273475760
362527551
6708952
82689705
43623734
216493021
290604099
336038488
306012438
369844038
15230781
360656151
17920055
33196049
370648665
274325894
279634424
371600685
235233471
17943109
18286677
370982117
372064248
43155375
96266377
372302749
33329857
18230440
342720228
15768735
250754848
17593218
29205600
353982927
373091237
345795003
373212334
373298508
370684712
93739287
374266654
136471166
368760126
347409141
312210013
376938450
374457151
293618448
19525588
295466696
321102136
114301185
127641547
16703058
173912454
276795503
354493762
357582134
103675142
256354144
357034298
133022865
48425512
337473850
15715842
65433355
364564017
70460878
300332615
29450674
246927220
22235928
213207055
366421074
37296502
316585710
178095815
23117388
220580561
365273362
365012605
357811218
69604327
295805574
139872275
51622207
334319104
364739665
364256505
371399588
344516847
325691585
337909480
265329329
16136669
267583652
166536928
96130367
113214730
350317427
58922658
297535301
25354034
373551099
373431124
300343190
300884653
50434933
159481578
221397417
334809340
137150477
233643186
375111610
204905640
280642734
323997081
151532375
48581849
161403044
297517713
259405936
38628901
53454719
20775769
314585133
165533941
29707786
21833646
120140544
28479007
349858552
118849132
24300948
291779865
288694021
254156244
221387193
338553588
104615577
271988795
56024295
333518132
341264518
337250606
247416314
299154244
356856382
349472297
22819917
217174403
339979831
357936154
25118904
267539225
295712099
260381653
346885718
273787769
19563355
50313443
80663054
243466868
94017355
339090901
344186502
344172064
21161888
7074742
276457475
119361133
327807566
52140667
11771512
15762819
74600299
43172594
16624174
19667766
45122406
16028129
20531929
47350034
25544245
14800561
43342522
58056152
16890518
18203300
16035370
25110115
16360607
58278439
22831689
75009709
19974666
18475772
42992331
62675193
25930421
54943431
51155155
68751371
80602735
82161632
55226784
55653276
28656692
48735100
56637351
19553544
44614426
17273444
22043427
28759406
55058753
17466186
54649470
21806098
18372933
86094710
50326595
67052124
24179525
23427951
43703350
43409466
19202772
36697110
75894889
81171680
80000244
72987180
57069861
68964818
16565399
66677199
62827605
18978862
46249845
61206078
22774112
22086450
28350927
19288807
1223521
25455332
18364807
78970915
15391773
79653821
59500657
39982256
44186221
17169556
73481525
57005769
17139728
52487389
65428066
59825777
20428871
35027698
16882190
15876416
16954241
19037859
7091082
17745925
25894329
74564651
74057037
15028403
80038753
16192197
23760680
109274506
44369634
20480549
15441965
117775964
39195685
22949368
127928496
22061737
22090282
25103967
71303498
106738320
78005394
29040833
16172747
18981785
70708097
93986267
163545612
14995172
44906689
38486209
6330762
174650165
17495472
90327905
71070614
185340210
184265081
91255614
19249952
17327783
155935600
21524840
33882374
176609040
18905238
37758226
24742936
185277422
17098159
21452553
16017996
72885380
199759550
61122731
54311326
2614131
41396547
189180763
240352121
21333396
102251724
216835225
80989102
62801566
55244226
113670736
116067096
222140591
17243582
20725994
21252385
15020143
56772461
57657732
18834180
69641276
17168586
24928825
16326882
29077741
38331797
12558072
37865281
28627577
96448005
17896154
296361085
28135853
28167086
28143425
28164923
28137012
11072912
18697188
56480330
117821354
39986021
15113565
24961826
36764067
21224756
25332870
48079753
25502100
21301933
36454578
84380914
16560489
28162211
71298686
254714347
210829635
50004425
230797985
31268972
78699094
51913011
25387471
82998105
38961973
44990836
25980049
17622474
296595034
248696135
338038645
35830251
24530653
26031542
20545055
117189136
27500565
36117822
15809249
23832022
5577902
80611816
21059711
20864000
20086360
14698733
27741349
16617906
34293050
191923358
312274239
46417793
18949512
146412867
11013952
11019092
36789856
13850422
9245812
24816848
158573447
62744004
71349174
34421926
282695074
20109439
19354391
46817943
103087786
80111587
39155029
244212645
259395895
1434251
14677919
16456599
59031230
59159771
16340990
778057
257555638
28886436
58963190
60086785
20179775
137780726
19863977
104637610
116505994
282093902
240393970
255743625
31997610
18369383
266452374
146135766
281282774
109516986
222194340
23092890
57675149
36232215
247338745
248752323
166993241
288061579
227837742
42318005
11679892
14126460
119166791
19078113
77717720
289499706
259045004
16933116
20179628
20814648
125444001
43107507
57396233
154302414
96858543
26213879
23095444
155399070
67012155
252016721
42465207
145255091
24223060
73175962
62531606
34695273
84149116
256799206
65070017
166182965
19720545
19679298
15894554
35002737
14764008
28822170
270522268
58836276
149586061
50037693
24707719
294177000
284043347
81503713
266644627
152663692
105276802
14437161
185631020
68864594
168691667
47701908
44494941
37569987
154264099
114490426
84249523
44449776
125789675
187959315
155912395
179607867
85636873
15769290
22910990
15690037
62374917
54628507
18994337
87582911
19772522
18774450
55669790
110364165
127394424
20953021
119074650
93904631
15267559
151916583
10491312
15187032
47503255
106597684
115184563
15586316
21534951
23455765
28468549
86723999
56648534
16327063
16076796
92831390
293124394
109342158
22783304
108780602
260277986
69328247
55244527
109010843
52721188
158383109
164086864
225244855
19740592
79876175
172599985
26830948
152144493
78082014
54267995
25383148
15028363
45154782
22008355
15519565
28272451
95297578
33514869
18812572
14842061
91001162
18144581
135758100
51039749
23814011
284685169
287824593
97326976
59561160
5720382
16570439
183712785
17061263
11991072
26565845
22843337
93736499
15932075
18090660
196637874
69073724
105146568
58963777
252180901
308233424
14552725
20245775
26754354
174421336
41405896
79239138
16949386
45828171
262189336
239603924
16877032
15099017
18235216
191437382
82959058
250628030
19327925
128262488
92457883
314073172
97465323
195019882
47771556
33600887
17519586
67325576
18737768
176281411
297046834
285758834
137499729
252681042
94093747
233933608
29756321
67323898
226655186
57098844
309798935
331690801
40280643
25555034
331847868
80333929
14130784
38184967
33982105
16982663
19057044
15283908
38527998
16101810
27006224
161296773
218546441
19912304
209174231
74825576
111098917
16572648
54915692
71323944
15531304
26311983
14420135
44711806
22192337
124163000
16016705
15963598
135297032
109071031
243797058
194705638
131207171
237358537
17564591
150110556
193872188
143798379
15896464
14924233
76649729
19039844
54982829
153865861
97503010
17629860
621533
26062385
24504033
55045856
26820795
232992031
35017909
83901492
166597535
15947198
31395001
106801405
97217537
205818006
71019945
25091723
21186125
15460572
85365067
85606078
22692199
17074187
309781761
321499002
325640745
314335929
115070488
334824599
334807073
146099226
334127852
228076382
50373531
19674502
17783469
25104363
95747671
252541115
9130702
25159286
200542610
42871498
38401099
14333957
14401607
40909271
16285830
19549851
137482856
114118197
25431438
244166467
17813701
299745400
260098340
285171880
300430043
325132539
180090338
47776907
280396226
281540744
20546536
72273570
17487820
21146211
44014050
17611447
118736997
20444702
316193821
317608866
185785306
146423284
321712609
257059940
100827714
24112747
23275047
22685638
74508260
94139317
121208305
237418907
303603582
251314451
284498713
232223094
185684821
17590814
256178459
166148429
295685416
18371070
254082173
303884682
303803224
76392970
63174700
304575492
33791531
250719718
286207019
119337537
309851748
27789999
136295215
296406484
50078958
13784532
15064191
17918561
17487585
14857525
21286108
19734832
253158009
59130623
297498647
305653987
287688270
77509974
186095644
43773266
245146749
25308559
25877123
238264015
87071917
15791414
15824288
14700316
105706625
246076252
163209579
266772387
270751230
47400390
78814583
253610868
12466572
18323740
197628846
20468251
56763589
184876259
275462589
275500163
16099657
41638739
54598826
277732603
20479155
278145569
86528180
14917874
15980436
18146091
158107947
279122571
261920623
190890578
21059369
85481971
265682815
18347439
143835283
198377978
67711204
36571102
26924814
22262553
27537778
230839181
154934260
17683851
148771088
271532400
264264700
220883191
267560246
18809804
86308365
268007771
283348044
238229573
265801038
16385556
252110905
157072047
15840710
280570394
76381104
79918186
15529742
71705905
44615672
15442036
27590120
31253047
19739974
102803873
78689284
29358906
17992453
65919935
19037356
18693598
179245596
14728168
44478497
256646862
196706473
17487795
108726910
15948219
49697450
260479308
245766005
30719558
261401051
253435693
16118322
151077858
267307456
114785151
269282091
269578885
44771744
111021422
15281779
43572699
267352088
270847223
29975960
239187968
263374519
271412809
16656993
17428378
259381454
273706465
240983236
57116047
275625357
275846216
115666916
274558629
18994290
137823987
151519500
19716781
246357149
246088673
208692908
247486443
260845829
151963505
249339682
240363117
235271965
242376736
239964567
248850174
237944147
242761889
249288197
250710495
36948268
75124560
24195214
29450962
22192142
249348006
168673083
221792092
111635980
248735463
29293808
22523087
245516606
234014087
38254095
263815367
153486399
163570705
78445977
267854863
239905257
153944899
193732179
242892689
235373000
227341953
234002627
240812994
199325935
216503958
23600262
162069635
43441150
44682276
26777550
137407124
242926427
237862972
211901075
237348797
240760644
234797704
246769138
235190657
249219716
252819323
235312723
248699486
198526130
237750442
235251868
240385577
70756980
21572351
246341769
169497983
128429892
46557945
233783568
210926192
242426145
30912937
140519774
168502762
239949176
249410485
267719395
237770636
207688934
247324832
217205543
116971855
198242561
46245403
44185672
140896000
17740969
231876280
242795690
260396714
80628196
245632655
108083058
29089641
20657852
256841281
245408102
44783853
29801268
15669672
27513648
63650107
95933800
7702542
247723476
23016395
14745164
34810105
218975278
10368612
22956220
60680268
83658470
225988631
28587919
241259215
241424768
240246028
19701834
237366951
119120866
71259486
159462573
242770475
237404389
56747571
242944499
233834849
174788537
106441427
30182961
15700423
248229842
247935725
25381657
225116996
26509757
247444980
236265963
54645160
67563604
222101617
224830780
63749707
238374339
239857093
241656720
22989111
251876164
251906092
30293445
85332004
18958999
18163893
36572644
250755020
48772103
16440677
15941955
48048222
254063790
15092872
254775647
168799491
21303154
236576910
246957658
255952990
252819642
2329211
22047229
32181749
252115520
256482351
16187637
44595884
242872360
50764706
22984882
26991187
108376246
59491108
64515206
59945065
17116181
167912623
10688
195117993
23892865
114085514
129821947
27426369
21570761
109192303
78629504
38926453
15079625
126390277
24743356
18190205
210721882
54237828
126783082
17712260
24186110
7487922
233711868
113346201
157060891
20295763
125497063
237525009
19843008
30027177
42608496
44749064
14934964
36044120
103594788
84135023
8612452
55018701
206522478
16931849
222206854
15198266
140242086
26011513
15017412
36777778
63489388
15759387
50167020
17583430
24603971
49827802
79884891
170811541
18208120
22530046
20538410
15464463
234414397
49636611
93003933
15029174
14780270
21787198
39510422
80336884
52497850
15732013
89483696
15735034
17924677
19786336
67932545
237039779
25990183
17266434
245419752
44438692
14562259
15908338
62568145
67194113
149315713
36750726
36687247
23258618
29709188
58415867
16147343
34116023
244268646
23137575
15406238
242970218
148393922
39489486
227372704
102519132
17976820
247578826
165395747
12591732
114854440
23038458
70788259
241764387
18292678
118540429
21541548
90790921
17734208
60070029
42123238
245378929
243529628
39419914
43924561
50349525
65586007
8648882
16697527
23271088
39680372
21945483
19750596
17874662
19568596
52237499
183677497
18399423
15699819
14398964
26714962
27228928
49482815
47720833
32121888
70014980
28662619
90206807
37727606
36931557
18388923
36772213
22028445
39271343
15740420
14780060
14174416
15582644
54949233
107562348
147874521
22230536
15441387
68234801
214783897
14051425
34543524
166969011
18637413
15693064
42549498
110884414
86285661
36735027
19934859
15825550
204905499
20175865
6750202
41588224
50162016
35062313
22549279
53719634
20803217
103330346
34537273
51838032
124075592
74132586
100643590
15711730
28671851
29534137
222526430
23828676
91055467
42000482
14365627
20958510
147238440
27426512
18175578
44539658
34118232
247971267
95464662
242091674
34986335
194640941
106185639
188527754
25094134
80904174
22180602
106245532
17902562
63810059
18101925
29944064
14469996
17712142
73246775
35462350
120180622
198896950
22217443
240879713
23220731
53597297
16140358
83455758
21691636
59867476
55619001
41831549
124022302
25194540
15507739
33811812
19208825
44478236
187289213
15972530
15766082
77032777
23466918
15570735
93905795
48388417
20769514
43409523
28113052
52112689
32521584
24712487
201882918
28602948
106514937
190298721
16297707
138770045
119250381
21252618
16664681
48706233
24619328
24232525
34972633
15901113
21768766
86697288
34258898
230635989
44726094
237403753
233601235
183039147
30086404
50310312
15298836
18650309
23948496
40553282
86129724
63150856
14676022
120129682
21268897
7684882
138787319
118756393
18227519
14630222
128594349
6331462
11349252
238197721
87532773
234489024
137454693
15753937
19725644
131144091
14445542
12988312
47954642
21992757
20019333
244655353
21122578
15864471
18722097
18732606
18038892
17831464
14856951
15649433
7215512
30231097
113763245
99747803
20115740
39525554
18805883
85830852
24435205
23391010
7116142
126428907
112345355
21866825
101821761
43962567
54594001
25088287
56449958
45688610
137887099
111391499
116588914
110501286
130929441
132204008
114607567
48086014
155642785
156333623
121534796
122315399
84426342
122124607
158470209
132201224
148453195
150724371
155724750
150688795
21731632
89028052
125095286
29501253
109025212
161411080
111635527
84119348
24913074
125445568
122174004
49639096
33563161
70526457
17973400
46236579
37481291
22172940
22134978
63169388
77015676
5416322
111053300
15087011
147649517
65106660
18776942
36259933
117537998
114497182
14858000
14845376
11640472
16425686
16425672
14415941
16117930
18944697
23645920
29300726
30901709
6206612
15973881
21307076
27882000
21027715
1025521
137466464
49620730
16081831
20474813
93876666
90077282
93069110
19417492
25320005
41387157
16071123
37094727
21443773
44401911
22772264
138479037
29216764
12144232
196168350
9720292
71627462
193785644
233842454
234837632
222286905
237403203
211530910
240376522
239871673
16907716
13673392
24852012
29465136
43920155
40116885
32353291
19268706
211588974
15463671
20733972
15234546
18215973
20786801
18498684
20182089
172835296
80638910
47081744
7744592
22642788
69181624
15896625
80317299
174480064
72583393
172495439
78886418
21040780
213634439
235289157
235719973
224294785
236960387
193794406
234469322
217543151
18805644
119899270
235258843
236511574
193762837
236487888
191477653
21251668
140966468
14074515
158788831
27896335
742143
5402612
17838014
14173315
22149280
15724082
20957491
19216998
47632905
15537855
14061583
20707966
236479311
17498427
14268812
47694175
35218566
114896223
122207745
233737858
43162250
239561508
233761277
102423267
237763317
234573331
237781383
236899846
233693291
23944104
16145763
88806753
15399512
7380872
15950882
85131054
234044087
41116906
236541422
71115490
122280156
15909010
240427862
241207373
78478894
85396297
11670602
11818502
24782897
20060293
52438574
50643957
71636747
74752434
15231520
106447749
40336162
65444621
15923496
24235368
242873057
21500056
10102272
77018791
26103389
19035748
5660532
25317243
43877726
17404410
22836475
30546168
17572116
37134855
67365030
61592785
21095989
18560397
20805189
34614773
20400398
32597535
16968683
21339512
26764697
15790930
63998911
17876489
10102142
50036176
117150125
110545675
115402745
27775884
19107878
113758100
18915145
14413466
25053299
16017475
43910797
97963837
112526560
77839894
173999134
18280993
131204770
12354832
33222598
20776497
24431892
69773058
16581604
50055701
2884771
8953122
26820275
89820928
9532402
18662804
47747074
72734386
57873290
59771400
89346959
52397612
47975734
19269183
15335534
15689503
14688489
21312077
50073507
20092295
20378448
35474809
22012091
15210284
23484039
21612122
18915795
40745568
14245378
13524182
50769180
210855466
21873714
225640277
238269188
154688160
43133908
239081147
19873034
235467388
235457572
237299871
238321369
180898332
16441318
161791703
98125608
24456727
14412533
7259302
26083271
80612021
30216513
35758363
7152572
1626991
172833512
19056144
165255308
138079541
110004599
230981077
147963131
92033991
234434922
240100075
30906163
196593632
89787930
53935392
219919665
16887628
19541375
67356654
21509894
112508171
14828860
116616867
7548732
70799725
31191969
52470438
74820061
25645556
5908622
76445672
21128266
46159206
20328811
22203756
803770
36804447
75339427
136526394
15378621
15057943
6629912
5515202
19188991
5639832
114388293
3137331
22605660
24905240
172858784
39834947
122729217
236916916
208344873
26596727
67835706
15624148
237814920
201079432
236653483
218779638
21681311
159609655
18168068
29757205
171543814
17079284
13067732
39751186
145296470
82179730
15570608
125844109
112888734
108351678
107740747
17477109
57739438
38720882
67418798
19982620
21805168
15232374
65707359
65647594
44161500
218542998
33576489
18909919
92186819
211420609
234022257
234812598
221447516
44177383
19608273
19677553
25311745
44397881
24002724
23080711
15677585
21434408
18097821
47739450
28264799
47434201
12
36667104
20508720
17850012
35727968
14189016
23098517
19091173
17844954
19115457
44209472
28614262
21384333
21536398
7841652
48029066
28576135
16193222
46176168
15186308
12789972
15729784
14368074
16419280
29732063
15773898
16491569
5656402
14267557
21481343
9075852
19550641
17971455
36921540
16793287
16859117
15075999
17544524
104570561
234053893
23606500
17166210
1759181
46681100
224320485
7518732
75600769
133439172
234822928
23007278
237312687
26083331
99212894
21492018
16193528
13796572
56810507
10221272
19789294
8161232
16896485
1118521
624413
15308469
18639734
18248948
91478624
16334857
15208246
14800270
1754641
12480582
11014272
32359921
18481050
621523
16827489
14378113
14321959
28175577
34713362
14216123
33792634
44115106
29856819
15935591
28140646
15110357
8841372
11740902
15568127
2735591
18949452
14514804
11856142
15905103
15764136
40335261
60919240
15808765
14224719
1947301
14159148
130617778
14075928
31127446
21982720
36042554
15731368
17220934
813286
20818801
14529929
62442994
68277792
231654103
110537627
200010221
213654319
28826775
231561694
230126370
18763909
32265225
26513860
203419690
233557728
223897116
225921757
52393883
145653383
234057152
101172329
69400703
17512682
172501766
118778563
234128524
163656981
234937222
70938405
218349372
221793778
233949261
27728459
108107865
184780576
30035684
75640918
18751435
15428227
229197216
98915835
201769341
7597712
223970563
84457849
209792690
233695891
219429281
224391627
31128529
203125322
220393861
188194323
232447577
210271545
15412714
232676715
17819471
16312165
76150411
16317406
1047451
10221192
19361252
21626824
43777717
23102936
78618565
69262116
21232221
23137413
202681247
15999153
15300001
126444957
148879384
60129631
54468297
185801826
15743476
15496240
15419258
15005877
25502179
31052647
36373801
14424783
111911942
74359681
109955674
26943183
19047701
21099138
126725542
71292264
163980526
15157595
151908676
147002134
15798894
161792564
58550989
159184935
58496652
37314761
158963138
159574206
141313063
158840492
128527331
43793059
138880973
142354037
110005675
70848581
155965614
107477012
155596068
155241227
35292538
27699125
113420004
151066078
115501806
127013587
115761036
106804849
106828401
41880683
143466411
150653661
141773329
147981653
149148931
148585449
76427802
146578177
19773447
130217365
109907643
119593538
38490096
108781580
15855913
27901028
56443331
142764528
27521458
120323729
6290782
115430020
17084156
135999781
101919326
126461150
138885849
97514835
15367674
112537763
46147555
136828692
136074622
18215991
42196414
126139464
133308059
92219504
71045551
130502360
130522534
19087765
93881571
117205141
122267585
125537832
126980440
127552774
62572699
41589023
126974458
125446291
125734501
69666535
126367371
124345976
125704305
69372822
23945916
125323502
84922026
45392414
82483621
124040877
18918050
80387507
101941725
109668358
83409584
107449056
110582424
119472088
87262676
122184625
111429796
108343644
74555013
115263572
117181174
121774511
113667506
117138215
120507384
117181604
21800402
18082179
114554221
120141306
17198707
13013312
16617301
53166205
23468923
16230248
115520733
119136247
18873808
48818734
116260805
116463076
57680359
35798286
10431582
115569997
47711559
42960890
20113839
112917933
106504749
111718783
111379244
18750617
16914680
90940863
82094861
92058649
102793976
95127883
109368302
87234401
28375215
30406136
108003011
107441604
71168571
15817175
28054802
14397703
33462728
101792430
105549143
105613283
75394585
104913999
18247733
42983949
94432458
92309887
14125149
70652071
14465267
20993352
94650271
102802457
102370150
100390298
38239901
59244510
33517855
18379115
17599979
98050513
97874710
97749890
66875989
95464243
61829716
97070718
96990681
51605822
96813794
77953
84335759
85821989
92366251
45646579
92369266
17890470
16592077
93671032
51797667
24366434
93061173
92821526
87183530
91178352
91644814
91131923
91158568
44069653
18308881
84151291
62582034
87195380
79059031
34970067
16501460
89237180
69420632
16928376
74824454
75306576
85975973
32578618
70530361
85264754
87783591
88258966
25070840
51218480
87530230
31453006
82718835
85591466
85801794
61195204
55640096
85341418
45909206
74162523
44441438
14690680
17450147
25837218
82172397
24867895
59870874
48393389
49975955
80416917
63178047
50905263
74447833
76698352
51950063
67963421
23244482
30009888
78961184
78129458
78630700
66260284
76066821
78191726
24587948
77636638
77295846
77279733
47343117
15984829
76873192
57940631
69845405
24084392
66223948
69675416
16314089
64334968
76400949
16929301
76022999
75431630
74644955
16435940
22255385
20542711
70415573
24478763
74518907
17573074
74268251
74198810
73262617
72166388
31927291
41189379
72405918
18843246
58979643
32261760
69309895
16321878
17452527
44145981
57525231
18241964
68505884
37497606
36277387
15524880
60084878
38482215
59807364
49311763
45887246
66241168
34098952
65926872
65863307
65793255
45251609
26798530
59643891
15522758
43780934
38467541
46671335
64515283
62913111
40509141
62625982
62042399
61628696
61535336
208115768
214667344
102118265
216970103
217239934
34704753
216509630
197427353
223960110
159763382
133894361
119074030
65169613
185697273
151526197
219451183
17913231
199970562
199979983
172920948
119450237
52789108
50632868
37210838
211036275
166887591
196005657
64775542
18868414
215362827
200492298
19185629
174125663
213721102
69431084
15638869
20053279
109280446
18566912
91348839
19367142
1050111
6996632
8251132
8184102
7039122
5283382
12814822
69086398
37759047
18089163
18676177
33655490
19828669
59223077
80956768
14562874
83884063
51500830
38978018
23775782
115703194
59536644
103868633
93965901
97171189
18229117
20879626
50918998
38237450
69160674
18004222
78387677
59969802
115186195
26809683
63073834
52198005
108959334
101843722
26324609
45994332
91578313
43955137
167498913
18060563
200925961
22830036
16030518
211208769
123314138
9020652
66983281
48055346
16016589
36530963
26316100
110918004
22803648
43731176
130714799
23176276
17781847
76118169
161948745
140203352
107498724
109349923
119377275
80976381
71921765
144284595
80766793
51602224
82276888
163725139
103956242
125153734
125145599
172456124
163960373
56099337
161369551
41187947
92598806
70193606
81415928
57288716
56486648
109499449
43350963
28447383
41621507
43550605
79282849
87773575
95963383
143159371
27285607
15021230
116623894
63566238
127333104
34860092
121880680
104994769
112541613
38667076
141350576
20320380
85460200
45382041
39959975
173304051
42967983
14730859
59152250
17075642
52775088
53678852
21016817
145385325
52396151
20646346
60102719
68183066
57393276
22475281
38902043
44268310
44611238
34320330
50654738
23120794
117165632
37419748
73170404
25919104
53509880
76450541
108196727
41252097
38624553
141759921
179205824
23095084
32246520
55043152
40315081
94892820
29199000
70460118
76508902
20165339
23857379
26518931
16689338
37181071
36372950
37865394
174378062
58490366
56504474
17172392
67390256
78884975
112533514
31900907
23417806
28858064
23721204
35116394
9692612
14438761
18293536
26802755
33270385
32725808
27080356
14951937
20885190
16224566
23866160
26889061
7401212
14863467
19292264
13739492
16067592
20246216
22739318
11604782
6139282
19983468
21810659
21114659
16101182
17469492
17621416
5693452
18791654
9386682
16925437
15810520
15335662
12540112
17599476
15182074
8006412
14304462
20513808
17861009
22741110
11236082
15160949
14550855
25913058
16069382
17111646
15939644
15220768
15816595
19416225
15318242
24139165
18767699
18635982
18114769
15383439
14138785
6945382
4207961
18496709
5667002
7921892
10913242
11347122
8357192
18608514
15012486
20494730
9721292
16273831
11270992
14331688
939091
33530012
7004382
61206798
21684013
31122582
22053641
84129740
15393337
15166261
14841990
16522805
9843332
18939777
14253797
15912009
17025312
18943852
15281676
888621
36686040
20597460
19677673
28819823
15361570
8128442
22812434
31611298
10326832
56864092
19891734
19918558
14984637
15007149
21406834
25781141
28582749
16789970
18695134
31801993
18696134
20002401
19318314
14140370
22812754
15281574
15022633
13491312
29201047
15954997
39249305
18979288
20078009
46016028
29442313
22669526
43963249
26424123
12726012
76966145
22509548
19912734
19083619
14275291
18061669
18811140
21660348
10615232
48117116
10102032
19028248
15661604
11650762
41363507
18216752
15394954
16721061
73303753
35829796
18170310
50798417
26054340
15274064
21137449
17627001
22029476
18001786
17997990
55155523
17369431
21925787
26089178
21421178
18327568
203082967
200071835
14060882
17078632
24448865
202937814
135653370
14777730
49964679
11447822
171004944
810773
136250134
18592146
120340927
34994802
179827616
117299227
180564322
16157855
23134068
39809143
25000858
18586048
156262389
83662443
90490354
198517622
7759682
18956946
20292113
196416528
10007852
185255131
198323147
15318099
90462780
16625082
38011924
107545479
153083172
137794015
82649553
112740986
133832049
50452197
58928690
38712914
28599820
18829123
24745957
34638973
20545793
16583468
17513304
20552026
21690931
7356562
14135426
158398519
115111016
40277246
20796447
107443213
16493144
30018613
56434431
121537837
201401409
194409046
200477344
188393375
43705551
21936836
101008394
75398827
41292079
44934246
42147668
158620445
188968805
66795763
115510843
194688427
188623318
35782102
147526924
196413591
196289582
179748487
56282101
197462472
157370358
159581677
42411601
49369528
16028071
131722520
16362816
23158157
15460893
59198688
87050404
197293123
193875832
16949582
24569935
17201979
16476596
15171301
17874457
14903016
36109393
28622330
19326192
24099763
40589672
40846655
41221387
40954121
14125834
40058952
25519237
37775820
20385605
26006970
42170154
14560817
42970959
20591457
34640001
40304255
41567621
23800665
15501446
45052257
29337586
34684031
15965992
16326696
16414448
22365614
33619891
15451696
41227213
45344357
39834544
49724095
31964996
51423835
53829873
15831799
15836402
20537500
22864160
13964342
15043569
39823570
38091010
58935082
44428201
59883001
47141482
21906576
17905038
14091395
15832141
14088866
36216534
34334775
43775412
35758513
40264497
66210528
62969197
60928196
16186916
16307642
16260772
55581437
16806278
18148203
23398801
47422683
73347257
70530317
40045792
15837246
43986327
12788332
40304901
20380454
76351062
23968963
30243263
41445718
78610232
24183358
18317325
33944096
19916238
7214092
63783778
42340558
55428352
65638852
51163602
22498894
15219228
24236120
90063709
90458127
37000133
14262212
14210705
19516764
94352503
55962912
21128206
41343296
14101572
15287395
28464294
105210522
8237612
74453583
24368563
19381051
21261477
109890359
18359063
16256106
121936699
19250921
16872173
17480919
9382912
102777642
21059066
127145391
19286059
22152757
29531504
111119462
105236602
67087805
131240899
15828498
55699925
131292314
11883722
135515814
135555050
16413207
83450579
15276841
139755490
59855387
50270084
18011050
21831927
12331552
15274414
39524736
12189372
49635942
16999347
37357729
72970724
35096767
59086230
15334106
110293328
11437052
72639714
26325691
115119048
15432832
25323479
15845440
21054417
53678140
17809082
24186082
64040816
22334510
25578504
18003778
65056071
21756245
142387320
36699488
50317463
8434812
83499839
144227197
31185990
101295207
15098463
52866776
125097557
30554744
44269954
170055177
31841817
156015475
5379722
18079043
83156284
31149924
65985040
30314109
168700151
7794862
5622622
33919623
128015497
18488494
91125097
16255892
181575301
85874263
57712793
183353672
21738262
183556884
183780295
178009813
180846791
14457121
182931722
157683642
14089026
98704676
183509718
18050654
18136191
70388173
15212685
120867543
174369590
34402366
163908303
183657122
31163383
194114364
82004350
117656867
19600699
153902907
50836903
14904437
22437863
18804994
30047260
19658173
17800215
15751083
19366646
31024318
8756502
13117042
15009049
14857413
16990298
27254905
21668728
16128601
14084999
18166778
65483203
18999707
27744185
145773758
40923070
138833320
128393253
35803565
110445334
114655637
158769098
65691824
19418459
16832632
15939889
20733756
12044602
17379685
50325797
57428429
104598468
13737002
188734967
135579990
16467567
15455253
19945609
95731075
103121811
114547606
31465427
18020081
17279594
81502941
42226885
14515799
20
133947893
18909534
136300373
104299137
63004503
20280088
65502117
19263381
48828085
18513241
20245031
54601825
49015544
18027450
112765894
34933352
52798095
18780213
16378486
59676104
79743108
151444950
47415772
16787084
73198063
31528187
123738314
31461776
86364947
16371887
84445191
14049145
17910554
17553701
34371118
120120773
50393960
14597239
15109378
93957809
1175221
82282572
9534522
19802879
15360184
640893
27689907
16051808
19294991
15931637
16250929
17044233
22517990
18622869
120212144
180859549
21312961
18528834
40923348
16878156
14342564
16669075
21520307
91038197
190215219
46764631
30959927
19816859
16742806
190328374
22931765
18678924
21010214
113047940
26496560
15358759
98158642
15097698
26122639
63246339
14335880
15764644
22689128
17683216
179180738
59461669
24618431
16317603
35754268
157858838
15295015
18111483
182818833
113425681
16072058
15918353
20635633
37666984
14345812
16686144
26749459
88309377
16517274
195126625
185264535
69677561
21758568
17530983
111622423
82115913
124560631
28652194
169660328
94497325
169662793
15174710
195789534
195783230
175110473
32143326
17638882
20572865
17789612
15745368
20258816
91602058
37982748
97298155
18948344
145797102
17971747
39572581
23082285
20645356
177310373
18890707
179664519
40367637
32374425
182215285
32509422
184099924
15620809
34036294
109724344
183637495
18461227
188984713
167507135
189065166
148086041
130690491
161533318
36492406
190723132
191683536
92915438
135904937
98929990
142313382
143855326
39901942
20620673
135166789
15799647
141648982
121547147
24173653
85246423
12651292
17029262
16563824
118789989
123910334
17387589
133266449
22169488
132430977
73127655
62389687
128423382
6393032
18244358
77017567
20536157
62607297
65431632
21220931
11246242
142321780
7126672
24431947
29615207
87524027
63500744
103613004
118824009
66722211
26383728
109595552
120284081
41683723
17906346
115948091
99879343
95819045
107746779
117088056
116512902
18555244
87715367
50128726
98932161
119944563
119348366
24187683
15270963
18316775
114003963
16026940
13954542
98254746
63363638
86345714
48115928
114756202
123218575
22044326
63652429
85634177
106465257
116487790
107221526
36354563
31958694
33631772
42893717
113710347
16742053
115724858
17745223
57320191
106689502
93575832
20677133
38459769
16999825
89319146
110521114
24828426
22719661
110538922
106849100
15570565
16926072
44935627
24735461
63786807
113266621
18310884
50438243
39273661
105210344
60636108
48389713
24439201
9624742
113420831
72198806
18172905
20259954
16898332
16160352
21674448
15693660
105230526
91349433
83932732
15256077
94366606
124925650
96842391
93910945
96899214
88058002
91179070
39305398
74164455
34927577
52774792
85634199
62847435
53414028
131636056
83948528
27366338
146099856
152121251
122240991
151090313
14717197
33771702
108617810
41019773
21111896
52419540
17809507
16565260
47455112
51964801
22055226
19658614
16405291
28181835
160997848
139843106
20183126
164863272
46002396
15988710
16031927
23970102
27311044
19850687
18486746
48043084
92079350
164412502
57586856
14511951
27901418
52070270
12272322
61220477
21619519
17006157
15458694
4119741
24752484
14761795
33998183
18812301
19719579
24115763
60713593
16045956
15923226
26587436
16927455
14773930
17959210
21878458
14125109
15753048
14892458
18991979
17777458
16002975
14555125
17834989
20593942
19711438
23607315
20593863
21682142
20955157
23508299
18679799
24035218
15700171
17993906
16827173
10840862
20560027
17223530
18693867
14946895
15210410
14437914
5693842
3135241
31142125
19405365
19605279
18646260
15932085
15961546
10486112
15554102
65763671
15259840
61687757
58101511
62943046
52772798
59987813
14465607
52574110
29532089
40510796
28330904
32155953
17957645
16639453
10691752
21344229
14115271
30107125
5336752
22123215
23803659
19419870
17990916
32475674
64729812
20608910
15498429
76811901
14288919
16221428
5745332
14873940
46822696
34113690
46184745
38488158
30864583
44122678
19624861
59462563
17625897
32329599
16446177
24731056
29898014
86343252
41873442
14845714
23976316
6980622
80613392
86084103
27897429
17433675
62690056
128422932
40318829
15641893
16424044
136682183
15075753
18041252
23826680
14296962
161801448
137455161
128235400
57363366
45019911
41403889
31956437
172435911
176905080
183643080
82707747
36588739
15678150
99320249
36929353
16100062
191600701
36874198
16108215
12511332
82369992
112060519
24000596
1244811
109905079
136675735
24438725
15450996
25505732
18163042
18147727
25067527
37616280
47201319
30313925
17454769
182455957
61189494
14128054
65493023
6017542
18058317
41634520
9508922
17991669
13695192
97051462
19495105
142300344
180055713
170432851
143839613
21136403
22540206
26565152
66161612
17539988
20109973
23124635
75367781
78369108
76350004
77250424
113473917
22508473
117777832
54412900
124224165
22545491
78431501
42924141
52503751
37007274
23103488
18277655
22528309
14745776
20801622
103357281
18953611
93307535
99570404
109865430
22140011
100273573
19693035
2871001
88740365
96863084
17481121
23973051
94165558
21418613
58473698
22632411
43493081
19932005
18907297
90018444
37592523
86826943
67136474
22667251
23947827
61503009
14995561
13668892
10434542
86665019
14317862
86168737
61754782
14554287
83761254
82424914
53699395
70437456
17815585
148593021
17854820
24752187
153009817
148440851
74294786
68498034
71580626
20267484
154591966
150737366
54885400
38320343
77055330
36681590
2836421
90340062
81155662
45967789
27860702
15224867
14434063
71294756
30043495
31310158
16311797
14692385
63177818
74768410
17346287
34609255
20600214
78408666
84318793
83922884
84383825
27048645
52593821
22937901
18633493
82075935
37940492
19568273
28614550
55926722
17409240
145048014
18632666
84620376
76185102
15976697
18451200
23517712
28336415
71691335
104198706
90484508
21661643
20784074
21121455
19253485
164549024
158896378
15029270
26039345
147995906
38844621
51241574
14454432
15298979
61197654
37764422
103060329
20094138
28195764
65146567
19659031
90725320
4898091
19611483
66369181
10126672
5988062
18646108
1652541
161054961
55845533
170922427
62807483
73190286
18176907
47412499
15210603
25124390
65129258
46168387
153966545
158007643
13
816653
16895274
1344951
14885549
66369206
14505838
19402238
1435461
16580226
16245822
15110431
14587949
145775845
17063839
19071682
38495835
26792275
48037533
73181712
11469852
188019606
96913699
19859403
16534226
111508686
59486472
185852508
178088751
23031037
183114941
168519850
24227318
50073635
18036861
180353370
16632200
22217781
155599625
5815162
24030871
180571760
46740863
180585705
121130585
7429102
18490056
21356531
24257515
59139776
45861760
161480847
21653533
53417395
138134267
28418620
16474156
46915927
41810917
59848095
120852063
155286596
17984044
18772468
42437656
177598960
76999822
17111730
117875165
58531651
16317890
41820524
154638016
20345632
29766367
54941379
45625397
87712431
56401482
43943731
59471437
162093061
43255502
15612540
160744443
161743731
26034739
45820692
167884930
159362503
40912090
50533629
31187824
46437223
38886935
78592111
147617926
21568567
33504586
35552025
75343336
25169797
16406751
38909706
32512904
72835598
16796846
21338200
22846100
15635684
21351987
19197263
73240447
70824749
17803519
54294321
27885927
117922296
26299777
97509644
45550947
21535017
39257593
38885339
31410747
61249931
25494359
14384907
57132467
16709596
16054727
38703298
56873859
14920143
59016028
59105186
40913128
18560738
23653645
22996148
59566436
59813239
54643960
49150498
54035611
53119156
47350027
36208727
45920515
58279094
20346427
25504976
62821250
62850757
62139469
59465687
31447144
63858421
65443331
62644635
66395046
16111766
38238734
45638349
11782382
32977900
30238742
17767479
64915038
44979715
60591351
27052129
15601676
74495334
63177462
75278495
76452765
48029363
18106301
50049597
62166591
20020575
22831059
20467163
70802540
78784359
22731153
14246001
21529250
55935867
14208535
6610632
22523708
57686234
60224260
28268821
27064693
22697371
84388153
27442644
83899278
45640578
42312963
86173106
86422994
22922926
19917266
73127828
14885305
15551294
586803
89899143
16130058
22042488
48136914
85418520
83620661
35671474
49855286
91265665
16696587
92052816
62641069
81992337
85916265
62520039
44896308
17601606
96991398
55273998
95419804
101606557
32407377
102428264
43158785
101849069
75347500
39938416
99386900
104248998
77632025
17726384
19736444
20933905
77212551
104627449
110576828
59564743
33611088
111603798
13852002
112010542
21857709
114770667
92443455
115404906
66189800
96849961
111171059
11999302
116012570
458563
118151859
18322369
48865258
97932552
28474400
80138998
103045868
112128610
119581252
119471310
67796470
123963919
42784789
10098212
34394969
125854958
33609560
44001216
59230428
9237182
25756083
117509692
30435864
128611423
116227348
28088582
31476243
89516233
28327531
110226860
63007118
133777182
77275874
18834851
120520347
60725967
52506776
138505722
150544798
31193912
151889188
111200467
136389258
71149765
15481585
154160994
83391735
138513317
130600206
15008539
49110161
21229340
155618679
60410595
159183157
62887120
66538802
136439784
129510413
14996326
104560169
80934149
6577802
5496932
7402662
8542882
5558312
14897840
1367531
7228682
14527393
18891923
18217624
21287590
14620003
15731751
17374056
16256269
15742719
15441380
15021465
19046500
15302642
14412883
15949994
14345062
11856032
8839632
19349317
21820363
18456694
17556805
14738157
18978469
18139456
16542798
21736303
19877680
19739126
16102244
15735191
9855382
18916432
18905115
19139963
15600527
17976923
16056306
21269970
15581825
7270292
15727817
13218102
807095
15918708
19151000
18791763
12413892
15391102
14413999
15856366
18805303
19929362
5392522
2467791
759251
19069733
15985455
20015903
14293310
22650211
18956073
19553409
16032925
15416505
16012783
20209807
20468692
26946495
13719342
20593739
24362769
29212306
23110148
20595712
19726613
22733561
28785486
28176898
16259594
18727438
14584706
14584605
14825522
18967498
17930574
21329888
26051676
23712174
19616327
22731105
27676828
23764675
15957636
18061386
36771809
21678365
14951975
25086658
32010840
34340464
18632809
23121519
37920978
32506723
27114180
21313053
14554106
26007752
60984835
20088666
26533227
21157904
20444463
55235265
55677432
36654245
50152441
23951197
20543334
18906561
20252855
40955475
76043920
74198348
36188083
55329156
15840909
39308549
22703645
64485600
17906632
13918492
119784192
57656702
23753100
8775672
9252212
81139286
133801267
16320634
28594116
96123741
16395291
51831703
32464130
24882935
78816019
78167701
61798379
63812059
82653001
91127293
96796853
34005896
85862291
86503110
17093617
15861717
25981711
100530267
14730894
107514329
104255411
17064390
74785038
39251618
19350079
19350567
38516217
16573859
22055740
31739695
17546958
17074440
11856892
14344823
14669951
428333
22685200
2704951
25162697
7713202
5357812
5561412
19394188
20713061
10168082
3108351
1917731
15922214
9300262
15675138
32007346
20402945
9567972
5741722
15754281
6577642
15513604
11611052
14662354
19926675
15356407
15116570
51228911
22527499
23970171
33977070
26778110
24773493
20097342
19407835
20192403
41969314
18030431
71281860
15207668
24904117
