240795584
31939866
171231974
46479416
155671397
1908608407
858111782
113523341
400391325
2732591676
1921585166
308751479
322170259
18777269
41687270
212638721
242355821
400550529
145001560
846000578
1357973798
1946157084
47365516
366428047
207300125
2369630106
24030827
2800433210
381794645
308849138
2939941470
2981473404
2596040192
202924869
20122228
3141392470
885381829
939999806
547031380
160102507
58708086
35785401
198667178
15846407
844443398
2789755780
27379870
15485441
101629378
1613223313
369245377
15007149
705943580
500262640
2377732207
94262891
88957553
23444312
454278103
787937886
329242277
345047816
176418075
15841877
459542939
365779973
1184107368
414244466
625255214
1443918637
2280138626
47416539
243485939
2293111124
2363229590
2411239818
72433559
30535847
191626759
633112069
314217081
1606272882
22881143
138186434
2678041266
858373651
2837052678
217259536
32510899
2712096324
20840963
2963705439
2273415637
3008882862
537567448
45900287
323384959
2161508256
500532642
2200602638
1191845912
17795275
138147690
573928327
3128296358
900492139
19417197
87280910
3094480530
617426618
850078261
1636022156
54417706
18354226
32304094
554684468
18510489
3243718652
3157910605
55334133
831098959
3256031570
977100535
24666230
3096947917
516815300
237352045
236576462
115504263
6519522
550606824
501027434
24448794
1173033055
1316866530
107504277
67113480
2153560873
42658234
26112336
796716343
115537472
89017579
24959839
293051222
31517424
37085464
49205656
403081467
179615493
607428446
2196664897
19549830
14720319
39643100
65171105
740811234
479095296
2573432593
1118079733
2843615370
454197888
594267188
3038614766
74889095
23648179
1390186333
1618456603
25352993
34047021
81191957
3018938473
80729495
3150514808
3158600684
3301715207
30164878
928693028
3246100202
92079978
3268436390
1455298260
555655298
2207765989
353283557
33669211
52521869
2291608040
311497771
1861284763
106872943
1602201199
499568455
141115815
783086442
2351294292
3017868433
2997996109
2854011713
527723547
2742687757
257242329
200216812
229380911
61262931
40097515
33648352
500166038
305867526
7780982
19014663
108795213
762395028
184185022
2493388230
36771809
919737506
176850599
102106430
354578862
61688362
2831023392
631188092
2857055737
21824536
1327776068
2400514315
2398031124
8313312
478017399
37085458
1650781724
202418454
52227189
151171985
19958801
561692053
2778860732
3040065205
2290288518
3097874940
57780461
597842693
198289867
88056939
21255863
69440018
2903105424
2460338420
1083802818
818930496
590297303
68461211
42763259
17419923
293127894
2317959758
2769414451
1609648464
124268002
250886593
19217091
300938645
574920561
253683287
2470185366
3167810631
908496738
374144400
274210798
1583942378
250342495
2400179569
257684875
2629515699
67424923
41474889
50028004
49442241
249844569
333820836
21772723
2677426729
2890107007
3047074646
2188982358
2989122925
62824212
235660300
3193957963
118829062
179075187
60228837
19620375
823860
338022788
142781573
193771633
95270002
106516018
11347122
17070113
206413905
335399984
396395609
23181333
388535773
348176923
321490677
295964382
287024128
253769656
25144145
18822640
46470122
55944417
12962962
195638329
123886325
55640472
56257903
47798449
284756662
416574507
61261275
30008760
16190105
38707559
354519705
31035182
435609839
31622338
36484730
558085585
22559089
21128266
36771787
43458175
18973663
17564640
2187650058
15497306
790264567
552017603
234834699
20289274
168728442
12375042
177999514
369255228
234997523
1671560472
382295194
17825891
10378382
1855680036
2343970081
2355919591
2833273823
2915757084
2923391802
2935344764
2964174925
2984617177
475159013
79322444
519001076
14480618
96847978
1849505521
2302577088
47644018
2315733218
334188730
25458792
24263424
156056293
34404844
561656860
28306143
18320576
38349184
31255804
2309040030
15989554
82749412
81230937
40160065
1061097824
529862076
940808108
49077137
369143034
2900204183
430981497
1542473744
444007700
179094652
19171877
16797844
858224539
16913895
885535548
224813349
68816031
69995377
14339587
39532767
361321755
52180914
107543919
18916061
28166836
144756663
419704452
50371921
252603454
183008734
331152713
16579346
193790024
70198867
38530157
14631598
54885400
297247574
18149465
17004618
58581480
131497030
23102350
17846799
299730604
41488991
14478046
27457788
435175078
38477209
26448725
58529612
948398972
197485214
1375658346
21466182
1395803407
51853612
11007662
14348157
24431892
553215046
85369984
534494917
132254256
112265447
471291013
41473572
33607084
541004675
355641058
15501934
41402405
156298496
89604232
10696832
318727401
26673200
97385730
16366474
1104425378
1653260270
16584932
1898626411
19259785
42633608
182161200
1482978366
20482383
1283766950
16163810
55019447
109315305
115774147
414331122
1650921950
85662642
24928809
266369729
1290256849
34760394
47274463
45572359
51530419
130967186
18459813
132298262
34703105
243419708
50423990
269854738
48155110
131058997
27575408
263955214
184642522
25690402
34200071
555254717
45014284
513656051
545524836
21765244
1633906632
350597282
1004956382
2176738226
126672013
443394259
16621525
302374075
31532083
27993391
244701234
1285266390
112019586
2570253864
58062461
19564719
382993251
251784709
115705583
16135536
104638313
404170541
56396685
18456014
15209501
2891072653
2954192424
2263413330
19918047
278771948
18652755
2658491564
36137348
19809471
245965085
334319934
22803482
15359126
33573444
248275345
61640271
59029238
22559078
1167156666
2378831773
2892396098
62944463
539732451
1542187002
365531838
17108221
20092276
20353156
893602974
1921537580
1529169336
1579182835
956763276
19521983
194750628
2201782562
78975783
50495738
137589397
522381627
19319374
138848875
1394399438
369693924
297614715
3258494263
176992068
17796018
414629915
3255896449
50441501
104559251
43925013
20437286
3016280193
168374159
32483349
1281405877
44873497
20179628
1604366701
19418459
38363082
15344948
14998358
19942100
21091954
6487292
437922544
19362149
1149110551
49802474
1072897710
35597067
259918701
296326450
627917634
166253740
15358566
37723163
14160987
2488077338
15681098
171203091
1167445896
250386727
16967845
3044993235
104066663
553852111
19719380
359601344
206721200
22830647
252296570
244128288
438091549
3300648136
133448051
3238596565
1061385474
1055907624
18802034
3130538820
2863006655
612969813
1541813136
991318872
30815935
1536791610
38917331
336899041
2968451607
25119660
200958563
3179786016
1327401170
22154062
1222257180
3094131336
2471161556
7538802
37515236
24852488
762656257
16365036
2485930448
18493411
2828355126
16061946
2978291435
1199794686
2927758254
104077046
774510134
15952856
393562221
2975350155
142721190
163589845
198532943
2916086925
209109606
635916478
2654405359
865128174
214503208
14856348
118747545
2170574586
15446551
339307665
18516432
382471812
236279233
18326925
18964194
126369849
36734275
254098644
581277169
206727673
21326212
383114423
18570861
2927784350
117206108
38276009
20459663
23825303
19258118
31176443
172137108
271128404
2970279814
457268392
970207298
1060984272
28652194
14246088
19608297
487934013
56810507
2788880935
2730222072
92055121
1601549102
394223948
462143773
566019038
17007608
563185388
35702257
16017475
28150480
387313554
277265285
2305428572
1068470480
237845487
7713202
39073462
803172080
18120497
1617805224
581948756
2287578968
1666171921
377174038
18227519
1275136292
1541518434
292474528
16369269
278192411
432771620
1260172386
474351727
7334402
142510630
59872561
27973546
1183502828
787373558
372403212
2293131060
5990782
114887629
48177456
494583213
2178638689
26886095
266133081
1135486501
80366372
16538210
1339931490
915514734
500704345
205466200
16051471
22242298
17006036
321120635
17011177
827706462
1173297636
369505837
1594225580
17358750
1392282998
15198507
428333
44988185
112549655
25536902
1330457336
154311445
16930125
75116146
16568741
12804312
121817564
58503762
20202182
324666584
262800581
34022952
18363255
426041590
21019697
45499651
330489425
15224867
80654397
60919240
160720376
377949581
46733238
16302354
17167550
16801671
182819523
16413730
16563576
351065668
60610799
21842781
207660339
36966733
14074515
23995748
20873135
42389136
476256944
49304503
281282774
242418441
60837056
407013776
546383985
163162704
14763834
10886522
14878485
38287098
148809273
67457780
41416662
369627243
1058917562
245451804
995193054
126171100
19674502
939091
1071102246
776664410
89792919
1080509366
1092979962
1077121945
1023020557
1045110018
1051127714
1027156464
28479007
467823431
950783972
1037321378
1128781184
14226882
26637348
729177876
1080844782
231510077
761783018
18180495
1339835893
1243902714
154688160
348004787
38808088
201147850
5741722
1058520120
599503354
16012783
595515713
565469671
456806128
63262233
14437914
7744592
409456907
34310801
615443591
205864193
14062180
392810019
9567972
18825339
30249306
21619519
119784192
14377605
15808765
9300262
15918708
26946495
409486555
238259855
97503010
108617810
48802204
14246001
432676344
455024343
133872807
270013816
75052666
807095
9252212
1093090866
9855382
7402662
11856892
15754281
153149305
88055372
31128798
166304936
22051757
1074129612
164369297
28337697
5513142
410216127
377688406
176509198
163633469
16188231
479872233
381152398
130274805
388468632
22677427
1418935861
32267293
24165761
942156122
30313925
1064206014
813286
1296241045
21228708
254117355
1055730738
1048784496
1074412920
23124635
295685416
30354991
16659921
9648652
10252962
92407522
437073906
197220125
20496846
26424123
22011004
341250146
1093338182
38213241
32774989
16250929
132278386
488755647
55355654
13058232
12925072
40302336
19948202
110899711
11348282
119074030
51192656
15456558
21249203
135304832
463132556
15361570
208668757
68448471
2836421
188001904
19598173
267938462
385429543
17790274
32429074
404132211
70799638
16007894
15617668
366263626
44177383
16076032
331816614
97910289
60777394
17171111
22584849
14717197
47790669
16664681
389481703
1917731
78408666
35027698
59676104
247486443
384392601
14995002
61579684
15935383
22162854
124508449
39298589
14764240
85634177
3108351
15210410
241207373
172236521
26367478
16141789
64576818
67376793
111891558
29814638
81894325
17873297
19103471
15985211
107539757
110844269
40313755
104306663
28224646
365085037
114121395
117205231
177668038
178350572
14853232
111724631
281708305
260396714
13524182
14529929
14984637
44783853
17006157
166252256
76392970
29442313
89820928
50393960
192955168
20469722
73238146
308721230
244243985
37461389
15675138
86697288
242761889
2467791
21220931
14511951
5392522
17445944
233695891
51241574
325231436
74294786
60828944
238139362
15430418
95486467
18622869
72198806
7259302
9532402
20608910
22506222
73181712
16613128
14625398
16669075
378834608
19068264
39384517
40899155
67378554
19300170
15647676
39824409
240700617
46232477
13393052
22706629
20525702
39998413
56767953
43940250
16899221
16316895
15854702
37107406
14218637
22789766
17499296
14240875
22678533
16000856
53176629
22563843
28796289
18552000
10069612
141305110
108993692
29823308
29955221
14695985
20777464
40280441
33712206
21503254
199042980
204428980
28220795
40924038
22952132
204458046
204459963
204431686
33726864
39355413
17918561
125241911
17036898
204445267
10222862
17718497
23083223
204442549
19014392
36218435
21041553
20642650
16191064
19013887
175151923
29522397
20346956
16374678
14270208
20108308
357855989
37014866
14471197
16337214
15997746
32810489
125699093
19824430
233696188
21059255
63169388
135297032
16742806
10326832
117501995
19726613
18695134
278124059
16160352
242836537
43910797
15939889
109071031
142355614
14948868
9636632
23043294
248900032
36683668
25332656
310040286
83795099
14615871
17379685
54645160
25103967
28468549
9624742
66369181
31310158
84380914
16630062
23535710
18528834
36681590
21186125
41626713
64414232
250369465
80389821
26864590
36681370
19037272
299485841
17674136
17954494
21702539
229873610
149982376
17227291
92572677
113420831
18060563
258082407
282093902
14049145
150737366
124540457
188254114
96405362
115749048
165998897
258076473
24926288
246357149
18915795
41269920
155669457
18056015
79743108
104324860
238197721
250710495
153083172
314335929
150078976
155724750
245408102
252819323
19716781
233737858
21684013
28599820
51228911
24539426
235271965
122174004
22192142
237418907
43920155
85634199
237944147
246769138
150688795
240363117
85396297
242873057
234797704
49639096
248850174
23593446
59884592
28819823
14412533
16721061
218349372
17494010
234374703
234002627
11270992
23103488
171598736
109287731
249787913
35829796
242555999
16317406
325830217
258900199
151963505
111635527
237770636
162069635
77062281
235190657
15861717
25086658
18909919
18030431
137794015
14384907
32010840
246341769
224285242
233693291
31611298
22527499
7356562
15022633
85322445
20552026
20209807
74198348
7152572
29205600
15183303
27676828
19407835
21312077
111919616
224320485
153865861
89028052
20078009
33977070
26778110
18805303
153919023
153944899
15281676
77250424
20020575
40318829
15356407
293131808
47412499
234053893
155642785
26051676
33563161
25781141
17449843
19318314
115111016
46176168
103868633
92102359
211530910
61206798
235719973
40277246
24745957
236960387
234937222
20002401
18277655
33530012
252249233
236541422
37094727
23600262
30929600
30216513
211420609
236899846
115979444
248735463
75367781
239964567
78369108
7004382
16789970
80612021
58928690
15442036
176512266
13491312
247334603
151519500
19891734
250188760
237780351
19139963
109025212
83901492
29501253
112740986
46016028
233783568
198980151
213634439
24913074
107545479
164007407
18137749
237112418
140519774
92186819
5357812
75124560
161791703
108376246
48086014
148453195
150724371
133832049
15954997
15428227
15458694
39249305
36948268
29450962
19918558
8128442
28582749
13804112
50152441
28602948
21982720
22185130
22053641
43409523
76133715
46417885
22812434
74820061
22669526
14135426
16583468
110004599
48388417
50452197
82649553
19354391
21406834
20545793
237477771
36686040
31801993
31534918
18696134
136550204
22812754
347395654
61734492
15945324
31128529
18097821
17074440
18172905
167024520
113758770
260790804
15210284
15922214
326208966
26604072
56708256
148771088
108189101
78623653
76381104
58683409
22626920
46927338
285252127
15570735
217530311
48125246
23466918
22924446
243337600
246789509
249384564
15481070
218982732
15739494
39155029
48115928
14213413
15837659
18683964
30223587
22675685
3335531
71294756
50325797
16129920
23104302
222198237
227837742
80628196
125445568
38254095
111635980
156333623
22523087
263815367
70526457
137823987
168673083
29293808
199325935
242426145
240812994
138770045
249410485
24195214
158398519
84119348
305216911
153486399
312134473
30912937
239905257
221792092
234014087
33576489
163570705
245516606
168502762
227088228
232992031
260845829
216503958
193732179
235373000
292935209
292990703
161411080
291903997
267854863
236511574
78445977
193872188
249348006
227341953
210926192
31122582
759251
82453460
19037037
317226055
239949176
206018952
25011411
13484442
371483322
204300039
344233703
16368692
27303015
288927902
56864092
15716291
6017542
104727439
365615672
288751432
46557945
130878688
5796702
158290255
323817277
63796828
339206441
18324199
28662354
6185862
16187637
358057296
270175340
88806753
366228554
23105781
369525032
16353982
119250381
246088673
291504933
261918703
242418273
14269864
23735211
273177396
78368586
131055748
38712914
305376209
331681951
14128974
242892689
132201224
188019606
208692908
344840680
22012091
186092685
43963249
15764644
