34665127
2564042784
2193400760
23881574
2970279814
16549201
16015091
191083496
123479063
48215429
18308751
24770217
633003466
191107663
381266074
747749546
2800084526
2904637335
224750592
63045431
65215891
1075089374
134427112
123291374
296304226
340327326
2900767720
2987483668
21894957
134110699
240765593
1484961512
2341159958
84378848
3092192567
31450819
3031708823
1686691928
2923582709
2326015857
2968029322
39711597
18948143
28561027
29538979
3138468747
2742214617
2814785968
2752139090
2178679008
1944458612
2333964619
2329076774
2516109038
619106744
2803614096
2549911927
418889311
3242013310
2437671822
2445052246
228389906
265463329
2548713361
46544242
2877946563
2366096420
2730606012
250222029
117839302
757587319
345676999
3213536025
2834237865
63526220
20707070
21723322
1137453541
15964580
2623764213
185682857
2651214607
2465123016
38736482
111046184
260928758
27830610
14361155
61377232
38146999
302070709
2581271996
2830791478
18213483
20646711
14499829
33933259
16153562
14159148
14700316
22642788
69231187
153444178
17137628
309978842
17789578
28145061
48269483
14177942
2976543047
407013776
73303753
21269970
76649729
2396505342
117501995
2907885010
202206694
109071031
233737858
476256944
132278386
15442036
2729956840
63839051
1074518754
40915494
2727559012
2389510460
1735882064
575464642
495015513
494380494
3130867439
2834299063
1061029050
2324194436
392764304
127928299
120646352
1900721234
305232591
1244085512
1854975006
1631241164
2456707278
1072403154
69706816
2877069237
2563521601
18243723
2533793286
2677498764
2471776458
394741838
2573501064
2544242706
523211314
2575826929
2688974319
31611298
60828944
278124059
150078976
234141596
1964991720
248495200
232992031
1000783368
111416652
486694111
17006157
240778059
242555999
18909919
462143773
242836537
148529707
970207298
29442313
19726613
1068481578
183259848
18949610
2467965492
2460256610
124181767
1670733379
442824717
310310133
2293131060
2473903723
2914772711
252249233
463132556
1015705632
796638812
334741497
1222297982
15570135
262273310
113445636
17326319
1198039908
64079552
362840074
236960387
1880583912
260419014
28153561
3554721
34113439
18713552
24898621
564106953
1530850933
17596622
166252256
5031151
1393155566
57625403
1342861723
32119740
576853647
1574251153
338319224
26826409
114866527
1608432529
1644773083
199317006
84903751
87812369
32921186
239439548
248264067
105162727
292455451
309262023
19343562
605375135
88533866
1328140274
7510172
85824938
51068089
66143890
109332234
260943432
265037763
288532331
1488435968
2308612711
145343345
900549427
23653012
1450512691
1398100224
17788429
19284261
18766906
68025904
18614342
98398836
103037022
98322745
103046143
53062547
68980094
59564798
95285609
29504536
23015084
109058903
66998941
55582343
27935248
137770235
142393358
119878351
153067172
118818093
91156347
160195234
172559052
125166697
30031308
140099770
224056289
61582588
48796751
138594113
55033258
260839696
277801217
184899800
294752887
281161938
236992650
177398176
73399328
217124409
294201193
205679165
14090132
28698239
41529181
350908102
316725384
359981620
18964379
85902409
80381880
396828817
275159633
289117685
22416938
405686325
146585398
120927732
339190822
468490309
31293626
125487457
110467614
19716404
29425487
558034721
138098688
465084278
588631752
124317860
33996344
139908244
135557861
52159686
731523932
23626980
18750802
599216824
595787520
158206164
392222249
161904722
980512944
399675772
16845169
1206121452
103031208
22782188
596598265
281515854
1244122879
408791489
112759513
434994564
1380228463
1222664497
565968955
171053638
1066676736
1908664580
14379785
515725439
1964950434
361645661
49180769
262912230
48367448
2260507190
1628980760
606330511
41655821
115545594
54304577
112505204
48029066
364570373
54570667
15809727
878284831
1626917167
369059154
369066673
2216560051
2230607305
2187438246
960920364
335326469
135576133
2196201139
133438186
34180269
853798002
939922981
590330725
278005891
15174710
1876298844
2248913634
2308800223
1154588840
593140589
1505714833
1254576104
318028147
21612225
1170003422
2270443266
2254079996
2261192721
2274754051
2279407446
2168890807
78603167
937481588
1635378734
84641294
1410500946
2277952326
18154217
2237665842
2317383854
142402375
917540786
1024928880
20058011
19239163
249899434
2312299009
67750471
1550919151
33660572
135200884
2308616731
1001784259
213503622
1635919592
352056439
83598788
2317745971
577304357
2273343424
1433036456
1603535928
220923989
566369420
384384278
18097821
91169292
89478637
1681763293
1327949756
609552906
171073589
245864025
578356887
18117919
192664610
86368577
18194868
1932405000
582157733
182145367
21550685
2263334599
435276908
261188291
300352470
36759683
1970607823
1689189194
15917630
46782512
572137631
633899914
283164306
2263105807
592334454
117659200
107206055
1353377700
18703345
14763659
128389012
364274029
272525541
474932712
712501494
1431847056
292989056
107449826
628015256
48084067
240472400
2306647293
364415553
55049166
910136244
84768611
636688230
72198540
133546404
15932932
954123025
929004270
714937218
855075362
996230227
288385195
339879850
69646497
608455428
883579848
24413977
394242488
962871860
467631595
1122738277
38215214
562961067
1087770806
355712992
48044126
1093922000
1155162818
72065601
1349966132
74210613
576529977
399577130
489222969
153884868
221101562
1061172590
1855321256
45056203
1506680778
1532224872
543625402
1390640984
46221598
949898394
833242902
315582996
309925106
1533598993
1668500610
1010395704
390180677
16555985
21307076
1618714663
26577021
34495857
53569932
46456096
1949952715
15766039
1965357588
53301765
476824752
1903216968
2172419529
1319417444
33435693
2196217076
254807292
916752649
216344783
19609871
309354920
28870288
2213613162
575363003
16332326
492251565
2216537637
2241262964
1857869390
2213468251
50560311
2229346954
1861190994
2252274415
2253694345
2147670878
39428226
2232171774
125206746
43050044
18244412
365490979
28118387
65828608
2273640728
1698280417
43473209
601384527
2203375586
2252134746
372053421
15229188
2310528158
2224072345
17873745
2310783239
2312557146
2314247317
1240681
15443890
38692888
15037598
285269470
42395082
364342993
141778902
347245760
340549863
17944671
197539002
14296273
199055769
103942996
437503741
462163122
105965228
540455587
34360929
548561417
352026384
21123647
248010895
143867911
592819524
331681951
419693158
564990540
558191594
17467699
44191548
811976863
979133257
267949196
91652702
982851504
284620759
950158873
27716826
591150776
153558139
77852581
815960665
1150029764
521092698
806110321
234446891
459887477
18786447
55158039
343451708
468674117
16886894
72884238
25003753
784965392
1024746854
1245163964
477485439
843912230
515989621
229335559
2169472422
2174103576
25763832
322812962
1105334922
227028538
314647219
196368765
1197898248
274736684
402332614
29728597
14376967
31393043
42255271
93212195
100743086
16925660
29779519
90325266
111406717
16116251
101647261
54951577
109694162
20099242
120242976
23064476
118743711
15383919
19362868
24207337
20907995
70188601
15113618
104692014
71039916
38344892
14466538
18023868
94016740
86341082
18771663
22646646
15653202
111007765
14475920
22879351
88933128
92855820
37260749
72885380
120649024
94243117
140157265
116798357
17618786
29583476
65808843
152690967
154139987
28394129
19878697
157734740
158470209
66357441
162871142
125416348
61882181
163479225
20254142
169561374
14754425
20517132
153091436
70471896
45686755
164710895
14768952
68083195
52828241
172394793
182403077
57013319
148094691
134477713
20729975
72904412
66822174
24429371
11772682
196145571
188803750
29430343
72452520
242882658
71569841
200678679
14868189
191049981
116350889
17448303
22493045
28696353
301604064
71371315
22785409
302697940
61611799
21759820
314942848
243791784
30283468
281064265
319012107
156763824
16754118
317254717
302920210
57461536
54296109
15784302
261852987
374097404
272004287
311641146
14703106
70571803
386727372
21970263
385105202
347926615
397291925
16659899
19025530
349296252
305016035
428537271
430433929
16208460
215884473
29312850
33332404
211179849
202067587
436117560
273141201
361569788
397182438
455469108
460684334
461758665
17090795
17789276
22422634
14725649
45991436
480955775
468687005
452974940
392665659
288233176
16421014
26637348
377271924
17296035
490935331
411524389
468034801
361393706
357684818
83513004
364896719
23580927
515625804
22165261
21165005
465123413
497373825
219250628
171192919
219449389
227454727
241588664
193964230
23789790
274731123
65499704
554693989
555379861
451272235
26316775
313952006
280720419
100036590
52553534
451654020
226506344
375247861
73988384
569167982
519668788
571158597
566871721
25403684
16617851
16075320
454539164
167150263
121945098
580286822
411835324
588402374
332307234
587547915
452727219
229109790
15265001
592512872
343380755
317495602
594060392
597857018
70235893
17111456
55348094
25704351
600599563
39510746
607771704
273441210
388053391
14626995
288507948
614773500
167795222
395484542
602759769
47835378
28584013
318062294
38679355
26657119
22859140
19682193
74897409
330515374
141078004
635510962
283352322
33117932
286545989
424741756
265085751
231854033
62671126
351973957
47482797
308840084
134638026
19915898
16638980
788296632
426677360
343285538
408839790
29788918
37514771
18615659
22295405
816419562
46427662
818698800
115495895
561633130
526054121
274769735
423054998
18358705
430159150
58333950
769601490
836485514
517089858
25542877
194713944
858496303
450751597
281632474
864683312
781857494
867233550
374543189
176588226
106000920
277849970
574152837
114887629
17655600
920042712
18553367
922042573
846005611
15547802
579112274
27908572
162056343
377393675
474619474
194389802
930009097
66199321
62520680
29639814
301776238
22549882
252179319
401515711
59577517
188144016
939052352
200628252
295995368
153823064
236480864
237746551
344679491
85585813
15483946
245438370
170767454
151578665
142721190
257658885
18646108
415966280
266824042
700222688
1055362014
305145458
247850985
353834752
18845530
960436705
24197648
14730894
568452126
229175453
820173752
279373308
266106000
380921124
118732539
158495061
179610640
334127852
1183206931
1191870276
256170896
1334951772
494114249
858111194
196748174
41429631
19786622
363342860
72831557
1246678454
342935720
1335517206
1603787905
1115191038
461505624
26030610
630184201
16641300
89712227
357200074
41564405
475499381
777354542
1673042689
1722832878
1618495663
16636871
353174835
377702207
1581925400
1663725636
20270621
462554370
2190487244
23812108
773893094
19843636
44143192
20992905
29221587
18903194
84354311
2211320748
171149542
63692697
17881328
980114203
121255463
109657062
1466111683
17675731
75373131
389145344
2241743424
2247821292
2238074904
82671189
2241138930
199555284
80391298
37431438
2242472892
539311189
177405555
398877076
366358323
270017791
2273275802
54563537
284901144
1508012754
983149561
245621615
2288913883
370988874
61280883
1601651876
231939736
2172244227
2281737371
372225061
2280929971
89412304
46262051
2168574050
407270680
116747958
1719101174
26509918
743529517
181364295
31794226
39608677
2294530705
1278776959
2296080936
18653631
535288090
286058802
14246202
700230709
823222358
1240217094
61633739
15603221
500143180
1468739066
2296249990
21433560
305720701
14587949
65163785
21870081
2224972406
1878201066
380648579
374579490
571297251
222666657
55896443
2188359224
227641651
31126587
53458186
160946337
20867568
14615871
36771809
16888571
48366585
76348185
292466294
153439299
1605952140
102679152
65159344
118721079
632498045
52877269
21359612
21447363
103087786
1254517572
48454879
28181835
87584353
422856507
790211682
1608844537
1612837680
448020982
414251711
1646393125
594582469
1681423788
32686575
25569903
1707373519
146508704
5990782
1613821106
146488201
1870735356
1872795690
1705886484
400288504
281285283
59200611
1905099451
933645745
1621615729
316298587
276791768
10117892
1939063208
379524578
1938450338
1665914228
330771502
41162251
1657911324
421643092
1950060360
60771615
15769327
14688489
15464697
20295222
14870670
14066024
73238146
398088661
49153854
21121491
1137600571
19554219
1876175636
569331901
369238541
42890851
40711814
89820928
1854981890
22771961
249722522
1723330200
1089237912
1328929189
451666384
433563873
14629299
488712373
235289157
517861335
31018255
569388146
52401142
16711971
863701598
1549179565
1343955763
1620716952
42992181
1198135334
246515164
21822654
20178217
547560253
718175204
269991697
478766053
117228856
632873556
290257925
151473328
301516732
714718376
1686016976
354961568
1692244057
369204303
288923038
204503119
520046183
16239626
1699297699
71433836
389487267
1375152547
1396022708
430256016
88826066
1689872382
207536626
205011763
1252243674
65535700
448486135
17914925
23010054
624329017
728129676
5688072
92202044
729547056
842638416
14454786
788209056
191304359
17722756
987909620
943017463
433387585
39752297
424240285
961421905
19875993
1155995084
14255040
21681354
274646565
68966000
232596041
1359602480
1574990413
519929902
96023
1628195568
45983105
15183303
46711811
59238835
21785044
260368435
727963
512500990
54941426
551106353
593731805
11378462
15265641
1213620762
30761275
34441549
19224114
17995098
229703722
282255277
27782209
1569451038
952481268
24183449
1596786570
1620556796
42670135
1685744726
21063363
172548642
1691046427
1702285014
404945835
606522584
52813641
200571518
49474869
18088463
15485432
1617744632
351685862
146190419
102706215
94344808
278314488
26780957
854008327
458739483
860634728
15068257
609195443
311023184
554603757
26111775
1073561209
145419278
1494041071
98268847
30596837
34953354
1538062914
348442088
74599918
192955168
1631109384
154566551
475075345
53176629
15639642
175967016
1074129612
510516465
1633542559
500766217
5287
528539885
1484938962
259089502
133486308
21221064
24770093
33615620
1439976210
620307372
356399007
86325416
1566543212
400092906
9300262
397507908
1561791847
92095643
1475137418
15433452
17453447
792325693
1513689998
107208669
374232949
253639811
250803183
446580270
74758341
1616499390
199082624
63126241
360285166
20245775
61233791
204434814
260971071
65376193
1164503064
21563744
455109798
131178254
108312305
74765623
976258332
1596699589
25605494
1194231590
1426047782
112845571
903799488
618608380
297221768
359620546
21896367
1209573001
89292711
124000940
157039114
1284691314
163987935
591876117
1057822968
1556138641
1356919946
287545295
134601375
1476862580
270067927
35014834
193872188
310953257
85396297
1490306108
369553654
993524850
156063783
98909375
308743028
374330477
22097803
136371370
15603311
1183621296
378848483
158398519
34666433
30002509
161411080
122714809
240427862
339852137
38254095
1135486501
599329617
761783018
26516153
235217558
18773159
1009269193
237944147
19658173
1206227149
245451804
136337303
29205600
210926192
1175958288
50673205
825525265
168502762
112740986
30216513
156333623
162069635
239905257
78445977
633855519
1392282998
161791703
17027779
23540361
145248436
41369773
1287149095
314240262
256832272
153457857
299381686
392699763
18307340
9208952
19608297
21240602
221045714
156738227
1137812635
64795529
312798626
1158720296
1397774340
1485551712
56727214
1550501707
255245585
566709360
1583389964
14921574
118892111
215215627
28411571
213389776
279574627
310128043
121535590
560846737
278149140
514876068
373593513
16249259
31417953
731628120
18747369
1009140799
552768373
93037913
293082318
458693845
438905349
1071604992
715059638
338425619
258965523
568319415
14293025
88180583
35003627
1193997824
1250743716
601949531
188830461
1287341107
1235526794
1322921756
505404746
756291187
1152751316
98196039
282114119
921212268
317980134
1058061499
760210998
197603208
16453420
398869611
296765775
1134282475
874732650
217284217
289343371
560385743
1550656381
354957106
481713857
1587631
38224385
28142321
16843846
228830689
65389537
117484855
234891867
500073781
26222462
24102725
592312296
14676022
463040675
381177988
776655991
119411734
617804334
20173458
139939973
323536807
43053413
154239059
88234939
154213123
34526085
1296269466
1408489387
21927612
173999134
1271142421
249219300
141306795
383916334
385972075
169289385
412634644
227424743
22951958
280627612
584675318
95659072
904157112
1117960069
1129817730
1195514766
66624408
1020980648
138506596
1078131307
1122007460
594328445
110850418
1482516114
23249258
1491452546
604133122
1491823514
1463372208
600265372
30079649
1494404659
30957215
1494212659
1485474386
118513720
1123693591
239566709
119089447
1505977220
1504393152
1507760478
454504987
64921672
1511406451
716107584
287516677
1513897802
1518368030
64059072
1523854129
38671309
1241760583
1535703680
78168990
1525770044
1543152030
1543863824
1543722764
1483558201
1543474165
1544149524
20326104
251296136
1547129390
1115500088
28765899
239615884
49503970
1560432366
827267311
97000300
16126093
1567173276
1374580592
1140475747
36508108
1561880048
1575470587
194553939
1578290791
790424792
373470012
1321519422
631227760
790567460
145732525
1328826793
12449522
376683244
1278586344
1340664181
1353169261
1225685312
1369535546
1228256342
1382226122
214892056
296920148
1107661939
469455621
458879695
1438511240
301512399
1462397352
1372537063
1473574021
1117081934
1513802582
1520804718
1498288921
468465601
1523319854
1553622278
591017088
399895887
216252276
414007008
107955470
26153032
1397729047
1578449544
784550101
84090619
18653811
15110064
335392366
596531893
19184985
18482619
374057156
40111251
95337619
172326728
264941120
23477331
417038451
14810390
173815527
267523465
1229959434
27554982
716292391
993316250
316061424
1093306164
1327778886
390203190
14981962
1576288477
19995440
300497193
61863728
16871334
28250202
1550819306
381152398
26016950
103868253
34408525
561643556
18603193
1071442387
293516619
46131997
334602697
594605510
127580858
68716023
214039719
80931171
117610988
163934410
52258515
188554158
50544323
1551107892
476754123
1551219871
38477209
1528002690
448069319
23950550
167055198
175950777
22960212
331994499
1433473213
1231437614
138840897
1428430220
15521215
1428623906
16513021
267403542
1411080398
22925350
76340501
291914327
321805250
458801032
79233113
531393182
19067152
244619639
1410581076
482458571
49681941
22724303
488554370
1397144792
309760495
837814093
54028315
191581104
1394884184
31191933
1364326314
18244970
436121643
1380150973
174037247
1190590148
1278770054
24880546
1367449627
23395668
887053074
72543872
67483041
21052158
363234005
370403272
234003971
1376050987
1367654778
1325538445
1372775534
356530433
1372664150
863465726
18149490
19597291
323893900
16631939
1535886236
211262436
103718690
189349264
125491793
32774989
628748591
1441230066
882880778
64428909
394162076
36103998
119842866
1434154584
291231385
993417218
845533752
126832973
249337792
1038317599
1321016070
455874730
1453663574
1453673898
1311252636
1431438091
111173238
1169644598
1455231860
19474641
90268220
481614308
457115225
14139632
1465379497
1430523342
1138774501
1468058414
17842695
1448858946
22322776
253377047
25547511
237961598
106748378
493216166
17206722
1375306027
760615940
16174883
1465350698
1221778938
368672001
1277723569
355461190
778302846
1264515306
1345561273
1485958963
703402020
143083448
1487890795
15840453
1488867902
59202864
32007346
768405577
1485596990
880811846
876730994
1362182394
14226732
1499898110
76511748
804861259
1465604960
21337115
1490265176
277695735
534663387
86364947
162851057
10022742
82354010
1360089337
23222264
1120298527
521305530
533741135
1496943812
277098396
1221265940
714925214
593824583
906574770
277185009
28859894
160237452
175864017
284195523
170053807
123447569
234014087
40046096
913586352
1027156464
1037321378
236916916
1222257180
1051127714
1488453326
259396022
1093090866
1055730738
995193054
33537967
1339835893
85914443
423943347
293131808
1410590874
237859296
585638369
74768410
1055685948
71510115
85365067
1121730660
50703526
58504766
67402151
14463848
97897825
1449617432
975200486
221793778
8775672
39986021
56638961
21213276
20600214
75600769
47752415
20545793
31310158
15113565
106597684
16129106
1071840474
1090002997
17409240
54885400
36681590
10126672
112763422
31395001
24239045
14692385
14575708
9130702
30393446
22650398
12296312
27086783
19214284
573983145
21014087
22139417
27048645
260347003
35134063
20281013
48149896
124163000
1249285615
164007407
1410854634
27027979
423610904
19611483
247860119
98678638
34523313
239630736
489475164
468798350
1058807868
106514937
221484024
1048784496
17497115
457854817
9625592
245366651
1056181466
1339168394
561236490
484431254
92079350
575635329
823385006
500436115
23270401
15923226
26038103
177229383
44942879
20747881
352462370
106465257
463073799
110500891
198492130
1154441940
51104561
1330457336
308573576
37999041
215584201
422154625
76647994
67393806
260646282
430299777
486272205
623017739
32417668
22928858
302212262
836562763
1069927404
186965992
323417685
1365005808
611410701
420057818
152418816
1119287142
1180730971
326505300
1219108070
1370666599
517963350
568376382
47629596
52761458
86165999
171572120
1281405877
250417417
461512996
51241574
8448722
155771189
17564187
41199901
60672003
616708843
164319046
28415758
1239703699
1281877243
715211408
21114810
1242549902
1321297501
22851422
1154345058
47422370
1342691060
467110341
85587561
1339226954
72435263
42886653
1101404540
126622736
14602259
16334139
236026761
20730939
30666084
146467372
405071341
8839632
615443591
19914257
921500898
1305264224
17812591
44166798
18939358
15012486
370278668
17202463
32448636
311700850
198577930
277465566
106553921
553042748
574239384
48061607
242944499
136034491
395963417
175911450
41807438
17342946
17486628
834588500
15947929
564243897
22509641
12838892
408763167
24938046
14958385
234461976
977018700
1277492000
1327488206
354243878
140873374
221968834
52279944
172556403
35466562
41135738
17575974
50706936
37654781
18268621
18879957
55277796
20560187
37943396
14119623
105234787
102779709
12760912
108393781
59436340
15948616
23818168
18507728
222162171
25542761
135249573
219703427
107523541
102787402
95959863
71280747
589294571
5972532
359006914
343543281
15463486
21248962
34652920
22738093
26512972
44431715
454965050
16638057
112839669
15380529
16745288
720655836
20333804
546753317
183070773
462008238
1025378354
37052188
393308876
235711541
460523575
519593779
891099840
201196622
21043723
74310412
577390754
310285559
612885049
44719893
21425249
833780227
988236272
1205997326
17697128
1071596659
550335338
455927413
17026415
1279445466
15296714
1090675579
1138516338
21655550
1095354858
1033943323
130401209
134851396
17457826
322699008
32374587
18722962
20770657
789255066
96194529
131200640
75102570
109489116
1330021886
129220627
460437155
1347710593
19782884
920870083
44465246
48090285
26707250
262319404
19593760
26759989
465638764
1265504042
1300730389
41351730
35025005
26557675
41266158
241944445
16201310
608310241
65555981
23176635
454241542
15469484
118738019
22164259
1334852306
478182312
1339783202
92089099
16096510
885791532
24182811
1329421880
874194162
703356906
77231473
598493746
7889092
930451142
230365831
415187006
608471016
24547126
1065573510
254231105
18697888
611805760
32664208
1104352218
55052298
376835631
289708248
1004792803
869310552
374192325
278761594
515850194
538306026
1286780371
522671013
956412000
1326412524
16031914
422737560
1332889572
329858459
491605624
1352692796
21663469
111447489
575747949
282570943
63570383
356188498
791662717
18301196
36590105
390141640
19428038
8132582
14191291
16581604
22059471
12309692
15136814
16029780
15153324
217318707
15687090
20134672
18689000
71911230
87989041
25353140
587736165
479574222
885749298
892110355
89838517
15739640
271441733
826176486
944676432
745797770
285225944
13218102
28124636
1122732823
486000753
466671952
210236090
480676534
917069696
24474839
21318519
525763040
19595953
780304148
269873935
23706300
309066271
143590328
605098008
158081829
76133715
24955637
217550862
245412130
14007532
829713356
455063664
1061088602
1326925206
14288263
313045331
254153974
21542518
921548282
21882601
898685514
34511948
109152189
231510077
479872233
558769636
1060984272
612117635
1243902714
1317026406
1022541024
39515894
23593446
493277080
474503713
78623653
18174520
807321968
729373400
48772264
478710407
74366371
40918816
3219731
621891066
1250049600
50862451
338665228
19357562
147055861
595660191
845547464
19663780
158132662
361414828
815958846
1265178546
17170715
15019013
186514700
54228586
158002079
142377348
932117346
212777228
44149419
1227812461
227763417
19612825
35817229
59880071
57645532
333090428
26607712
114015945
1024501616
38734554
538241603
161047755
278716100
227692574
49620730
240812994
727242919
41634783
243337600
45399148
57430197
942156122
288751432
164369297
384392601
61853389
7380872
83932732
119250381
156030129
1061385474
17494010
230823288
140519774
135931182
1140648348
1140141715
19341003
229197216
63245500
49969221
34274380
240410300
242426145
17881467
17487795
234573331
1080509366
18873711
1080844782
66369181
162246943
17891273
29986562
19396560
242892689
632112104
13804112
976969338
627834573
4207961
950328072
239949176
1128781184
1065995022
114878028
26596727
315904672
315895033
315865216
111381736
63262233
43321666
532549416
12372812
174285977
52476821
285119407
52434282
182675191
26928309
308233424
362712506
26777550
701187979
11771512
362623032
59180828
344908786
136300373
108381823
225123568
26853031
55980324
26520417
109446583
11384102
14268812
46557945
233985354
108617810
224320485
16187637
133872807
557280019
15891430
236937830
14717197
243814782
245572815
272991363
42898884
17544559
15210284
16814483
15675138
38344639
36732308
8953122
120461143
87498687
21901272
87214788
226282312
51117110
393621769
107116645
301397982
17753294
416460702
217545284
331013361
360080772
180638409
14552725
282093902
222151790
16930125
595766941
18148527
16073416
90725320
382707440
16844276
18147402
14450765
123169104
52047686
28185845
45598697
15824288
194450644
546921322
15794337
89540904
818362531
110829675
511896106
1006566991
21027240
162172067
538451443
497239737
15917609
89181456
33222598
20161399
25200068
59676104
407099032
70687681
152867703
58871123
110777986
41112490
35013862
502113839
177562126
18696134
14270650
21323446
620604622
21694038
350881096
408713778
364278033
40034688
47826277
419141355
22891564
80279893
43703569
21431618
507921429
29501253
49640613
22498181
963168391
742953289
20721508
33766679
85634177
14519646
588355496
362493421
47656410
362603854
927775062
397418388
921899376
184623292
453476736
568218385
108349229
107300560
853575156
299734398
856813152
7860902
48144950
44682276
108694377
19786295
97039472
19306554
322808218
298510935
87320626
260849463
142594226
21050447
21419504
101090223
132727636
9532402
620298978
321987674
36842688
46424263
257268968
58928690
56864092
40277246
16789970
21406834
7356562
22812754
14135426
25673628
16967845
97207668
10069612
31622914
95943434
1092979962
598853747
217308732
130593849
614574516
22635509
736984910
937723303
389840566
1064206014
21665930
255640273
331071170
46176168
27511061
19107878
20776497
21111896
14437914
17171111
80149561
56263477
48388223
23484498
79743108
7713202
83501335
23950350
16898332
17004139
61205429
46436652
15224603
88938654
98408598
12803972
28418204
72198806
15421151
15918708
168529971
29286120
35759607
78394920
312831692
40523086
82682886
353407719
300518316
813286
148322097
291198427
18678924
278642216
27049076
22162854
82953915
38156150
86811102
43210009
407200085
212699136
274120509
514564774
135143670
182984041
378889685
26264031
102806970
117873563
300475389
20082077
393505114
17346287
83922884
14984637
776664410
1055907624
1077121945
516880804
227088228
258900199
163570705
248735463
221792092
111635980
132201224
46016028
70526457
150724371
80612021
20552026
15361570
47412499
22812434
36686040
39249305
19918558
16583468
20002401
25781141
33576489
13491312
63169388
137794015
31801993
50452197
42958829
256113470
82649553
6340342
29450962
109025212
36948268
115979444
138770045
24195214
108376246
45554598
462312586
95939132
15998281
126085496
43963249
39785774
60366180
78924349
105542379
56440142
118859648
553883065
98543618
16371887
19186003
16698389
112526560
17340781
217530311
34022952
104615577
115204256
16140124
345158526
249384564
113436175
65067161
140286364
15754281
136550204
14949858
486272940
477962051
478826700
19538697
35773039
96195724
326208966
115745371
23092890
16228479
399554646
204599219
33660256
42924035
510287789
26042513
68467195
455438655
22489392
48064895
35738027
161796016
18901656
624257301
103969906
125010756
621457521
886904935
151444950
122364347
18123264
228079332
52455088
319030183
568426264
384500941
14529929
151519500
30912937
151963505
950783972
1072467470
467823431
1045110018
1058520120
21768766
19334875
78408666
209622504
133832049
17006036
301187864
191394755
21316253
21702539
126171100
109257354
7819802
150686538
108985543
106135104
126401831
15780280
19216998
11702412
28049266
843876602
53929374
123738314
38507478
297067961
93069110
37590426
15764644
18137749
39155029
15724082
153149305
481386801
95431448
43409523
21252618
50446312
159609655
831632071
48581849
23232204
626983614
119047746
237477771
12670512
52422069
873839802
18480451
14412533
21226678
14246001
15922214
2467791
85850788
21126770
24208841
65107450
308618535
308629841
271057019
325183943
329948076
34713362
346786137
312618828
318063267
347892804
110790365
362617493
318530184
262199810
312889101
415765397
171021761
45604374
306272113
246824746
25019277
4993511
235701386
162941499
486270099
362677982
361359658
252246625
101802654
590900534
305051912
250680607
365031858
55285931
121795745
636961922
730926529
21220931
326971425
750508892
211985056
18486243
188019606
29620439
574780856
362652323
9907172
14409334
563173781
5794702
74730294
50325797
18622869
131144091
5741722
201790336
7891402
67380246
807882127
71289640
25122184
47643796
18145273
14947063
46746151
574799823
28556611
158007010
52356535
18247294
37923914
42495643
5567792
81126182
354957876
198511319
113420831
325830217
337742544
105949506
14962779
18443777
251094851
428333
20475240
14345062
212265354
1917731
16019907
20332563
319162671
15633728
18772531
234094069
404941992
319206310
84183248
334361277
927826784
29288957
244051583
15211847
305209966
81144422
176915002
15365461
250686499
1010096486
56725219
18706774
35745067
22674946
306332751
946549322
38459769
15995608
16683504
214165216
86345902
16144644
217487769
1028930065
86126371
5686162
16072058
313585853
242784570
403608556
353075746
10649692
28332786
243639047
261198439
41159972
229592356
109287731
22012091
939091
30313925
20073589
35772433
4745201
14662569
633976799
