19103481
23085995
518976493
63217188
108606416
3302195621
399391142
16348784
18377198
1929178556
1404269089
249716979
285293062
55634930
231833157
21674448
912591582
580577850
40553282
1639219243
734998016
26112631
884612065
22060300
2992864798
15460572
22943612
2382297056
606543610
1613452794
340298666
94373307
473061170
22772925
139782438
25289242
135931182
1137600571
2984742158
292105234
594523171
18172905
85961526
1249982359
475131902
2205219831
908510887
26653478
1849261916
296065858
1908143071
2978291435
134313264
19148372
490907105
24844300
240795584
2506286199
21111098
159133698
1630581854
333663029
53114047
20447793
227431093
70476832
58166411
19290585
327442361
480813849
244128288
41956692
331019497
418976774
165062631
227740796
11922842
470666434
1064206014
2491672536
181287260
329132524
2571976352
2578643119
27467124
2359926157
48073289
139209388
133065483
310416296
36883653
18908628
291460831
319278938
70960980
291955108
249844732
559980549
615731075
190080813
33996619
14293310
576520016
491332294
27808037
21627655
389510834
58283187
163665227
133704104
348015691
607172218
6743362
1101689324
84119348
552713221
550983238
210814502
43888471
26414094
1043058470
24696405
15212187
889618315
376874853
16702346
764157571
337541879
23478297
627968120
324042601
15088192
34393349
125876863
405880248
16828360
242046073
1606965816
369866387
46797035
2253968388
38869277
7213952
306004917
61176284
374635853
123440499
2196373082
377151239
21452894
743425316
221173706
1014612481
352665664
14225587
191130944
519604527
1444754916
844062990
856501890
1122397292
37026871
1355002369
459712958
281130467
123920631
1536612098
35518656
1096677673
191086715
921190268
42714165
128351835
185483828
702513551
33107177
1639677150
17296644
15639958
327525353
16485255
206285002
2171268564
42987781
301130851
340643578
1590900992
500034037
1080949758
362654018
415555788
59585580
751839588
50671433
204597432
61776781
1486470313
54390545
31202220
1971317718
132291920
1209417007
355556237
16907407
37320335
368947264
1038778238
550404918
460246990
73408582
17993906
377534571
1444015610
114388293
17198100
52824790
21824079
1278348960
1553693047
46167640
41387157
228254480
1615530554
1879586622
1674384360
216908345
292024446
1686475044
14790899
1612881636
17139736
86857981
14760431
709481136
1055894958
44384728
1876249633
1157894678
16364399
272164322
126718358
1719358580
29317056
36205346
19818364
36681590
1036117507
237383673
51803799
20201423
35950186
1205541642
1058522496
1628966468
1275661574
382119032
972106194
407905078
293048332
7004382
409458152
87587785
1553399653
188304761
541773247
1587176756
1201640046
43794763
1597042867
324529686
88950847
718213010
612811668
588716716
32897787
140286364
101377674
1254548472
1362715088
937429566
22236723
16187637
1551699289
1551030721
177238258
1397141454
93288759
1291945848
1408435034
397712709
33134804
127979327
36865825
305928730
153817175
1135787418
259396022
65021444
556930049
1519604851
70709534
542600974
437027198
34906437
34725540
93964940
14526031
1087066640
343612931
1117066112
1329442951
993473522
325669239
262217324
249910108
15676492
60077136
161798671
858646280
580992271
1480478514
1458212444
40780448
64471518
44934631
20693559
334793668
46164266
38199691
539325012
25873927
1128781184
305620929
463132556
237770636
112740986
950783972
47412499
78445977
1080844782
1055907624
71238433
86826943
73931897
484896381
261977791
88077361
98710419
168304334
17599363
28795522
937723303
93505671
381108914
464039419
1405337395
115679629
1327644560
499435475
567457645
254082173
15116570
1337827616
34896648
296245061
26324609
1426902402
26777550
23247996
22772186
194599887
97088882
278213217
173928039
111287103
762952008
976731385
14173315
11263532
278124059
171598736
5693842
7039122
221162525
8775672
19417492
26007752
15075999
28178127
15335534
18915145
76649729
73303753
19726613
15075753
29506590
413466731
5558312
21269970
16742053
202206694
211588974
238321369
212262370
602809193
79011908
14882554
430235090
86364947
30864583
158397361
314585133
393608244
14587949
969457177
925453388
17714851
63504659
110432035
19068533
35768831
15837791
154885463
47804988
1055730738
15724907
1301928732
445612517
51622946
55348094
73198063
200154337
42905878
1038542412
56402878
151986149
143798379
292990275
549374169
15186489
219786349
15258844
77372071
65449822
356270319
68236928
74148207
505978388
413649532
38371083
26170565
19447361
13224032
153891494
24744494
101857283
5741722
43150455
16011003
194639313
144981124
334248215
74494746
448227029
474377024
517776247
133081559
18308845
17594523
242944499
65106660
342298824
63178365
14219877
39504886
23077947
14572225
229175214
21769179
282571492
1074480192
28992215
197249831
136012735
336125867
36500856
140503239
58681899
15138251
39777222
39869786
57424910
16469077
284345375
34925881
39137905
14433996
112799908
78390934
52736776
24938028
82775356
14095883
194581795
23760624
46391083
159113258
14962779
34696402
361366446
53185909
132389474
14705118
12645672
40381943
15626350
862941
7132042
7973972
20619454
140244186
39391793
14859427
35811464
14774813
15743478
16223965
15175636
389017497
33655490
242772524
188666300
43930301
81499633
20563513
14602140
26304307
16362924
16506973
384412160
107173250
19791314
17973805
17974987
63209740
16546479
250143726
31212603
38449099
45903117
20260068
20287178
19712671
26776972
28741200
368852797
34323121
15108012
24929053
16668940
34965200
18723530
29536049
252707173
244123121
53184840
39356982
165770128
51292932
139775196
326753869
787513824
18760939
77035063
21796434
2067661
93781520
21464443
106429546
42667210
17808688
52078622
63517976
130489141
23729050
487599849
16737196
18805744
73191789
15392391
1117720224
587642703
18056593
185277740
14344823
1137590754
253312773
25742569
17971971
21920725
24700690
365596481
21907448
44942521
18095607
961180560
63224944
57407535
20261702
188730309
68973954
27153483
169567007
17871144
47978743
176234009
22970986
198528830
19338246
25561529
253253039
20947076
32399656
21633932
14836336
48723657
66872449
20244687
21241477
8854232
42625595
27132880
20713372
263636390
57745709
24160942
71095075
532490905
89780754
18141033
18554728
21899443
20456851
304173407
274041023
43390495
443089745
70718986
476520069
1173295652
41140879
41463945
15600350
31863399
23108483
155628171
21754959
1140302562
18140989
226348151
15100515
69088909
15985455
327144497
127551334
189505551
26575910
15067340
1160347814
946419594
230973154
90386169
1289319271
1131917492
551195347
851621377
18773159
968650362
1058256326
960962340
1051446626
960696949
17896154
278145569
240393970
613725908
584012853
402029058
402719755
309267226
16424044
234573331
75367781
224391627
41445718
23103488
29766367
35829796
239964567
282093902
235217558
314335929
237418907
299883942
281540744
249288197
252819323
236899846
246769138
34340464
22055226
24773493
16256269
242376736
249339682
78431501
213634439
234057152
236479311
249219716
237944147
234937222
242761889
248850174
252819642
237348797
240760644
234797704
237750442
240363117
110545675
248699486
242873057
211901075
234128524
234469322
237862972
211420609
237781383
229197216
17544524
224294785
221793778
234053893
236916916
244268646
235251868
240385577
240427862
211530910
234837632
237814920
233949261
233761277
242926427
222286905
237763317
201079432
237312687
235190657
235312723
233693291
234812598
15356407
137407124
32010840
124224165
51228911
18967498
18317325
15856366
22527499
15600527
23951197
20015903
23970171
33977070
19139963
52503751
16102244
25086658
74198348
198526130
17513304
20053279
117777832
15281676
155642785
27676828
50152441
26424123
23976316
22831059
241207373
15394954
10102032
76350004
36654245
48117116
18277655
18166778
26778110
19658173
23712174
190328374
161743731
37920978
32506723
18805303
15160884
84620376
37094727
24183358
20209807
23124635
19407835
17800215
18030431
28176898
22545491
15751083
20467163
18811140
19926675
26051676
19929362
18217624
76452765
225921757
246341769
219429281
237299871
239871673
233842454
37007274
20796447
1045853744
966442267
1058460818
1074412920
11651202
1072382221
1058807868
1058051748
1128514404
950328072
1072008757
1071900114
1074101017
1060370282
1069124515
935033864
1060487274
1059240924
1077446982
1092757885
343171266
701813516
15924025
378710519
993153006
586076955
107773300
103934028
247967960
24220644
453486543
385081448
47723728
1065995022
132948271
127941167
557794383
963480595
368948092
278264405
275151788
12999902
858677612
155954102
302060217
15769734
88095647
234022257
20472864
51201934
117587838
333090224
14177553
52357409
544158224
548840573
237131131
166301543
386965862
22314236
6576292
18146091
19399778
18825339
62827605
31310158
19611483
20867568
549862794
133425581
78728132
61677779
14275291
34630721
58363352
246512204
13019422
49842959
71028773
14204513
18951629
295953246
58074950
34297130
22797378
66111269
1316937211
25950546
558930286
250670417
197557927
15570213
21220931
5336752
14412533
9532402
17074440
35773039
5988062
18622869
27744185
50769180
14669951
18083519
247723476
207660339
173999134
326255267
27901418
16031927
50325797
585813827
21348880
18226567
20827669
255109294
18127091
19036700
16337264
622182816
234822928
55329156
19256880
30043495
24464743
249706317
49515254
21878458
15113571
6999982
185754465
19911382
539336792
331133779
119245234
12120112
24439201
48043084
224320485
48149533
20246056
21316253
331650453
976969338
437048841
317817201
338553588
296903483
16930125
18695901
1197385039
45128645
275532429
15378805
15129727
1148177071
17998717
10691752
42473868
364390570
947800362
534405915
196971784
425889480
19574290
236396601
35823964
518644221
1155728724
59014454
27332326
80628196
1138688364
17872391
130068665
384138818
15923226
17487795
449492847
1258407685
360203725
28669996
1155212191
727242919
1058345042
1048784496
233557728
478769163
158092728
35465482
1195343436
246029298
18678924
76392970
15754585
79743108
46002396
17015011
17153947
21313053
16352611
112047805
7972552
74295254
16936014
19341761
17093617
18257017
43359022
17815139
26072066
14972052
59826862
26577188
15138137
126051146
40981695
97515899
338121654
34291283
28358703
19430134
67411447
367396110
233581375
16434865
23489273
624513657
333692333
60984835
234374703
235271965
15428227
301549400
240376522
5496932
39834947
19256832
114756202
15675138
18916432
209792690
6577802
15210284
10840862
11134252
1917731
5561412
12788332
22508473
14246001
15918708
22528309
15922214
85606078
22509548
44401911
193794406
15207668
19739126
42924141
41634520
198489405
40255468
838462994
24735461
37656339
16032925
21233325
384913290
39308549
9300262
10168082
65146567
216881337
5357812
78369108
339822881
15745368
40801564
2557521
96821645
759251
51241574
3108351
1367531
20608910
18646108
34713362
807095
4898091
23492901
40972132
20402945
91478624
15764644
113420831
20733972
733751245
813286
30313925
7402662
14345062
15450996
18791763
11612722
17546958
3135241
20713061
17286715
125368892
33739124
492726396
385391762
194702581
18986695
17976923
975200486
234906311
114607567
550401754
18566912
18891923
7713202
