114523205
463132556
18829123
14135426
21965258
39785608
1392282998
42924141
2724095695
3044993235
202298302
930776622
69437568
294084341
246357149
14606079
280664117
71292377
787373558
1140648348
16669075
19249328
21312077
1536791610
67194113
14270650
394741838
121795745
108677993
587579290
111635980
2966570782
18137749
937723303
32780218
162225194
19682187
231510077
13850422
11856892
476256944
2863006655
2970279814
2916086925
2968451607
22409122
360714671
153944899
14511951
16955991
15164565
35773039
18587457
1947301
18510860
16930125
14677919
16051471
14700316
13393052
36743910
19608297
21308157
13557972
44988185
12859772
82678489
235325083
250912539
16145763
71294756
564111558
16116288
31855526
63169388
88750092
2517988075
14190948
12523012
32878430
48035012
7768402
24165761
14849562
15247615
742143
759251
788524
5392522
28785486
2097571
15012486
16151128
179748345
14319762
20526913
66369181
9624742
15647676
1027242872
15754281
5402612
428333
15679641
80890381
15919256
286432534
30313925
1072453910
133832049
234014087
1093090866
1155335864
1064206014
1037321378
22012091
1051127714
1074129612
467823431
789244177
1339931490
31122582
76117833
1531521632
36948268
27583598
239905257
381152398
24745957
305216911
267854863
82453460
188019606
248735463
389840566
208692908
249410485
168502762
82649553
161791703
138770045
240812994
168673083
292935209
22812754
15791186
263815367
432676344
22669526
16247383
199325935
36686040
153486399
29450962
193732179
192955168
210926192
20688358
233783568
239949176
163570705
80612021
115111016
15918708
16808019
8940342
115462350
59884592
111635527
813286
15675138
1917731
5741722
9300262
15922214
2467791
