19608297
627864602
26330496
397444697
54624571
27830610
14159148
214926320
161801527
2497084886
606944382
116642431
3009614180
412509819
1551615492
628614710
2695663285
250188760
242555999
970207298
7429102
515822213
76456274
109287731
1262099252
29442313
16789970
486694111
236511574
20597460
293131808
150078976
132278386
29201047
57065141
234374703
242836537
1068481578
172858784
92186819
1061029050
476256944
216503958
15324851
171598736
249787913
278094476
117501995
43910797
15442036
278124059
224285242
1074518754
56864092
29501253
239949176
193732179
161411080
1135486501
2347049341
1068499286
3044993235
2962868158
84119348
467823431
1531521632
1080844782
38254095
28599820
188019606
381152398
310455468
26103768
119784462
252249233
2966570782
115979444
16187637
15813127
24178302
41655821
60667856
26165922
142721190
28652194
132332780
224320485
54208274
106135104
398088661
146167871
138479037
14413466
30043495
21220931
50325797
86129724
106514937
114050808
16006592
15922214
19186003
39155029
21252618
807095
14007532
233783568
18137749
231510077
109025212
1206227149
14293310
390877839
1071102246
158398519
108376246
45765164
90561460
47660838
265627967
40990063
80354773
22465449
1617743388
138523049
1322848748
5743162
139536424
78664837
1493850564
17967675
16958346
263879706
50393960
246064793
2292854822
112471133
605810149
29771443
40348809
14385944
325830217
17494010
74193205
14622091
1140648348
286367952
426041590
94489929
1074129612
14226882
86697288
14074515
486077978
935594107
23501907
148529707
107787285
612903729
2230399664
466730573
550503483
206266286
555949382
88957553
87308193
67426151
45626822
149197471
21968928
1209634044
247334603
14335586
14133964
22789766
33537967
72198806
15727697
20150502
302881437
43880222
893496121
15808765
21866534
987075302
9530222
65698096
17366486
2178638689
39298589
197567344
11204932
76348185
57625403
121817564
9589252
1134292500
14615871
20437286
61853389
1604366701
1694635333
20179628
1613223313
36681590
1243902714
36948268
43963249
312134473
389840566
1736601720
15764644
30929600
22012091
29450962
787373558
28602948
18920073
133832049
15223667
983872069
235271965
36993973
143125293
1099199839
1061385474
343110075
25325765
54655707
20384533
16071471
20031219
103155180
93727818
105317535
105179883
105297513
89712662
18193994
17627143
813286
20463615
26061792
74740561
29205600
29742270
76697396
72380097
23789694
63201171
37066930
35012883
27736752
65710936
52136831
17903290
16017472
46960473
60828944
46170816
23153850
15236959
46208610
45891194
41350278
18917501
29815112
7402662
21406834
22053641
34029083
26777748
25530716
36771787
23103045
29221633
27917304
40015116
34411941
31801993
39249305
28582749
16742806
16160352
18695134
22812434
15954997
19891734
14135426
18829123
16583468
34638973
20002401
24745957
15281574
15022633
25781141
22812754
7356562
19918558
22669526
20552026
14984637
15361570
21312077
13491312
18696134
20545793
20466077
20517132
14536067
38493596
15832094
22139382
19739026
36968949
35743863
30313925
12371632
12841642
37777711
17993906
33530012
15725596
24254006
28472437
31428685
28838793
17276235
14385076
17002540
22781010
36431627
24017463
17358507
14140370
21497351
24769862
15344849
20343860
16957784
15208020
21831746
16191872
16535459
5741722
428333
19543339
19955095
19155709
17220423
6842112
15907432
16170966
13567742
19055721
14326865
