475286355
20517132
32140200
17837184
17006036
248807345
820236583
1390186333
23648179
16228479
30929600
2283920023
3333055535
254117355
297053549
50310311
20015188
6576492
331017504
376387132
1536791610
51117936
74294786
58928690
2398066861
242426145
258900199
310310133
221792092
18909919
31611298
2433737761
339852137
1077121945
158398519
249348006
164007407
23593446
1880674038
19052248
568380390
568279985
217550103
229229345
36384443
14246001
500704345
15135675
2467720274
468753712
19396560
232921954
1053007027
292990703
3088972725
1090417452
822320929
2337581634
126751301
2450064217
832085833
49653251
71045017
23624067
107887508
2579136170
42948553
862430010
1454752218
923503405
757703330
237770636
146569971
772089127
14266331
28140707
18677951
19780277
123170115
23733373
20271080
82405425
732846684
288308178
13301902
583377732
48177456
38449898
318176817
25111161
67215899
18810140
5694822
2916086925
19091191
454919764
74508260
1382011333
335944296
2167097881
165099102
142475902
18917882
20524105
22820146
11877492
14909815
153053256
20660342
15824967
22789766
2968007206
30313925
1058520120
13557972
14511951
192955168
16669075
1051127714
1222997497
22162854
113202279
252249233
14727040
958081542
210684204
71028773
25704351
326929954
2863006655
2724095695
57673909
127544605
35778956
14179819
2347049341
17912982
248735463
20772763
7004382
1140648348
14293310
20609518
146099195
15922214
1222257180
82649553
20747881
163570705
140519774
1961794370
1080844782
1243902714
1206227149
24913074
292935209
246088673
234014087
31122582
1222954604
92559980
52283300
15224867
409456907
1134292500
158426909
4207961
1900799419
50325797
18587457
18137749
21914024
24745957
153486399
113420831
108376246
249410485
60919240
82453460
80612021
1197543984
156333623
244571543
15210284
120605637
111379452
118425990
11917102
9855382
63169388
43963249
22012091
15361570
18696134
31801993
36686040
133832049
23600262
14135426
21312077
29450962
138770045
188019606
239949176
161791703
199325935
233783568
240812994
246357149
19418459
381152398
40302336
17539497
1037321378
389840566
467823431
408816873
14377605
73238146
595515713
15007149
1339931490
787373558
18829123
342863309
15675138
1917731
9300262
2467791
807095
1155335864
19834403
15808765
432676344
325830217
16789970
939091
15764644
1531521632
164369297
132278386
15824288
305216911
22812754
222953824
17629860
66369181
73181712
9624742
1074129612
242555999
1092979962
278776049
1023020557
86697288
312134473
29731650
632298786
2272531993
48086014
29442313
970207298
236279233
2970462034
208692908
17899109
166655653
757303975
50393960
75069067
1093090866
1330457336
1339835893
813286
