1563426390
1928511974
15007149
1615463502
3242689441
498590150
119829799
75367781
234812598
36771809
246769138
16578473
153149305
2485930448
106110662
34648965
18169025
44168196
1934983453
23103488
2803191
1089334250
43888471
103039789
62641729
31488591
16583468
378278518
314770217
1090002997
1080844782
43381579
18678924
19744707
15392053
23738192
33911920
18655359
761783018
25374806
22162854
23092822
14411304
14749520
29762519
232193350
33142966
430830756
15902845
1010076786
219350591
19923624
11762572
185013762
45869761
21249970
234057437
599329617
9624742
47238966
136337303
16261445
37590426
21541717
59518665
117876714
222285792
476256944
15939889
19418459
1061385474
52052011
126171100
22053641
1058717720
24195214
15675138
1071840474
239949176
138770045
1092979962
192955168
20873135
1055907624
46557945
22012091
260396714
249410485
1055730738
133832049
43963249
110899711
169228620
461697741
88806753
58581480
