180505807
49733381
97503010
117821354
47358070
21418186
158159335
1934744792
20265548
2966758114
15172810
2316044516
2927381519
128645212
610957762
1126313186
27739466
219032502
361270672
2329685114
331102527
1329442951
2861616083
2935898447
2962681881
16031927
1969093778
26808497
28426541
1949721877
43259452
96976564
18967498
2880026929
90934547
2854727706
1101997326
2269044026
1114503566
1247057952
77017567
54412900
148878245
21312961
14692385
39779166
27027979
12296312
9130702
309064550
2575452216
18501487
22650398
25430081
816043032
377534571
2750127259
2966205003
1061292174
237872656
214452613
2963445730
221162525
2978291435
2768393666
834069080
787373558
2965083477
15600527
2929491549
2953713339
2953974395
2962813893
747386497
27047974
234906311
1951684746
240880805
609287853
34337069
240029895
185379059
1163984534
39636135
41688209
460451960
472948434
358341772
47746285
2459922680
405085073
1334998123
104838793
576684383
288553154
1417720579
175159760
28202784
763525957
351647401
174038778
20792816
27516108
37008916
1468101146
138398044
377852228
27536585
55933664
1408503842
318440881
1338867535
1686693289
301780355
76601805
20115815
27224928
2200682544
118108417
102658776
19977599
26465563
94581073
115702996
938270736
28192706
1109278428
19747577
325220735
29595090
1673841841
758375636
30681269
24028506
631988208
2343635606
2414159554
556026742
48168039
586631265
325165007
543374119
59234141
522329652
85733024
161783222
522652963
562891691
949795128
107429305
2163247346
1908143071
398088661
82402458
257589984
1623323612
62271770
1655560243
119773408
13491312
153486399
581141508
1670695260
65338991
55421512
48459553
561214266
36573744
485914481
115832840
533843517
21542518
1613560724
26643165
352768823
1666570711
1051484844
354933574
2294675965
65958242
114455520
59845827
19417492
15210284
69352679
1323337609
1201745461
21127271
19621752
534797460
78396767
21701476
115663825
486888216
906782533
277589005
550146643
83891803
2456993443
197473197
28406335
45634611
227410392
102364063
20708260
44653060
322163530
1137600571
22139417
63796233
334162338
21092487
17918065
430130014
31896742
511351832
15212187
60704313
179757448
48029066
2253968388
19668853
854017279
61044384
1444853400
1444446630
1373185076
22865764
21010214
1659186018
1447158302
155920652
263936580
165844405
1272139182
1553193822
42790918
190850502
569168292
314216196
70837868
21127543
15909372
408052624
35017909
1600993712
14199378
322770027
219321864
7152572
288308178
1710530342
462332791
20457806
976931778
264332977
36681590
1525667455
39542662
19808819
398759692
92598949
1561456591
20092071
347387262
44401911
22915576
482157447
586831048
18332727
145310639
21137582
605456729
19915351
28558205
23703616
97242338
356743849
20624559
18929773
81192849
20790690
165624747
163649390
255077538
1267486285
602426702
14666790
114753101
1561389740
180394769
24234881
117633137
19863559
284633089
335433517
191720359
906026389
408937401
146569971
19568273
33600887
15304100
25708319
342232985
1092344336
26030550
28415264
16210560
82880346
14809811
44986991
424310813
473541434
360087543
361986116
105230963
1115346072
15016444
27025414
16669548
1675706419
126689571
619571733
596551178
11651202
14275291
15751083
15856366
16102244
16424044
17513304
17544524
17800215
17896154
18217624
18277655
18811140
18916432
19929362
22055226
22545491
23103488
23124635
23970171
24183358
25086658
26778110
27676828
32010840
32506723
34340464
37007274
37920978
37094727
36654245
50152441
76350004
84620376
110545675
117777832
155642785
161743731
190328374
193794406
198526130
201079432
211901075
219429281
222286905
224391627
225921757
233693291
233761277
234057152
234128524
234573331
234797704
234812598
234937222
235271965
237312687
237781383
237944147
237862972
239871673
240363117
241207373
242873057
242761889
242376736
246341769
246769138
248850174
249219716
249288197
249339682
252819323
252819642
281540744
299883942
309267226
402719755
551195347
584012853
851621377
950328072
960696949
963480595
966442267
993153006
1048784496
1058256326
1058460818
1058807868
1060370282
1069124515
1072008757
1072382221
1074412920
43345074
40927068
20059284
18457851
19040451
158535664
7517882
179159875
38191376
122419634
14615871
153149305
393562221
17539497
20437286
33838795
27048645
224351791
202622598
240739518
481408922
26291575
284202020
373980851
90702268
425941057
425932400
90700063
90483921
425911420
90698257
425882976
90703920
425356170
425311350
49987278
15516354
280603816
248812533
308696487
278090286
278088142
278088173
278085713
18773630
278651672
36352971
27935464
24692882
41134787
132135600
34596267
90424252
44439070
264401042
90006193
76019721
23032184
267847432
167098327
223988682
831083156
108958498
103057303
448012300
418920508
373969573
325090266
246826124
494128335
142334996
441189116
127973481
20202335
386743662
98650091
787684483
144886699
296431264
473943941
275224194
263529073
284642038
266060886
316684397
284082297
64822396
197038119
701476549
91384350
488781765
167512712
17366486
70696423
1566007854
35323124
351143924
101802390
17629860
226685552
70216078
22176791
44186051
460438195
1109632765
21127104
21126909
478757217
1141343174
34686001
69275736
122778319
142882535
179202010
180030807
193304129
197142710
225117071
288218189
519701987
726087751
784964442
791535229
121156729
19948202
20685982
25512921
18090660
69073724
249844732
1306050012
39587984
1281300481
1281249858
43910797
21213276
166252256
11348282
44783853
9624742
73181712
61853389
110541296
15649433
76348185
20179628
17346287
120176950
72631996
39580052
18820392
41171865
41368231
1658792479
180800385
1247857969
51083754
16030997
103074779
83922884
8775672
78955607
1448438066
10126672
31310158
19611483
66369181
54885400
15113565
75382418
132574190
948742182
1148946512
331217171
16812696
40281224
19734710
234053893
550401754
17972451
270696561
1128763176
39771618
90422822
16669075
1055213018
16583306
28607235
50632167
36069622
456081235
1197242232
32442757
36359791
1002503960
618305236
1113202375
19134975
505910139
91406906
1281470426
119433528
17293129
326136390
16567567
17632001
15445590
54897369
1071900114
1461280998
115669793
111071272
243670716
1621016852
21609124
1180142323
221375041
20132159
50631904
61513561
231213589
17854936
38711055
41387473
601142453
149170559
74734453
80158042
23159378
143854647
19615223
1543524830
16906530
37705436
135931182
24033711
19617284
26730532
393451707
1596753853
821722238
208650694
14084032
62276638
1154894353
1305596696
1444015610
1051446626
1155212191
381152398
1531521632
107429985
23106984
68897692
58831437
18225424
1092757885
29503900
18773159
56398646
1060487274
18981604
74207566
58851068
1065995022
17093617
20276998
58577939
32264744
96831824
117091842
17480797
239489933
75098975
140208481
78957670
1134981342
921945348
17198100
469194846
74515918
14587949
279222187
1358259378
381036656
17411918
424377912
45906479
783214
1288967479
90499029
994168422
234370900
28195764
1209417007
130600206
15923226
181713702
16116116
1058345042
1059240924
126452478
16887208
7039122
806855815
1260150456
21572351
727242919
18082464
500704345
119899270
12120112
1045853744
30281599
244268646
234469322
16102208
2067661
114329964
733751245
227599735
1173316772
26596727
73238146
18030431
37764422
314335929
69906463
15356407
211178363
343612931
236899846
235190657
10102032
22831059
402029058
237418907
114756202
240376522
233842454
22649354
29788212
10840862
935033864
16256269
124224165
313719282
240385577
18317325
15160884
18805303
15281676
19407835
23951197
15513604
78369108
27311044
60984835
209792690
237814920
45398966
233949261
137407124
224294785
17078632
946542792
16187637
87599123
14836546
15976697
69773058
28614262
234361966
258950551
912608010
316645569
51241574
16242309
19394188
14669951
14293310
15738163
146176133
24179879
35006336
102462054
347974719
25099042
235312723
52503751
19139963
213634439
3135241
16056306
23712174
295685416
14344823
24735461
20015903
229197216
15745368
11134252
48117116
278145569
217543151
258371028
17976923
42924141
24773493
240760644
23976316
19926675
41445718
236479311
22527499
237348797
16827173
5496932
154591966
26051676
221793778
15918708
237763317
240393970
74198348
18891923
807095
7402662
5561412
15428227
6577802
22508473
17068146
13224032
10168082
41634520
12788332
248699486
15675138
18566912
35829796
18020081
18915145
14095883
1917731
18953819
17044248
9300262
29766367
75367781
18731453
22528309
3108351
2467791
15922214
19658173
28176898
242926427
235251868
256113470
234022257
5693842
33977070
17546958
237299871
380581302
235217558
156703580
35664186
301549400
25569668
82408312
15647676
193872188
21678658
14730894
282093902
78408666
18646108
1131917492
20192403
26424123
239964567
968650362
1089334250
960962340
30313925
19293193
15207668
1074101017
236916916
51228911
22509548
5357812
234822928
15394954
18166778
237750442
211420609
211530910
976969338
975200486
7713202
19739126
8006412
1367531
