25757838
115979444
2975350155
136550204
24955637
26207071
16261445
32478637
194553939
3251588770
776664410
196433604
128391444
15600527
407903694
44873497
21443773
31122582
787373558
142721190
19608297
20939344
126369849
2966758114
14529929
237770636
140519774
17496252
250221324
3064114456
334168242
231510077
384115413
115464939
28636739
243291022
11260392
80638910
30043495
2303751216
35733935
150224923
19081097
44134773
1140648348
348379198
2573474293
108617810
997684836
117274716
89433663
976709875
266089874
119536805
74168324
16563214
14689197
22266201
1915259372
432766911
26596727
1155152660
237872642
17825817
237774793
15989359
976711044
168492044
247285439
23256355
397448235
42955963
31959666
14067457
330624932
17100518
26803477
384468809
330630652
53546501
915675469
536853368
20815457
173162992
237871545
498082307
20929636
26315068
22691945
471550586
365001537
249391853
522538167
286126794
407142322
33717365
22142670
603155306
61181335
164336339
211808970
1205185495
564792364
485634547
43797602
364523787
344831543
589331035
581960475
25928111
186051445
208298836
563314453
484886379
534683380
534375837
237765032
19077472
282609416
16050183
211241330
17165077
32208472
21370484
456064407
47646319
22525506
16410373
1340015065
1340078701
300992174
125998521
26564828
66244381
266031138
163526569
16008571
122207745
18646108
1721127212
16187637
29491488
10037332
14221917
14358172
29227283
15255537
2953922782
196296745
342883020
14511951
27295980
1339835893
2467791
30313925
58976245
19195094
437339088
40995736
1135399020
302736641
386166560
1077438834
104683840
160925676
52165222
1534780698
40145940
2322671327
22302678
239481936
151289620
26485703
21220931
184136149
453319164
318518392
50050979
135935117
17899893
23106509
17074440
15808765
11347122
327457247
168502860
27934142
14323759
1320625765
14655023
24158215
22939558
14728612
97901964
17184274
348466061
22095410
226963044
336728172
963038778
170828138
22642788
69006004
1665954404
8973062
24880547
15342600
69286414
137129421
153004670
6507762
60758548
34719119
19069521
116529568
208678804
230766171
1945341258
272023241
319068235
28548687
317857481
19842742
171149542
107807966
46245403
281234868
323068167
11700952
15581045
274550735
16459411
69368313
14708747
712815186
7361262
46406695
128373782
18124171
127629175
30773839
1604378978
14915067
32271054
227000886
78965661
272494055
376874694
161384117
84077400
271765273
787579033
506172313
11673352
457867432
169638007
71294756
487661707
14515799
196625354
251313436
1468947210
15956584
936154428
245379178
856918710
330501239
441999428
1482348301
1536665382
59589510
1323669853
1115296230
627419447
82887748
374249138
19995834
976549099
66784945
615163727
75646831
18147908
1476206948
163951919
44177383
332506172
87818409
618116468
37820650
244655353
104192882
20540348
237944147
14409739
46627286
148453195
46764631
1321126310
19037859
39585367
712897952
16201775
19618527
53178109
231101835
119971453
74829020
61843868
26441991
47402168
127605667
198532943
344805504
38507478
152997972
14779526
1158688364
121482708
15898362
970207298
108993692
148529707
583286692
15764644
17171111
171598736
16012783
14787713
228912734
48477900
41850855
30345812
19079285
137419015
17341859
15554922
19621110
158426909
807095
5402612
17220934
742143
3108351
11857072
11856032
9252212
813286
664803
5988062
89820928
77026540
132527830
15458694
26083271
15918708
9300262
1917731
17006157
14377605
57405911
40057701
196631065
113446511
89175642
43633875
59157393
38434183
15858700
60538097
61220477
219694026
18391051
15755669
69193833
16083576
15161791
14569679
20861949
23450558
40817093
18622869
228141947
15714631
14495726
226790827
59031230
10069612
14695985
48802204
2884771
202790178
462248644
14517623
22677427
5392522
97070650
18191927
17813701
382902452
22162854
151106990
20522831
365482988
301717311
57002648
28796289
15854702
16000856
59225745
16096735
53176629
14240875
50486198
180503626
50325797
83957287
52293877
16358930
148086041
16017475
76967543
394741838
21844854
20529924
188478027
186310032
65707359
610922415
202872753
28473649
500704345
102555715
154630457
206721200
49753545
51241574
14248963
34713219
150754657
633288856
19409660
61561912
222574347
197610710
43377604
1006688389
154259976
1006759184
88476562
90029323
