3386007280
214629136
614384074
75367781
2372295330
48616363
14920785
3269580290
51114128
52097913
3254838091
318531893
21788586
138977055
22204173
27688281
17139736
38641456
803088361
368992130
2437513992
1253263207
2862577383
43269016
2976598347
2861616083
2933760046
2964877294
958462200
2964949642
2527491235
25887299
2964222544
2981381830
66496383
50313443
39542662
364010095
1872759595
35017909
2856930320
47798449
714955166
320502433
17717287
51039749
16479017
120120773
81155662
562687482
1043841314
22043427
26572460
18144581
906898291
567382253
630510869
986276490
19667766
940368062
25159286
24112747
22826294
185340210
67393806
22288490
27860702
20430077
148845723
27086783
80579719
39986021
15113565
106597684
21213276
32007916
20600214
42731742
96885392
16129106
381776724
2239461650
16280202
314205957
27114180
148878245
9130702
27027979
14692385
14575708
19214284
114785533
22650398
27048645
22139417
14839147
36452050
58620468
427168299
1487846678
1603741400
17968875
2308836032
3017557068
245516336
58602902
614482068
614482338
1957862160
2269112077
16887429
128395981
1855222676
626983614
110531003
41265813
1321637407
375714349
1455558001
66056991
2598076226
522526229
3063820499
2785774206
23999320
441309907
473311723
2953922782
404355121
102237907
64527114
19980678
20634574
24438725
546120447
3214080845
361075871
302084773
23562007
16787084
15537855
2853309155
2750127259
48117116
30083439
2966765501
15874918
2962813893
1383059977
109579534
2869746172
2914571740
2973870195
2964526557
2914163523
2964287128
2975091705
2966205003
46002396
15731751
475440685
2966758114
2923073223
2997364825
20050047
1226668172
231592153
29216764
899814776
408281672
400320125
450697476
135931182
26803607
110633181
517387462
32150862
29142523
29038388
28439523
132489525
276698943
2553387961
20694729
620586727
607165880
2452168205
3068102708
553120360
2896007875
2207780696
31929686
1544570503
21212087
261023298
474464413
2369949012
334715818
90480218
14844867
17118279
17053386
18102933
51594473
398088661
15393700
392435225
1457910330
202700695
195859137
2656954399
16588111
600435408
1584051084
2847221717
3014386386
2553263160
91882544
94721866
243337600
3011437854
2965083477
2932617195
1849261916
237930265
2612307559
2857404788
2375871110
16570573
2976606250
44945327
217550862
6620762
34691316
22915667
22170482
17918065
2451114568
25755336
1134292500
1613575663
348663227
149738158
22703645
18994290
2296475856
2978291435
25568065
2963445730
242770475
171632862
20791372
32988140
531524384
44612148
254189974
90429166
431698111
792155928
69666298
1582853809
2964042080
2835601492
2930635215
2929491549
2953713339
2953974395
2953494478
368424475
80986441
533531362
844401067
44627876
20335734
20809530
501170624
2742396265
65717040
142448676
18981785
42670638
138809881
601895573
19718686
2612183568
2548411279
1516508688
2851866267
2852998461
1921735968
201394400
541142335
85853612
21786287
726855570
2800581040
389034983
135973490
1532595590
2872336444
2361224263
216506034
15985455
351187527
442128143
26503051
62595469
15035484
244169451
554335063
1377275642
1053799574
257292496
2513050795
619542516
137798642
772213123
1465982610
39547287
2804018953
14547804
190146548
50128726
2691395816
22501386
47440513
2778703466
2743515162
1129443330
2547169837
250373881
2399839410
1904917638
1397501864
22373860
2575662852
1071792889
2525359742
20160893
499811572
1161211926
1054208065
71122987
1419172291
491859352
82162300
918320484
2609775320
588643237
290827418
1262462233
16420741
39308549
27016874
1240061275
553160773
921073069
13023332
41833309
60716272
483527010
84921665
58592705
83469886
2245803043
2540426252
18614316
19568591
1650611095
822328100
1655604302
57766743
14780570
60713155
2386239474
2215837956
328653212
2508376926
1092685867
1504095464
20882088
155124234
1620526112
14977512
2279361794
24932347
993796201
43277789
69773058
177584156
403423536
143120827
15755974
189129306
2577805591
2422622455
46176168
326255267
47739450
86129724
388555493
187272177
26548841
1061292174
1483880702
40922465
17529165
203226736
446775917
2543672281
2336823235
17582355
45840174
22914905
1561456735
78623653
264367524
316197481
563074109
1244496330
217100313
917024822
855937939
148532476
2471141460
1228149708
1514301096
347627434
48119460
58560480
18485541
2303991306
1683915373
157102090
1022066664
55705976
26028938
124039498
14561763
288365313
19929998
25386925
52754791
121796066
2148580382
1363292538
556059250
1639280334
123925485
14261617
1077782491
44926462
48694848
1372853570
14107459
2158213794
260907612
347311488
201802474
1431971822
287313602
37722041
15676749
256561975
758883426
1358674177
388685341
41186673
792039073
846649044
849919326
106491915
1859119754
310424310
1438947319
2289751476
18592146
422827850
70156027
35851845
1090009730
804932906
911031438
23209989
62558731
2247765384
239619061
1853114688
1265970265
322248090
344264079
2332686745
1259851956
1648117711
567385488
375993162
2340967118
93288759
1405337395
2320918514
1673498696
16217162
353842283
23103488
58523379
213180711
355069703
64469655
2253968388
339529477
2340928272
314085347
335653351
186215181
17301372
357789882
235258843
20020575
401597195
27639638
24126096
23655501
16366471
22956220
38484359
218027755
469194846
457984599
278322192
547969112
293065451
42638402
26344615
190905427
475811383
1620539378
1467970453
1690113954
17658620
13185322
18294521
571140753
1949928181
1148988079
310691981
82184933
173853973
106592719
27514511
47003462
50459173
1452232021
28478192
1556456478
177597136
163363575
596888619
323288197
320754780
41676478
1559546971
23839068
24933475
7597712
29483833
26505985
505985589
1673951906
1089545515
28273859
23881049
292949896
1359870848
1374998010
2212131229
94678391
63745722
18958999
18163042
19658614
16560489
15742985
206886565
803665045
502170326
46724483
549862794
606517190
144986277
2176334958
757832485
1138688364
49733381
28962737
1498714064
1322558402
334199864
37951026
211319062
277606529
47365866
633201646
59266061
1325114911
331651709
333533135
334219471
7439692
18804691
616688790
376453771
7358142
182582868
1921156231
1616606941
269620333
33672660
93334180
561186416
200002241
751210248
27789999
1209936918
271160889
1308317708
62919946
38701229
19216998
94897362
42258864
57100687
21166238
132646294
71023061
46474627
221106961
709009350
1109918160
455764741
21426656
1430692574
45599035
16318652
1007787446
15450996
13678962
15169032
15232635
94756215
56401482
14286262
40818079
46409221
1262691901
454645641
55155523
1624593116
117168511
29515247
10774652
1409019932
15029174
26761317
993153006
19795220
15029270
50323148
28468549
21810697
93183784
1305596696
86177206
6742412
334080316
45982458
15137186
431580008
9855382
10102032
11651202
17198100
117150125
237418907
237750442
242772524
518644221
946419594
733751245
935368364
950328072
1058345042
1058460818
1089334250
1155212191
976969338
1048784496
1058051748
50300435
167024520
207660339
147710438
777064632
1249873501
26538229
137472360
1137600571
1249456094
18873711
1444015610
809552311
1392322945
2836421
16565260
2488541
21044127
26007752
550401754
554711814
177024475
165439532
584012853
1154894353
75202384
37775584
436138389
78408666
83922884
33600887
178074313
36117096
804838676
46554393
29479859
36445057
17066992
31413260
1214309569
48459553
365562587
23016395
32593871
27039511
77282328
70239356
1069801428
46131997
85365067
28585321
28590056
97217537
28591277
41587954
28571938
38002475
68739758
15669672
127964360
40055348
92123925
64252364
204183944
129008358
960962340
1180379185
16043308
60063559
333692333
104615577
16874915
1140515762
67056492
995530309
762676062
12726012
1209417007
472079557
18956073
1143541136
412654685
12296312
177335895
17879692
180508005
184429756
38939971
1051446626
182640312
562390464
39279393
221805915
229518077
502241701
747384949
39568693
1065995022
838452462
22032260
1058807868
935252419
1198805312
1099183742
143798379
109280446
102488708
172414996
617440234
241307033
141990034
1074480192
16725276
100615455
108094213
91447293
56888688
1077446982
15749725
91377501
93443168
80136311
296024013
23619177
23690344
22322730
57184414
305189255
17137891
24382786
935033864
148376661
344861961
148006729
314335929
296245061
241207373
198526130
16102244
246769138
235217558
19658173
20597460
63650107
199357407
125139645
89001820
314223728
19913907
18020081
15922214
15745368
23951197
237403203
60984835
28195764
183310120
16827173
42924141
16424044
120295432
155642785
138553197
112781983
20209807
20088666
31191969
180564322
113763245
237944147
103868633
132204008
242376736
130929441
81191343
21048033
237348797
15637375
26060061
34917592
343171266
189173144
465712925
243333917
31032202
75383198
46657772
20448324
625818374
19885377
34049494
224241256
55245946
17374832
19564105
59856467
38269174
18902174
30238949
15610600
21886855
282216888
38495835
40794223
106847167
550318943
494342350
30886154
19787235
19307496
28917275
54412900
18428675
956076932
618330678
253681819
475280262
500161561
500133542
376597363
255757609
495063293
159138618
829940654
225916944
399854776
264965378
34917790
316650472
386044586
807604411
72643074
85628305
54430327
582041980
57565224
380725605
309724771
241221869
188792423
321009784
825847886
41605237
385420819
113114341
157727251
35576807
40339738
27546138
50730744
46201556
237330019
43890387
44696868
38673301
71036395
35044686
132249230
89317081
243320492
100550414
468003937
338578694
273492702
24929490
576568365
374035452
479726523
334213509
36134041
29514312
23783379
544454424
85842518
413434493
382873244
26588618
576591117
29833988
306289039
21710422
22948550
21550778
41138294
358371632
93889331
281112535
352547168
361344137
374571466
849709783
377813598
26883846
888948571
500217617
34397523
27888518
19881875
352035216
24886178
39539620
22052282
18704225
15762819
243075702
30050899
245201116
37771466
237048219
222127123
16365305
48075643
8953122
262800581
276277817
30864583
100400341
294918058
294311266
15646547
121817564
223992560
45991153
18697188
330642458
39897262
26008436
93672900
277193651
21903700
117777832
20468251
316688927
369047665
25177070
382441782
373432425
242727646
287998090
448077090
60234976
41740308
462622463
463970512
322720316
360080772
511254062
179113741
128620654
24234881
108723691
409072668
16999606
200661295
19296528
564855622
32223075
12831902
205388358
582207845
354448958
73731592
585456856
18754284
24009801
573916220
270075995
795011719
278352006
23271262
40510796
330603931
26046651
870101389
14464376
26107512
117946625
906008179
967307688
960696949
963480595
14091360
19974045
23970102
49130529
19036725
20721095
86392440
58985344
108397781
78369108
498961017
47107689
28587919
342165503
39510422
32505133
154921444
10126672
125903327
446028349
234573331
26777550
43555354
25550105
95069715
5558312
107511523
240363117
17093617
126078944
36082429
386093268
825342656
833333101
111544484
19270939
152664986
221103852
276634658
531833000
241273907
16504985
250252054
18728980
21039814
510611090
106303081
20336428
24714252
197246879
57679442
36851815
36771809
334389307
20705412
481678335
15223901
104893909
312800783
29307707
567452140
531643363
763003662
178495748
249339682
61220477
40061120
54034655
215021528
243931178
377534571
105935816
183431211
272395158
24608583
250784170
14345108
15473958
350670624
37118894
296873285
42679599
93965901
21787433
509075829
117591819
538285487
18781166
7402662
326453364
26810716
239930426
339877498
342945476
44482542
18648926
82687751
156703580
293120622
18060563
20060878
186646579
51537566
625741644
126670849
421304885
506194174
35730120
52466789
246965248
281610530
42442665
18528834
50422718
50072390
311813756
103060329
76350004
235271965
608182396
19139963
248850174
154591966
172207473
50055701
137407124
52531071
249350384
413285679
437527517
81139286
138848141
26014513
40923348
17409240
640893
41402405
18766894
333820003
250219913
14369130
15850297
18202079
23031141
114607567
338559914
114859756
93241358
204386512
7702542
43171801
136400557
111094311
393422352
171154131
158620445
20545835
19723699
169207084
71036272
50057714
34927577
407229804
28999588
425134612
32011046
17347085
37261304
42472972
60680268
36753179
26487790
18915795
31540671
22811375
56749157
229570580
16906530
25220741
24919049
474439904
263758909
280560342
331013295
90405702
357033361
148577972
20626103
17919972
21301913
16073043
14331688
233557728
17927363
36101055
19309639
27234253
14728168
65206347
38274353
19916620
16912739
334391390
27737215
221042443
22445747
45970002
180066025
20707966
19980084
49080040
17872744
166270127
236479311
213795411
48029066
40923070
135108504
51761710
156088386
257101031
27556859
66705952
14745164
18822612
236530658
17594192
36142710
418991627
300387504
83603750
361356548
89447848
20331972
395030396
256113470
28178127
20686232
19953579
15416505
10228272
142896252
101901113
19805496
47720322
161360328
31435351
36483183
16097702
4923811
70798600
28599806
65120302
24842534
34713362
456038960
55329156
69084023
112047805
16072676
7684882
21374925
531636273
624413
41686052
93761013
24942205
300007812
252115520
15679008
234953237
28491140
67735085
31218760
431253601
15847250
20707525
85883451
122207745
22055109
16364399
57435881
23176276
49140008
36652027
15941955
103929010
34274380
15922521
14717197
16438594
14410652
17681489
15987296
48722401
26487169
57679142
158769098
20957191
27702749
460493470
22047070
23022687
18612983
229592356
28164923
36654245
272542662
361982026
19771248
54900089
336150550
16311797
86329851
23449774
32506723
381700341
197496309
41019773
58379000
31310158
26946495
166990746
115242357
125806932
14738157
16721461
57430991
43919633
17131852
196168350
65146567
257120979
254082173
128393253
122713203
37666984
41131444
27133246
5577902
22055685
57678732
18983793
26254959
25101996
281540744
229966028
37764422
16807883
19268706
22517990
118756393
119899270
57438267
14335880
402719755
22533647
21536398
240393879
57439056
402029058
345653910
24127368
443100456
18001635
41684065
21461392
55303753
70799725
142321780
211420609
16032925
57440411
131204770
23124635
35829796
10840862
37094727
113047940
57429511
17078632
28264799
17454769
37256565
65493023
8559342
34738598
23798694
5693842
36681590
7039122
26089178
107125748
71323944
38013922
66369181
14730894
90651198
88784440
50769180
16116288
21434408
333578626
223970563
14529929
390240185
15757883
759251
26548315
20103339
234906311
70079259
133456403
11348282
14587949
40308406
234370900
455306401
34743251
71294756
299883942
456994513
28584156
32879708
390277164
57675102
44209472
364564017
72904561
463786382
151735638
309967289
18279004
339822881
233695891
43585581
54372182
93224770
20733972
14505838
28176898
252819323
67711985
18979486
267357532
50894674
33758303
21409003
168854998
239871673
16468012
229947830
97171189
5283382
31252137
14856602
65174274
24368246
198658619
23827133
426817871
47364898
21878458
296903483
20192403
179546580
394359359
16954241
61250271
47350034
43200849
233737858
28182253
271110352
151043597
18809926
114388293
296361085
18915145
202206694
23445674
262223982
22508473
314273538
45882566
119136034
377400685
57433398
57436774
57432795
106811268
14615871
28576135
21572351
22667955
46845373
83889597
160383108
130600206
29766367
18729999
52884959
188555054
52503751
85606078
43841960
87203555
21770890
245408102
185868832
16438430
17346287
5976482
169117805
44401911
213634439
155005734
18990265
110445334
132225321
317817201
234427352
31971343
221793778
334824599
19740658
234812093
21819828
356377451
71686836
329139607
101445621
35580879
28110078
24123509
21261140
73301940
142496705
26536180
15101583
28168942
176950935
246341769
24773493
18317325
22831059
21660348
18805644
27524286
46293685
22545240
57339634
44177383
16925437
21111896
15075753
27245742
7126672
160561302
16187637
13524182
237299871
16056306
19811171
14662354
14141323
15764644
16045956
27744185
21252618
18313747
19354391
19417492
114756202
9508922
47975734
73238146
42958829
76452765
245993078
244268646
249219716
271432057
236899846
240393970
112508171
33655490
18056015
314123984
15887713
54885400
19611483
17227135
21010214
8775672
237862972
14344823
88386024
36665547
69199586
22692199
21460472
30313925
69353808
18197328
209792690
28652194
36072985
17061263
304465732
295685416
211901075
282093902
221162525
234073420
16052860
191613738
234469322
210926192
234797704
15923226
15615783
278145569
233693291
166252256
242926427
273992516
240760644
19407835
242761889
50152441
242873057
84620376
18811140
3137331
198756585
108401249
16371006
36804447
192918274
249288197
79743108
19028248
145663520
23007492
255824583
31124797
15600527
17487795
10691752
20528383
117928875
233842454
240385577
110545675
252819642
248699486
153006993
39092743
25512454
132722236
15971782
247723476
42113855
17524010
12859012
44513878
23020580
153180731
18645152
21612122
24905240
56413858
7228682
216881337
131725928
133990365
16044062
242094064
88750092
16198573
15159913
25916881
20608910
113420831
20053279
90725320
149155513
76163900
15993122
15010819
6017542
13058232
12925072
26652309
17563655
37007274
236960387
233761277
185376376
240376522
164439248
237763317
22055226
18646108
50325797
8940342
15694286
12469012
56470183
19291441
222286905
16031927
218349372
236916916
237814920
240427862
5692542
17449453
2467791
18967498
20467163
71358042
123738314
16015621
225988631
234837632
235289157
1367531
15394954
51268700
61048598
103458201
45994332
12788332
124224165
240279350
193794406
19394188
191477653
15210284
51241574
19926675
19553409
807095
18557258
14412533
813286
5496932
11134252
37760670
23970171
20015903
15116570
428333
17546958
11856892
32007346
1917731
20402945
5741722
15754281
6577642
15513604
11611052
15210410
15976697
14345062
116836560
73198063
49855286
234022257
224391627
18217624
14246001
203057303
17800215
20796447
55677432
41634520
20879626
25246168
16391841
24341444
17237540
12272322
18906561
235251868
211530910
235190657
18566912
13218102
33977070
224294785
201079432
16494919
190328374
21329888
14904437
34340464
15751083
18030431
15207668
15675138
6577802
20713061
27311044
18791763
26051676
18166778
5561412
15428227
18916432
22527499
18805303
32010840
73829585
47242873
18608514
14275291
27676828
19929362
234822928
237781383
23712174
26324609
234128524
28227668
15160884
42156681
19659031
15679641
5357812
14669951
23007278
133439172
9300262
115462350
35218566
3108351
75600769
7518732
19098310
224320485
103025567
7713202
87612710
15876673
17915672
34658840
28902856
24183358
229197216
46681100
16256269
26424123
15856366
18559672
14884201
21022846
1759181
161743731
10168082
17976923
233949261
15281676
234057152
15356407
23606500
18891923
19739126
22509548
234812598
22528309
52267403
234053893
17513304
24735461
23976316
15691217
234927299
37782649
17544524
15075999
41445718
26407969
237386957
16859117
