19318314
1061385474
150078976
278124059
776664410
1060984272
30032601
476256944
60828944
15442036
30302477
14237257
117501995
1058917562
293131808
1068499286
404132211
995193054
950783972
371988732
43460909
1392282998
47968639
1330067672
546219778
1523560704
73167937
153296699
3017995074
304138139
258130930
221800898
15474506
19608297
2282583120
313377740
747876121
825687307
2312829909
16555985
16405372
185397767
15147042
38500966
22528070
90483944
29447358
1692281443
110600815
19716781
237886660
6092972
1305533773
260974901
320939398
361349954
410326823
296777091
17145957
16151199
1589473728
253345078
41438392
32453731
104959693
2814455871
625208925
184136149
2801686349
564111558
50061774
708095882
1176677346
2817572178
2817742002
2796155975
71569841
83668232
2357588917
2657143946
61734492
258828716
193047857
74872101
474232856
586671909
15212187
29805398
39279393
48075643
18909919
189129306
23911915
242944499
23247996
21072250
113114946
211314851
17176542
50119931
21927612
16353245
17093617
329913473
12733642
19089116
27978179
35415477
93919595
28878624
102429604
66058457
40819376
362462890
284803116
17221548
284601532
153944899
771955094
870733334
31128529
29450962
191947759
34482788
31029483
95470413
227104559
244376426
120176950
239905257
235373000
612117635
109025212
166252256
78445977
14173315
304070008
227829941
15647676
403012191
14957145
39745601
40131571
2911101
16933064
57131180
20651640
18030823
169340656
291725473
249448443
94254602
537540031
14811485
402150612
33690471
31219267
50731463
15764644
237838883
788482656
61887216
280793428
823514394
18731529
204905640
59585114
847999184
311178789
27043383
66297057
21121491
17409240
384392601
581141508
193732179
79520728
168502762
239949176
594162177
50461704
19973871
16600574
32774989
198959733
398187056
111379452
50073507
234014087
124505588
316933317
14282672
26747051
161344057
22650398
40338609
430938355
59267093
20957191
17053094
482098346
319094338
145378129
32463503
9689662
81952244
87057197
14838508
34424156
73413771
16045268
28143682
24752484
21783950
17967675
14074515
9109712
16153562
13192972
258900199
81181888
249348006
16598767
22993076
71307822
271278710
197742933
228599200
24901827
16509030
184313387
172217932
36271490
17167306
37207398
558688123
147649517
44177383
18678924
15587500
26553971
41636351
17006036
361321755
10069612
198532943
22325824
7152572
167132770
20078891
14695985
14240875
118786633
16000856
50378967
19658936
2884771
374167664
183667282
137466464
431351022
26287962
42722329
159609655
185349157
138479037
77032777
117529717
188841247
44944832
16273831
104673756
164412502
14410756
21748329
6170212
40974333
41651152
14856348
37999041
21138172
15483390
38740332
39568967
778057
289467712
13784492
15667291
122488668
14343727
14437914
13787352
13784642
13787402
13783772
5988062
228602860
6604372
207506045
16348549
263717822
43135329
16129920
15868821
88735607
26513860
15210410
21768766
73181712
44783853
22312628
108617810
61853389
20437286
11856892
85131054
15754281
153149305
138137624
18990471
71084276
71118984
214192252
20179628
28615495
127912925
27529632
61847616
92572677
16906137
14615871
360251188
16688755
18622869
46417885
47658459
18510860
86697288
15826822
15458181
4119741
20245775
76715323
15458694
27225542
253761367
34713362
234186830
109257354
165204211
77684440
16224705
21360690
41182253
64515574
59676104
52521572
21351719
95688842
13783982
14062180
15839303
807095
1917731
15918708
15463671
55355654
82179651
22740042
21321575
78408666
19268628
15769327
71089405
69625014
318028195
17487795
2836421
4207961
388468632
48125246
133947893
260396714
498086291
280548474
27764231
103263995
25608025
36426516
260990313
16121482
14529929
43920155
20287372
14246001
43556252
224729337
22870177
16187637
73520673
30515980
50419217
350547270
368006507
198527214
30277174
17490974
16619904
143956852
15091503
64834717
103091159
56309087
267457429
584020332
314261554
15906481
14717197
66369181
14345812
20259954
21792943
47348884
14345062
15507433
34240147
21443773
17734537
23621827
18174520
19541375
136300373
16317567
15893354
14270650
185292837
182515948
68774092
178078194
81958921
15716509
14949858
113693078
18688379
15446531
16245219
17145979
31464192
30138588
38478630
287874864
257236324
11681482
63262233
8420062
333239733
131245383
366636865
110813525
115180072
188523820
27969484
128358431
67638763
36180193
127609430
77063446
14714673
16034002
216240350
55896443
16228479
37281592
22951310
275209628
15079397
13067732
59591443
24486328
545528259
326208966
342251369
72976886
42718177
22998396
71405781
185346392
42613330
93987566
44905887
136839221
81055884
593453044
549455347
304657335
524610407
582184905
16302064
34067458
36764067
31310158
111371742
17445431
81427914
20286844
19259111
19638248
21434895
21351688
22853715
24942712
7819802
64916983
242727646
11348282
21034324
33998183
13524182
15210284
43409523
183898020
45604374
106135104
142490217
150686538
19216998
15151000
33222598
46557945
227841653
16459325
15689503
104299137
233985354
102118759
17289717
136550204
139738464
28401561
47498801
98543618
14412533
14870670
163589845
19186003
21252618
39155029
102119062
60653077
22681436
104340042
29255464
31547129
47391182
174170923
67037301
39804232
23790348
14337289
29774968
18918405
36771809
31269438
110541296
255467782
35818549
75344078
46990297
20508720
7402662
19354391
51241574
82689705
15675138
15023533
106514937
235824337
88802320
237457143
14178309
9973182
17172629
12901522
623213
40338146
16878156
261918703
115979444
212257627
146569971
535681853
18215973
582101054
216131659
15134240
30071988
81897589
87044950
35588171
22939015
26039580
43049724
104079160
21364252
128302099
91139062
603074419
18815447
102117425
8540312
327503664
37710752
15384023
35940348
31418514
84614825
555473643
15743206
290804115
190375586
11697932
76448221
110821662
121503030
223587964
37601816
81449064
245954074
31260535
30948908
366251658
59878353
18322507
19006707
22012091
17474897
254217041
17961886
47702296
9624742
567551419
32661989
15727608
326929954
153558139
50045903
344339091
36182333
395425043
223166587
18708561
24463541
18923703
14606079
19093968
23899556
14482613
23107573
32622845
77305319
26431501
31043788
392209135
15224275
8073492
17540715
16830910
17832203
494336771
36407719
461697741
17298438
78109966
109401838
36758866
63191474
19362718
89790332
319320598
28652194
171899574
23400258
83521330
484237843
113202279
234826866
19194884
14470284
47762036
14211632
16669075
2467791
8953122
299890254
492725630
18818789
21923626
70815736
40080821
50839075
91117525
307635149
37155696
421646548
334488308
24746027
186313240
18816480
16086847
23068857
239580307
245988630
56964364
219092425
48617075
277207243
37848472
44873497
218679020
14503029
263801676
246887230
532629595
52201725
137440868
284155407
502017575
14342564
428333
22849028
102877336
22842589
274630887
24785992
22960837
22866687
13797612
37781811
24326202
106853951
22851159
66795538
15959545
89289402
19768118
264359768
19079891
305068212
352510520
156427983
35945229
34811193
5392522
24731494
77126235
17527292
5741722
10722252
25128598
14276094
30313925
39803481
29491855
9300262
24827451
67710991
101273716
246088673
14313449
19424182
34602092
44541155
234072501
15679942
271130015
18642669
77082100
113478020
552127541
119220348
55673466
17429766
43571079
16899638
17636745
18020652
20545650
59338845
22693384
35845099
22086734
23684880
15344867
22053641
17644000
17105606
33610571
47771231
20659086
34998257
208655063
44796045
5731432
5739642
44946751
137459867
131211457
562355297
23802015
42962775
356901400
41655821
53454719
36688062
15922214
192023890
243385587
14180091
15921060
69363236
288751432
35773034
455281493
213822123
218020019
62371118
103948982
67451138
54109722
335745810
48865979
18148664
24845521
462427280
14336662
19688275
334215078
18081597
15635413
23880750
10293832
82709322
55473790
13830952
23600737
15447034
16551172
5652522
17135038
437006133
24840714
40101262
262911271
42711666
106252841
71595522
87997141
43963249
18178876
77043183
22589282
18137749
151963505
415859364
6395222
2803191
17099928
16491683
21841119
41691265
44309996
52202231
69427169
151140635
188810664
32569346
17994536
15564045
137823987
242178962
14185814
2992751
22556296
40940457
18228178
20574361
32962565
61356546
21512383
32010840
292495654
250188760
20545793
29201047
252249233
15954997
