50769180
196168350
17563655
43166813
29239301
17094323
16247383
27583598
20529230
54935309
48029691
15791186
16744942
18163893
18163042
54936693
95069715
253667610
619153577
22517990
15726728
27024280
277003928
15431856
31098756
6374602
250912539
343171266
183019417
314205957
428333
3108351
1921735968
242772524
2482022082
21829541
19291441
340081801
74534839
20451049
39295738
14358491
28123142
2398052006
119899270
762329143
59155900
54972485
54964927
54941553
8940342
83467517
36101055
398088661
2573950818
2976606250
2951574214
77036130
2962891515
260071267
11348282
640893
42692687
2560169238
1080844782
2964949642
15987296
2249022318
135931182
15931637
1499993378
14669951
457984599
3135241
14904437
26777550
5693842
5496932
108617810
733751245
234906311
2975091705
2964877294
2966205003
19216998
5357812
110445334
13067732
935368364
224320485
2973870195
2963445730
19808819
27048645
44209472
1061292174
56413858
21252618
254082173
14730894
18791763
50325797
88784440
759251
17539497
47975734
1451773004
65647594
858672044
189253902
2976598347
2978291435
217543151
2861616083
266133081
2612307559
86129724
2914163523
2750127259
1138688364
1305596696
834069080
2964287128
1883356866
2953922782
2730150631
26596727
130600206
14587949
16031927
51241574
16187637
23839068
37760670
14246001
2382685057
1908143071
15428227
9300262
15922214
1444015610
1623308912
1917731
360051634
15450996
22703645
15210284
33655490
39308549
10168082
295685416
14344823
245408102
7713202
6577802
10102032
10840862
12788332
14275291
15281676
15160884
15356407
15394954
15600527
15751083
15856366
16102244
16256269
16424044
17513304
18166778
18030431
17976923
17896154
17800215
17544524
18277655
18317325
18566912
18773159
18805303
18967498
19139963
19407835
19658173
19739126
19926675
19929362
20015903
20053279
20192403
20209807
20467163
22508473
22509548
22527499
22528309
22545491
22831059
23103488
23124635
23712174
23951197
23970171
23976316
24183358
24735461
24773493
25086658
26051676
26424123
26778110
27676828
28176898
29766367
32010840
32506723
33977070
34340464
35829796
36654245
37007274
37094727
37920978
41445718
42924141
47798449
48117116
50152441
51228911
52503751
74198348
75367781
76350004
76452765
78369108
84620376
110545675
114756202
117777832
124224165
137407124
161743731
190328374
193794406
198526130
201079432
211420609
211530910
211901075
213634439
219429281
221793778
222286905
224294785
224391627
229197216
233693291
233761277
233842454
233949261
234022257
234053893
234057152
234128524
234469322
234573331
234797704
234812598
234822928
234837632
234937222
235190657
235251868
235271965
235312723
236479311
236899846
236916916
236960387
237299871
237312687
237750442
237763317
237814920
237862972
237944147
239871673
239964567
240363117
240376522
240385577
240393970
240427862
240760644
241207373
242376736
242761889
242873057
242926427
244268646
246341769
246769138
248699486
248850174
249219716
249288197
249339682
252819323
252819642
278145569
281540744
282093902
299883942
301549400
402719755
518644221
550401754
551195347
584012853
613725908
851621377
935033864
950328072
960696949
960962340
963480595
966442267
975200486
976969338
993153006
1045853744
1048784496
1051446626
1058051748
1058256326
1058345042
1058460818
1058807868
1059240924
1060370282
1060487274
1065995022
1069124515
1071900114
1072008757
1072382221
1074101017
1074412920
1077446982
1089334250
1092757885
1128514404
1131917492
1155212191
1209417007
1289319271
1467758983
1849261916
2253968388
2696643955
2847221717
2852998461
2853309155
2862577383
2864384387
2869746172
2914515430
2914571740
2930635215
2932617195
2933760046
2953494478
2953713339
2953974395
2962813893
2962994194
2964222544
2964526557
2965083477
377534571
41634520
237348797
22055226
18916432
1367531
1074480192
1137600571
15207668
