231108733
38516217
236485849
1071777608
526427575
390295802
105199291
547031380
885381829
37071089
32217275
175280579
95537333
193096110
373490841
105082141
129917609
2255629814
39293807
16163810
2724095695
2535301454
16369269
1327401170
193771633
2201782562
36235480
30815935
17051495
40097515
1630641228
627864602
253910543
2964351843
2962681881
2916086925
2975350155
2970462034
2966570782
2863006655
2962868158
236279233
2970279814
2968007206
2968451607
787373558
92162698
17840988
347455909
2851242277
244723075
15359126
5513142
284756662
147668048
33726864
19090295
1603381488
2382117350
947388787
39565067
446829173
586671909
15212187
250378882
1286312880
915514734
114547989
1548158070
1134292500
1410590874
462143773
1009269193
463132556
1531521632
1613223313
282780964
245076867
304855409
25294855
599454226
1033827782
65189953
15682644
67457780
19564719
174129416
15322063
264490826
18164513
148809273
63623126
33573444
38287098
1243902714
1222257180
69066533
1140648348
304909941
1128781184
12962962
116616596
9925172
14878485
24959839
28166836
589292452
24197307
231510077
761783018
59204932
26637348
1074129612
1071102246
1083448909
1071840474
1089859058
1080509366
1093090866
1092979962
1090002997
1080844782
17093617
41225640
398193180
7794142
785414496
17539497
1064206014
303861808
1060984272
1061385474
1077121945
1055730738
1058717720
1055907624
1068499286
1058917562
1072453910
126171100
937723303
776664410
1068470480
950783972
1072467470
467823431
1045110018
389840566
1055685948
1051127714
1027156464
1058520120
1037321378
995193054
942156122
570220826
17908972
19079396
179971182
34371118
32673051
20454385
15952856
50011708
140912249
15739494
47960712
40277679
97370449
269314519
43162250
108686283
246989901
448295627
15151000
18638502
18950931
43581352
804942871
21948470
73273614
432799563
389028352
16244449
159609655
35027698
44397881
33515703
103949895
11883722
15781389
54276497
140286364
139738464
19113435
56552341
17223014
168674628
272549524
115564212
125115830
11680962
569244581
134849548
54208274
620618811
250492272
23817772
204599219
19785811
606368055
7380872
17044233
15896464
67378554
291192260
286339472
57955878
174263663
202759893
15485441
615443591
87498687
52521572
32207712
28906550
117237387
278776049
274570888
595515713
127539363
184860130
89293119
37291805
50149303
15731368
125453969
7138532
12245632
19983050
20742461
89023284
47448886
243840731
78716886
249469549
15891430
36232215
47455112
19306810
87584353
19608273
15097615
14954972
255347566
47991586
282735852
12612432
225612870
20801445
87271106
132596819
14135350
27090222
64744352
23996721
33658889
65905779
271476647
19889946
21867341
262957644
120181732
14471411
12229702
18532867
12523642
459050534
494583213
23623038
10778572
24024778
16332710
21344880
19471123
16442365
18023868
17212434
370789794
18982396
16172747
224379152
16005250
16378486
14897840
26350255
531561605
96405362
18683964
599503354
16357942
123327472
107199576
74241914
228747444
543911312
3497941
7768402
171154131
15324851
97248544
11762572
14985228
16441088
7381772
10886522
61636488
24002724
282545479
82151660
21862217
463765807
19409109
12055942
109287731
72198806
21431618
21612122
46729604
10952962
178441979
59799101
166545476
66173442
31194905
14763834
15394528
555976827
367178609
380530330
48823671
20097362
14885540
20071932
409536938
58503762
26862045
16345427
479708321
254383946
24189931
91656908
128922607
93950997
11860852
172858784
14275291
42980426
267938462
211218767
287893095
46184045
15726324
360356745
17167550
142849883
182819523
16413730
167279906
371889510
180570724
61013838
335399984
115120111
16135536
286234486
34666476
122173961
214260872
95270002
163162704
15956067
17328222
14975341
28162128
19362341
82939583
15946752
14062180
108376246
612117635
27055034
27511061
269454727
18763909
14370819
453319164
607856488
34012907
731167584
30249306
236026761
14478046
30003842
463266668
45013575
16721390
162056139
14535203
87504672
14411304
20975060
15464697
436925910
164702019
382232114
130274805
15419357
15871277
147649517
420832039
324095750
216299334
486821128
16676396
11178902
16316895
80102969
460279209
72651846
610922415
18036441
361342191
212320989
23378758
21054920
6332292
14588748
14066024
19419870
15224941
102171691
256494414
105187267
70469623
33591713
15586316
15664289
16898332
21336332
14708533
21814236
36696370
15751676
18993104
48038024
16149614
171171584
19942100
50667179
117886196
155572186
257859500
105281551
106291885
16192333
16555985
60610799
23451907
193531800
16746342
25498174
246923540
242944499
17907987
188899181
23673489
239581574
555453339
51462013
21313053
60627728
15939889
312800783
227037531
581141508
558769636
402864953
15667291
75116146
34487633
546383985
4265721
119606058
64748609
334921284
110823581
346197350
18885280
245451804
227790723
151444950
2768501
394741838
22517990
392810019
11384102
21312469
146167871
10222862
58550415
72911037
19380829
26748158
29515247
26574283
19674395
238253724
19914257
57675435
266719387
7684882
263970953
121795745
209262282
16140124
249384564
19674502
44366594
61220477
243337600
407013776
18587457
14251225
82959058
64916983
16125224
16640598
28181835
21397043
29465136
31127446
15220768
22642788
30929600
310310133
219395310
92911662
30988191
20777464
107504277
65467398
291670881
15989554
313626071
18651390
39532767
60837056
31075207
47943706
19312573
47790669
15841877
168728442
38530157
51191682
89792919
16399949
123994203
108985543
242418441
39279393
21702539
17119688
76381104
44960116
18174520
25765426
134855279
228183985
33304904
29133549
96695061
281282774
401073223
188984590
87962641
38523983
7996082
160720376
221453861
330489425
19669596
409495546
15727697
62639813
160225015
21688902
227418209
78357820
75534570
60639397
242844560
50733505
36157448
78369089
337207112
14982783
26420085
56541404
87110622
243217334
102120965
28726111
17968114
82103906
15873811
43656875
26418770
27580940
33019566
94593143
47415398
69148767
87977378
21699606
163486896
285222374
18655359
16157855
73190286
16300786
104237736
49304503
169785728
476256944
393588826
23865382
429227921
14957147
15446551
3365
15406924
19196168
14860828
31454635
39245720
9692022
16645918
247033019
309224217
409456907
97350398
36047098
403081467
14185317
16041234
15012352
42389136
46479416
254117355
43920155
109696374
63189694
61681958
20954470
259551128
330592913
165594535
16299447
69193833
8249832
339332911
415672876
47720546
29575412
16162149
20873135
58581480
36474003
144756663
70489839
14775998
15065156
34315765
58514430
23803388
439717095
183712785
56223278
16815644
135515077
15676455
55337276
34739408
227373977
42352386
45744578
61083476
19553760
155680896
18169053
36972997
16261445
278582590
23995748
364423298
369505837
337742544
110541296
137823987
164369297
373600871
219350591
133947893
20202182
14074515
76348185
67194113
21426579
51728323
13115682
21316253
89076388
36966733
516956802
31057744
24455705
123406653
40591490
260894276
108782386
18441863
404422077
16031927
14688489
86141342
317226055
227088228
153919023
193872188
384392601
384913290
385429543
155669457
442824717
305216911
404132211
432676344
479872233
35773039
135931182
14199378
19013887
23043294
14659350
98543618
163598915
19659031
50446226
15922521
4898091
156016878
237477771
24926288
14677919
225123568
98228006
46733238
146099226
122207745
176589375
56440142
25878195
15840979
14780915
207660339
49960226
18963809
14597239
234493276
45399148
21842781
19224439
18949452
16334857
624413
106498703
21778391
170034104
21148783
11388132
15723290
16261627
91180720
138044083
35474809
21693060
163589845
157158598
275186860
20217658
169596992
26520417
31448660
8216772
33086137
352548417
34310801
227837742
346709146
26047267
322603418
27939337
27519763
185349940
113120733
240334048
48144950
14213413
70771229
52126257
119829799
92407522
24928809
23621827
245412130
22978395
114782468
213713264
19847765
94422249
17033353
124490608
26754354
26513860
277165873
1767741
6904552
13804112
14085040
224400256
351065668
19629840
450941680
40260612
227682918
36178328
389759292
267921808
135575282
41272328
21234528
17746914
245220581
62502942
13784592
48075643
163995093
11469852
115710058
149180925
91386979
461317248
79827261
25300308
436873679
217550862
377949581
17011177
46737822
314261554
61127668
166632958
12926172
13784492
426041590
372300596
26585095
11856592
217284148
16929600
131497030
152142811
109446583
25891497
270508448
492588128
16563576
216695058
326255267
331816614
17134268
21918310
5695632
15905103
16955870
434957751
41814169
21215620
22370581
17469289
435236285
189129306
30354991
34641036
18872608
21414576
55334133
466519303
79366215
97305164
369602017
151106990
240479719
144921326
31109219
16613128
52226304
39298589
16801671
21346365
14625398
475286355
14552720
330361451
288363743
19610051
522282462
19037532
95431448
342803375
73414710
339852137
381152398
516880804
40062932
26936326
25550105
40302336
87011147
31072476
21991753
248900032
28669612
17507250
21829681
258885469
57768217
61285110
110004599
288308178
40057701
41387157
47755632
74856631
216832167
214110749
14888467
23967935
20774143
32078497
261918703
22231388
222554961
18772897
233985354
206487352
30167133
208155240
188478027
309883487
20772763
16249259
238139362
158470209
15007149
24905240
18915145
221162525
18566912
28176898
124224165
257091348
14007532
21062652
147467535
126369849
243725308
26402448
47734221
159065451
14141095
340997626
226956469
53222666
82509878
14870670
16172991
222622640
292549803
61734492
127873153
338608917
18018355
21880237
294270520
308233424
293131808
48802204
16118516
72433559
280630251
33884545
263936580
17112878
14754055
49620730
297532865
103335794
33298494
22396743
13724572
48043084
218347440
783214
308230587
28195764
325830217
161319475
57036865
15463486
96781334
32521584
115745371
70725642
34022952
53429839
21800063
15826822
30948168
108189101
203296606
18637396
25146084
15906481
20522862
234186830
184136149
114887629
12670512
22771961
16002085
24196684
22185130
16161911
64485600
241201385
249826368
104299137
18812572
21901272
82643763
11702412
21027715
15677585
34713362
20166674
14412844
205392468
252296570
15570735
20769514
257661436
19085493
192682116
16371887
301073375
202718398
14552725
16930125
14855994
37999041
18199523
235196204
55244226
15724082
1025521
13067732
21797658
59331128
9567972
16018516
80944550
14173084
24439201
102238997
244265058
15993122
100534628
20474813
47415772
26604072
16925437
61193131
24933645
21776872
19186003
266830495
16006592
117113635
92544900
158573447
20109439
115718513
815994
14940354
12685742
189180763
37917164
309937733
37759047
21333396
75600769
126401831
15931637
47438401
16297707
77032777
11771512
106135104
15744171
20108993
19160709
104221436
57770539
16698389
25770634
24712487
19087651
14873767
70442821
18915795
162138699
39525027
164750857
199836680
135173872
164412502
48388417
21768766
14345759
82689705
18510860
29538495
59157393
18767699
16032925
25562002
15896703
158831815
158806099
14073641
25146248
90986281
166252256
164843236
25353165
19160643
12134692
15922628
189376144
14770470
40912473
71002206
16612379
107485396
12811952
7313362
17869798
3141991
50331969
15458181
15691197
86112023
24663858
23839835
16012783
39308549
18665800
5988062
85892107
247334603
16579249
76133715
169586280
113709198
16192310
54275319
114472326
27105334
27882000
40553282
31779156
114050808
17004618
38271276
1947301
28676476
15985111
153251103
7848802
244655353
45604374
80617430
6112442
17270262
116909076
151164515
12654802
20928192
14660096
244212645
90077282
16081831
130945778
33222598
19418459
237780351
312134473
17910554
80638910
21634627
18646108
14924233
3108351
110445334
56413858
14146966
24659718
13493302
237627239
223970563
27978179
218982732
156056293
22559078
20109973
11856932
14981364
18686907
16340501
38228095
7804342
45671898
17004139
16104258
18028893
18097821
121208305
16072058
14413999
238259855
11855772
28113052
24362769
138479037
142721190
23593446
44873497
16374678
26278266
148878245
54885400
10126672
19611483
8775672
78408666
15359578
59159771
297067961
305620929
259364314
20437286
18805644
288751432
15210410
80317299
18172905
11640472
14465607
11074842
14620003
23080711
1106501
15945324
259395895
22772264
16250929
46176168
85131054
136550204
46662081
21328006
55370790
93876666
78134115
14631598
20642650
16568741
46681100
20245775
15234546
33514869
20067354
15012486
19740592
5402612
7744592
48037533
15446531
18215973
14173315
26946495
121788510
12788332
47694175
5336752
11857072
49697450
131500972
20402945
16184358
17494010
252249233
198667178
43263573
38349184
82453460
59145948
44134773
18276341
7868832
192955168
164007407
292990703
292935209
232992031
18137749
85322445
239905257
267854863
78445977
153486399
263815367
260845829
22523087
29293808
291903997
16669075
34126592
51520631
140465563
262800581
258900199
242911974
163570705
21146211
78368586
222140591
121817564
16303106
13784532
20776497
158414847
15399512
20177097
18451200
39155029
15441965
59130623
18776942
19068885
20295222
90414616
15064191
21307076
87063281
196824385
160561302
35002876
16746493
22963606
23825303
17241642
16137142
30295180
17036898
67984016
14998358
17918561
15681098
36218435
17718497
4119741
23232204
38507478
14948868
17825891
17487585
32789910
69660373
37790264
14606079
117583503
54266775
17859888
168295477
13850422
15837659
250784170
208692908
9862752
15896625
46817943
92102359
198980151
234014087
61206798
74294786
21684013
22053641
151519500
246357149
36719281
249348006
247486443
248735463
73181712
11348282
153149305
19716781
20818801
5392522
242094064
38254095
18909534
16955991
249410485
17487795
80628196
17358750
21762137
35785401
245516606
23105781
15159913
91671740
17171111
221792092
111635980
63240223
30912937
21010214
18983793
222546552
209621812
65655453
939091
13787352
19195626
26596727
14703188
14226882
224320485
15754281
72273570
21696279
17220934
73238146
17291393
234826866
129997410
32995184
17954494
4207961
39276600
44783853
50078958
39580052
237770636
199325935
240812994
234002627
236511574
210926192
246088673
49717874
110827653
80654397
39515686
92079350
19541375
112526560
106516018
33986037
16302354
15436633
15463671
21268897
20508720
21444785
59031230
14962779
21844854
97474887
56700964
16456599
133872807
19354391
16116288
15923226
23501907
14857525
18920073
15670644
15824288
7004382
31122582
74508260
40284401
32576041
26548315
37738073
22952132
20480549
15689503
14129299
17918891
28785486
24769507
20281013
15727317
65707359
11347122
93069110
15647676
44615672
76936279
211921304
131144091
17912982
111919616
20064236
24431892
19107878
5741722
11856892
118188665
191477653
137466464
43409523
52419540
158426909
19697415
115485051
21228708
205864193
15442036
182503471
15922214
15210284
108617810
428333
759251
2836421
14511951
1367531
14717197
28652194
22812434
59676104
79743108
216503958
15164565
14437914
2467791
6017542
1652541
22650211
12133382
14434063
14345062
22685638
149982376
1917731
18829123
168673083
9300262
85396297
14413466
136300373
18678924
50073507
15901113
13524182
21443773
150110556
46016028
132201224
148529707
224685124
153944899
229873610
156333623
233783568
161791703
235373000
193732179
242892689
237112418
28602948
227341953
64082669
239949176
229248547
242426145
48177456
14068794
23964682
38737676
16170253
44401911
16187637
106514937
28902856
103087786
21252618
47632905
39311638
12340562
14412533
84614572
14529929
9532402
15458694
11856032
119250381
173999134
97503010
15022633
148453195
80612021
48086014
30216513
22669526
39249305
6487292
76362298
135558864
46557945
26619516
49733381
42999204
31346686
170090195
24232525
103922067
28582749
115979444
28599820
21406834
31611298
111379452
24745957
20545793
153083172
125445568
33576489
49639096
75124560
56864092
137794015
107545479
21312077
162069635
89028052
150724371
58928690
15861717
19918558
19891734
34638973
20002401
31801993
47412499
22812754
21690931
18909919
14984637
13491312
15954997
188019606
22192142
112740986
70526457
28819823
44177383
150688795
161411080
153865861
115111016
138770045
34972633
84119348
12354832
16311797
33792634
2884771
63004503
26083271
14268812
14049145
12272322
48847011
34399567
10069612
14695985
51241574
16017475
63246339
14270650
9252212
14293310
8953122
18227519
21111896
29450962
7998482
9855382
18812301
21982720
69181624
110213431
14246001
19216998
113420831
130617778
60919240
16129920
15918708
27901418
21220931
7402662
20179628
9624742
120176950
15224867
24913074
88806753
89820928
120129682
807095
41017380
86697288
52066462
52070270
168502762
29501253
158398519
8839632
18506744
29586241
60777394
15808765
15919256
63169388
7356562
36686040
23600262
20552026
14135426
111635527
155724750
38712914
92186819
122174004
24195214
18696134
109025212
15361570
21466569
17379685
9648652
55681124
15675138
18622869
17006157
17074440
50325797
21619519
19318314
82649553
36948268
25781141
40277246
33563161
16789970
114889732
17993906
14384907
55355654
12044602
140519774
15298439
151963505
18723427
17070113
116505994
76091017
52857251
20346956
118829062
61613654
15764644
30043495
71294756
20608910
18695134
48706233
33530012
75052666
121540651
55640472
21041553
10252962
18149465
16664681
40924038
78138151
41416662
15641893
31128529
78683259
97910289
26090882
12804312
16583468
30313925
43963249
50452197
22012091
