325162736
1037321378
1068499286
1060984272
63491431
622412749
351065668
426041590
7794142
62871943
632992714
217083195
114756202
291471958
49986034
191469176
30929600
3041758251
1536791610
190360266
25110374
128238199
97958750
27510332
16795445
78400205
14636374
381664207
44395417
13171622
221529403
15744171
121623987
48086047
33659353
297799087
183351903
24645075
284340330
273494523
48393459
37056626
19849635
16002877
38720373
15936246
16149614
20246358
183735745
238297613
175794305
52282776
14597239
17289717
31534918
158826094
3648061
40230285
277959406
305668829
2194802730
16800722
500704345
56828985
482405585
55310063
324789242
716818530
187437777
1666173386
180693346
102171481
1289753252
17108221
36147697
89052543
62936417
24596887
55685994
325915048
19874226
2214989863
17671911
3044993235
18939358
202940931
19195094
489752749
115537472
80350164
236279233
7433772
357162119
115793956
2327481134
11454362
2970279814
762354433
40054239
169046895
18880139
15588657
42692687
21612122
1640201618
2966570782
208692908
16431311
2881087294
14603287
115243117
375662595
154909422
2796155975
939091
243337600
2312829909
489855063
47160314
21688902
85951959
31583882
138609690
1321619010
87471909
57721504
1715501
22663392
14519041
609241466
15935628
41909059
329913473
17446621
163526569
924307009
17001663
2480079168
17525171
586032653
51117818
1055685948
1134292500
1206227149
1089859058
126171100
122174004
316389142
1265456246
18920480
161721361
66480935
2446086276
100003141
170370151
74501954
2463112652
414569910
362270873
30354991
20281013
331186059
16018516
316375309
59425403
16125224
11680962
19371141
12926172
285744541
77032777
17907987
222554961
90077282
24439201
242944499
16371887
18772897
15901113
236026761
79743108
83636590
308233424
64916983
43409523
15993122
228747444
467726691
126401831
75600769
11702412
12733642
240014188
165998897
7819802
373551099
106135104
346197350
108985543
142490217
19068885
48388417
250784170
121795745
14213413
14763834
56440142
23768237
227841653
233985354
55261443
160561302
33222598
46557945
134870834
345158526
19250369
233601728
285252127
240135871
570169435
167024520
148771088
78623653
58683409
46927338
96405362
245386255
246789509
92572677
92055121
29598035
18683964
347395654
23466918
249384564
261918703
26133429
160674277
138261295
20769514
147467535
14245722
23097748
2161392107
2341221660
24346793
1122192223
234809379
14659350
103927659
2609775320
787373558
2398066861
74176997
1546244408
40260612
2565491108
2496925550
399617039
381725263
727088844
113420831
15808765
103936937
22332224
7563792
117439544
83795099
17629860
2359926157
2511477648
1410590874
24196684
183898020
2259259550
88009282
341231110
61033174
380612496
222404654
66845731
18105353
281122057
966263863
325814138
1924098218
108474241
50667179
15946752
870285050
6112442
16072058
569244581
716433884
66450049
41764193
325001316
1583642803
245983319
54606467
36388506
322658287
83462293
2303536106
31136855
12707202
26778110
80763443
13097542
10221312
7565542
6226232
1686797810
336218991
92079978
132254256
790264567
241196732
2389831460
16261445
463132556
61285110
17617227
97910289
217550862
73239360
1579182835
234521957
40892016
88777506
27029537
554119845
813286
1005115674
15212187
272028877
12654802
114887629
16302068
293934083
340613443
280183446
1604366701
186516470
39806638
581248576
15984676
192998713
281593711
21948470
2293131060
89271570
48872141
47746903
18297747
16264395
19148372
339529477
14948868
831314911
1634177714
18159470
1578051320
154157498
14055301
22076537
1149110551
915514734
15838676
1051127714
937801969
14870670
21641130
245451804
19186003
1260172386
432771620
1243902714
1001060760
262177358
1861751828
327397274
426802833
245412130
19944414
7452872
19734832
28298193
49442241
326448106
335537750
1270746139
79173926
16708655
28851685
189129306
26096983
59519728
16105705
15769327
1285266390
158831815
16017475
58514430
34315765
15065156
33591713
14775998
70489839
144756663
58581480
235660300
20873135
11347122
31454635
16162149
37763479
56767953
7259302
29575412
58658349
110899711
18315625
26626872
599329617
74264602
136337303
1099199839
1135486501
1364930179
1072453910
389840566
1074129612
24448794
28652194
1330457336
1080509366
1058917562
479872233
1339835893
1128781184
219058303
65453528
174958347
309468681
385521929
130945778
21091954
148398772
31545614
47782330
58856763
785414496
151519500
16170253
222622640
1045110018
21252618
166545476
1072467470
1090002997
1071840474
240334048
467823431
19658936
26090882
23501907
1055730738
776664410
937723303
995193054
1027156464
1058717720
1061385474
950783972
1077121945
1071102246
1009269193
21429103
7764332
14526877
796341830
16297707
18580511
140974374
23327961
36316150
65661844
224316651
31585203
14602051
14982783
16145570
96218435
24619328
16250929
980611
15727317
13215382
7860902
243822289
26115117
24431892
2065391
3421641
7793902
14370819
37216082
16099432
14146966
15978792
15757306
7619982
15985111
14513611
7864222
313091751
142721190
12849262
5692122
15174710
16326882
25535595
1022694126
150135224
21409480
174093269
14933101
33989747
117646584
11204932
101885784
419703694
22830760
228077110
335660433
18963809
16006592
85850590
282747242
19847765
15837659
104299137
19563355
120181732
16002085
128653544
15660641
42980426
46733238
544659399
16801671
16568741
1131385819
15778911
369602017
95229298
1119572052
16086815
21346365
18812311
32969825
10069612
142849883
16302354
75639698
44701450
16645376
36196298
15635891
202227797
16930378
71048855
607590027
15731165
402731651
96695061
14471411
110213431
80654397
262800581
319689712
40284401
126307734
16563576
78683259
47632905
121817564
33884545
802884871
19568591
49733381
60610799
247798806
62639813
185349940
214206926
126946608
25294855
213419797
377949581
113120733
246531530
161319475
133945128
93950997
121540651
28726111
54270580
34641036
35785401
16247719
36235480
74877557
225191775
376234071
13067732
136550204
26596727
15923226
331438701
59029238
545524836
580398070
546323690
78722219
116913953
49700792
1219093878
39267589
76348185
942156122
21228708
11856032
46176168
37705479
41851448
19889168
628632969
973313340
282780964
365531838
106930216
559027795
28052497
285286838
22238816
580249249
442321178
198544201
50231048
157154004
47755632
18202194
271137127
109088954
20742574
154633085
111718015
26840307
64260940
385571098
399038578
403730457
92079350
15931637
20818801
9624742
20437286
384392601
223950624
20542368
38349184
492519443
868914386
305412447
20179628
1947301
61220477
940808108
224320485
8839632
19216998
15724082
14676022
246357149
44783853
30008760
349137313
14991920
9636632
23126091
7334402
2884771
409486555
78408666
108617810
14717197
14529929
17006157
15922214
14246001
15224867
15210284
7402662
11856892
14345062
39155029
19354391
14226882
39298589
22660806
16910252
288751432
71294756
85396297
17074440
15918708
15675138
5741722
73238146
14377605
7004382
86697288
55355654
31128529
3108351
9532402
15458694
16669075
72198806
16303106
103018203
33530012
16187637
1917731
111635980
759251
20092276
956763276
136300373
15939889
30313925
17494010
60828944
135297032
15442036
109071031
132278386
20597460
76456274
10615232
83901492
111635527
23593446
137794015
133832049
188019606
15764644
108376246
150724371
18696134
20545793
36686040
13491312
25781141
22669526
249410485
15324851
249348006
250188760
242836537
247334603
224285242
117501995
115733549
234374703
278124059
235251868
82649553
158398519
29450962
162069635
138770045
140519774
153944899
199325935
24913074
239949176
168673083
236511574
240812994
168502762
84119348
242892689
63169388
239905257
92186819
163570705
18909919
23600262
80612021
263815367
234014087
48086014
221792092
82453460
248735463
22523087
161791703
235373000
153486399
210926192
161411080
242426145
216503958
232992031
132201224
148453195
28602948
237770636
112740986
34972633
78445977
18137749
242555999
29293808
164007407
156333623
267854863
29501253
78369108
31122582
30912937
119250381
193732179
325830217
116505994
50452197
24195214
28599820
109025212
88806753
36948268
38254095
150078976
33563161
249787913
171598736
93761782
16473577
292990703
312134473
258900199
384913290
339852137
292935209
153919023
252249233
413466731
109287731
329761746
151963505
402029058
404132211
267938462
305216911
385429543
74508260
40302336
155669457
381152398
164369297
476256944
486694111
364415553
305620929
47747074
357606935
172858784
87510313
11527072
41017380
261852987
334894942
558769636
1080844782
1064206014
18468374
292594517
44251742
43910797
22812434
15954997
56864092
22012091
58928690
21312077
15361570
14384907
14984637
20552026
31801993
47412499
16160352
19918558
7356562
22812754
46016028
19318314
15007149
31611298
44177383
14135426
16742806
21406834
29201047
16583468
22509548
7429102
20002401
24745957
8128442
15022633
16789970
20078009
54742996
82489457
326773783
30216513
110899558
112863985
526882064
365329402
224141537
225902909
305793728
78444233
436911040
14412533
61013838
350632735
232090583
1207104912
629953524
61043096
135959346
22803482
168681472
19809471
21236215
18918483
14621206
19566987
18105473
19079988
14511951
19418459
33726864
70559468
47482115
46220856
116129135
54603439
525982044
11306582
23043294
23011345
494583213
29442313
91180720
38271276
59031230
23080711
254117355
115979444
182503471
21220931
30043495
41814169
453319164
21862217
18227519
18028893
364423298
42389136
244655353
295899118
21619519
184136149
20608910
205864193
238259855
97503010
158426909
69193833
20776497
14962779
15463671
75052666
49698134
48802204
50325797
11762572
330592913
18622869
4207961
89820928
16129920
2836421
2467791
158414847
9300262
133447655
34713362
5988062
5392522
16012783
742143
29097443
15012486
36730584
13524182
807095
11348282
41416662
148239546
18755564
19671932
14293310
18164513
16440354
12804312
14631598
28785486
18149465
15989554
51241574
16265550
19583545
52870458
33573444
95073890
95270002
17825891
148809273
14173315
59378077
28166836
163559269
14480397
14097951
16228699
428333
32078497
64295115
9648652
10252962
5990172
12962962
34013662
40947767
10222282
237627239
37085464
330567322
14478046
5513142
17358750
61281816
39392910
10221272
26886095
16555985
19013887
823860
46744965
16510540
16135536
89792919
17918704
14677751
16374678
6487292
19387386
14998358
9676212
51916936
18279333
51105297
20346956
20928192
17070113
17718497
15955754
106291885
21328006
14827461
23040137
24928809
17379685
36218435
14480618
17918891
106516018
17314616
19564719
17796018
17036898
16664681
19942100
20642650
43963249
154401962
163162704
155049169
96800896
614491568
52442324
