15248150
3239346701
3025266412
237814920
125732435
121231141
456899748
240722267
121208502
111687522
25728028
132939070
217550103
298045466
960696949
1209417007
44631696
20071361
2962994194
2834385621
297053549
18956073
27347950
286345557
52877269
17469492
1487846678
1917731
142475902
244571543
8839632
17994790
14266331
70796663
196324920
23111763
69568896
299790272
18812301
129395750
18983793
21301913
809344356
1408035224
15207668
222953824
1382011333
170793861
237418907
20245031
120300771
17918065
20791372
31310158
75367781
963480595
5357812
90484508
1367531
14179819
11877492
17498747
18740765
17409240
19611483
54885400
10126672
8775672
19739126
18916432
241207373
613725908
309267226
7713202
18891923
