34300580
2646217946
194291352
474995049
117973011
1074518754
1451838074
1584098940
25110374
891255403
12343872
211972989
2924858984
51178084
1564125781
526564456
132651553
14095549
17793878
34113439
396716628
146089665
15923496
431799286
74454029
473633388
182000140
2966758114
166252256
54546430
17451742
15639642
28657802
14342564
45577446
14615871
2373774338
3245607976
1330457336
500704345
1093090866
135931182
19658936
17539497
73181712
16669075
17629860
15647676
2359926157
1536791610
369616050
2382117350
3044993235
19201793
2930532755
199324673
178036567
175468818
38507478
361249124
179525103
54994166
16129880
15458520
85341683
465186476
3214896484
480572026
612273777
290158385
352548417
23114836
195885430
14836690
277598356
5378512
7309052
2285863410
17937137
1216502778
47467511
57431229
2433737761
2976598347
789719732
2576968650
186561140
3317874725
148808008
32513830
153444178
23633216
2826923522
234008312
851621377
1689636884
2886398745
2253010332
3164957289
278094476
27469409
13393052
319100065
44988185
803030240
22696149
3187516635
65695773
28197619
245396736
44614426
20717232
19405874
2947341718
119046423
118296871
2209223749
621433296
68172593
50393960
16004533
3237877408
43638469
275255238
1073747610
41622841
2444007907
342385497
23500675
3100064049
124573762
1585429568
20058011
199708260
114036431
2253544608
352493441
300022396
626054678
337985000
3221190907
76027332
1586846605
1061154187
174225594
2336973236
1539482983
480444690
107463521
27895521
42118923
396058908
47711596
109272750
75068011
27767737
81263482
1488378090
60583453
833910751
1242314714
95137422
3192747264
3020138827
161023696
18486746
24252078
118744775
15414842
3176669067
37142865
11141732
38450968
221976676
1129122906
23790945
1322776333
464623749
5451542
2435938374
327649115
17476264
66179557
125775026
15974645
309354920
23773209
17519389
459491508
1240681
577122602
32248696
757303975
251216459
21307076
25463610
2153476724
533161065
159092157
23489167
1609187456
346741959
2614508521
197567344
1080602371
477485439
2614658743
15099539
386340887
56681659
284881813
418943193
19067539
6519522
15723971
27922157
22752559
2345992448
59614150
15587500
28160998
22708797
1240034964
479014920
1268418860
198902989
27677483
132322146
13787352
25562183
42651647
3181112174
104991713
19042788
20485298
29731124
1857658182
16785032
2938399593
400453761
749523404
14282672
105242077
93715088
36774033
17049255
103946239
135265904
18481429
2281187732
84906249
122473388
110775353
760143380
882311894
169643843
21129271
52443555
399977826
364400667
16150687
25541932
177285187
2987671552
38531995
18170896
19740592
477224996
204068156
277364838
249285426
2409634903
361342191
201882918
66718545
16145763
16051471
131497030
328783560
115461794
1710643404
20411177
59862385
231094495
360285166
227894751
70281455
399522893
119250381
83827140
41750299
16727535
2528151228
2494736924
15922481
277165873
16379018
21228708
42833982
2903266155
15590364
72198806
33514869
22650211
18812301
282735852
23160170
1537862412
40113278
15391102
701725963
19107878
398088661
242418441
18366405
495342834
10837822
476172372
2420596653
491317479
2349065176
30722743
16135783
123207545
15745368
227837742
126629610
326255267
9532402
2964259643
1550455164
14197312
243454901
234631693
21398055
116820849
156982361
97732796
103004707
41634520
20609518
55334133
52743041
1010350314
387743928
325210048
1375289149
311276757
1511273616
22799750
18631010
46479416
25778474
47991586
19817778
2415053456
3214903073
376955768
17825817
116848980
334275674
29270378
343004923
123585060
26556899
2203880112
49394850
19468168
434940789
285198536
20708051
129834485
23871652
388469209
20463418
2457579943
2691270973
482242750
24615716
720504404
19519071
3089787622
20714166
15854702
1676919444
84077400
45573874
128291664
216425548
213355993
292976797
3018910586
1507338108
17666615
19998344
22302678
17972308
36449013
1201225513
45880617
602532288
491377394
17133657
38257203
21162374
2836941830
26329406
337539092
77891147
41877508
28140707
111074974
17197344
26657119
20522862
1198508034
1252401343
387093691
14441010
743066030
2934578015
14543569
82426673
156969952
539173785
259737128
91416716
106447749
80113196
21783544
21103634
2868200518
245185462
54208274
42057294
165993675
1096189434
271086864
1618470324
41966069
15210284
16573859
2250579284
335276409
37952504
129879105
963480595
274593553
635401328
1964991720
1129029661
219429281
140519774
21406834
24195214
102074692
1230034244
240199983
2432248968
331211313
18767699
14766917
2312829909
15635891
115749048
1869901736
2653908924
2167607546
2205492750
127522706
2990045943
21759820
188803750
19186003
14347239
7558582
18995389
117579844
48103726
18907371
39389304
259552997
19075173
17467066
18917699
39930604
162283218
1441509901
2919901436
2465948798
1140648348
1119008556
238265927
554663561
26756955
98845251
292521710
1343315905
1418289331
58468359
1270418690
165622748
19866236
605153786
20517132
249787913
237465409
743292565
21684013
2724095695
300661900
124896632
360555982
18377058
2968451607
1045110018
137514668
97474887
97503010
18227519
76350004
518644221
33537967
516880804
25086658
281540744
1065995022
1135486501
1061292174
1262814457
149158249
7356562
58928690
20545793
19318314
2964190539
21768766
22639515
297532865
14849562
413260397
18018355
239760107
44055455
492504475
112211249
119818171
20482956
67080671
78306070
65717080
60923401
78408666
16228479
308573576
17912982
20179628
110541296
1604366701
270033955
2654291262
2485930448
829736250
82276278
1541518434
25704351
61206798
246088673
26596727
43412697
29628889
18276341
15220768
540064108
942156122
462143773
558769636
15846407
139663657
143141999
250247947
377786199
429970716
496594791
257694928
268942141
289865383
49473201
485724975
335544596
635558159
15336208
74426794
118478797
46669448
14270745
22197119
69742890
46124187
243337600
15893354
142721190
10877082
317949707
42546132
14311409
1531521632
1055685948
7753612
1051127714
49698134
2350490634
275121545
216503958
119829799
17134268
21111896
18812572
205847300
6794502
39250316
208120290
15134240
146569971
86697288
450941680
18915145
43910797
69480815
447410369
36232215
54222784
2330415198
534494917
16329199
20109439
150240350
14856348
97739866
8839632
1880674038
716544710
80192916
20479813
15954997
2651126504
913426118
39556028
31855526
90694084
60828944
117501995
293131808
15442036
242836537
278124059
50452197
31801993
18696134
85396297
39249305
153944899
111635527
210926192
158398519
30216513
1083448909
249348006
267938462
245451804
1037321378
1055730738
164007407
29201047
240760644
229197216
24773493
252249233
33563161
36948268
175204026
59147433
119159738
22520465
18777269
22789766
20437286
185397767
35415477
15147042
38500966
29447358
123565032
28602948
16424044
476256944
69231187
16153562
14700316
27830610
14499829
117662694
161801527
85839993
17899109
132201224
11348282
22692199
17842366
17471979
14786217
57625403
148374341
17787705
20867568
1257775196
38516217
36771809
1058717720
76348185
15723290
902552972
15987295
35749264
14207863
36972997
17998609
17366486
52779839
126086206
293650530
48115928
288308178
77015327
14199378
7152572
101802390
906782533
30263491
465852139
935594107
50112221
27641930
44686331
18977901
76744644
61511503
23701963
10749522
16622227
36664368
19299456
524676486
31585722
21430639
166579281
61018108
259504897
285240258
46711754
120631884
14810569
10570292
193756466
302256286
568392403
771656568
24968045
44898703
1009269193
1071840474
612117635
1071102246
14845376
296361085
202206694
76649729
73303753
19726613
18061669
83901492
227088228
84119348
112740986
242892689
303861808
1055907624
242426145
442824717
995193054
1058917562
74508260
1155335864
38254095
950783972
479872233
305216911
1090002997
1060984272
1068470480
1092979962
432676344
1072467470
475869143
1260172386
193732179
292990703
432771620
1243902714
1933994400
7713202
149982376
85606078
21836759
48576929
2553458418
221792092
111635980
22809556
411246048
15970073
279758985
16260811
1548158070
71349174
191578026
1465102206
33933259
15754281
14677919
2884771
9245812
5625972
510403018
627471071
1551147950
402980192
770593802
223657109
262736277
393641010
490704233
281224997
510937720
29741347
34030623
26102966
22066201
17539608
21771716
58578058
40698503
246482968
28644864
36471524
243724127
90947238
31538389
76075844
61747991
60649109
161319535
21604276
115402670
309803017
389028352
40302336
18018782
28599820
937801969
17800215
14116807
271679076
15554922
29235331
232992031
33464600
101878289
64461771
17506089
43965146
20113797
30966948
93761782
76456274
119881075
56869426
33661483
47475621
109347321
22972842
38802447
41142102
38763927
39634561
17964166
109081861
30080029
20545055
23151437
36117822
20723211
20068679
58598187
10886522
73458781
96846955
36743910
39008044
26878188
16116288
15617631
158734051
16711026
24713327
85131054
247120998
778798705
2564068086
142789634
52905925
67358777
21736388
16867094
44137600
561397788
33898986
10615232
7334402
574017168
1219315939
46004597
267251278
439380975
312105616
19501621
992204966
627534928
327994582
29063926
20815628
1061118156
73215033
1050517141
1362690692
15920963
2329318554
833938458
2411507442
161411080
1027156464
381152398
1077121945
20272531
28395580
226281593
22947870
67040120
111395996
22019881
42295635
46424454
267560330
403847985
14870670
115733549
247334603
49697450
278093318
20655674
222107569
2215869518
281093604
23807053
163596513
1460924125
974210395
634255790
158476158
1691379649
17467699
1588768506
274172241
16515783
633909838
17906632
2325904177
66369181
182503471
13493302
158426909
245834529
2374488085
249858129
37131103
204772148
34354986
382283456
701213846
33899327
339852137
235373000
14135426
153919023
30407783
27147528
186096901
147259221
96625104
544951896
23618466
11270992
52052011
111919616
111932970
435316184
1616320070
22700291
544378056
2178748327
2272531993
1405337395
462400306
518838525
58619336
1102161270
745247773
978976362
1606673432
970207298
29598035
498041928
2167097881
160254647
36471343
278088724
1603805503
2284103076
2304007972
370546277
18145106
719028380
562071938
205377891
20177423
2295432017
38449898
14148802
3819701
30261067
158414847
87818409
23484039
15108702
91478624
25053299
1652541
2097571
428333
14173315
5402612
807095
15441965
16673192
1339931490
789244177
1485928500
258900199
22508473
22509548
21862217
11856592
23080711
1536762122
238315997
813679002
1348314920
16673982
17322445
581141508
57160677
15102703
434945237
22635613
241142787
128895688
1128781184
372927872
14407823
23850552
17581819
1897583850
1945925054
64710196
1408858718
58773116
444678141
131703803
111989710
33619726
391674596
15945221
1378000346
137865247
426028646
266719387
116505994
246357149
78744813
1327057159
59863421
84189548
6995942
18678924
15918708
89256736
21312794
16312540
71047638
309978842
21237045
1586014255
223867988
18489785
65458533
46758449
199686891
47125640
80613131
15231520
161414795
273583665
19912304
317229765
196230727
22259628
436730442
76091295
22946533
15355984
36989399
44931767
14307307
102788713
218982890
25104308
22952419
270361579
30227658
126061182
115639426
79266480
39575290
415851069
33147262
179136395
106527849
173185910
42959221
304003172
15012486
14437914
15923226
28785486
334269942
453319164
22162854
38515736
222550889
263700207
47938721
16572561
475286355
115149062
66137554
389034808
78909785
259364314
937723303
1307544762
254117355
41395061
467823431
433034412
212320989
115979444
124529561
125779908
815503831
75052666
27990131
263212285
1329545508
244655353
19112923
607289206
239905257
149950036
19066998
7744592
18221780
44783853
25781141
1339835893
153149305
33715192
198959733
30013792
108112269
132278386
54244175
17112878
330592913
22481727
44961877
83684370
261234528
15973881
239949176
263815367
197436676
290135058
313314115
17643105
26775616
22669526
288751432
30912937
1134617413
205437050
241481855
26458435
9567972
26585095
15675138
14529929
86141342
30043495
16815644
16032925
108617810
22771961
621533
34310801
80910617
163589845
208668757
1617448310
28208096
15940218
125445568
92079350
342803375
18776942
205392468
126401831
28676469
25564548
23112236
13783772
14062180
20150502
21918310
34739408
37999041
17889713
22685638
34713362
179103996
16190616
109025212
29450962
24745957
222576771
65536177
27783289
485909361
1571262516
33530012
27901418
233783568
935429406
161698693
455524335
7402662
71267797
20213355
10389902
38585361
16187637
456109840
130158647
312134473
17902389
208692908
63169388
237441292
167605211
151963505
1074129612
13557972
103098138
858227532
166195244
19544895
17410438
248735463
21312077
168673083
161791703
267854863
90639372
48086014
163570705
153486399
240812994
16583468
92186819
82453460
156333623
292935209
168502762
249410485
137794015
234014087
22812754
199325935
80612021
36451810
823905
409456907
20002401
31128529
7004382
22813359
31138753
9855382
17901961
1286312880
22523087
78445977
24913074
23600262
384392601
310310133
776664410
1058520120
1061385474
1206227149
1222257180
389840566
321706170
37461389
15458694
3108351
138770045
84129093
116589820
38429399
91180720
256113470
174744715
716976512
374463752
42389136
425440435
280630251
84151223
5392522
16999795
78908249
21619519
82649553
50325797
29442313
15007149
113420831
4207961
18622869
20608910
45671898
20180101
48802204
15794057
11856892
18510860
51241574
19674502
51094654
24920395
16930125
446568165
533361215
305620929
16303106
1917731
31127446
275156847
109901017
18081913
17220934
45467270
33402211
14293310
9252212
437104551
18587457
89820928
5741722
6017542
16789970
15224867
301703847
172752266
87768088
27706099
169596283
16789109
18177016
321156292
10228272
31195469
43920155
11856032
172847858
14246001
27793335
109071031
205864193
214112621
322603418
71294756
13850422
1947301
17074440
18137749
22012091
19716781
364415553
364423298
25413416
469394993
65049591
15824288
109328493
5226381
19727388
29237302
16439779
348774571
8861752
22646424
71028773
127980203
158570217
66741197
95493980
17316879
578956465
154157498
133832049
36686040
31122582
2467791
759251
742143
9300262
15963598
13235502
939091
16129920
54299209
22373858
258480113
556792889
26548315
787595462
18490288
264257996
7651862
595515713
15667802
114497182
114547989
409486555
20480549
36747292
415594224
376863431
153415772
253596260
14634720
17596622
3459051
75069067
30313925
151106990
14159148
146099195
61853389
18928144
19881931
18251414
117010608
45865081
188019606
44177383
19362341
14511951
325830217
21221064
19697415
9624742
2836421
16955991
15922214
55355654
21982720
5990782
14676022
101833775
15808765
23594033
20100423
15764644
60919240
813286
15662282
27078238
73238146
5680622
43963249
14377605
19397785
