39419180
22914905
332817280
69773058
33316579
502092445
50769180
1137600571
515784107
55115183
2933760046
1917731
151153379
14089276
195838034
562989744
618531777
575658149
47341545
975200486
1092757885
2965083477
26424123
234469322
20086363
16366471
86177206
10168082
14730894
1647906072
141084952
12084342
494149699
119127235
17621761
281540744
33655490
23970171
25086658
236479311
1061292174
2482022082
14275291
1071900114
37094727
1058807868
20209807
20467163
26051676
239964567
75367781
39510422
22528309
9855382
7402662
15207668
229966028
41634520
34613681
10424112
47961633
17434395
16307778
46388530
29216764
287413569
15745368
216881337
1221852438
7713202
36358845
96015533
487156974
17396490
1367531
