26809683
3164476787
357068443
410332515
14980903
809904042
2249022318
49050626
1060860422
27688281
1023096199
825687307
18922806
16936018
1156909562
25208371
19128954
26129077
17881467
545261303
301549400
47605143
18788425
71627462
431313461
69773058
240393970
603855754
76966145
239871673
19417492
407013776
14790192
111603224
11856892
15987296
85606078
75266034
86128690
211319416
23622995
26673778
54207182
221793778
267338299
319839440
33788397
234024407
285965705
24034961
293447748
204295250
229943801
248850174
309680347
19186003
321433184
5496932
14282169
44097430
324956095
240427460
327606656
39758998
28480805
32892677
26938306
28576135
18994290
16227442
137407124
19407835
221447516
18155396
19272425
188857501
289474882
201079432
86879754
301176738
17404410
20192403
236541422
234837632
88620317
159729300
240722949
159565671
18317325
250719718
40054470
19616327
17061263
21572351
25330246
22451908
56413858
75367781
295685416
34262718
84239817
15812007
211420609
17477109
78369108
299883942
15394954
28818629
41479951
190328374
16669075
21509894
14412533
275229755
113945693
23994597
91179070
31584648
19794736
62034302
19079473
85146136
18129062
3108351
287029027
236916916
30864583
217912727
19576571
234822928
19770271
185770255
148771088
2059051
56306405
16819069
62447206
45947279
81191343
85634177
34941745
214113057
47383221
23724521
1018921
278145569
209220383
119899270
89787930
83500579
46362826
233949261
65892745
122212010
15356407
15600527
17166210
246076252
24578552
117476254
22075867
258578402
14397452
235951778
28176898
15192111
51550516
25768647
197628846
15890739
256754213
223590052
52815333
188458203
18873711
271007828
249325206
41377639
47398164
47423701
16527632
76350004
15160884
257104267
114756202
131546062
64576818
51135801
249219716
259341329
6893312
31172624
142300344
242325094
48125246
19729611
18146764
18246326
38751782
33927246
15745368
234812598
17546958
64027252
6330762
267228370
15231542
24900354
237862972
108083058
34340464
249504740
46557945
231268248
263847440
43584063
61385096
248658530
84606980
233693291
26051676
23942603
14605231
229565125
134926562
25317243
255952990
41758974
114854440
22498836
5660532
237403203
17487795
10691752
23121519
97819221
20620131
248699486
167884287
59031415
248322550
83662443
252819642
253602373
229197216
16787084
17531261
23970171
15891345
237048219
28617978
51241574
20182089
148941770
19394188
17544524
114927225
20733972
21434408
27938809
82413799
11611052
17923728
15863230
20713061
46002396
110918004
243290177
219429281
15116570
114859756
97163998
14390486
18166778
1367531
16319262
74198348
22528309
14738157
50325797
242376736
239964750
136250134
28645139
90484508
1917731
242926427
246341769
244268646
54598826
190388195
204785360
25735151
69667470
133037687
34835136
15759387
19551619
237299871
36777778
15481585
17992664
15017412
18216752
21198014
8612452
168485883
233926867
22423228
15993122
15075753
17456145
169144164
30027177
16425672
14211509
220393861
243031811
15024479
81182352
233601235
15954472
16030518
242873057
16815644
40740436
10168082
97959344
30976189
26035307
18351093
148500226
22991864
45436858
38516217
14369443
109280446
18632666
127908221
33236873
14246001
6892002
97639845
91943394
207741139
172833512
76445672
18149763
640893
16056306
19139963
23103488
102569759
24561404
23609799
21596896
38067398
24645354
14844867
40116885
20245031
27054785
91359149
174651800
30035684
21301933
26820275
15012486
161792097
223970563
15210284
14662354
18646108
29212726
17786785
174866170
16446430
62109028
29070941
144323538
25894349
23535716
70637919
164887995
19291616
58880876
67367127
15727317
178942613
63229941
18005635
23803344
14384991
181935217
78985559
29620256
15576494
28162811
19419370
29634049
22234257
12144232
34082620
46719826
169936967
73206697
34496163
15905092
20538410
63039818
116003284
49224286
19185897
14946397
55885084
17237215
49176109
82805069
52788880
32473363
27085341
16704619
96026164
162388777
105049016
14483548
27053284
39510422
19850687
54956737
29254263
86364947
18060563
68888437
18572616
99645483
22822624
205098782
224286684
217079520
224654258
58386023
20187649
15892071
20160897
15837791
69429315
234220998
13585452
28664947
17856804
15763535
19609871
41520029
22826900
65493023
235258843
211530910
237781383
235719973
235251868
7730052
21961602
17039797
237312687
225921757
52573591
104538514
41445718
25756324
63965858
18172905
17275727
8556252
22945481
66026516
17463572
133038796
121185414
34483603
17349381
26596727
17623962
151449015
14527837
14402508
32523240
15439333
89696025
14336726
14547309
32760319
119266571
16595106
38876196
14555328
21274307
14344823
30005269
18243255
187898038
18050254
89806584
17792462
110222599
21666243
112773092
54827289
219734949
86803454
46734373
41961481
29766367
18791763
17074440
16157855
31127446
5336752
14529929
20776497
20608910
18678924
9532402
2704951
40175686
16703058
20015903
17800215
17976923
18030431
6577802
18905115
18891923
16256269
19926675
21269970
18811140
19739126
19929362
12726012
18916432
15985455
8542882
9508922
5561412
32506723
161743731
15751083
78431501
18217624
33977070
76649729
14904437
84620376
23951197
22831059
73303753
15281676
21157904
110545675
211588974
26533227
24735461
18943852
14761182
15416505
26582786
54392589
124279716
16028049
50434933
117509692
5509762
18142573
15207668
34089169
21040094
66795494
56689996
10840862
55882303
170796670
161913572
10102142
8184102
18087197
26103389
17876489
177645685
20805189
19519397
182933887
15731751
15741370
22642871
54763365
83919094
22203756
31413214
16425686
15428227
14795201
26324609
23712174
227414499
15675138
23976316
234128524
82711742
235312723
63150856
19679854
16261513
7713202
5357812
60783140
16429922
52503751
21093964
17956027
18456033
21770233
5403442
22509548
