33977070
2964949642
65718650
19506790
191477653
17539497
351033583
27005076
96780563
180505807
196336073
344102044
256208521
550762459
66014634
23664429
29766367
159655293
16793287
269946558
125413292
314205957
65060651
190328374
631516995
86364947
17815585
130274805
253604734
51178084
43920155
22508473
120181792
117134762
143306758
130933196
40297689
1017662382
25681997
1563197142
23578274
3146577856
18695901
24903546
808840952
261289053
935368364
16031927
1516201934
418991627
1487846678
10168082
107514329
2359926157
2953974395
23332846
17061263
18737768
31037199
135931182
2970279814
1712989190
2436026450
1199555562
80136311
161791703
1060370282
47798449
44650233
19568591
40955475
234812598
248936731
594885845
31257715
32478533
235589228
961326115
309216093
97093110
716114977
562082038
88029684
263316035
88843630
15587790
134622419
1685890718
139836600
252202207
33991384
2615782382
320736878
262842124
62817034
286350408
211538001
381708550
366421074
245907654
69056021
16696587
294177000
45638349
44122678
23265954
21413541
21661290
312776207
454310530
2962813893
248850174
27703085
19709835
1060487274
237862972
2853309155
12926172
2962891515
20713061
2696643955
1327675195
234906311
243470492
2953494478
1908143071
22509548
1181134878
119199684
2856787757
129879105
233949261
198526130
240363117
239871673
2869746172
23951197
37920978
1138688364
235271965
15600527
834069080
2862577383
2861616083
950328072
242926427
2750127259
2978291435
1243902714
432766911
1080844782
17544524
2964526557
266133081
234128524
137407124
2953713339
18983793
47739450
48029066
69773058
122207745
16157855
16187637
35829796
213688463
39510422
110545675
2966205003
1074101017
21313053
14669951
17800215
2965083477
1915470624
326929954
26777550
2930635215
1322558402
213634439
2914571740
1444015610
234469322
15356407
278145569
1137600571
248699486
27676828
2929491549
68841260
1910771
250243081
110445334
25101996
14839147
18791763
334053327
112047805
18891923
14246001
27744185
36452050
18646108
18978553
27311044
18938912
21010214
46681100
312800783
56749157
12354832
15931637
28181835
14412533
93069110
16930125
33653195
34310801
27901418
71294756
14529929
108617810
2704951
19039844
15160884
4923811
28614262
20064348
19082313
1367531
640893
18061386
33982105
16016705
16440298
17546958
19057044
15513604
9567972
11856892
428333
23484039
15302642
2467791
17872744
19771248
20402945
14173315
18139456
7228682
3108351
22192337
85606078
158417588
15957636
150762830
22528699
52461655
223970563
221793778
104954058
56413858
20776147
120852788
104198706
14587949
41634520
136389258
500704345
13262872
182824991
28628850
22872490
158418422
63177462
49796166
89820928
158773441
1004216347
158752162
61798379
333400142
19792086
271412809
486842141
15949994
18727438
23764675
15281779
63812059
7713202
15745368
9300262
3135241
14344823
17078632
14345062
263758909
19739126
14662354
22703645
33310366
5988062
271160753
15918708
28127095
64729812
166260750
14345759
16032925
15207668
158491933
309103025
46002396
19417492
9855382
14980820
158779353
17906632
51241574
9252212
15391102
5741722
52465109
37666984
239093050
137526714
234057152
15283908
158419135
124236420
21682142
158135485
108990221
7402662
234837632
78886418
32438775
277668415
1289927539
91187414
105146568
48050869
14946895
15741036
108351678
117118416
14897840
193422989
19294991
28785486
303924438
15754281
207642893
2884771
319139187
759251
15012486
16982663
9245812
104010660
18805644
516915546
29527186
15309804
16643192
26071156
65065172
166182965
409351984
464701679
16197672
50670522
53414028
44462409
13262862
40304901
32007346
333160768
2194791362
2249240592
389759292
16743021
109328955
213291270
142490217
1482236719
73150126
1917731
172477504
60086785
243159173
37009350
1173722684
151967898
127981622
54946441
167227141
355588159
1413115166
624838603
193684933
37904005
389871646
2419522718
109590380
461369538
102145988
466760145
1311908564
449850814
533793224
243673632
1158575036
2161080270
2490685760
20921751
31656667
21432249
303919703
303921998
509171700
28409734
1759181
18029328
1244811
15826822
23773209
25630016
455764741
457984599
148936255
19980678
277779721
285758834
15075999
1652541
14425965
14856665
16062247
1209417007
17976923
16256269
32010840
1045853744
19658173
15281676
1051446626
733751245
124224165
518644221
163995093
18493147
11680962
175111080
519527011
138609690
218542998
172482310
17513576
48687888
48581849
17491498
34927577
21769593
56401482
120295432
564111558
9508922
14207863
130600206
103018203
2316003960
5357812
90484508
113047940
305095568
213795411
22053641
23103488
15856366
114756202
78369108
12788332
234370900
31540671
19948202
18916432
61853389
78408666
33600887
17346287
83922884
66369181
64808610
54885400
19611483
10126672
36681590
8775672
16129106
106597684
17409240
31310158
15113565
21213276
15647676
17629860
115749048
73181712
221135570
13393052
414331122
14700316
15562948
14163275
16017996
42871498
15840909
25103967
25104363
13918492
190902226
84597248
15335534
