614717121
3365205455
1424483587
15450520
49557039
193146881
2494736924
2591949738
2434191967
27818323
15728229
33576489
44705662
832500572
34884583
14717197
15361570
436228503
410492166
1536791610
257735390
3190116524
224379152
27179932
227557392
39419180
2151831980
74947984
60841112
15111011
53197137
23458669
89503894
332914487
244655353
24423418
59297233
205413225
325340909
190683870
1135613557
59331128
2957510520
269579030
24061159
16062366
2914183437
21684013
9532402
6018932
590501583
874651740
76715323
515868922
366161148
2617617793
400355360
244128288
410216127
224320485
28096105
33919343
37666270
21394764
20776497
2478503936
2324045934
15134240
426909329
483055574
18272847
238319766
274649460
19608297
214216108
2165157503
182479082
1250550102
16343374
10228272
246357149
776049583
95821609
2314945982
603098503
75449182
1120230632
33657409
524396430
413308631
1723742574
2432434489
1152484664
85396297
21862217
824071776
1379572134
16180441
297505251
86012459
1069333724
22216534
59031230
48802204
1416434305
15854702
12354832
630249182
280791866
80937511
258896042
637338906
1113167976
292599839
14676022
33537967
282406025
131497030
50393960
102251724
2220758114
22440687
33972882
17177538
459617681
1405337395
1566978973
1330554649
15830716
45136444
429227921
15210284
20345606
238259855
145671021
1873039429
49387202
860759838
38485719
14098909
409456907
39249305
7356562
164007407
367743976
158398519
11719352
164405384
1051157730
1286312880
239961729
142709832
309508801
556074094
44988185
386023382
76649729
73303753
357606935
73238146
499818764
95270375
1614054846
67631121
288926728
18678924
68843066
34371118
236026761
51658756
109025212
28652194
13524182
15838969
40302336
329683751
21353819
466897172
377828399
290394541
631481889
1160560482
227841653
28109633
22799750
15097615
9245812
262172582
1330457336
622920595
17844829
51148026
970563998
134887156
77529140
15731368
394383957
20552026
144010487
263292498
20002401
43910797
246088673
939091
205864193
85481183
143862207
18622869
140879901
147649517
161752401
346618338
1125629359
307959898
148529707
17004618
21220931
91180720
192352605
29442313
453319164
17006157
325830217
18587457
8953122
15463671
50073507
14135426
253188214
23965804
14962779
459549262
22012091
16118692
43963249
317292096
2836421
43694024
155062488
57917441
39283095
15952856
785185207
19781646
97474887
139536424
22496890
65290008
24195214
397546318
33046214
43952498
16639736
475286355
610922415
21844854
7402662
16581604
15764644
115979444
70989872
43920155
181621546
33671798
167554111
29801978
17179368
16914302
158414847
36743910
42389136
43638469
14708747
34648336
376834191
47503464
813286
19931063
471667141
8370082
14824849
18479513
2557521
16116288
16017475
14434063
14377605
19697415
15012486
14293310
35800079
163570705
25140900
69193833
4207961
334889455
59159771
21786618
1947301
17434474
10202402
26565946
140519774
138770045
384913290
16639340
30313925
38680612
29450962
39837478
759251
22523087
15220768
46218719
36569263
29529039
22778612
4782971
28994993
54905491
17603498
19542084
24230748
33943616
21126162
54940841
15074642
23973831
16245086
16148583
27051313
19408436
9624042
68543462
19745367
25756910
79322359
19497931
20060161
26433972
16392416
118769468
8958612
38213679
14276734
19545932
72112616
38196731
16120258
82441836
118055908
38707707
49883953
49803389
98543618
807095
16303106
15164565
2884771
5988062
50325797
1917731
16955991
17074440
15675138
48037533
66807418
129934746
50442876
67193757
90952365
52840862
9719382
65806174
49056209
19713937
33656245
16915511
59170955
7117962
19993439
26486299
14062080
14736868
21377090
44387915
40964259
19981630
51221133
19852484
47508461
88031400
97082460
105227550
86317098
112803011
26188631
15338284
16193455
15770208
10946932
24903493
50094247
47135121
109002900
78404274
10722372
13393052
5741722
5392522
2467791
15918708
14511951
9300262
428333
16129920
15922214
60919240
130617778
15458694
20818801
97107865
21308157
13076312
57279508
81096242
29773854
12039612
14976738
9971552
42948428
