385702678
50695931
34022952
2669853043
70943284
25978023
47798449
7402662
339822881
701821488
156975310
2962681881
242926427
24773493
38386328
55708635
203966261
1061292174
113120733
239096527
1055730738
15585350
37829765
352557959
813286
37710752
214206926
7039122
228747444
976969338
1732878416
912608010
249339682
12788332
44982218
227373977
15147042
16405372
5496932
500704345
282592610
1074412920
733751245
20733972
410216127
1119798144
2253968388
1444015610
445777751
1128514404
166401351
2750127259
2951574214
16187637
301549400
1908143071
23951197
20015903
219429281
15600527
234014087
937390374
41169223
113047940
1074480192
2953494478
2730150631
2966570782
49733381
7506962
262800581
14669951
1578051320
2978291435
15647676
15745368
14614892
1137600571
993153006
560582467
2976606250
2560169238
2976598347
16595408
331783175
234128524
2516799733
222953824
32581723
342803375
50325797
20467163
1243902714
18967498
2970462034
2482022082
834069080
314205957
2962891515
2973870195
2964949642
2966758114
2964287128
2963445730
2964877294
2861616083
2914515430
2914163523
2914571740
2930635215
2933760046
2966765501
2964222544
1138688364
16331756
15727981
2964526557
17539497
135931182
1209417007
124224165
18030431
19926675
17976923
2869746172
2852998461
2696643955
2965083477
2929491549
2847221717
2962994194
2932617195
2953974395
2953713339
2962813893
2862577383
2953922782
34641036
17544524
2966205003
20083388
246769138
16861311
14085040
76350004
237750442
22527499
1177437224
37094727
29766367
16424044
35829796
14275291
248699486
75367781
19739126
15207668
7713202
