129056343
32817140
1131917492
188417388
3177403355
56768491
31559543
301554454
61853389
275216391
163904514
22047405
462143773
14786217
19539716
3091316093
5392522
5741722
50325797
15210284
191477653
1058520120
459682185
78434469
128383773
432766911
80628196
284617962
26822691
17596622
3554721
292935209
234014087
38516217
137794015
60628575
2975350155
15954997
558769636
348517566
248735463
101035087
2970279814
3234485904
430671674
153486399
1335948343
59496879
318531893
23022771
50073507
259918701
68060037
161335306
78418575
1480516868
31497014
160409300
20957191
14499829
169146444
240199983
246046480
1530850933
14159148
17289717
28602948
525264466
403881495
16656062
20609518
500704345
95506425
425431329
82660006
7001342
1216898659
201450225
250912539
749303
312134473
267854863
3111657019
89581553
970707618
122130797
126401831
374222612
40351852
39155029
14659350
11702412
14199378
7152572
32259076
20471478
168730037
3126754392
40302336
138770045
82649553
425126788
34831969
16266252
21795874
28599820
24484939
105925025
148771088
3184054019
14342564
22522257
27085935
47954642
16669075
29774968
29221344
21692297
19918986
98487876
7782542
25491788
14463848
39580052
1060984272
366606110
234826866
431429137
88760332
2395172856
104670608
94391895
234866164
314216196
146569971
36784717
1428798523
61582856
70805059
41655821
2312829909
268300227
997285801
487959261
270456428
785575111
2421172675
16187637
9534522
76721177
36686040
133832049
239949176
193732179
242430494
223341948
2960129262
226192543
26109459
1643318832
323055305
1077121945
1072467470
112740986
432771620
183724733
372435349
21249652
1583565498
607667227
561485825
2194814118
62547887
19782176
40271144
36681590
2557507771
15675138
125719207
21774410
15670515
20536157
369697377
277539794
22829097
135931182
17539497
325830217
115979444
72198806
17494010
63169388
20002401
958222357
1215040003
308526298
84119348
240014188
15134240
6450322
2695663285
519729682
78408666
256174452
246357149
2192392183
3012084427
3033314887
2284258658
523994244
720441896
198532943
43928023
1861831266
3167590955
14955908
15769327
29077161
139805302
35984753
335379658
840450648
236928968
16245822
41488578
17224076
3120887666
348527078
2826739309
1912211448
34113439
5031151
171659857
24233902
111125168
31184621
17526123
1853170616
424660548
16580993
295247288
224660501
25822179
18130797
47362512
322245222
15349180
420624935
16535302
19254781
113083449
385706946
54980468
3119411891
14822813
20523492
23082700
38263053
123971152
25082025
17265304
34083520
30973
67725628
1068499286
23161662
14505546
228100871
25598610
557280690
18326207
524713741
2497277533
435260237
17212376
24311977
21342715
2181453624
1068860880
2333943523
92368299
46727968
180454641
18167574
17045589
1342861723
259126417
20179628
169586567
110541296
40083727
33616012
193780411
44273373
2926025073
2386250443
23454739
96585601
361974796
97822030
14717197
16303106
16016427
55402052
158414847
82200007
241217568
741636036
148262665
43781332
2371099542
89572765
86197429
52550725
3095493190
974877690
24892104
53179741
2492025397
258518887
1066240466
36764306
20579803
799909009
2930635215
269579030
44295213
109047474
850107536
14130408
2746905420
2260197309
2260619350
716564185
17900666
407013776
1961644232
61293243
259878262
2813822006
123656376
2790306828
26571164
518055216
2249082458
186094017
21681207
20867568
57625403
36771809
56778766
18243846
12366342
199718136
183377507
107485473
308271618
267039986
17773720
146250468
78509074
390473807
276349512
158826094
47199132
19935112
36511363
45892981
35966552
23664429
95103136
21610845
15996416
1883847128
27281534
23117374
35766606
81951437
59288525
1901990995
2408145428
39560860
2416741681
2419736496
151108333
88073679
2320331634
418010598
84100525
18487694
20420218
361868777
115460799
588443013
312103210
44192285
44640029
599568463
95487176
47835332
24984517
59575936
20602082
22992724
224511378
41256952
349297814
117501995
762204487
24737373
37050650
727349780
20094539
522771576
2173418911
41230546
15876379
1120067796
59545968
1480124472
358279127
60760196
1116292842
183333634
1586543702
43368063
55024309
39954883
80366398
1604592636
1621055646
18415109
329913473
31534918
84459364
16584894
17135615
735180006
16064359
16193763
25579749
803395992
248098761
18024105
62197019
214245942
22942739
247486443
21252618
19186003
14481809
1096246460
1117357087
343507902
50804720
564106953
1323217154
501042325
8616252
202049626
135210373
336892784
143133216
14597239
142721190
27055034
29881875
1182950106
167168396
304648926
1563629629
133815069
35081240
204075017
61328496
27681163
37504289
27050469
32329067
32774989
63913111
26302517
107103426
161023696
1009489969
16444606
76348185
12137172
22284908
1202155843
172501766
123290319
972422551
18059018
130253926
73310442
718827319
19045025
235411163
41484023
46878231
239629938
274898227
20097914
41653799
46270226
51185339
35757252
76412934
82442720
244196272
16802248
99170275
15034454
18482122
15337154
16745147
32636643
227727713
26266511
19476868
39825129
71028773
256326537
491671116
17816922
76390925
14296688
26596727
15339568
25252261
14602398
13798892
19612617
21325553
18622869
19928374
22047207
14245881
39383409
2557521
128936003
23642374
306451410
62655937
145036955
80163000
257344968
234131754
16500799
229187988
17598489
50967869
759251
17112878
1058917562
16374818
114668396
9532402
16095572
544550942
20522684
24953891
17222069
272718865
86178417
15724082
17899109
442198956
761783018
14326765
42461804
16407254
15898181
6333502
9640912
255784266
9300262
31560075
85835818
50393960
252249233
21313357
72638046
80375074
15130900
23856181
19683238
12272322
16017475
21946258
20286125
16439811
428333
74286565
30332995
242015951
19421806
18137749
288751432
27103822
14173315
58611119
58928690
15764644
22012091
293131808
30313925
18193396
51241574
17070252
807095
35356736
21533967
289630087
16250929
113420831
43963249
33983758
25832917
16820073
15160949
49773837
20990445
14124059
33450325
50718079
29819203
18874870
1917731
31534140
69684767
19430999
41635128
21106227
178065733
160561302
31198756
16086928
15534771
20418308
526843552
70732225
89018912
37795851
27242124
168247706
2402841
21224486
494583213
22633203
37978773
10648962
19424182
21116401
119220314
38053219
159200492
16407618
188019606
132201224
404132211
14178003
23785621
14352556
