1451773004
6092972
3281853858
2836421
2734713482
117118416
171565655
26090319
242892689
235276562
1546844166
27881800
43928023
119795566
238095943
15113565
45854335
10069612
31310158
16129106
54885400
10126672
3027286779
8775672
19611483
26538229
2359926157
153149305
120176950
66369181
17629860
110541296
15647676
595515713
1854981890
761783018
30231097
223867988
498852873
102455692
20479813
85365067
1536791610
761471340
280630251
1712989190
18251414
132242528
362108072
461697741
285744541
32037432
271526383
108990221
117134762
15169176
16245822
39633235
14091091
68705643
50115087
189253902
24919888
104201057
34743251
102961966
159588456
14216054
2975350155
19719380
17006036
109280446
116505994
153558139
153554238
19697415
1904199534
840506047
34113439
63169388
17137628
2327359038
2792540601
1342861723
28602948
44873497
20179628
581141508
205299497
22192337
17846914
278124320
297428020
14584360
50037693
233783568
825687307
47402168
291903997
7152572
29205600
14425965
23128654
22053641
23103488
2966570782
15210284
344864408
495149176
2458567464
46689578
222953824
246088673
41445718
364415553
18938912
26754354
29450425
29774968
15826822
123738314
43572699
16930125
552985513
2382117350
235196204
1485630540
31428685
146569971
44783853
15769327
16101810
14615871
18949610
12788332
114756202
30929600
30912937
172776160
72198806
570232108
774303163
369505837
465807944
20006234
5741722
52465109
5392522
1267940407
32854561
17596622
3554721
16029780
57625403
1394875741
119604452
570379074
38516217
36771809
150762830
117119178
201540830
16016705
43169171
16270701
241097847
322033270
44711806
22016010
266636188
29287545
303853808
53122573
853671302
57656702
53414028
19918986
14835160
49796166
16573859
40955475
18061386
15957636
17906632
14897840
14980820
13918492
16186916
15391102
15918708
353225544
356885109
181630973
14413999
17601606
14345759
15302642
15922214
108204138
14412533
74820061
385438570
19863977
19471123
28522270
14856665
14345062
322830431
14848798
250556430
48802204
89820928
63812059
64729812
18112393
2518492394
57405911
369238541
1111940934
38146999
13201312
17463923
916735110
2746932876
336086771
15446531
20772763
106514937
453319164
16129920
21982720
50325797
4207961
16017475
18622869
1381109816
423631401
17220934
31122582
31128529
7004382
61206798
74294786
21684013
25781141
31801993
86697288
151519500
151963505
44177383
166252256
17006157
249348006
247486443
9624742
11348282
14342564
252249233
939091
17539497
1037321378
1055907624
1140648348
1330457336
1093090866
3108351
759251
51241574
1281405877
122174004
2272531993
15007149
15675138
1917731
9300262
807095
2467791
463132556
1410590874
1080844782
24195214
14135426
28599820
432676344
2953713339
2964526557
2930635215
343171266
2929491549
74313566
2847221717
231108733
2953922782
834069080
2966205003
2970462034
2750127259
2962994194
236960387
2964222544
2964351843
2962813893
2953494478
2914515430
2863006655
2970279814
2869746172
2914571740
2696643955
248495200
2932617195
2962891515
314205957
2964877294
245408102
2964287128
2914163523
2853309155
2962681881
2862577383
47798449
236279233
21059255
41533245
2968007206
2852998461
2953974395
49217025
2964949642
2861616083
76348185
2321024911
1339835893
115979444
30313925
18137749
237418907
14377605
2193259544
2314691984
104198706
234057152
234837632
37920978
15160884
221793778
15356407
43963249
20002401
29450962
239949176
82649553
140519774
19318314
111635980
133832049
188019606
161791703
78445977
47412499
172858784
7429102
22012091
325830217
15764644
813286
