3232812487
244173104
15905863
39288218
308267515
45604374
1896282686
834182083
1375289149
31464192
17919972
267854863
253252536
18956073
26533227
19268706
161427200
139550237
21114659
474464413
19338715
4923811
20094138
2294661999
17526804
3050945418
234812598
211530910
234057152
236916916
233761277
240385577
912608010
1155212191
1065995022
1072008757
211901075
269992801
343041182
201079432
234469322
233693291
37007274
84620376
23124635
249339682
1060370282
218160482
44976511
14335880
874916178
114547606
388297236
266133081
2932617195
16343974
16973333
2097571
87818409
942156122
742143
24904117
16311797
807095
1947301
14511951
498991565
16431311
15458694
11856032
44945327
2964949642
426802833
16883630
18102933
16057477
44482542
18207302
90651198
334127852
19291441
18906561
52479932
23022687
179245596
45190383
14410652
410226900
1397501864
250784170
218982732
1039872799
317980134
42930296
14007532
163995093
29724741
21336038
2996740484
2975091705
7702542
462104542
112047805
469194846
21062652
218542998
147649517
1947265657
44493998
28576135
122207745
2973870195
16787084
69773058
640893
18247062
208155240
21313053
29479859
272395158
56749157
43919633
398473209
216747924
449850814
69337453
86509455
119747291
14268564
21094888
15358759
19416225
17807216
816647942
1394399438
17679229
64544183
17168586
2933760046
2856787757
17292143
16563015
260825531
196168350
2914163523
31127446
46176168
18583823
342887079
17091571
270412323
15075999
2964174789
21426423
79023814
27772478
2829161386
534705913
2953713339
2929491549
2953974395
1059240924
19336661
2970462034
32195045
384408332
2969120909
2863210809
16906530
236026761
586191770
425152394
230309010
48029066
885149478
14839147
21323268
36452050
3137331
334053327
28628850
5402612
60680268
15012486
25101996
20243128
18313747
14173315
252819323
193732179
103087786
41909059
2598313632
20402945
446642685
261761685
213767250
249288197
576520016
340371204
65619023
248442875
35616518
21702539
112566961
2337252697
122425486
70709534
55574387
14392252
31136855
7152572
1499993378
16570573
177784047
255109294
1447293085
17429348
29598035
15212187
384572333
16930125
1068867391
114050808
550303938
906782533
935368364
63340022
23628802
134893881
2364436902
133001586
890032459
490558773
121865456
771852074
278145569
382407645
119272178
57398213
27072623
615184118
326832397
153481515
39510422
242890585
614542142
23391010
885477727
2298841278
2305315345
276130665
208035776
282685776
868850720
255200141
30145145
177358290
405540880
321091787
418389146
488089961
1380661566
46735715
412752063
180210408
175443100
26628460
586671909
59873044
111332988
1370700398
2283622225
41614645
24710024
475988505
47193931
1407857558
243230025
17289717
35829796
20076659
26487169
145296470
44295213
1404590618
100114214
292495654
250188760
264219447
242555999
970207298
7429102
19028248
60828944
8128442
221162525
16473577
76456274
21111098
109287731
47975734
1262099252
29442313
1096059529
486694111
20597460
293131808
150078976
18061669
18632666
132278386
29201047
18695134
339822881
16160352
234374703
93761782
88784440
413466731
33537967
242836537
211588974
1068481578
172858784
244243985
233737858
7270292
382791093
92186819
41363507
1061029050
1099199839
18170310
115733549
294126378
72198806
7334402
16056306
1071402577
476256944
291756142
247334603
216503958
1074480192
600463589
15324851
555474658
18216752
212262370
171598736
249787913
117501995
21157904
43910797
15442036
5558312
21269970
278124059
83901492
346637907
202206694
1074518754
229592356
76649729
54885400
325830217
534503883
833349043
16789970
43963249
15764644
243337600
1357684914
166270127
140457190
66697103
182384867
19216998
141313671
343353248
263313059
224391627
466715501
234128524
236899846
213634439
822039337
28423263
907144981
240427862
234022257
76350004
22047070
14615871
26122639
121546530
39751186
17454769
28140646
457984599
44380442
27048645
10774652
352211941
44397959
18949452
1072382221
242772524
15394954
221793778
16045956
28710463
66369181
269946558
15075753
488679352
15839947
16228479
1092757885
950328072
40176139
404422077
13850422
23484039
432766911
1154894353
16366471
312800783
17918065
296474643
86177206
288308178
281610530
18773159
26792275
240376522
20545835
239603924
71627462
44209472
70476832
1273518960
22799750
19489239
48079753
29515247
15147265
1206426848
166990746
21010214
110445334
21301913
56413858
204386512
518644221
102172021
1071840474
14935240
171228400
24295482
14955490
43906698
67653749
18956212
18731453
15515169
1222716350
481326300
28031398
18163042
67966660
94244613
23440061
28587919
148376661
18952304
20448216
17539497
16815644
334162338
433034412
11771512
390985197
15510241
18994290
62588834
17836882
31540671
39542662
19611483
31310158
26946495
21684595
135931182
22181836
16031927
34927577
5695632
326255267
14078485
479852487
1231303752
14791918
19559089
107125748
586076931
11611052
42667353
57360176
73303753
7228682
15145995
1652541
19608273
65146567
1270191
47195109
18992437
247723476
300360969
21316253
46681100
113420831
18805644
489823939
216881337
26777550
9252212
86129724
455764741
49140008
23970102
223970563
18915145
27703934
30043495
17993906
22170482
234573331
14845376
15647676
24468861
5988062
37764422
30864583
15450996
21301933
289920303
18983793
15754281
10840862
20733972
20608910
5392522
21612122
20252855
5336752
237418907
1137600571
12272322
15416505
46002396
16827173
633924423
50769180
75364211
89820928
252819642
17564591
21829541
35218566
15731751
134918286
14730894
90484508
1089334250
1051446626
1058256326
36764306
124224165
968650362
15923226
18172905
15931637
296361085
7402662
402029058
19417492
418991627
11856892
21787198
868228652
14904437
19658173
76452765
219429281
217543151
14587949
14412533
18030431
14345062
248699486
20053279
295685416
17074440
42924141
33977070
71294756
15976697
114756202
23712174
110545675
108617810
27676828
237403203
19924270
51241574
237814920
161743731
235251868
15745368
14529929
50325797
41634520
225921757
14275291
246341769
402719755
24773493
78431501
237348797
237750442
314335929
851621377
759251
353741893
389759292
17546958
13218102
207660339
21619519
15918708
4170491
16347506
21436663
21196745
20516068
27882000
65598941
230351497
27058199
169143383
3135241
78369108
16370676
14669951
15856366
21220931
23976316
155642785
240363117
1058807868
1069124515
1058460818
975200486
976969338
963480595
1058345042
18566912
1071900114
1077446982
16187637
233842454
234837632
4369541
15675138
17896154
17800215
538185166
78403308
234797704
190328374
26424123
237312687
5561412
17078632
14662354
3108351
52503751
60984835
27311044
7713202
20015903
162019670
20713061
16256269
18916432
74482441
15428227
74198348
10168082
9508922
18166778
252805688
29766367
19926675
30313925
18791763
19394188
209792690
32010840
36654245
15160884
244268646
24735461
935033864
1045853744
22509548
246769138
37920978
18646108
18217624
14344823
18891923
5357812
39308549
1917731
15210284
9300262
15922214
19739126
16336478
217416964
12788332
22703645
24183358
1367531
27744185
24554234
17976923
19553409
16438494
89460898
240393970
15207668
1131917492
112453781
14246001
9624742
234400240
24852012
195898927
15827806
17930574
2467791
428333
191613738
103060329
246357149
31122582
22508473
22528309
75367781
16424044
239964567
20192403
282093902
218205069
32506723
6577802
137407124
