15570213
59576455
30077514
21316253
116341480
2374127096
78694788
197183834
1020058453
102756051
153149305
239974061
44295213
35616518
388297236
269579030
433689229
1004260782
3251465613
87301529
201057987
3090309476
19550464
47402168
18023140
2665348720
233696188
2214794749
282076470
34192176
188077639
188376042
485329252
42692687
2974293166
31183389
1686691928
78403308
234797704
21252618
79743108
77032777
136550204
108985543
250912539
33530012
2966570782
3018670151
267854863
1068499286
20050047
324934127
947842442
914392172
2798211516
2223850405
38513399
331868473
27864285
2541728173
228770514
2855016515
402846264
105170092
14107459
14261617
347311488
3115753179
1458176120
91180720
158426909
475286355
49698134
14962779
59031230
97474887
18018355
184136149
18678924
250850171
15233939
138479037
86129724
997684836
1085248580
2228632776
105892589
106514937
36198924
21311712
14007532
788066503
821707364
28471924
202270507
31453604
49635190
254646743
1604467620
334043837
122169795
2246446237
86958943
46181435
58833926
259847685
326294412
168681206
108606416
50654477
40079426
984878946
184668073
728542214
16451492
52487302
2813527813
2192394656
2800295954
56280035
19934409
48378520
2752083229
260304443
2976858754
49108140
80139649
303930546
3107563312
3166672924
163589845
237367122
3073228083
3023786089
2970462034
71169888
126401831
254117355
2433737761
109302025
344805504
2182412918
935594107
3108351
5988062
17006157
148491506
9532402
13524182
18622869
14246001
85131054
136300373
15689503
33222598
236026761
398088661
160561302
93069110
19107878
39155029
18825339
704098430
243337600
177427007
12859772
474974313
236279233
853882141
18482836
16285830
150686538
316375309
16125224
62734246
18501487
1539675883
23496432
16636243
2434874815
207243664
357162119
22714413
21019917
3144326411
249368015
311607476
330625345
189689466
137794015
1880674038
58562226
15987296
158719111
15908898
141323995
17469120
199789348
2978260047
2596857402
1508276467
1677222781
50102054
16899221
3027286779
117206108
84077400
59225745
1895166248
1195343436
19990299
2463265519
21612122
188857501
16480799
158803489
28796289
74829020
1252809230
1430660648
2962507247
16000856
108993692
15854702
14695985
18191927
53176629
10069612
14240875
326204248
93950784
48366585
16888571
317854991
487149195
3011599242
19924270
84119348
2207819365
46738122
253252536
2468238230
166622963
284639726
2315772409
39532887
154249945
44168063
15234542
2400107388
217065550
210890079
31144939
50339952
2710612473
31503444
19658614
42912024
24948659
37986651
91127176
74164455
19022786
1407857558
3100852769
105242077
178017745
20436059
78669790
39812424
16045066
76420529
39092982
66537746
156969952
285696733
26778096
20179628
2749332572
52059918
22771407
17392020
1132727106
2393701934
106861339
18558957
167458426
17270153
742143
807095
15164565
35773039
34781412
612896910
21845498
106597684
8775672
16129106
10126672
54885400
19611483
15113565
21313053
16613128
14625398
39384517
33407490
191477653
250784170
15647676
414331122
135972958
1623032785
2784699837
15864671
21120926
16516851
2962997387
516007100
82677928
3020748501
3021660689
263732402
3044993235
29215726
73151176
15808765
47427860
285800245
2975350155
14345062
18767699
11856032
16815644
13850422
2724095695
2962868158
2968451607
2914571740
2863006655
2970279814
151106990
18251414
31127446
20791906
135931182
1243902714
259395895
2972176901
185758605
1231303752
323343779
489823939
36700431
206834212
493429193
124053230
876326286
26524127
7717612
162069635
22523087
2964351843
2962681881
463132556
190615031
250697027
167434451
40886429
714764250
28402721
15463671
19847765
2916086925
2743699093
274628245
348463204
1190758616
1599451196
2815497128
1206122538
2381260489
581887104
2181173863
18963443
2875025835
236511574
1454430955
249247586
14870670
43409523
217550862
729177876
1553339616
1061211108
1439237376
81871571
19543965
182172898
357049990
299751154
2317842607
2496850772
479041473
102891503
113178013
45938478
743087011
893496121
301400177
19197977
85634177
119115218
155585373
19980950
2785956656
2548638937
7768402
153919023
20002401
15727317
12811862
1016430242
76646940
615343193
234791496
285129210
223982357
114050808
33384894
13557972
18029139
159490090
106135104
197192859
14792476
31181988
2726490535
20586638
20797245
614058573
83076210
66369181
121566546
22919519
27720205
443764473
2507353099
418821417
47531639
233455223
36376149
550303938
41017380
2592023390
1222257180
989172318
1128781184
110753843
423665646
937801969
360194102
1206227149
14412533
16930125
45610420
21900198
50300435
41164967
835656817
2306558535
26867350
260396714
2242725325
14552725
92599613
204977831
21768766
115718513
12133382
14062180
5741722
56440142
22891564
13067732
19186003
46557945
16081831
140286364
2414607757
19195094
118228048
16012783
126062842
19608297
1972211042
58503762
117777832
2227389066
49634218
169079242
190418953
176761627
124196924
29077161
637220739
101941335
23380200
213485998
39671630
335104222
820173752
33452217
16506812
16312165
15837659
59159771
45671898
14764240
112549655
20281013
1101769916
1485928500
55334133
42389136
2310817963
42101913
364423298
33584317
65119311
16326882
23937280
22297343
419138301
398703656
1688441846
161277229
107426368
44380442
18486881
75785294
1260172386
1135486501
432771620
115979444
74508260
15007149
128664931
124540457
38269049
14397132
25517146
2293131060
810709142
68506780
310278353
1683519854
180870609
164412502
16435792
110833415
2148298860
1624292438
37920978
54244175
540628749
222113300
30850762
1155335864
37024843
176659323
58598187
96846955
26878188
16051471
10886522
16145763
16116288
18587457
18766459
319100065
18197668
67194113
14620003
274714140
516880804
84075940
1410590874
1397996060
246478393
122174004
1531521632
17973239
46016028
1045110018
384913290
1339931490
1071840474
785414496
1092979962
942156122
158398519
385429543
267938462
41405412
305145458
18782656
263671163
313479238
161344057
155934857
52723975
182149607
1089859058
59482330
404132211
1058917562
937723303
364415553
305620929
510516465
292373413
787373558
29293808
119460225
15905103
23593446
581141508
147576238
168500476
130901013
288751432
461720085
1129029661
1055907624
121539476
31461685
21406834
232992031
442824717
310310133
384392601
242892689
242426145
18909919
485924782
23600262
789244177
1037321378
17006036
22162854
402957663
558769636
60828944
13491312
19318314
1140648348
164369297
467823431
15954997
252249233
20545793
1058717720
15361570
20552026
245451804
1072467470
303861808
28599820
56864092
36948268
24195214
1064206014
14135426
342863309
31128529
231510077
1134292500
44177383
28602948
1072453910
612117635
1074129612
1083448909
1090002997
995193054
1080844782
248735463
1077121945
188019606
1027156464
389840566
950783972
776664410
1061385474
1051127714
1068470480
1009269193
33576489
1080509366
7356562
63169388
48086014
148453195
1058520120
216503958
193872188
40302336
112740986
119250381
153486399
82453460
258900199
381152398
18137749
109025212
303184487
199252851
21774816
400395145
39249305
237770636
25781141
111635527
161411080
479872233
292990703
339852137
234014087
312134473
292935209
305216911
19918558
432676344
155669457
169588448
132201224
58928690
227088228
240812994
221792092
33563161
164007407
111635980
103949714
208692908
36686040
108376246
29501253
16583468
133832049
88806753
24913074
193732179
249348006
38254095
126171100
1060984272
235373000
82649553
47412499
78445977
138770045
161791703
22669526
21312077
22812754
153944899
31801993
18696134
199325935
210926192
80612021
239905257
156333623
150078976
278124059
31611298
85396297
140519774
50452197
54637018
26083271
282695074
50325797
224685124
97057175
993870804
345962535
519790395
28942750
85919058
28663035
398895472
16186416
544511026
807059119
66697103
861977203
271625555
95259311
21308157
1539828409
69327809
74827745
48697913
18723181
30928148
46427275
191096217
321525686
23903982
42427992
17159397
17292143
16347506
22812434
24745957
362069281
402186553
263339917
537599520
525541841
30944238
608441122
319098028
501432885
108775434
488509231
18943752
21222187
26547736
159492584
36137298
275129298
31141145
1123778478
90278796
369690065
147553165
1570797967
38441030
459312121
15287435
1089303715
62565320
289084811
1475746740
429403604
216086840
1116843954
208758322
32541958
34637733
25835928
25547387
34586257
707536958
1163282102
18224718
42752458
24385307
47760251
41827573
166607010
28557150
48352832
484379263
234256662
25279893
36088977
34038300
158771358
185764750
726741530
272115533
23429196
86010111
217464361
1410494318
39583871
42457734
700963819
532488904
914555706
26465563
1180374386
16195254
44783853
38502174
26810542
86697288
16033714
93949373
234826866
36960352
761783018
456642665
74452760
39751186
27922157
241215352
18855461
16563015
509081748
914743626
516772757
700874323
1148667210
75236110
153866807
48707859
504617686
56464442
20901606
21760875
121220843
253997253
22452223
129840294
545945369
151503222
340271761
138861937
138537405
138548042
138088041
480434169
15816711
23809262
182384867
263313059
586076931
25546296
266006481
141313671
486490198
21436663
369061622
325184278
70414365
89488357
18942132
346726501
209227767
615303091
52273616
22810234
334692748
14495646
28532322
255200141
40921361
377692130
27716618
240915720
44493998
40590692
49283794
35714318
32673307
16336478
66455396
33512441
30145145
1095616069
136725759
194605392
31817141
46735715
17631163
187638534
33099097
198545526
156648407
18002023
1135380642
1449069342
16184358
120176950
15764644
138192285
139549874
32359921
22012091
61853389
138132415
35872759
624413
172461978
28696501
18639734
26104632
97298155
21323268
35781013
18481050
84321939
234044087
16827489
15935591
25570548
67358777
57741304
1754641
20402945
18246347
20454896
15110357
28140646
15172810
68702544
15908118
41596497
60613964
20957191
42924141
294084341
98911350
234573331
94010505
23272358
66372030
28710463
164045545
1564371
106816456
82155389
22941233
69091997
36939152
1036459129
30907701
26522537
1278451134
40057701
26538229
247131172
976631396
77624053
259880585
53985048
998563650
491644912
319374714
218601671
254212062
16669075
30857540
217458467
28190881
19742777
28130911
386691416
362118621
27222419
41440062
55103392
123276758
344769114
48079753
274202514
19393682
16385451
20687930
544791676
131200503
26303467
217582314
33573892
56128508
63251803
50666947
18952304
82951009
193377401
5920532
25160114
343129161
27013350
20448216
65794572
108658331
19559089
35792884
138551220
417003912
41813099
16211061
186294003
123904532
55045856
459760752
33907114
34713362
23585395
239614878
312783982
73158647
14377605
35867109
85825706
382230093
27230271
65091778
144988557
121461051
42388488
70961675
211312620
14921083
263481613
218205069
27724697
20280088
16362900
103052183
233783568
148436057
20796870
89525420
9252212
17297033
230217212
59813090
217416964
35735569
103633965
154622596
122834618
80061207
67653749
148461916
249410485
29450962
20521879
54366633
29993398
21656599
28427719
107207541
107210395
272186322
17220212
47414934
17132366
93742250
54583995
216065430
266962646
138083583
14780813
23440330
16368513
51199031
151998528
42169964
231927698
165884309
267873112
41421970
34285399
29556786
264311797
17115702
226070865
43963249
159517542
20808075
15918708
1917731
813286
208585249
54368351
28415475
5010371
234813101
35579309
17719669
94853621
45642027
17929859
34049155
23995748
15612015
19554113
17546605
19930519
4170491
19423804
85329284
21336038
30859549
103692503
218705068
49782398
18300129
129710589
73398956
148499399
17469406
93059585
162019670
15922214
14616304
17836882
14078485
14268564
20806622
17030063
74533951
8630792
188075591
84684289
23628802
80543292
15510241
62588834
16370676
151577668
15145995
14194036
110973595
21094888
21684595
52485598
59609288
28650811
13871082
27882000
97583689
74568060
36424664
6185862
4382151
15256841
88286514
17023028
90707385
16438494
89460898
7402662
