2610905833
211420609
137140320
2477302330
45869233
87383323
2849169807
1564728318
231653036
105558828
16193222
32081228
119737639
39611390
159550475
13067732
22911403
2673939949
15725445
2975906151
33924702
24707828
14615871
15647676
61853389
968650362
757832485
2962681881
26808497
346427984
194226183
275572403
20192403
356496747
63355157
522626749
27772478
323184057
762139362
16503916
2375533844
1732878416
35002876
7597712
422586131
5145791
163598915
80039905
28498887
1095488568
14247572
54885400
16129106
31310158
19611483
212702165
183675632
2657415342
23656683
86133628
21114659
26792275
17469492
455872282
15467215
1065995022
930755856
57523832
214296704
15570213
190341547
2482022082
226286968
35829796
224078788
165885518
1654143535
2340975001
2196957801
235274984
749303
371652204
28049266
20546536
151194749
530903764
15356407
1947015216
2253968388
39306293
37688922
1853114688
47404915
295685416
963480595
211530910
222286905
21703499
366559659
18922871
79538332
147725246
114607567
1046070894
22647909
18592146
57059274
273748204
49457533
20015903
47474439
19193301
792634424
24557446
26040780
799068428
16399472
357501083
21220931
64908349
1623308912
18963809
205336320
1209417007
104299137
237940612
466864852
67958182
189129306
24484939
13804112
25146084
208667872
374568289
353044362
939819919
76027332
23632423
19216998
23535710
55584584
56401109
39160084
711716678
155680896
1849261916
25834897
93288759
25022694
25324110
54285168
14193993
57720605
264382954
232390385
15825187
16102081
625552531
588937414
605615715
405013626
21923741
976821992
20060881
16743886
234057152
224320485
17129404
18967498
6017542
28473
119110363
13058782
22835289
23976316
237312687
221793778
20053279
1092757885
1060370282
81139286
17544524
15394954
190328374
84620376
1071900114
26778110
249339682
24183358
18317325
1048784496
249288197
249219716
234822928
1154894353
1058807868
1444015610
36654245
50152441
966442267
960696949
240427862
1072382221
1074412920
75030755
264924050
17906632
34340464
1405337395
17198100
163491086
288277142
759332726
575917775
41369884
1068499286
582070020
1080844782
937723303
258900199
20552026
14135426
163570705
156333623
1089334250
1051446626
237814920
18277655
237944147
1138688364
42924141
23946417
111400999
36136212
232628388
25086658
321580434
16214742
94360596
838680126
28277522
76687407
6374602
42442665
114859756
564653119
324230103
90252949
36071818
76707735
216105697
417068854
15987296
70736612
59012899
550708707
85131054
324095750
57428429
47739450
54555594
230761725
314708694
65146567
22934648
167116092
32475192
125173619
15485532
455186015
410226900
56764250
16887628
15600527
23712174
385196294
110445334
234797704
50325797
110718976
148305299
86129724
344830218
763498831
19771248
274164368
188857501
50055701
733751245
159651866
80670924
272022357
420034061
21939096
14845376
306992742
534664434
386103621
26028938
312789382
238321369
11246242
235719973
5336752
229966028
136250134
61237109
347277327
614058546
50702694
77368894
412682869
38286985
622454851
325615084
14091091
127954212
608628062
16228479
236645572
103447346
42472972
20073874
20402945
28178127
112283476
17232490
55338463
71023061
33972718
56401482
169207084
65079515
466797216
15380561
108686283
310015608
16164636
20295763
23232204
142490217
93876666
146250466
26257166
41402405
19208825
14111129
18950712
513542745
296245061
580208769
191589342
467640977
42259293
240363117
498198420
240393970
301552710
345003423
361975104
35081819
386845383
454119389
548912534
16425672
17842366
159588456
60628575
11611052
26853548
272542662
14870670
120305297
507188084
17995040
183672041
18958999
29628717
227373977
26062385
47636550
62404358
153527575
22516671
16494015
17340781
473526904
66369181
233737858
342887079
22642788
22671650
91807650
16072676
18856701
102086868
43588117
71070614
16371887
16886986
261330050
43945628
201079432
48029066
313719282
237403203
234022257
235271965
15754281
15513604
74282530
76786777
10615232
436925368
36155311
21525246
16642675
167066157
492378372
21301913
35566561
112450056
8963722
17471979
15110431
16245822
19805496
14282169
169203819
28264799
237345176
143798379
308233424
252398355
460768940
14385055
109280446
98797274
18805303
18646280
29768451
107172099
21436960
63602081
9567972
18194898
38222521
15032736
16546757
184136149
13850422
13918302
17797249
15009735
14208982
82453323
18754284
40450296
72943539
19912734
25565646
28184452
23536403
14199378
339783657
86336234
23382168
44134466
26763214
26103389
112047805
166401351
23634358
29255194
148936255
20791372
14883401
20957491
16977023
19091440
23509204
14224719
4970411
34927577
13176312
43901189
20707966
15519544
52992670
67048047
310310133
474926504
25082216
159083714
25101996
50773530
18479513
294006258
266084180
48419788
466162585
126401831
465251999
58523
274987276
147696336
40923972
15075753
44209472
14075928
16424044
44438048
18208120
8775672
26946495
236487888
34743251
17080191
24905240
242926427
97550116
18313747
27245742
16364399
26487169
43166813
256113470
15031129
28123862
23696410
22267198
14319081
29800583
142316499
58579942
78431501
41445718
71026004
5526202
17487795
30050899
49620730
15923226
36732985
10840862
14114564
106237226
43409523
44457848
43147234
21536398
129879105
54900089
22517990
221162525
15399512
28614262
102238997
21307076
34713362
15500649
34554134
15117459
16297707
20474813
21768766
130600206
16097702
14982575
17844954
14304462
26771664
22956220
326255267
21619519
46220856
380581302
33910029
115718513
404700013
37920978
19726613
1429761
278145569
16930125
29766367
34376002
125429234
16178922
46319532
14848513
420832039
15289825
12558072
418250994
17906346
242033614
247128217
237802711
153051008
16073043
21905548
14587949
22055109
356122440
31122582
14944532
20060293
16163639
410148791
49485376
219423018
114854440
342720228
15862556
15750898
352211941
15893471
52118721
20492277
95534132
16636604
18036861
10126672
58859688
217543151
26526395
141990034
263936580
29468502
20776497
14989516
262915519
31342751
327635075
326311325
28785486
121887978
32506723
305189255
36452050
15012486
5402612
15954472
197496309
59379302
26759991
112030125
23850548
29659181
39886924
61034274
110476932
291943068
170393961
352362341
243207844
28160998
18983793
18805644
16640865
29465136
234469322
44401911
92161578
137466464
74726511
14347972
93069110
234053893
219429281
14270650
240376522
242296387
314335929
281540744
21031228
172889496
85156769
22799750
232613473
174072816
14839147
19407380
21426423
177014585
19632260
15473958
14792195
13503932
16007460
71294756
59676104
31540671
44335525
81964784
223970563
14662354
27882000
379135492
17078632
14760590
102488708
36429836
26001286
252819323
235190657
60984835
16012783
158769098
146031761
304004139
326208966
24365339
379784732
16031927
22055226
255594884
304741553
321097185
105211981
26340080
23820899
15138087
28905260
18074797
18909949
21600922
15752804
30948168
20679432
30527493
17085087
71358042
88996233
26668729
16068266
48375723
237769211
16467567
74725768
246061211
759251
14132503
103121811
73402288
17781165
17939037
14693823
15234407
19802879
23962323
15165493
43192807
20221159
19929362
22508473
14828860
16187637
22665138
17516275
30694631
21724499
22492795
38582984
111913571
14246001
16686673
18083519
16180004
30864583
18493147
18047695
138977055
281679641
45838432
19789439
155642785
15029174
15751083
76966145
264224758
35991351
22996788
278191049
19563355
14369409
17173143
16157855
40045792
17330784
25526853
26316100
15271184
41683723
265483421
20405322
85723399
216881337
240760644
19286059
85606078
17312175
47482462
280913598
33221154
3137331
42132105
240385577
48861157
22527499
96442308
23283299
90882436
225921757
22978395
43334571
20686232
18566912
50073507
15165502
107562348
19926675
131204770
290095239
107807966
126735130
221581224
20378448
18059408
41634520
242873057
30528192
18646108
16233017
6577802
125675866
19084896
51241574
243320087
20245031
34022952
428333
15444711
15111202
14529929
28113052
41387157
21901272
14890490
15854776
28181835
23785364
22047070
21685415
39308549
50769180
39301597
37094727
237750442
235258843
51897156
144683096
39510422
19785931
260425456
256575957
246341769
17896154
106597684
41658864
26729701
49984325
291941733
18084583
60680268
25073877
15856366
218027755
26837501
15724082
236479311
191613738
226633929
46783037
17907987
34795583
250784170
12612432
179245596
15901113
10774652
55329156
209792690
237781383
45190383
166270127
191477653
29216764
107125748
280049373
28173550
7702542
21572351
30736021
267310147
21969829
84615574
237348797
103896637
28174421
16405291
154591966
76350004
28587919
26337403
18424289
16029857
45641358
63150856
41932411
22812293
17308428
17800215
128393253
35218566
224294785
14168372
188760974
26619516
245925807
18176907
50115087
19803365
17869493
102673774
16703058
112526560
56413858
27676828
79743108
247723476
15210284
35474809
90408018
213795411
15730606
50135763
23718424
38240009
78133467
15431856
16580226
15777500
17417764
67418441
57107167
104570561
8039442
11348282
21326030
237361663
80370612
25471127
46557945
17087824
240816369
7228682
36089095
43919633
23970102
20076659
49140008
15675138
233842454
154621730
182031748
16032925
127605100
34976385
26256573
22413601
54412900
46681100
21010214
213767250
44177383
234540332
213704404
18217624
221137708
66369968
84389881
97474562
20524094
18860060
24773493
18327568
17564591
19268706
73402979
17857102
94197072
193785644
16461576
18166778
93241358
61220477
86096628
16056306
46002396
3108351
24162604
135108504
21829541
16232940
49715850
33750798
20209807
18030431
19417492
22703645
52470438
71607709
16370782
117150125
38850179
41980930
142499778
77651226
19394188
27311044
56910690
14745164
19269183
74241914
34985693
14669951
9532402
9300262
14410652
12272322
78319974
24618431
14772153
22170482
20093403
81191343
15639019
73198063
65493023
129915246
49580703
65691824
16827173
47253953
17620349
148376661
27382597
69773058
27744185
21674448
4388251
17118279
15335534
19173787
40184157
26762221
39682297
90484508
21215165
113758100
18491800
48117116
131546062
39834947
87103895
59856467
23427951
18896440
143279460
40923070
20538479
136300373
14275291
17622723
37535548
16906530
130684893
110512307
22528309
19806274
139276158
43271733
38708062
38495835
17745925
73282864
72610390
19612749
91348839
18906561
99589232
26533227
107172480
19027230
136526394
88784440
21878458
15922214
14281853
19366401
36082429
59342783
26051676
91258643
108459359
29484644
113047940
93755660
16491569
19828037
118756393
28576135
41634587
17061263
15985455
82681495
89686722
115402745
79638576
84877964
59536644
34082620
18004222
46176168
71298686
21909248
7713202
22509548
15116570
41363507
44653060
12726012
13218102
68834620
15749725
16049790
17814635
17546958
52763281
91019077
17093617
92558768
16389986
48705791
106189239
55421408
22159063
22166589
15332699
64753357
15450996
803770
26393801
18216752
9508922
17454769
102759011
15988710
14091360
26817732
14415941
18891923
15886608
16013365
26820275
21157313
24177262
21447927
50317463
84076903
15745521
29734608
34674041
86389311
45889400
64394172
46637577
55259415
57324542
48501228
51499800
16862160
58354679
69942213
52181810
21707656
18780863
29810999
17139674
18732071
62031929
22204642
15857390
39827481
31601324
17474327
18179115
14882554
41386506
21313053
15416505
15976697
15075999
2704951
71627462
15731751
18020081
19553409
14412533
21612122
40116885
20590211
25300503
48809111
24214009
69408223
18215619
19282981
24220239
53127197
18172905
14924885
15896464
18791763
15745368
30063865
23134068
19739126
27213859
27625423
27619575
10168082
18916432
15428227
10714622
19083619
18498684
11134252
20713061
640893
14730894
15207668
7039122
5815162
5496932
3135241
18939777
1367531
7402662
14110585
15429511
15210410
15918708
5561412
5357812
20467163
23121519
23970171
