2294702407
118798100
82620796
804830503
16334480
2707118299
328159649
39808293
100488170
2291625156
78694788
526734679
1279044877
3286578630
25565356
913721491
3389342475
2796999726
245408102
247487885
76040327
3039361162
32520240
14860900
357006885
788178397
50129409
25951233
319796483
199051671
13070342
16731534
15312300
15340778
14160701
16030599
15356474
15270270
15209908
15737457
14569440
13673392
12844072
15399352
15631747
11773072
21151099
6371492
21344918
14860980
16474394
14251291
21215887
72363
21510687
10546442
21061366
20991637
20954148
15013006
15225601
11262752
20791369
20211033
14115719
18723427
20094444
18724310
17433632
20246888
17866036
17394233
20808013
21683479
21516134
18149132
17096088
21774970
12615912
16745798
5568292
19675180
21585811
18916748
24605189
24893413
25130027
23062002
33248283
19093620
22693132
28359387
29283906
1781551
33319167
20341657
15982771
14068794
16259660
27683916
12046642
16913258
14325128
20330305
57732210
15372616
218498902
17379989
47664196
21360825
21242180
14166981
42878291
27557053
15673872
62047355
48364747
28590579
14368851
26232988
20636494
14585579
80879480
243291022
20786801
17659670
25465628
75182587
38745929
20275952
365472408
24701864
766467
31528187
15693337
23327166
356291785
10799152
366212624
21096295
52878071
26063171
20253700
76478097
374731886
374733783
335912274
15257907
25088474
465688767
17169306
31193056
162498834
124615181
760245774
829797714
37469127
21797658
310571169
335329389
121429010
22084305
87541724
56732499
611173265
420167802
21627786
437019753
257223459
255560095
148529707
36743910
16250929
370848388
30050923
351137742
236043672
15463671
18909534
169596992
116763916
299373263
84552932
17621695
290803899
14637718
20943611
536781460
468805231
161715593
64216447
122567822
474399229
68548942
19168436
257996264
211297563
212336449
1010979907
36095596
23549430
95563261
64646314
457039206
204862745
1066848450
36576772
503354749
222985500
267566178
19989007
48042213
507732413
33382197
579367401
28687743
15140344
15983110
16990954
27312629
16384523
15960598
257314902
257362810
313198652
244106362
469431672
264833204
18834552
15812356
30224284
16728095
1400474792
106815697
37548645
1098618709
219857338
191603799
59208686
14336780
13493792
463765807
874916178
295855693
217064621
217284148
28853165
26402416
18167982
16330198
14768072
9578292
50667855
455098774
17291452
38808598
42648979
44704488
21845498
1286312880
60705458
17709972
244817600
437023801
1604023020
177627234
216344783
23605505
1146966367
237309766
24166282
2372317975
823500492
2374430354
15357200
2381087784
26506500
22886331
15519990
1633898635
2653909826
374718864
518859755
22532954
16597028
1676116406
1002775867
17059769
23819676
2361199422
231645219
3319194011
65387758
79243426
5895742
20479813
14188654
17294950
19400046
131557357
21900294
21021759
17218265
16740735
28343954
32275859
250399524
17013035
75950695
20925718
233045418
16959746
35614338
204083788
69323367
23604298
30746453
127037405
843814380
1077111726
1536575568
26835177
19417420
23901108
13361922
20454385
34497220
208283738
375247861
89373598
17107692
161204987
13952832
20623035
22033272
27693382
18181667
148501080
45612488
17566234
27056353
21547749
15506194
617825073
94123326
15000848
17511028
76479694
805296271
309472026
561189989
21005767
21563734
101863325
213734209
307417913
300549099
80901277
30575036
1815971
7268482
22982499
165039022
488132879
282916290
25930553
258207417
370819478
78664028
17609971
21999038
23032233
346910689
606812844
562463204
159578040
1675801566
338727056
112769454
400479563
885285793
1596620473
612805762
231885524
174650165
164776375
158557399
28615164
24836305
23871307
19086434
14599366
595783068
590903446
601978606
14225986
1569534612
21740635
58353530
250346555
74214605
994588092
34367411
5379722
320606638
263317397
39805030
136993411
376798770
2324036732
247466624
557839043
105024088
564903173
2242515662
407306601
1214140231
2359797716
1388071411
755125435
16247277
254312670
122768292
309451508
50742232
273974721
14187071
315572766
20609518
229168383
193967686
192545731
21825766
1732093746
253834329
976409719
291316957
59868413
521795229
370287830
53662695
33248306
467546029
71655686
1623714876
17439042
406667363
259497740
118717061
1201686031
429906540
376861266
603162738
37940435
13628572
10770432
87620393
21231063
1377230264
481409453
887073120
104685486
751769550
125867204
26300704
1564988011
243425740
734749772
1950438372
837857994
9943002
49146689
23759395
36922221
201392674
534855260
22274160
353451056
57415339
1969496102
1631685948
2544218502
503763009
34271100
8898792
176617047
48352194
2282364120
21705153
394259032
488572670
185674700
70381564
261161607
22834305
132351966
24170840
105613601
21430545
32343492
23998119
53194854
68989483
62575889
249771471
84381459
21328820
126082864
431858452
64626466
353940110
233702263
171268315
24743866
3161432902
540905528
3092750781
3185544998
3189765936
1000666154
3061615740
3270172447
3349773519
3071251042
3162022956
2516300282
3065753301
3065900255
3056142064
35535716
2586618116
2952514666
3194446609
363789433
334127852
3238984193
1541813136
567925509
2516701849
1933042237
357200074
2892616017
2981698463
3303729760
831188990
1586486755
575464642
804830960
18359336
3234131408
3122400944
495015513
1465215830
3309593691
2649673988
14700316
749303
15964580
21939336
27516169
3307135840
268939972
516648275
423631401
847773378
1969454683
2309172389
3317513939
2490165774
3343002509
3334750761
7856542
7856582
371436400
62919588
3358649159
1499438610
2671144626
3359660271
85616770
1651225333
20879895
2610039575
2724222157
1140263227
60215516
128025883
2947539821
3272613036
2968029322
1484961512
16721992
3161363116
2315905201
118019641
22583443
2532880557
23959413
503724121
382529505
807250106
415062772
2371881342
2302702209
2252983828
2323065984
2465324016
69384446
1410601014
158946294
1485765900
1534382534
166379808
2904923727
139155464
50446226
19734832
17837051
980611
606732009
285560338
189376144
52379394
144921326
2774292794
3290070855
3246838764
3229443262
2441185613
275217501
2838318817
2167937582
31017824
274142071
2805928220
24231710
122448174
461349303
21728303
273542042
505044612
17150441
38428725
15275677
18521039
425440435
22933594
87333533
17943145
111931978
24165761
16960279
65045121
38025393
31526561
316471699
31060744
93202961
17356855
327605964
22343509
171204643
226719262
30268856
369165509
15768008
40713311
50403442
1511229902
465695869
106136961
17011177
39095636
43638469
1705765196
16847735
331816614
80617430
15952856
35294738
45931428
15677585
308861333
13458922
388250702
103392633
17094311
7900962
529666842
23839835
187898038
1084242476
1604366701
232851192
615462334
790546093
21518962
18978610
143907120
22336731
1132994426
482599267
2242878530
233985354
50448219
15763959
36931098
33519870
180094762
27511061
19102664
224379152
18174520
848518471
775142
232023659
110302086
35940232
11148162
8177452
1093265779
42809339
1393155566
49158025
2483761562
204823934
47285504
224248967
478962748
571733789
250487126
23455107
486832032
37464007
27701617
602097672
475913383
328089245
19525671
1543165405
211245454
233889369
156922747
586540183
389974029
440814235
706920775
49617973
285751151
325049937
1439547284
1935261620
22965363
17897015
62343633
17131915
2376112395
19262109
233633604
2167563559
22547446
1452149420
122464633
20847189
1411803097
801074041
49421161
222225152
316389142
3266224675
16816157
18235071
145479560
737785818
17900633
1477314200
209233393
371292415
24262253
15601171
270989555
197169956
37611136
74643624
98701398
1263281486
2802418999
15957933
2869121676
2224206043
23852537
68910096
3305593655
774643068
176150419
487770873
117254605
464881483
3232203565
27330727
2253544608
2344098697
3023943711
580047648
2990710357
1375888140
73013480
168800046
269060832
1060851446
22142339
3355669361
297485647
327227578
1922023657
86121008
610072575
932422514
1201657058
20481165
942786030
1154662164
170688667
608376757
64319731
2294069653
2378956525
2415102570
222547014
211057073
2786185395
3045268592
2181513777
1927607592
3042856073
2348948211
125171349
109129641
2778494052
2705552353
85881268
393036995
2722863769
2424412506
50711768
2829727279
158189078
265649979
116686335
2869088619
31219549
3222696393
48742807
2466626269
2876462809
234255694
41105753
924164694
3145921127
3358839059
14787758
1954905350
1099255296
447973122
3256783350
57718838
65536887
3228291348
265482292
333814859
143281137
2415208507
15363133
2396676152
114067433
2271864980
46693603
448291650
2752926411
2810439823
594824361
105209834
940319845
510722174
16790394
832347445
24921479
3108514214
3279736766
314249480
2320216189
2474550071
2247822176
2361622924
262453730
284788404
223167998
57241346
2743270227
56464362
2946745916
1302428840
23046474
123984997
361492503
129348932
169992628
3281767771
22575998
24695651
1439720671
868818000
18686361
455042492
461083001
19784247
11447852
116631923
157713507
2965150425
2586275748
1087784288
1953569414
894221124
111929333
991364521
14010692
22167120
2398653972
384914539
2744683817
2748515352
1215340027
503100811
168403522
2796374802
14540798
2444294760
51200584
64564244
2750015605
14193053
49231417
2247146090
36771237
2511987583
581547726
426602946
28033703
365662405
2287390992
2983429102
1441479560
311497771
153684237
551484734
512420496
74553461
1643789870
144300301
726685620
2985029344
1411144020
558951895
15784302
3107952083
3375826451
265116869
21476103
16870891
2670357384
14983776
17407339
128472475
452526556
2209619613
3374597746
2596307588
15947648
15246745
26754354
31534918
33919343
36890646
38496530
39279393
45399148
46176168
46662081
47498801
49620730
52070270
37710752
52774637
19725644
59331128
59676104
320821564
2578262806
2308520198
2331064219
69181624
34234990
70511174
24026095
150837068
2305530362
312676137
3118553072
77032777
2214990019
2571117021
80643941
2828227072
80638910
96227425
808656925
2357544314
2177331714
83462293
1541105172
244816824
85131054
2186206505
172371892
86129724
133797698
92079350
93069110
93876666
98543618
102789488
72562983
2771704583
443355426
3158726167
39432162
24842572
3355510654
108686283
242054892
3377787323
45990045
42483529
16368705
3145869585
109446583
2373857028
112526560
2259652932
778350614
2558021730
114050808
115564212
1886814349
105914164
3277080607
381732787
16018895
910443056
123327472
122396513
37877898
126629610
1301107910
313457982
1662979412
51277225
126722715
2456975910
1213968187
129997410
133094518
2966294049
3146654173
36757604
17022638
22255182
208231032
1396748690
137466464
2583305456
138479037
592252408
1435577306
776072172
1365572076
153181367
2914447869
163589845
163598915
168295477
165998897
169586280
184860130
222554961
227841653
241201385
242944499
243337600
250784170
258885469
259395895
275207082
282545479
334150573
313441661
348257918
615833064
947138196
404525685
3181476694
3151620948
302192831
308233424
1033934186
246362315
326255267
534733488
346197350
407013776
620618811
2740274906
2755263996
1393568840
32516700
809710136
167024520
196893826
234186830
123738314
46417885
355679252
291833094
231819250
126401831
31464192
2553545652
768164420
135991437
962905628
74820061
2556900289
45604374
260800287
47960407
46557945
16125224
20281013
84164042
19154381
100017104
3214883599
15837659
1614549458
286129339
288855194
2272178408
3354995711
23247996
1611627979
20658469
105925025
3272173088
833558286
17539497
40104651
2308676898
15922214
25276610
14336163
2289421608
540373294
1525752824
1416490632
166999015
790586858
3379030414
3029326756
20410269
21962567
84391238
3250717164
555988187
317101717
46536049
128614510
2660469060
261488295
20411812
14816955
15960308
253381392
2323143990
313067006
9685632
6686172
3133922398
406635377
53506664
162973067
2584541802
1947167670
185938436
14923020
3192780723
1520065044
393072719
2329379168
18025195
385351884
3251804303
372792899
320711009
3363240189
2798752896
350930158
14610354
28414037
68778108
213069843
28890872
52199138
76750687
783869731
358489615
39487043
969611
2340425401
418367834
559134028
228931869
1915611750
315874401
2889350177
2339070521
3247898429
11762572
816385813
15441965
16529278
3367169451
17291393
30083239
3044726951
18766459
21228708
68226532
567512707
21862217
14885288
23080711
54149160
535928897
2404986926
1470673393
33972882
1145829703
391937835
42389136
44134773
68411144
247613403
49698134
39598666
49733381
23318708
3122824896
70771229
40067578
54208274
69681646
531627880
340613443
83920876
3302199760
206721200
2743113365
3369831209
15633463
34472215
1553074027
321589059
33667601
280834671
23769604
2906978441
3295315847
18605885
35098990
1681871834
189832643
2204939226
3221884908
3240277186
1327315939
3015939778
23980825
18450644
26539442
2281202330
286971499
619665066
194575920
41742926
3306438658
144402222
58893340
2218367730
2176181762
3377945206
19872677
3323130945
606712182
2324687802
2997586081
3376225373
3267612354
17309501
17686959
2181132306
3377909855
114523479
2906574983
3073809957
299802277
1135135471
18814998
2953717355
33586938
1025521
251831537
1614054846
13067732
2953621503
2968494605
14007532
22428439
50011708
759763350
5442642
291690583
22772264
3032476268
544441532
17907987
2255303941
111465590
98763982
29323419
365728646
154619001
3231138109
2504452635
23232204
3084242716
2332617303
27882000
28902856
125453969
19057138
366764842
204368938
95297779
103087786
106135104
108617810
2962920753
3303293865
343422277
138977055
140286364
55334133
173925279
475286355
237477771
242418441
261918703
1290084632
270162603
997684836
3314321224
168684891
268324726
37895887
315423791
341118458
61817626
928239241
47455112
170136927
17243582
1413974431
17813820
19037532
33653195
84194879
236443484
105187267
245412130
44215348
190354439
57770539
22508206
2861558636
3053905629
79663010
14659350
11702412
216366580
23967935
3234216690
47632905
183753455
350440268
89237846
23898335
136550204
290230743
144189766
240014188
250912539
266830495
356278148
704727061
365694250
2429689943
260449211
156725911
3062909615
206844843
3138263552
258784821
1076209057
131386828
419719338
369714658
23375688
24065160
27260086
1923310122
34507480
47939924
2742290504
23686162
77607886
2762395465
31741971
1702731
576530016
2736650591
60216260
2506313612
733496034
3275533321
2698529377
337758826
2749164245
455121984
1115399815
16124215
14479097
2751222408
1352629915
1180151588
3368690836
232430064
3247383514
116212594
262436837
138774153
1453917182
3272050580
2962530761
3367408719
40047590
13832182
3348297935
256796349
978615590
1400265618
2280669680
137354145
343151353
43925013
106857040
222425993
1089763038
2745301532
2491742912
17539233
2743530217
2559477046
781577348
37695494
31131105
2742053437
242552601
24958273
2738635344
2739525920
1379899022
2738350159
1905328405
891647424
1602318302
1466135018
5994222
26511270
2737104962
2478495606
2735635304
2720860753
2743532727
1259714432
2729905572
2729109644
2729319668
34146857
2741104732
2726277145
2348870059
2324246221
2175656129
2342806938
1277809844
2722392908
581123209
2412273857
2508610094
76645988
2714195353
1386039434
280556947
2422111291
2713705441
2946805270
341001319
1483213344
2735521487
2311063720
130945452
150058461
323422765
606695930
2711418372
2670896612
2710147920
2326882421
2223706778
2694603594
19629840
282854570
2705728795
2602043232
576621789
37334237
2705610588
366547960
3761241
339477086
1957368127
192991908
37349112
15778256
1491510888
131324906
2239335843
1365799662
2284536162
550316228
240749044
2698322863
2385596131
2730467734
174379367
2225526018
25055945
1143877028
803368998
2370655141
147955926
455585786
583127113
2392561886
274835164
17468189
2243365435
2252899873
2690691523
2726821317
16384269
12201842
75347500
1216503464
20337912
385679366
598010927
286806376
2688304075
2669127760
2330468346
2658738848
1141653385
109957582
59286086
2309447450
568351006
343850118
17759721
110014280
999906110
185579226
253840360
34491975
594331958
1708818446
157696132
286897024
412926492
249844021
177225433
1720345368
236149457
300428054
174859814
308698101
498532565
294918280
2194534058
142979922
873470365
1322558430
57455785
944820686
1305908575
2740403103
2746599417
594100783
605661519
637189066
2566277820
2173045356
241241243
15257975
1135261376
1244408377
15835914
2329467967
439258049
1246900826
13575452
2183125940
304583055
35922960
308142557
2452870535
7770742
24204144
22219257
29741482
2477121571
96618979
1968843060
268062893
1634451854
405561109
416024819
17163481
558015025
709330965
32469958
56933871
23373164
2797708031
16568402
31780753
575768667
21966773
1963664575
391663407
66763397
21471467
2462413114
277810122
265318340
142502600
255242666
431178725
312255324
35066685
1349829794
18536107
475438137
338602097
723175496
462467664
64147321
86595412
15887287
65656355
3126551526
2488436060
47106908
111906975
245425295
2330516804
244754634
942654482
2498953909
14167388
313523444
21925506
556004801
1928610384
614646192
2804833183
540466980
35227730
291490081
3214773598
3094369868
495632340
2953870378
20416653
1924912567
160334920
355028519
2160975686
1710462870
941478456
2996468953
2775213160
3046199880
48906860
2475866196
23551386
3215173931
59550988
2873555252
869772091
624687986
246099918
823054496
422184055
1282780489
56745117
8861712
78398789
31187155
464324136
426824152
15429807
2399391152
371824451
3299588530
272135343
237177347
263810192
2795517045
253565033
15883275
1650858084
1168852142
244282220
16578576
58802476
25877017
16232150
17043155
545817030
2423738388
23543001
3305576895
2414882947
702897936
74897444
137926502
32573411
43874766
16377563
21653274
59205965
83487848
21931213
76566167
168711922
35548504
17634289
17258442
20787033
26332523
25017210
117633306
20779619
19400798
27021760
71699170
52453035
9332762
255788067
262999620
19223973
139939068
186913766
13368842
24282817
104385378
130759152
113228391
381835552
14644664
275227008
16248895
18137417
162924197
14351683
16981398
419468073
103053750
5581832
511217925
149231205
496266401
17427279
57539649
122439720
94641077
31269892
74176997
24189263
18141761
94100540
15030609
41171164
68755445
21679037
255596322
21273736
273137300
472117237
595538495
539277412
16036700
15997455
274223810
20407136
351571808
298170096
292574576
18190841
137919412
197945861
828032480
25323229
494073491
16514349
88507556
295948129
363138573
180987228
139711382
18750082
16209001
36818134
249232904
16170253
82167518
17119688
440129246
18289202
319779818
26371936
172447977
22509117
48121888
270574133
128078239
15195679
788118876
14957535
609557759
15290305
18191927
92118635
466912712
471644341
127609579
27831877
31389553
20244908
500303354
108479587
43192422
30933676
16017475
48061540
47543989
366050610
19930211
132239689
19778400
402084196
123282277
616779450
22714366
574853129
33747810
35039244
62663609
88492918
866589074
15336899
17973421
471168672
874753681
14446838
902357544
9752232
106603906
5417412
348014105
27891551
22549187
804797425
605573521
183444155
116303226
184444667
18619111
288326609
261024270
31026311
20606095
258105694
298087780
21693060
47124012
1705961762
17392207
346043982
25753005
32749642
320529449
357710219
555648853
167795222
85975340
16246506
41689992
16889060
73200912
52474702
431878019
88851192
268476335
594745693
14532620
25982774
36715350
462641447
1078232407
174110843
316182395
31392019
19721079
14456637
20027364
177040846
195880472
14950156
26654986
110263006
121848483
24589305
24703549
45593365
437701265
180360207
482508047
12
26594849
868713642
542067148
505964118
923597444
201133168
21091805
994020426
295968686
276781327
19519071
47101907
15893354
32421512
108343240
199784325
105186242
16738415
16830696
16985818
44303996
102052040
14541402
23202720
17503180
74130577
1288728049
551008643
106570859
64434253
14167657
351978244
535647155
112310624
19506790
93951726
37747936
35867690
220913815
15484076
16009508
44692447
203160855
878399401
283198095
11302402
311631886
13143682
23128357
78341251
18004650
553873181
1002364980
352598414
33734028
20344558
227065692
175638897
97266311
245587527
167589963
83424009
18590619
236957971
316883928
14127531
109537938
21676697
281353173
28576448
311276757
323254362
269517707
21240163
139906369
790133162
57834282
228403269
354959145
46714983
1317390709
86199249
241280401
83685027
147264514
21196106
125558237
305620234
26643746
512792217
55832167
261393533
613124940
16710422
14505558
325846716
10285432
25953981
1072525398
190676224
1472619822
14589191
510410026
542704222
263935033
271709396
14379864
408939196
27920453
431724133
338883349
45465822
68776652
6352432
237610812
93649218
442512383
18639259
34485812
16966207
16278710
79872183
113631411
23073918
209887799
17138954
92356276
25388528
22060843
59891009
15119529
64969242
15335662
42581911
30718025
22816728
182005056
6721912
28366314
105614340
1308579667
104299137
41019773
42938040
1395916111
20419583
15682064
18323191
179182763
422640612
14231757
37047304
858597566
240484033
17715247
98573975
17378599
1670936336
503852386
416033474
19360844
846559285
152830153
131552659
34628965
258456010
1362172682
451658543
318471361
1344658628
22925377
1923346207
226198180
17839280
64789673
264174138
234103542
400066737
509680404
383766013
342314844
276500342
124514354
14259885
341699007
11763832
2187392131
66784194
79359949
624883838
17904654
167098135
21656591
3280241
243006602
17578862
717088554
763976334
724925695
26639665
21446945
376409881
16285060
2300039604
367363884
145101844
22604154
217508992
20008093
41150869
100818837
16823809
538362322
382685028
1707987007
17881467
118938550
733474087
132713072
21260682
18982396
72569323
544840638
19534914
20494522
30174831
267841410
422355017
80894037
170034104
606632648
145442386
44122490
14098566
64739148
104591868
71643224
12859772
1686086972
69278586
14540042
25953115
15136906
62572013
87250241
17495447
1920331634
361422333
369246180
235809142
14344310
46250763
188802723
297100174
598142109
242041864
17147415
36450119
1331540142
811579122
1711534796
1486451796
1482880956
417628109
28374040
90327123
2495530303
248767392
575707342
622836470
2291726940
719196878
513465030
116811958
43353209
7768402
2432762448
277537004
2537494465
124592514
20315034
28355086
2552394145
490638911
34073634
941770752
45577446
2201688739
1499337828
144239905
75274010
15111772
538464160
128043687
26749630
65772462
2577476334
542083673
18090647
57470792
61185993
378326429
248707495
19076026
2586638790
264276000
474147615
97474887
14535802
343368126
259321701
2596719656
10139
6572512
106629527
14894240
543679027
1470357416
2293097760
92099801
1022580570
381953421
612507658
31503949
26790704
22959044
77645932
1682249958
23948943
2742211733
909787746
581320261
1356522626
1307544762
28108936
47702515
1668533310
11377472
1952623591
154388253
18346966
260531272
577439544
195867062
344830301
2590339730
36133292
855608034
54979107
53130511
95477910
2848214451
36338870
22891564
22272667
50377170
108745256
311137675
144569635
1689925255
81509061
17095506
460472347
17040078
2963508489
1603926979
277171942
78417307
2545108364
622453494
20687912
168792314
635918451
869844522
358831749
1201286336
373689086
22076359
257643747
34041018
2365913762
20150502
22605862
3014898190
627400309
478945139
1593921170
2882108649
582464299
41412697
2312790650
210959090
1622933460
2195469211
523077918
237840144
160916953
70387120
56936602
29709022
374784784
3003885263
123308629
1000450472
846584113
217083195
183017841
243653396
2485842319
1240346678
624830319
107164919
60748834
50042290
17369828
46127185
21125377
62812546
2986019319
1247511956
3003687556
2290683883
1479798097
25067018
3252366581
1205998896
14181575
40025354
2314669068
28145749
39529665
3220726456
15915809
56603519
238723410
333653012
414785809
1898506081
35754938
419656112
76959005
1260184987
21831315
377676819
890941818
141486364
1109543844
853244532
430996043
2795004114
226401663
2360374507
142135651
1112417984
464900492
353718680
15281952
133866399
127117704
444340569
3041217705
19306857
1262009101
3075478322
3084367937
2887691320
2550527706
996515372
2543651419
41920461
17042687
2477758938
22953319
3070147242
1914560059
3095854973
3104022114
29292195
108199386
203710333
385087268
266005322
70751802
144708909
1584486463
339790373
2361111064
3196510333
3301847243
2932538956
2815593700
3070669534
3298324505
949911516
3147888227
34943687
347438435
777323222
2744754570
216463202
26292784
14376279
3198248367
3198816467
2409501710
21548420
393453966
3199693696
2835552942
819628178
3202832566
600931015
470679932
2455934042
23596644
2656772669
3192786778
3314159153
780455774
15919460
3302116642
3119431385
621887302
408234294
17650832
2205442410
553114166
18965674
43375969
33122635
2863846973
147376728
1452717968
51766062
2851115787
2882927183
59297874
305637888
2887213577
291868565
2696042311
2891129890
348120584
17394474
2315827218
23685101
2911993833
37690743
979166959
588229412
123231225
2943272150
33065750
2629211241
26781068
54137142
64575819
373080354
2966544976
1455743948
112482345
131259580
2284614492
1537308007
327655455
524855876
1129077122
2207043446
625198230
14619834
2859487678
2442828060
2892459029
85655400
14219176
2988510713
290907535
3003930672
2846904589
294336559
23817473
2690905716
463557124
154609716
193557114
482480941
896007758
3016592098
3013419805
2449447567
236150153
3030473963
3038361076
222003179
402985916
2875918235
498912239
209385144
275340927
3043528899
64563949
428824089
252622643
51309979
3059090207
586066802
15059054
255261187
290346560
1575260605
140525440
2458496168
8714912
15934324
3087732088
2773921371
44407440
1777941
17780914
2353480458
128706154
991595148
731033971
466765518
38483313
14635444
12031062
2169759145
124950902
2926271249
3026014294
3117053676
69937049
383965040
1481471635
37443475
51890350
2752601
3157746047
2202499062
1342634252
3152078028
521508419
2180993623
43164693
183847423
2956188202
1720685533
899626652
1651617290
3164948464
245461561
555398713
163946506
3218355489
1335895868
3094408783
410368080
2591388110
3184361239
1343264190
262484494
58303928
33724558
461362395
3089137287
3158068567
57199365
2817953529
322183927
538535684
406682725
3300402531
315731502
2397032297
426752901
3223363344
3295703105
143083448
3195662250
289639027
2327402869
50725124
23894101
26636267
123955880
2250817146
1858419236
2463717026
2969593721
3375059853
20445068
348655450
40316052
16894592
342202104
33608855
405639879
73995257
267583868
596594959
3344982003
2947544813
451754620
822013184
3365324188
160804162
1689011209
474288231
883641601
385691142
37247861
14210720
132598775
18777628
69402732
381537564
15063139
24739863
17659312
2646715753
3232311598
3272243768
37529220
1252423849
3220748840
1058191782
1265191878
632616526
2344324892
712866674
18642171
16785950
189943870
3192080325
2580243228
20936992
21341343
77520503
1204707438
3025948408
3087037840
2794165043
43720718
2978390686
2370704707
3245451071
3287885543
3077102457
280958880
560499199
487112770
3092588475
19499477
326518767
561115297
17881816
17816792
2645362326
3035424204
2915054312
1012373442
18040878
582868865
125607303
99086689
585734222
82185415
2859459021
233601559
1132135453
34942864
21982720
25581439
345673106
24750798
29312780
67393806
96922874
2572935673
492253390
25108518
562188508
35928501
28652194
19658614
66395780
89183429
17130839
23090707
242768746
21612122
260845829
21800063
27918796
136300373
91180720
44873497
108605625
104807690
61270808
16560475
23093340
21583721
71980259
20039495
167150463
221153484
142721190
21220931
24431892
135203567
246883295
19789188
36715203
15769327
21213276
509603750
14870670
263334780
155100514
16161384
222606024
14983095
42337950
54187484
15367451
1327675195
175950568
619138055
2918222368
88040819
12296312
135534882
46887227
529863495
3021489949
26778595
14116513
18951045
116510864
78408666
44458622
96211098
1342861723
1530850933
145726400
27048645
34776119
210858874
707753318
16826304
241630209
572391603
15126399
50652364
35773126
19109172
44615672
19611483
54885400
316654916
52793900
16000856
44666348
523565885
71634211
19918875
17006036
22162854
2511408984
412306470
435331179
18677951
2822515248
532428154
14240875
193794406
92557448
20517132
15353325
50135325
582915482
44519274
300969036
25571849
321562928
59206574
151106990
1077807410
18482836
15646505
442972435
478704883
32774989
712962090
348534179
40766251
419735656
97734245
35383323
30950136
60983046
11348282
31501201
27701094
1311543392
858672044
21139887
36686472
47399702
491289586
325595509
22670565
287811184
228474571
23959252
158365910
1020837650
18021210
83922884
1020640254
325138879
24893198
339126824
587676806
15012352
17171111
2499456356
154630457
1873154100
331868473
116771362
25704351
18058609
241203719
1330457336
93648892
23513141
14857382
14226882
118796524
6794502
2283979046
19095126
15086936
14628959
72861485
16665516
25383000
14332852
51228973
17789578
36683668
57625403
83932732
256197285
293595728
38480280
24306136
52585436
259403099
25129665
300463737
17842411
487103858
26278266
1281405877
73181712
285603934
41208707
1246686216
891464352
16082637
456039235
568565386
82429866
94401960
5920532
49706919
63735119
161023696
61762853
43382551
2462160822
3075639088
3346591636
2678043187
97043655
24010758
319100065
327105404
38516217
82649797
14944065
193733807
21433963
15367660
22798877
14531815
292984054
16780392
10878332
28842244
11053412
20542307
21675438
39302767
53058097
438568068
784895334
574194498
188880550
1089773125
50763960
1324481136
211893339
19807057
3278564534
23187600
13602482
264019201
9728082
21566744
579583243
1329678648
59143596
1060690765
556532157
22281805
57528211
2367453746
361344852
41844086
17257746
17567460
63147091
105306503
135370800
36608365
109420323
29780895
117178834
567614712
127809717
88826781
306103640
165988256
153933203
68157183
1580735346
18480965
44766722
2427546085
60733933
128085706
34829270
17822278
392815206
86336798
1948328918
24425912
25019638
68164740
636683784
15152374
70581221
1684522465
32016820
40271616
95048147
55329462
27225359
189231208
78978668
20008239
23260032
27680454
16284340
55620047
269546577
3224999692
1488792379
63725306
384628174
2646926917
113130893
2859434488
2228582599
3319478177
61766740
98663217
757692044
772197432
35325733
231657530
1286762220
18737722
31807772
61194329
122674554
538475511
2791003904
20468961
70766513
122442473
620158771
78631009
1089564158
39560923
319073774
1380299732
70697085
421576230
3094209205
2316296641
1738959542
1353147732
296532409
137139940
940326031
25308950
2981594470
222947487
16098667
132997374
950899842
112014244
2612114184
3059919797
2400735494
216434607
562430911
263885298
16632227
2853545234
30332995
1665187903
370271915
54360609
873328778
1877803842
236236157
1622912016
55590561
97691298
273684238
187936611
2209326649
802687460
1357021328
78269951
29480939
2828086644
146127749
226791782
2468346902
2730224702
81906282
116469889
356955568
376851964
67606189
1714276886
136350511
2227486372
258805434
1555792410
300894890
16307039
267320991
7235082
159482906
194571553
330334765
188844632
1563924860
794480772
18033550
601261332
568463163
24029979
117434544
14141523
759726559
66732391
40258554
190729674
625229772
262922367
382373668
135727262
473476326
106617390
711239892
1157585167
107414914
808027207
43403358
2952769021
89621408
364466850
172380550
122484684
102441923
544557539
2892556413
45633406
408598186
33743226
45846349
339418177
354122372
215630368
410270234
130229898
418844598
2757668250
1096034701
62537057
1908923120
2429388704
316557316
1467974622
474000951
2766263703
188734601
89347861
1020692918
64285858
809052595
495225406
615438893
166989572
2760850941
527031683
44665228
24901034
30229154
234767446
137413274
78074087
16990628
1598866158
555311802
216747529
365462752
211953103
33992751
2482931568
585964627
615554889
187041772
2451781855
554665485
593360775
2546364842
1063183513
386145215
2775180295
3100138760
106170107
586016252
100638300
3278955450
760413883
2175455557
20270245
400864360
3044886063
3034794813
2478994202
45471310
27628112
21986965
84108893
39357303
21189821
350017764
448839940
3374328724
1656656462
160332920
3164519288
1960692132
29052272
1381013509
2978292729
1461069295
2175026296
2333962413
438850623
304210535
2552696887
2269840590
1633463683
2934157388
3252968261
517237308
3035660929
576215318
220844717
1911669356
2481937027
2929465251
291859435
15467700
372306205
2862770792
2710049648
3375552514
949786790
3279416748
32890523
253094391
269835763
455410366
61254940
531516340
804875863
3180723356
215845908
169155140
2850003772
258103341
2778393410
25594585
1192105274
16438147
335721890
621309237
30886468
51290453
29507985
21544384
37319687
284104234
16399491
1574127607
3329920348
151652776
948959600
1676845436
1259694912
979075099
24313884
286970630
2575820101
16374724
2523839076
2645721756
2526371677
624805598
3374244514
3372163299
234072378
43721877
261731479
1617837037
29722473
241181715
1477570795
3362941715
23475500
796261392
15206951
2369551274
544860634
2263405706
1911941342
78754684
1121586912
47965413
2618486504
109578671
16146535
388010265
2993762329
163247004
2407006015
2185314955
915408906
2489348845
1935052189
36096541
1536221478
3273454808
3221701074
525945247
2591611
3035012129
19116607
3369332271
741061716
249485704
34941204
36996736
55026352
273679414
3065950479
801713412
366412941
512555108
29840524
442226942
541144797
12975572
2194496184
441293846
764263850
2360609767
228471649
1264596775
1283779591
345776255
16077256
2172516984
230805586
6726622
619484427
1048844130
484289140
3278996233
455823753
106235997
57866417
3043059367
735757339
1264740505
52779472
948691322
224861044
45539213
1444774410
550575800
1210368187
30430620
414882201
860735016
1611222745
268865008
2807324631
634706965
3081551361
2666681245
1111977679
43353410
14278028
1632046165
3253269115
206804307
71849044
1629234038
3312535055
31090944
168256458
232627725
2955224664
2291184216
2221275938
580010353
41156811
2875987210
3042977507
412589052
39801932
59461021
17468160
36885129
1596320924
26406463
1544344981
2750355621
14993272
47842352
480014724
333204494
17799853
76791711
23939704
2865988330
2502001835
621132006
592244584
1621605098
3324833733
3176981198
65854951
431266223
37762097
1410737288
2331266952
2746683784
3010717197
592167439
3063996411
38835452
50647831
1670981726
401732691
115742676
2434486649
18215985
262831233
2915218179
858564116
524714765
2210859421
3297259221
1886524434
2981259765
474577231
3313634729
905129593
1589630377
3248030886
196728544
2594030563
50228468
826789724
831895430
318604747
2874990955
37233478
2798516543
2868414850
2562508330
3016598402
2826743402
3034626213
29133079
2585457480
954203648
71297786
44804643
2388063445
156513815
1550725452
425946874
60071437
2342469678
154312197
1571273676
179546580
171321079
17375661
82106868
1070929081
1023096199
25295840
489530142
59896616
21333944
38765780
29998818
22062559
23961239
26005689
227739895
73956497
16209521
170788058
22873947
17279281
216969899
49150206
106487076
20597559
170384252
213499475
22110883
208320903
16569663
213280514
59736950
212746430
28599756
68914915
33382270
205603458
14541184
16715725
210305108
131055748
51087251
197114250
80680494
208557364
17659498
15367337
14757714
205053189
135653370
22837895
50380758
89277194
15368940
44131087
65019748
259417751
36119497
16327472
126728946
249926034
21588226
1035491
21590449
55018701
224320485
256532727
59290582
14810783
20103144
15307190
368992130
17560157
16530281
19019298
108985543
379318517
16727749
33721766
37217292
47694175
188984590
276319957
356390382
2259395628
2349303180
1936023744
137378533
92411438
23260203
1632930002
1909543189
166652032
1861911336
453943111
33586179
119474362
1502723467
1882198579
536027455
146835173
34415199
1425818456
880967474
773796223
64029134
589279003
17034195
1849938566
1594017132
819658308
1831910006
1353168566
44069032
248033288
783530810
40896470
726079326
527030991
25897220
1705886491
30056406
117484831
14543179
1132731541
261232650
811829017
832163676
10565952
470570468
30892909
258346608
331583562
1289036131
5868352
29613323
1684722438
199291165
575281509
1647891523
252186083
1620749377
1406748182
506377050
1447172514
315667850
1653732458
1652951875
1172932142
1653116887
1653425630
1653370998
274215162
1396311434
15238572
1646577476
129637961
594333198
1561332522
14950843
245169656
48220818
179455813
1634535932
1206462870
329209264
1632966384
1416655136
15483009
21328282
489193918
967239500
23014702
1487779370
1607060192
36554196
1602160831
248430738
485426435
41100964
580086624
414893742
3310793079
3054395508
380647209
186284157
883207436
18739735
3368382406
3140617297
3272254350
258113369
274210306
737326549
42988081
3363373511
2354754786
3261715214
1653025496
9963832
3342859282
3001744527
770524554
291661986
2273839790
1485674022
3333949337
223250817
3330869884
754669466
2827608050
1346375772
281538310
3041771837
3031233089
2917672725
61691140
2436885191
2849646079
61033622
21066284
2882687295
594031100
267319709
3017743894
863087780
45318950
278325513
732062430
160395343
102902196
25087322
2811578226
51108195
23311034
148961088
135162738
34283568
2267729739
2345622144
16323288
2337375120
920304116
19008411
1514812518
219172536
292651706
19953128
617651548
213957230
2259386612
237782659
19312272
21134731
102180778
27082963
89486296
576645986
860792832
204408940
2204899009
193579974
795231823
456027691
89206064
178044992
337539113
26166904
925640868
1332360972
385185551
1870111454
339479058
215699593
421618718
1665120260
308242153
299936807
1544055804
39548592
703333562
1011784141
15857390
87118202
1337780750
443396523
1410948752
1383284275
21162452
494379079
621338365
41817029
3071229399
116077828
471626902
1418330282
25278687
1281542124
2738557532
2736309674
354863991
423904230
379944963
720935953
24451696
2458560800
16811636
176711444
18416019
20369088
41367162
1511125976
34938269
782795624
701579780
22305321
1602578137
47616857
516622677
149982376
35474490
104574363
1197810061
1270273604
763843092
20484379
381009438
16625456
216398879
306516077
543828610
27177933
74499686
985803776
23244270
189927960
856734264
20117449
37806787
270394054
540159697
21364573
126414610
317850917
444350108
340288919
55076952
24619328
880724462
316375309
19458757
309680827
46760519
35638426
16228326
5460112
47837269
515846101
2289967796
51190031
15120334
610026272
562456722
1665298740
910624693
21735948
24112504
1563426390
227538614
360080772
21953423
17739076
950548921
326555679
731418870
23455653
230768222
326208966
880404086
26953478
988897050
218984871
15993122
259300516
98978931
756270656
397478799
21765244
516715026
153569089
159592570
21148783
20474813
19354391
1336806692
20487579
26775504
374146360
1110500444
17759597
219350591
22830647
2432010702
62348411
285255987
2450043698
747876121
21122578
75797367
409005839
18453675
498869145
2435938374
315391358
137404412
42920688
23103488
269847663
1710148429
22638422
1058875778
2358554334
15075846
1560523675
2174122441
18907428
7848802
139478204
492293655
278776049
9624742
244655353
19674502
18320874
595515713
352548417
356885109
188343111
254186356
222622640
111141045
20002475
69641276
1631159347
528949429
190298721
86537404
1933161
65551087
5336752
103927659
902777400
18792765
19167293
2687722831
17169079
2573342382
309755530
326184086
2729582012
39894853
191265367
46564918
86776199
218660402
1024492165
1551011125
162549547
50025826
143933354
197176538
2195241
27683895
15195539
2731529351
14630267
347641830
5031151
465245804
218596009
278056519
282592610
139819194
117475716
15586316
2595228668
89220865
32649852
906782533
16021608
778954711
14069365
578597873
1508093396
35184346
46582653
44960116
6385432
21613853
3055857760
16458033
105966714
904667300
562385224
19683903
281174955
1247773789
27182495
137727746
2327639893
300260694
374744190
537634410
2223885404
2983662104
39655679
16140124
25880635
239584262
1967216306
18873711
115718513
21443773
19721585
139837153
776688324
47415772
20086360
47596039
2303751216
2364631970
153956567
2180276750
259428611
89023284
15688781
186489227
448295627
1949704410
10032502
2169098419
142490217
1665386791
1135388684
40277679
29244617
17375281
1134148494
46213956
132630502
26015134
159655293
34701524
25630016
52797896
218325695
18479513
2317921
87359651
428333
309978842
57056537
120153772
531201141
27648752
17137628
24274948
22642788
128246602
15532569
88776580
31957766
35127952
418991973
236485849
47462001
12897402
1071777608
277719684
21867341
12193642
61863728
1339835893
17919972
29302489
2218425283
343423714
2186367020
2188539188
21454759
57926828
29075393
255289631
20645700
144686492
214576778
175176606
1539329720
64810831
1967334217
1512369463
1947549469
17605248
546199547
1025175445
55269866
260496647
1951812192
18022089
577803930
400860504
1941957289
1943435318
1355982924
21304005
882869053
206803921
17330784
61555263
15575912
20168956
59977074
15913066
106589176
159126623
16208086
205341106
22811348
18817272
135007839
83704830
96789017
38590779
190857717
24854917
92941225
199286398
132536026
171541209
199389706
15496626
198764497
22575145
60496573
178391862
199080454
65919935
144882706
198446867
198438181
23214564
24151997
47891535
197731587
22500636
177765220
197043906
239528085
54559532
75400249
15724082
35579326
17112878
23026859
16330321
34000247
249302944
44181323
146471139
16186743
29111704
130889282
234420343
246936374
244491305
1713631
29044200
69254825
243904634
111041804
110004599
218604563
207331730
11337492
172808388
240921277
104938477
16896354
28363009
46468027
91639695
14260037
48592566
21980816
16256826
23173647
133570135
40711530
242836537
69777227
44146762
30244377
15952638
30063770
72825676
45581428
15078634
9437832
98926485
17602018
17530306
198959733
69134314
226230309
18199536
200134589
16514549
20458234
256298734
116641084
258658836
16148339
174447369
44609514
16893035
118230767
14834817
21886746
169522367
39117680
17889080
172532584
19178359
67168554
78671324
131144091
166252256
110823581
208600977
29343781
19401702
22205084
21094636
166607010
151531332
53055761
68781145
248836813
99767525
85634177
185684821
252110905
15742734
119166791
27308199
23228918
18815878
50073507
25552309
22814117
28340315
226614591
115502896
20999272
209051064
93761782
22052113
77538559
316092872
95926917
20246783
19163930
19540659
299432712
111017967
316647212
116505994
17029338
47961302
55346374
25620750
120176950
23845149
55881852
32194972
266796061
340717541
15224867
194227058
16273700
57064162
16396271
18708906
34352580
46300697
23305886
16630956
26292262
117138835
26342787
57133631
18815685
6519522
115733549
14074515
16616061
76348185
16245822
19397785
17045060
46453371
33949656
31310158
19948202
59813090
22013000
66715032
20295222
34774807
16514607
21777967
15931963
59928236
22643259
36962101
169785728
46817943
278832157
44177383
42995067
308573576
11254702
17450651
118188665
18481050
94588784
26851087
245424983
66369181
19808519
14776260
97523297
18781150
39841218
17451742
21251668
374019904
31906672
2535789644
2786135639
3104744852
3255789211
32278289
235909451
288582979
509721701
776176802
39292038
3308162597
3306785879
57918042
15855491
268937262
3193614984
301202823
2659610786
227429640
3148445767
3193108218
42586520
2360155321
3092545236
1157131106
3161824438
17155639
2865848926
39303355
998147731
40124997
2185079156
58328401
1633178443
199884200
416544391
270089890
1305788797
389767599
2437404158
2653978266
2721377242
2214823386
57047795
9945462
97027845
377151086
2643874391
2379606349
2606459054
744309619
2556062151
393985837
2590070636
20009297
312402691
1934166848
89308553
2468593987
2467756917
2409446432
99432440
527471085
1508164476
82162784
59849478
2730616592
378285883
2537524780
717177931
47994320
2356694311
794956110
16703391
50052912
1531485523
2440725577
52507511
26386045
334162338
118730543
1104425378
21907662
14245722
86976507
950531
34370740
23817772
121817564
20861943
252782302
122194745
23848444
12244082
19667776
47954642
274581613
17787705
58503762
9109712
3554721
248699486
117833629
14597239
31422372
16570813
29374457
14617294
2458567464
11866582
163995093
249722522
2557507771
111076336
2347049341
35773039
256159551
2546363749
111595219
2214726068
1707321486
28454841
1517412614
14439168
172482310
28333618
23367271
21588744
28351096
388428009
66768858
54280087
50688776
72384274
298876427
722139073
15908429
161427200
22685200
15808765
1358510054
247446447
273286549
22429979
31146551
42562446
3248910245
249996517
1643270857
3193526130
18501487
18215973
52615210
480851323
1135399020
623817347
16264395
1601549102
24024778
142359854
17194465
125372776
41028523
22453191
106789371
3242256463
57339230
2594598972
323465017
90981946
3342813010
374900136
2577029563
17496475
3375776535
1640697186
267742435
21149757
11735652
16739279
286302336
42559917
1642610598
114833521
17492763
224710478
164741559
18609072
18768996
15935383
50378967
69676217
16967845
20015188
28145061
1587256842
19719380
187384483
1525759969
114756202
41445718
20818801
14238142
29586241
57405911
461528045
165791468
45062604
2262072067
101612939
29908318
2896141653
229478872
16327808
85892107
348517566
20549679
18487837
915720462
17078147
17410421
14129629
2484660032
76412876
21015009
631876809
18157750
33715192
216123608
15946362
32810489
490870813
18104579
221978398
339736269
23772946
2974971371
811858381
234407613
250926368
16971752
225215700
54892361
36312839
90307759
41984111
142829465
279371476
348104829
233410308
20952653
2385922213
67038496
350545629
432959781
147408820
197404857
37057154
2859649979
886005504
3068656313
26295094
134576119
557294464
210442310
1049097956
29583908
596503328
282857632
14622850
17592111
453430751
626642457
3300479907
1915247868
268006605
810561
2296764834
23226150
34964141
401090263
290658773
23369907
37357945
323392744
42692687
111334252
22563612
43910797
463338553
1481164202
413589523
146324159
24964986
16337264
265803238
34347388
249342370
160405804
16264176
800823050
148397837
2910349123
111977807
51827732
325866733
8545792
14109983
199134905
121795745
275528762
1593300036
2926020526
1257262033
12418352
15151191
1921741182
461668569
15891297
322221442
3041813265
19724486
373105949
378368350
2392720507
1382774498
23212824
2386514203
13121322
861889543
18294243
19414346
916891273
760170216
712353756
568390414
175939051
2507719429
2828414382
859001708
381179190
23489140
234015854
17966464
563245155
774820933
830015329
2937358534
27059356
14377605
5990782
19824430
254287052
393005076
596672576
595575147
15982094
1963116914
1380531901
2427955339
268657161
461639394
25911963
238535738
262197638
398088661
19477339
35933023
2683508207
2735783902
28867988
216834759
335489220
2836436885
106629486
24259655
1176615978
588633513
48573107
190522793
245466408
1292278507
53257678
2199541
64485555
763917572
106572414
15691324
22919204
17467848
208186080
546956817
277046078
308122808
1267330706
1917731
86697288
21783950
44783853
314216196
2808140211
39580052
39564141
930184405
80935604
73413771
227412424
47327366
578560272
30517204
22756947
238772601
493601601
3257187937
2864113025
774683335
3355620663
391084251
3343143335
18586983
83668232
61585965
70144495
3307494765
1854859454
28005885
2596468722
15504450
3307504463
339780861
23534104
23441455
96685533
198761765
1653423253
40336624
3273299899
2343051787
2332528329
296109323
3127658460
3181770608
25169147
484764812
2513525355
262824439
54449190
538556655
5392522
18829123
14437914
164412502
48144950
46122873
20887873
39155029
2397929636
1367531
15012486
28785486
14511951
14173315
14293310
242926427
15754281
16664681
61355746
336124836
26946495
2191450597
133448051
216499606
133022865
115157570
3259965631
568336632
22921914
289933982
7591572
2871410896
3352427890
158414847
18587457
14962779
184136149
16129920
75052666
158426909
205864193
4207961
89820928
50325797
21619519
18227519
48802204
143500919
2695663285
15457383
293131808
254117355
224285242
2308599278
1881128166
2847221717
19774211
59204170
3189088672
588100416
120184055
102071743
134600022
41467849
106148085
1010118372
46944571
408760398
1241912706
14188779
1702695092
88945638
52834789
2881595309
441894860
21886888
17993809
15586478
235202710
82389179
192955168
31128529
151519500
21684013
22053641
31122582
246357149
19716781
61206798
294084341
30929600
7004382
151963505
74294786
30912937
1410590874
1262814457
193872188
242892689
236279233
303861808
82453460
1037321378
2975350155
24913074
58928690
30216513
33563161
29501253
259364314
108376246
305216911
305620929
1089859058
267854863
21312077
56864092
463132556
2724095695
14984637
34972633
115676070
1135486501
20552026
23600262
3122099613
1055685948
442824717
161411080
1128781184
248495200
22669526
1051127714
242426145
258900199
1072467470
310310133
267938462
510516465
1009269193
50452197
404132211
18909919
112740986
1339931490
232992031
467823431
80612021
111379452
31611298
20278845
33576489
2433737761
36948268
41017380
1080509366
48086014
249348006
164007407
1058520120
39249305
137794015
995193054
789244177
432771620
787373558
85396297
245451804
22523087
78445977
162069635
263815367
231510077
199325935
237770636
75785294
432676344
292935209
148453195
231108733
558769636
15954997
249410485
950783972
1531521632
239949176
612117635
1077121945
395034263
36473442
935594107
1058917562
76377570
1058717720
40097187
108619944
1071102246
87059766
54766919
462143773
776664410
38474409
80628196
36771809
1099199839
2922277631
17071225
259918701
65647594
1392282998
90971376
17007608
1978511046
2527633399
16951250
539078717
49217025
15277415
258818409
56496955
79032381
409486555
9300262
20113797
188321665
20508720
22026496
108404713
259396022
16826656
17876077
1606186957
62081232
62898834
571812244
195534522
101822770
22642626
2955596087
27902825
25422900
117416536
3314260282
2846711961
424387810
48366585
153149305
78898975
284664892
64420220
21450717
203338663
22951591
1090002997
263485251
575766234
381152398
386074486
80917007
1691807448
2359917614
319094338
480517688
26261465
21121491
3047184533
280619711
1095635868
128645212
14615871
1064206014
409456907
234007768
234906311
26637348
25768370
69193833
105939814
435223979
46424263
16348549
15518969
185721797
15430772
334751665
356291170
103018203
258832432
32007346
84119348
1465766006
441058554
2485683942
598818721
14677751
1946944188
1536791610
932258994
317980134
2533784485
418137371
148771088
15007149
813286
1093090866
2312829909
325830217
15854702
7998482
479856992
14695985
36426516
115979444
57338289
321412491
35935945
3173958988
2193411570
2831748748
26780957
18112719
2272531993
366694781
191477653
36686040
921717062
2548834622
126369849
825387276
3022753926
76824894
245930020
2463663624
1221616850
20545793
53929374
517792315
20926802
34586298
19072472
3098074729
2875128423
1055730738
2177206693
14056708
1019016480
21887802
26122892
2574103121
2182412918
28621818
2375620430
20852178
203060129
2358500454
14712659
340300385
33989385
3144326411
123879864
41346792
88836132
17214825
25111672
28602948
19657199
590316679
30008146
550324037
2916086925
2966187155
19777534
14233010
21877897
116582053
177271344
14676022
18776942
205392468
11856892
1942727862
21252618
1880674038
292990703
15864671
36953109
384913290
49591218
34274380
214169085
53196815
2428808694
50648594
3008034484
1354552566
50074691
158891867
188417388
247486443
132278386
82649553
58823749
550181818
555473643
69058175
36652610
15529479
75289720
20442002
134990744
302148582
257549999
28197549
33111193
104547850
284923785
153836083
29644961
50884358
2288386974
21816149
26947623
17769534
106021590
30289355
393541673
914952734
2484201950
15235519
451756557
53836590
30231082
2800286264
133393789
527503373
44917826
600449851
71318216
389028352
497435614
17537069
432766911
20777057
42940605
20689972
17544524
2812369613
22969087
146490957
158397501
8162322
2804215309
395447444
26772504
15743939
2990823627
34402366
83650932
534599939
16099299
234014087
175131510
454947269
246088673
275667801
15743525
390973130
24745957
1653637543
266352128
196173100
1705312470
18021621
88806753
18967498
234053893
161791703
64424603
112819859
3015083591
6708952
2581050041
197519568
132201224
361925347
44692317
28796289
262314909
210684204
958081542
65453528
2344544334
17599655
633855519
3033669040
25085528
1668357924
115754120
1112254675
2375686638
532161914
308501672
1712989190
1060860422
2886179627
991821667
736056834
2360170550
3064630738
54979021
2810388264
2392933562
596721708
2513259336
2308819640
3066024213
479541462
24870361
276160315
26777550
45654379
194180566
148565166
161679603
148491506
2201535888
47402168
2386649730
516880804
76111834
2962813893
153486399
13491312
3044993235
28676469
56693003
48690553
15647676
16669075
939091
14185317
2953974395
2933760046
43920155
360807372
41028941
15210284
222666657
3018670151
114025495
9330232
26232771
937723303
46275302
29547807
47550771
115517580
22280208
23502700
238228187
1071362725
243796330
63169388
1092979962
15174710
113202279
1278123914
2363238127
581141508
38036372
43094627
330361451
472245232
1395149942
124237063
27922157
14499829
146569971
15134240
19608297
13393052
44988185
233783568
65416742
18170046
6450322
132241469
199400127
267159048
29450962
122174004
208692908
1140648348
43409523
63262233
153558139
1080844782
27910416
20600543
40069846
111635980
41043583
252249233
217550862
613725908
18696134
74508260
153944899
1155335864
239905257
210926192
168502762
111635527
240812994
163570705
156333623
1915470624
22812754
460246990
133832049
1134292500
19318314
18137749
1074129612
1055907624
18172905
33530012
164369297
188019606
168673083
14135426
1061385474
2964351843
40302336
2962681881
323440720
2293131060
1206227149
2968007206
2970462034
942156122
1365182119
464396902
14763834
16930125
14246001
2966570782
221792092
28599820
2968451607
8994242
24195214
1222257180
31801993
39602243
1467809412
73650792
33222598
2994196965
531354965
17521689
26596727
18825339
98687810
142792072
16187637
18166778
148086041
33297396
318518392
90662986
12221852
87522535
266133081
407867630
43963249
71593527
621252976
397265914
1068499286
916057717
20002401
65732910
224720046
80361644
80366372
822713107
2825656498
19824356
26087378
198587421
303509036
177927463
18734017
1613223313
309877044
2497185313
54825640
46724483
112177253
857177618
17750110
394741838
18336143
20179628
248735463
479872233
38254095
226680441
364423298
1243902714
15675138
238252964
17235172
15987296
10069612
53176629
108993692
21530025
1652541
51241574
21400091
2836421
113036476
16243938
1060984272
158398519
385429543
339852137
312134473
16583468
193732179
140519774
155669457
23761008
112789392
15432119
759251
12219162
29209404
807095
20002978
30313925
847517948
218523764
17849234
13160892
38435380
31746745
12952842
117541876
27568840
294137324
246425824
23545095
376949684
312035767
376895269
8795772
16543775
19195094
240199983
798967789
20182465
6798482
409361842
267262697
1875775386
27899417
94125439
14747825
138609481
326929954
130945778
285039441
2962868158
20652615
14219877
119159695
15676492
66403013
10850192
1219824320
15764644
22012091
15281676
237862972
233842454
242761889
26283307
17277651
966442267
43358452
37464438
38689315
15291042
19039467
418078050
794162328
410113411
124224165
90413907
233949261
19778050
267709760
22948692
159619843
2863006655
2869746172
2696643955
2914571740
76456274
25781141
109025212
138770045
236511574
