3288926208
88494677
20685982
628778576
13524182
2148094130
1447528484
18163646
2725886703
256786548
95770244
2377520688
556051103
1223560644
430130014
2308819640
21315169
57625403
2302084812
83890177
104946942
89524168
764276606
2610325423
69871313
1244090364
1382532668
510406713
1663168736
457073046
1363127011
507680427
485126799
330708718
777390
2231907396
887588053
1927339476
1939042454
2402330293
3554721
106480421
162819742
1914172028
1074412920
93288759
910956684
193397294
613591861
2678081832
942156122
47497984
251076452
16888007
1206227149
153075877
1470490129
76420352
10929352
427126244
2291384072
885733974
2640878618
2265145999
1335358849
434569975
2589473350
418404668
78396095
19799856
2373915408
1488305792
192344382
1729099112
40226538
117139991
2188389464
915140918
186131566
376253356
17478548
555473643
287781603
2279350106
1325097084
2517717962
247151730
45906479
797176214
1908143071
63787812
254577836
381603450
26035759
16572463
701390365
103949864
584064292
46011057
2422306021
1494406110
635882286
54240499
1478466624
2427404972
142923488
786218869
1608087876
1472902256
7039122
868785601
1855832347
320017708
17163798
774914132
82267260
55045856
343380848
124175271
383218341
303532271
2289715688
433137670
483354405
2337162198
296993634
1281621649
41632517
545971228
17880546
393969873
54287536
50614163
60101194
101781641
364273296
127543047
50693440
21270432
25459878
209104602
227909111
51570539
316853873
589522592
499826446
722637757
255291796
335030095
14692385
28422747
42999338
16043308
1102506919
48765245
151612934
576433771
36451171
243655572
377961975
248742773
78408666
19471319
15769734
168694170
265582982
2221875848
1710352392
762463626
1040543395
1113128294
289165424
19366726
54319788
2325985052
58824655
400150207
863046222
119421760
38680959
268408076
574948825
1876139162
937723303
17046368
172132501
483543697
792292274
35617687
50070735
93965901
2253968388
327736319
197567344
278085713
90422822
18773630
1258136930
107222801
18359352
23843019
105242645
122412015
30756670
425866601
847751730
54784801
357861214
277044521
268540844
22928737
402641109
726610296
620627019
611686294
21762142
14976408
284642038
61542834
948560384
34923953
34932350
31461853
803815620
40319674
57707485
1478268438
334823345
17486973
46969194
15085627
153149305
1613675395
177276426
1355048880
223867988
1483672464
1265344266
222336970
59498366
27951511
343535205
1045110018
123963361
105242077
153042581
138223681
38582155
91159130
540122045
325682930
1635651733
499134605
299639255
163551853
151973986
19030154
16516170
17596622
312885918
26778595
19321518
21298932
98952413
1117590324
224785080
85846956
34639101
493509026
335445571
241541745
125400687
89745833
90038012
87216637
248743762
239508974
23472546
678183
248731542
22059079
1443942120
282366405
17869846
38530021
1322558402
330740739
335392431
109970256
353073638
507562427
431049342
423613070
603083228
506028596
98542678
87215237
87214753
334682014
1193314598
102815226
125374981
123273700
37289407
716385817
24162227
137392693
104530264
39302589
1246763515
374013326
362031189
470553786
24883537
21873714
113842205
7515602
585460536
20958510
1377916152
600340721
373253086
410745074
284624691
14916494
106146752
25560859
53435454
29461206
703794499
408052533
1064539338
216580070
17432765
822458797
115201330
15730837
18959371
330745031
112541613
29489446
49532433
49755268
68271578
893502530
14533111
100675422
16813285
979878552
18200549
38513712
201304643
1084543213
28236290
1101743606
78463280
100276715
234647943
345028510
552161421
34266728
622985227
30205332
366100902
458068311
633094489
24369882
47707274
36589504
17373972
113256238
216043213
14093404
253536859
155384548
15997671
17598231
304123273
42955076
25219771
122212010
46688253
1229141136
21279251
431178575
425229651
437059123
286237735
552955055
559166046
418920508
91384350
1352835889
92540829
335451291
128337765
352823773
24033711
17068146
19046018
72724156
73714909
75823827
15657280
20949241
20378195
80879064
87751504
92027193
30863073
31113012
634169112
111516945
16011804
95486270
90724794
22812044
135263946
21738311
129424089
15739968
137431800
20175865
17558702
28367172
25618660
106285005
19237918
52198005
175227458
174413320
114028634
22507972
22526014
22871500
186139274
18146764
99882205
74494518
17855679
200148885
33254996
25614235
132581988
206889065
33348604
28040634
220399696
48445975
16478061
235273903
163713733
19938655
194609570
158967027
248500795
157072073
286363562
142303529
293508892
20882812
40772047
324012501
57436972
25727751
217195259
295810353
221899260
107462611
348628354
218218263
213383070
358328452
364116677
47807749
299901217
300824740
114875407
387226425
249500041
177425386
217967877
53229950
300343190
369597496
15498362
61340687
59017015
426958452
50696038
365614031
61189095
416724434
422076926
464966072
466837498
19302840
466096053
467845782
494368450
435074224
151952692
486039125
506352341
20024393
26766979
401989810
423098385
514688067
493497769
23999320
522809688
487144545
412336526
30532394
544629029
460302749
561813484
574667586
249929118
474383846
284068601
575600552
14856061
160756142
182050806
549647788
451801041
17603356
108188362
600536138
583904195
600599563
565800359
334497954
611686955
583875731
21891923
44883942
102722720
17412891
205969020
150637367
625352100
507816860
31040675
513241414
148599832
553007615
109003442
487255959
41387206
611956629
633843409
515054325
168795592
245795625
627130657
468057946
718152774
288183459
430334723
193972755
580356215
31486194
54668300
71057686
349758661
756819854
78494550
540298311
236522847
776517230
26800946
772511676
488102106
806101897
78964452
364031434
21631487
784256472
30300511
835969147
834731456
833700158
130575576
281812263
126038011
322374699
19307085
42298376
29430343
117503744
41179517
65350342
21309265
770287261
30640006
590162696
817866768
546098491
902323224
906577760
915161982
37572782
344706931
585237013
930311263
51537566
770494603
148744706
20031200
17825665
180855401
833184740
26520948
18491343
1132541292
348741111
24386215
20565220
1193958378
234494784
339111965
1146381470
114854440
46034497
18137978
317071639
193373240
11102352
529466117
16619097
92412876
199148414
97150206
802747021
305969888
377556601
628478237
3830061
31896742
76762729
87982425
468672613
116282843
35199585
19660913
36127230
124677225
17841033
1222763742
531854983
1149172134
331058416
77749989
1169260825
17574861
1282082851
77005393
142807916
177278137
17166210
62933995
34804038
193926381
33811812
255815582
836709230
28597398
119283203
98124641
1064513509
59549209
331693829
620589884
14282169
426949523
549485994
102079341
190905427
41729421
776968879
278351431
1072589442
907090610
336349020
1002626534
455994600
422799846
194091577
18124830
1123565808
858600836
772403204
107922931
586860485
1163283361
81100233
27315002
494179636
480102353
292508154
202624289
620556738
1049797351
300381691
833485184
33864495
614725557
815957724
76461278
363992316
31479456
1287427844
40962564
46670785
95187476
760531344
865865784
760488722
83799339
107807966
139974630
26391721
993305245
19114986
21133778
319442997
90971376
177917877
138108212
448228258
373992671
160752205
404477702
55353353
86199522
421446220
228030816
262245311
417093579
220879320
21626382
43751644
145445455
22161534
407989667
24865688
402530529
498807321
132629189
455835706
410330579
515579827
16693033
17610801
23610438
393050389
212784951
485979366
21822780
15856925
161694599
393422045
133003803
81511508
385444137
27872451
236904449
165619835
36606152
51041951
295715381
262503018
59446080
27874970
112463046
588443387
35638140
16116221
160753986
482553787
239652998
597939558
332310195
160755095
564679576
36776218
472354749
588458743
17530428
19954451
137440887
557554452
119268309
50039241
609132547
107657559
409921247
230738112
577403149
97368145
580433087
298261126
607374044
596660308
408692941
416809443
48438049
326450140
163430635
216887751
627522827
453396758
609218484
727425110
706409954
359712433
309214242
464669867
599549449
164441285
786718226
614593197
716530494
572482401
100559262
86577586
785076416
599582597
73815329
777997034
455479241
296483918
821817878
823956463
765690709
20122357
155921921
132544846
389200850
224913054
477080150
591793181
11024852
356840743
367328799
38347964
951053528
866841517
150318429
498012740
548410958
260366723
281119596
301177780
65218995
17117162
14635058
39278803
227346134
1077579848
998389855
63494625
1093951046
12955652
1118087636
729040200
452554063
32877316
322804895
256165831
347914839
415925703
1210227091
64441437
137415364
517965364
21210699
100556503
479138259
53274403
854983513
484937480
875707567
1216983157
38205870
1365025470
1354928984
465532942
55654508
1315615106
27899417
393541673
253856009
1288967479
289388778
19397619
123649831
123632847
123626171
123576104
122157211
15360135
49750459
17907332
26777550
20988947
201378956
15516354
41593521
192527037
95973736
42865866
38092653
582008494
54930181
52385996
371484437
151077068
22714475
59225772
384876196
77144654
52467935
14760352
1269814945
103931171
28553572
63007082
67601139
103954936
16686673
249825265
296245061
9862752
61822704
858918241
1141023121
407023818
133957125
453334084
434354071
812102761
87053800
360225725
121795745
745905781
1327133264
198636758
355696264
34112190
289650584
18349150
1135748527
1120017074
222649452
1215741774
1232155531
495978842
146604175
299975697
259065650
32853382
33358235
463063542
887897270
1226168047
1255700995
38707072
10313202
198765155
803200170
1117262743
26575625
26767525
1042875380
526776733
1255319954
604034734
1257943597
18173751
140170366
620375781
166306770
1089597794
1275822680
33806114
18531718
17285038
478898368
767728766
258018689
327240654
313399812
355839192
64690501
52919777
787684483
1307752496
48397341
455932170
260782781
33883334
618636335
248067121
1325668778
68378642
1325736678
868682586
887056267
14617444
1114485228
240714470
1077562243
1260150456
45620775
107444645
21434408
334162338
117783591
62673550
637061562
567763388
215763697
221184791
549530461
921458366
48381823
376234018
238697527
109694992
201506641
21197923
216877224
74515721
26672682
587189343
323766124
68774523
182640112
509005207
1202199890
131999418
25912698
988243892
25400536
1257386209
29249716
281669945
18161950
33949520
103057303
20999272
68775095
18647405
365123992
78727829
1299862237
108622971
5695632
1064206014
320399690
19215766
213369486
50677123
10840862
20053279
21329888
15856366
22527499
19139963
16102244
15751083
186132475
18909534
14669951
21269970
13218102
15428227
237403203
234937222
237348797
241207373
155642785
16827173
20686232
211901075
242761889
120176950
54594181
759251
314335929
233695891
325585367
402719755
20649946
256626238
242518427
139959270
160772710
76432399
281540744
63753027
562620219
142762399
42442665
235217558
20020575
16032925
28785486
79743108
28140646
127527976
171154131
523397097
25538674
97677117
567766823
415656226
65336973
18622238
204468991
194144771
135931182
24878216
161344057
618586017
193000602
764356986
381172489
831083156
15892094
1183403148
167024520
1198805312
155667909
20461521
173312489
1205907752
1155212191
33611437
798897338
903049778
1080844782
177212603
16006850
244290516
1193594448
1173316772
21866797
1241665878
847985628
1245188112
149321559
1260950629
998685787
14310601
43123336
14437914
384353160
18640051
22174416
9624742
317370751
16930125
15225578
50055701
22206614
78490683
58284596
49062500
117061128
14041652
108619125
124224165
15781389
187921027
329702630
114106718
279414627
233557728
16046355
310480172
250459448
120235202
15160884
74176559
373125198
12114172
113052624
456081235
1222257180
564800441
203652688
20799665
224320485
523388341
249868753
4119741
25613080
364255466
212775318
1242684042
334304639
89723778
43888471
107172099
22170482
74515918
24179361
65126442
31285973
18401723
181664729
325265042
319193332
126452478
595551362
609424335
1045992007
1053953744
962991542
626161533
469832588
310437110
234065210
21550602
339703480
150840511
22784904
127605667
815604468
11070742
29562655
262193723
9884802
103107146
1176745009
20263521
346655195
84076374
9916952
576796855
388967424
1137600571
57073619
518644221
19234580
9726432
68730426
17291745
24209004
91038197
18593611
137466571
19127030
21525509
16030074
39279393
6242532
15987296
16574095
20165471
183353672
16558408
10788222
11807462
15745674
366092825
48575941
88806753
520263180
17471318
138541634
14546684
19658173
184880247
102649952
16894592
17201402
43966920
16562019
15923226
21301933
137407124
19291483
16703058
241635930
221793778
15771482
17723910
17922886
112047805
136337303
80623675
70557329
299379582
153445774
225406254
316752306
17908972
235231693
248078698
14434063
55329156
15012486
15134034
15636847
21575316
25810909
148476464
237774793
41373450
52034135
64091421
204597432
18201481
356741905
347404913
230014502
613770708
625019793
8965512
29986312
267342230
389808987
21732134
82729852
220876602
93889047
16471605
35974129
45005713
221574569
28289170
208884489
163732021
42472602
148912664
114620915
426117054
432867014
110086120
22847203
368469743
79465909
17199609
232708320
405305675
361872236
102131128
559145435
474060061
405040028
1180130887
24461465
384806179
551434032
267244233
223039670
329434339
429759386
18963842
48765903
276666751
479333634
175184954
1138688364
248850174
17513304
16641577
963480595
19186003
15727317
23951197
13067732
299883942
233761277
21316253
14267944
15450996
18036515
240385577
62847435
82700154
105187267
226327734
42631355
78762026
222110357
858321062
398979885
402275260
944735318
268329942
19500037
1114655185
34630195
913264628
1157504071
481568848
22169211
39510422
1201686295
997684836
17818325
1132277448
21771519
85372198
25953124
823029644
18316334
368750056
1209192666
498478590
498968535
950328072
254598862
65703588
20909285
26754391
17160436
424273037
15802980
581050192
117570922
251627765
1110353762
28953891
177660340
331655790
19092082
17411918
14354476
14275291
93069110
126062898
18229117
21220931
21878458
16101182
22795270
18646108
160754649
15854702
35664186
19407835
234022257
726669636
272492316
474520215
322152125
10666982
935251680
254375076
256331150
395039515
1092979962
15731751
24091188
32010840
5496932
7819802
43177776
6577802
776664410
250784170
21010214
1045853744
966442267
1074101017
1060487274
1058256326
11651202
1058807868
1058460818
1060370282
1072382221
1051446626
1065995022
1058051748
1071900114
22528309
28176898
15281676
43931927
38109656
13751382
40417323
16030076
274543603
14074515
85322445
29562218
22007104
16371006
70708097
15627208
263758909
19885295
287924113
390289455
43902224
16533086
5392522
28369815
16635505
54429399
17112878
7998482
15918708
31127446
3108351
121857220
15973122
485705254
18261728
18954306
22459384
15309804
15159913
58601435
127303591
428333
15304100
583804113
50073507
1075420879
316645569
14767487
169569796
305062639
20202335
83932732
904164913
19009994
15693074
860490444
205392730
79616178
14203988
338401874
27925696
14955822
191650646
189679963
177767523
34104616
28147663
43144932
28166618
236463574
98731745
108958498
87770218
19426551
917745320
19362299
14296548
13491312
18029328
14046665
7402662
19167378
15753057
15099295
77839894
13804112
218982732
380498919
45574231
418917061
20715936
60956077
213331528
169627574
14925545
72360510
19601442
16651594
842772192
389546586
348061766
163575400
250177338
282631025
60900061
14295119
807095
17592113
17322632
10395212
15480771
17220934
18245880
17819666
18957301
5741722
22891564
16503846
16137743
20608910
54642530
18213960
17470525
36083950
37537910
5945752
1060411
41371303
14412533
10720622
23381664
15449253
18829123
19608273
34012907
20462779
19075548
25231016
18020081
22940413
47615955
109456108
113420831
21601206
90959399
106486037
14765585
15146558
23501022
18840445
75326718
15022633
16637204
31567003
18139255
19340745
46122885
169930139
38659933
18343148
16242309
137708995
21954970
47408785
237481265
53063595
218132139
112719788
25063158
197594920
21166551
238133619
71980259
16581604
35107066
74516556
14075928
8953122
188793260
26851417
16200497
17993620
221743645
169072915
44502120
47504127
18255506
19769489
39514093
52141198
267503527
160659141
225143500
19757290
251916228
117477105
19394188
14529929
15731368
128544598
87256018
192068776
11814882
33424006
243624407
208846591
103699880
160658411
24296136
16177590
13984092
18820392
121626258
247398320
14836546
18791763
72864148
22616650
74515945
26931835
19466786
20786079
300662176
26291575
258951601
93214597
116815354
91105671
125447335
330538154
28483235
26090228
93656588
184136149
18230440
294728278
24181799
19365058
49703231
20059284
15634953
21674448
30887511
20733972
246962287
20474813
21234528
12120112
25456536
19539082
66455196
59177426
20713061
113697185
92079350
296361085
26754354
640893
35027698
166235477
12272322
22790923
480872337
30865013
17975151
90077282
21787198
23911915
33222598
84653850
28811251
22771961
18309196
326255267
23718424
135515077
12354832
15931637
15754585
15826822
105181623
18986695
44660449
185754465
19879033
135575282
15901113
5336752
14268812
733751245
24464743
50736755
22149280
26133847
30253915
45398966
21919221
350513063
17881467
153181367
90405702
55312717
292549803
50325797
778895864
47991586
466532637
85131054
437048841
123327472
169586280
151603643
243670716
15976697
18146481
16666909
11771512
280183446
15463671
21431618
76707735
46955476
15335534
14940354
62103
941227472
613725908
584012853
381736092
309267226
960696949
316682267
52812804
334087986
178025390
202434686
622917928
109737826
25649176
17480797
137371676
93575832
69553221
439578227
14587949
52240398
34932994
19532577
81207735
37822512
602220080
862071500
15631272
42702116
133252126
393535525
26040838
21958074
483978512
306523709
77250424
36654245
22831059
16056306
14904437
161743731
20209807
18030431
10102032
22545491
242376736
237418907
30912937
76132891
17976923
15207668
20192403
12788332
22509548
234573331
18916432
16424044
75367781
239964567
224391627
78369108
35829796
282093902
15922214
1917731
14344823
207660339
43409523
15675138
352534407
245412130
14213413
51241574
10168082
138479037
76392970
78623653
22508473
126401831
15210410
30313925
14246001
140286364
106514937
46557945
18622869
53997404
37094727
163584265
18678924
168295477
46176168
69641276
551195347
17539497
18805303
235190657
23970171
221792092
114756202
301549400
17546958
52750457
14738157
2467791
16031927
19293193
19447361
40116885
60984835
29230426
36958661
21612122
33977070
23103488
29766367
64098343
55677432
19726613
28614262
74198348
18172905
19553409
108617810
110445334
113047940
16175851
116836560
15210284
28195764
35474809
24735461
34340464
56413858
142321780
16669075
154591966
83894904
27715037
158558380
47975734
84620376
18277655
37007274
117777832
52503751
65391175
35195892
10126672
19611483
54885400
17409240
130600206
16815644
16187637
15745368
41634520
18566912
83603750
76452765
19658614
20280088
19216998
119245234
26730532
148440851
119899270
50317463
48809111
68834620
57360176
18225424
20094138
113758100
49140008
80628196
90484508
38495835
15513604
196168350
131204770
22267198
193785644
5988062
21313053
27744185
35218566
117633137
107125748
114388293
247723476
201079432
69086398
209792690
240427862
66369181
31310158
143798379
137466464
234057152
213634439
190328374
191477653
225921757
236899846
237862972
17544524
23124635
234128524
219429281
198526130
23775782
234822928
237814920
33655490
234370900
233737858
233949261
217543151
88784440
237763317
54412900
20879626
142334996
233842454
97963837
6385432
70799725
78387677
238484434
224294785
218975278
110545675
235258843
234812598
234837632
246341769
240376522
235271965
234797704
237312687
233693291
237299871
296866209
17896154
239561508
18963809
26596727
18097821
85606078
377534571
33874901
104299137
136300373
193794406
18983793
156703580
402106381
248699486
237944147
242926427
246769138
237781383
278145569
272542662
24164958
18846918
246824198
16157855
27901418
133872807
288308178
19208825
223970563
23484039
110541296
14084032
103074779
263529073
284082297
14287627
41368231
84457849
96831824
240790556
22628915
1367531
52398718
239871673
14141323
295685416
234469322
339822881
235251868
19268706
18906069
28145010
26538229
19027088
245406432
252819642
20402945
244268646
252819323
402029058
550401754
222286905
76539654
240393970
15754281
249339682
249288197
131599699
61853389
1058691792
32506723
1058345042
21925192
993153006
76163900
912608010
229296893
41445718
935033864
1071429800
458457525
19911340
23950214
24236494
19263978
52861612
40358743
36047098
18772897
18637396
211887629
299802435
1048784496
343041182
59676104
16017475
9532402
19541375
15582417
1069716078
59670113
334195465
87215081
25712028
456996664
77032777
136550204
242944499
39155029
217550862
14870670
21252618
9300262
11134252
25446308
15738163
24768753
43910797
18915145
31402454
87195753
25315546
727242919
14340977
16337264
21319429
160754356
14076171
10685542
304576970
10322212
236916916
59536644
211420609
114749081
153486399
581141508
20796447
211530910
15394954
18166778
51228911
313719282
237750442
26051676
24773493
20015903
19739126
5357812
5561412
18891923
7713202
