41510066
2802864300
189129306
105925025
1530850933
1536791610
257087765
221771459
14517538
1068691076
36771809
2535060096
1243902714
111037779
18767693
313012273
346607596
256237842
16543331
277160419
1093090866
80580891
253593444
1852230734
2421045126
190284306
555417547
1648446289
19725644
742143
37710752
33487797
58503762
26761118
57214964
111379306
255347566
314275449
906782533
771571165
1410590874
15603311
17626836
19948202
621088828
1967216306
192942213
86129724
42809339
50446226
16244449
48144950
14437914
123327472
41387157
432860670
1691168004
63689362
398872591
301092076
164641631
31421559
1340093874
22789766
191891492
487624974
426353995
874916178
158129535
424500233
112763422
393562221
976948843
41573966
20150502
510740358
31143957
966638065
25300308
20015903
25350203
81187683
299798272
47813628
16028241
25085215
39485833
90038074
13298072
142383345
134732045
109041907
59238436
21696279
19068885
22515362
115749048
236049846
343508479
15769734
50695085
25296779
170034104
22891564
50149303
38213241
267461873
15855468
19300170
39384517
17071194
20957191
47671377
1161714199
17967675
16045066
17908972
15826822
2836421
295899118
21228708
14955908
198617022
16930125
174785051
250386727
389840566
360803113
256583224
111591878
49961186
260884951
833936678
57741304
14888467
190298721
518841067
21316253
222622640
242892689
21307076
326255267
129905901
16564324
20685982
323986118
23794763
17307429
16012783
14434063
14677919
239225655
491435122
280279310
44532533
21973363
481297682
15473958
411488739
74264407
74328111
41849757
587109345
312634740
90529188
413323281
22375230
626502005
383575518
461349394
15922931
26417304
520554311
17059621
555258420
547015809
568237780
23693486
16619463
105287118
613960813
612086901
252701314
560502535
593932936
194028104
334984902
49620730
123109417
567899412
150419326
600265242
602035691
602228526
563351317
40037388
54396135
90394632
617642726
621260103
474389443
50482949
18820830
23450421
289676006
408036857
156003722
104023250
111463296
42875490
16819937
159565122
21728303
87599123
552336654
109816851
245969534
717601454
632311357
632400780
11375992
475122861
14814958
103064039
21945118
91514819
21011540
34639624
43265583
372478482
378829011
715023518
98227186
132758082
553770423
620286459
433073698
24535773
53309297
61897033
253690398
708338168
389357597
551687092
353371826
44920368
17819944
67728650
5520672
59648065
45219210
385474772
17010814
386620724
22030481
98189427
93996278
477402088
176853382
54340217
338760894
279833849
192412912
70515221
169728320
97035408
569615190
201578671
244053752
286314825
14751444
236023020
16156027
18200036
289627349
110857907
543471917
548851913
506124831
370285790
543822491
553081187
555173207
19278505
349057810
97916302
18160658
347555346
16013950
357101380
14295696
558351553
19617197
561498949
16464885
258338711
564196663
565760517
385456970
461334990
38302264
24173738
191999857
302058329
16444414
588508746
553011885
480788525
27670084
16409758
357104817
129524471
475081326
596742328
16261447
18450858
519214813
43356935
16744711
54324766
192698391
19427164
296282106
265748638
626573970
55444637
557176444
272731853
634206572
630528928
28342356
709413637
22570775
24342754
447286018
154442784
430072779
132566926
84431802
515935149
20146475
525697826
354962831
540781285
74061958
463998008
363831041
482323066
589500492
245521876
23861487
403494577
48540010
21543062
580352987
363378345
598924332
471537902
228600176
598855139
701715409
574920559
146907116
38260191
551987185
59721693
612885049
240911998
171281088
629882139
312805513
18513522
17774100
322341452
280664117
17580892
246939237
220520024
58044082
384640916
710694984
95444729
714668588
21923096
148720003
16833276
168524035
266115044
265703805
482269528
264192601
399629577
416267297
250174527
500383630
28229074
366586712
15831125
338594583
23314168
501481271
323852637
257633508
500980032
417463499
78354902
297662808
97256952
540970434
266623917
309815287
15240016
32376165
551886991
23590658
90597940
17996813
60686922
320467641
191109255
231849239
334681803
70381227
17528204
225684687
575111574
500133230
92153122
19077861
429266945
75271635
587909678
474604745
526442540
110878529
556865087
603095583
314676971
353125639
387161240
19543987
153964574
50652224
100987374
19717792
611845061
23222811
51919172
310034846
63493153
508328674
21436140
316764018
184927992
167914517
543230848
16442414
459264731
327509596
322387595
24391637
12423822
236453858
18498361
106279511
20871060
317882356
155734294
14262697
508355060
460481381
514749390
254865798
18552764
538377728
237504609
563012244
435975442
120537865
82424723
92055947
61536726
454060961
506186126
594827340
598384016
600272741
170767454
566104393
409536938
21831786
618693450
25058711
251851875
245503556
25474379
21311603
180174684
61555301
259865725
100065472
219040791
44888362
939091
25395749
19651222
16689216
41272328
246967185
458525164
557891879
156998393
466911464
16456130
22363892
39902922
15905820
32478292
210833051
21283560
257047279
526792403
100412295
149874830
64507817
17429660
30136540
29271611
47215218
20558460
37376499
299747917
42458227
131844222
246378333
526776638
285720256
635901864
32536664
28124933
192592078
145757857
152361174
106304537
18641040
23662741
18955317
27814865
22760991
17473883
321650864
124569253
17818464
33777073
340418333
239493966
49171436
88309377
41684466
268323702
253593067
20813781
39253401
360726976
15239264
172328293
10923722
21247056
418765537
24214974
65137556
308792704
4207961
94341979
43365235
195075163
225862339
35922081
9083432
74245068
551499491
12434632
20144167
100538334
120877403
312195609
344812667
136160730
32260931
277719684
14126126
199295593
183443457
48235906
475543548
33537967
189986982
27064492
318882300
611325662
28511189
297235842
223547941
632593197
302803419
53861909
26037639
21830671
22250215
143062698
479556811
596234782
348719616
24314349
15046037
17470634
181349583
28434593
221893115
459575760
471404161
19003874
107287544
108960948
110910832
23378758
16326882
246339730
175141644
219440958
18686907
49702592
7860902
16898332
37702946
306989200
16006592
541858751
14351178
5489932
14811485
6425342
14189487
17313252
14068794
775142
30686025
18381457
16678271
1758171
16313934
11463632
12049792
14402269
15280845
16250158
18088898
18286250
18953700
24771318
16653851
12195
15784302
14634364
49339411
14426645
13493302
24729040
7898902
8870632
17734669
17273391
28878571
63188021
15276401
1712831
15285490
16248319
49721459
68483927
14803701
15093646
14205876
14270329
61573873
77222446
92394644
547126163
28554898
78671324
20379383
439116660
548509097
12615912
11922532
14326865
19400197
15743485
13687102
7172432
16332326
15327996
7799732
19128897
7591572
15243745
14811839
15371215
17859191
15834931
15778911
8890092
15330022
14792049
20284860
14240875
17955324
15953511
36165663
60777394
16677964
57365725
112625523
15436726
20314289
246310849
83759686
19733025
254272808
264308460
164759805
382238596
117552375
59274071
76059158
360320296
15667802
116921689
20208788
111475826
110240818
19079128
71899548
24559540
108605734
281274238
289414041
288798067
48388038
288558189
18557703
320263771
17176475
17961164
463574118
248454003
403172214
18811479
82693922
330494760
405054275
155420423
373464670
16146535
601245735
16060846
590109569
620218778
22053641
310310133
516880804
150078976
28479007
558769636
334455246
18014568
17123071
21145221
383297408
16456627
501163770
627845586
16170253
15481070
17449843
133947893
155973490
292495654
20444463
18061669
18216752
325231436
242836537
84129740
57065141
135297032
17899109
76649729
28176898
124224165
402029058
413466731
476256944
352548417
17976923
486694111
78495596
16056306
39155029
106514937
246357149
22771961
293131808
301549400
190328374
138479037
14270650
20186316
239871673
104299137
14213413
245412130
23232204
38737676
37094727
480872337
35829796
23124635
10102032
22545491
161743731
234469322
252819642
36654245
407013776
14870670
78419512
28657802
404132211
414405451
281593711
24890408
475922496
305096044
386020487
16742694
138164281
20152737
261918703
83932732
198275336
50180175
142721190
335084280
369806706
179517603
183912188
238262547
234467536
442113426
456909049
43776111
154140884
118173606
475182016
65113384
180469907
20346037
15086508
118460890
131055748
25702314
53512289
15210284
155585373
23258618
440688620
225064688
561709254
376409881
16974976
581222456
579907037
27810354
74186243
59307901
82184104
248004920
33059311
15988031
14295976
246303666
72454254
33998183
59003
234215229
25916017
123309278
30464884
227138575
33567922
41445718
285706952
37723353
14515799
26792275
74176997
519598594
545202357
561614575
243447676
14351053
331681951
100330676
199793570
400557749
151961337
135931182
543484400
575766234
46195607
14173315
92186819
224285242
15007149
442824717
402957663
244243985
308721230
65293006
300354212
465123413
369232105
278124059
19186003
262756641
550401754
34402366
84681236
15268490
16073416
234374703
52521572
95721440
10191332
20552026
15220768
90634314
187354656
479872233
267938462
432676344
237418907
581141508
1385211
14713133
188809568
197821581
588680943
16807941
22959573
16700417
197170650
17935528
19905693
10423712
100932639
22479235
105537520
197097845
32036845
11140162
67633410
515678381
61831607
26754354
78629508
24300752
21705914
61650284
57792214
464324387
270212829
48227134
458959388
44776017
25374330
157506702
84552932
39318450
206445421
208115058
102993013
125353231
114287484
95143163
406010127
109141469
15598755
588585400
33795371
555797185
567401169
609680430
22514953
16957244
14554601
31155288
16049954
501740159
502096373
18881700
114497182
346711949
18014991
16410983
14063721
38545971
41239626
75886417
18320874
550174867
87352595
23344969
15195679
78116670
562927232
274747823
55307642
148852822
111141045
256349962
417128685
277849970
46103575
110905570
35129612
22838627
465636452
24409089
14900477
618492023
451668685
587956209
362120741
150837068
47835378
622162441
278708161
633382995
96762954
24470014
169992628
113425026
569155012
25547498
234984232
23433823
247352233
247857422
176159179
20220378
251390165
24687885
249812257
21312320
17729688
14755492
94864957
17433260
19199988
361975104
193507878
450146278
27565672
156656964
132630502
495030220
35373988
590627854
225567701
253719364
50077483
39582797
151533596
420020541
42921414
194581331
49650078
340967360
372006454
465735887
585019472
135700927
243223051
14939449
128586415
441258294
42286624
15384023
442390910
18788139
293557731
19340151
140685143
259322958
481610990
334848283
567801123
148980335
61593294
73474019
203208013
11856892
42343110
573754038
488560862
495758948
120532073
22109355
19828757
37740148
286992566
21619519
20414528
15001074
182672067
18417676
373158156
150802319
28639317
14138892
29016761
15547802
29808178
450152060
34448628
175120539
18915880
248815930
206886565
18189103
106868316
400274540
411873381
125133363
30116640
19597908
541141536
40633304
21220931
15463671
84653850
15113565
42681744
123350717
22097290
354618072
23536041
32121184
85898535
45575375
18272699
24065160
29288825
34141517
16461893
61270060
16725702
168763548
33523003
20544163
32716397
22989605
224349015
194606781
31008866
16653760
516837129
424313836
135876746
15617578
93033042
15202326
613634635
102119629
434370529
348523660
17220934
20683023
506370150
80112856
515834883
429168110
618426688
307176947
156020230
621485812
35389327
14161220
33890561
21313053
397342284
385484545
169139159
768868
74575288
34443218
14411480
222985500
453319164
245451804
130945778
15923226
17467699
50703368
17066782
564106953
38516217
17599655
118217733
61396391
412320096
1562571
39580052
114547989
22623663
15309072
187480978
95976989
55343001
15722135
16072058
14049145
15724082
85634177
15580686
14606079
17968875
106268644
30609908
260347791
244655353
376795026
48029363
61583656
19532205
109287731
15249004
12133382
14251476
16632571
153088501
84082144
28691659
455006359
418941344
75052666
208203321
16030009
148529707
47979952
249787913
256113470
44615672
172374845
7848802
314038032
15234657
80910617
257324228
401625957
76452765
204910970
24773177
227036687
22017602
37281592
78789634
446568165
11945992
97468481
23126875
15660641
88688753
29252906
243331187
10005212
15894730
47428569
126078987
331868473
24752484
3335531
154619001
48462490
112275643
121258930
5631612
86763912
295180184
15769327
94133565
409486555
2996801
459573164
263264604
52841659
17226612
274031406
30191678
329724730
17411991
18947726
21901272
76206647
300917325
148111997
389588501
417202803
244105489
243295544
356643959
57126323
20164131
15637387
343491687
97578274
30003003
37432315
249294779
368992130
18170310
29205600
19354391
178065733
267399199
46159631
21526388
17604463
349124541
17602802
16002085
121305860
330409007
50338306
16228479
21925979
38719403
108682085
292471444
314744055
86776195
305732399
18301196
7619982
7793902
124540457
111379452
166252256
16130058
15935383
17137628
280127588
23022472
125453969
169171247
80638910
97370449
20508720
305216911
245516606
46557945
51062417
257041027
16742053
196181865
66426767
86736096
15863944
29516814
381574626
164433793
111658760
202135855
200654670
18675053
116506319
233272341
295256096
58494029
199047717
16738199
19649910
17601158
376247200
22190469
53029675
59925401
119166791
20087888
15522884
21684013
190706061
60693203
30051289
15905103
30007179
52818466
109592888
52071577
218382385
90441165
76992617
40943966
68758143
245934386
54673615
126725548
103036750
61297162
43122611
18229081
33561566
259255615
293063251
27658481
102478586
22727507
15345389
67506502
28372628
37019314
40511523
66375473
63746842
226703309
238220701
69171371
112217819
234858886
41204222
17846799
18190712
15201722
19197471
52287167
191270803
93106558
39180504
288915923
48376495
15738587
216804978
20068053
334889455
17487795
15985512
234467881
16967845
266716111
79254109
63488827
51212195
28387806
18083720
16244789
48115928
17006036
22162854
19719380
20707070
313503779
15919256
36196298
136300373
157064188
242555999
250188760
59771400
7334402
115733549
15808765
29442313
23593446
263815367
171598736
17348839
193353547
185300808
46007645
26616943
254213243
218522521
106499985
95931851
149572403
57727375
242372665
232238671
217113858
266742642
317258947
357655747
143876597
125984383
63604883
43380106
189719658
300580769
331816614
85396297
17880819
40537229
17592062
106878438
19668915
57826981
37690939
17346287
36681590
83922884
35134063
24239045
98907691
246353920
245508619
98910693
19671375
22139417
16868268
188478777
24641746
83404353
34664978
37944501
23535710
28576135
10126672
209191735
47350034
18922871
18291500
93761782
33933259
31957766
15649433
237447964
54247923
189278331
16249259
64295115
266917386
48982378
254189414
20772894
109861086
16959755
32950638
22795742
39263564
233781004
293709920
335985745
6519522
22975967
97274052
58636516
14708747
27023638
77295806
19918047
79460122
54884914
13030352
118735440
24897739
15399512
50073507
38228683
154999564
160777828
19346784
280541914
94633343
182339599
37536063
16252295
132983416
43108099
67593727
148449754
107481606
92319623
22417674
107100424
167264970
17471926
15257977
223020242
121545837
150495358
137164051
25143735
365807255
372958888
24275372
192268569
206319168
245495680
47837269
59316153
56909572
76451178
23403105
14828342
15752393
103097708
21786089
22300470
23877357
17545687
22172442
23483116
95210491
108701537
50686796
19540830
18582828
82927269
240366830
15587500
60719002
18975539
51178084
19608297
71323069
24913174
397332481
356885109
21027715
24344909
15147042
105066354
109304605
36721559
17399419
94353328
317811551
15750564
335912116
50238623
296845230
27649851
15431762
246977649
151519500
83901492
16742806
18829123
19318314
15022633
143579744
50701097
57951687
78409135
225901990
159985941
148331003
226764830
58489629
220179457
248527457
137777905
50366749
74256759
19037728
125753208
34113439
252179324
398296838
247486443
17856665
28589885
46647505
21218607
54284336
22616569
250813694
18725536
16842568
17175973
54231999
47132083
25579747
264313856
191477653
21130921
145677326
376403191
36383045
19770039
35063602
19708559
25552351
17158205
13955622
19979844
14627400
62820396
78016201
213490221
177709977
130872315
143126563
15202248
89799634
21311706
266864257
16247719
135967335
107481952
285643538
11731322
18688579
390173730
102730319
314616452
21768766
108452299
12413032
249726335
34371118
234243065
16081831
40260612
337742544
250492272
39249305
33576489
109071031
20597460
60828944
120176950
14703188
44783853
48086014
17171111
9109712
20517132
15442036
137466464
15159913
106135104
46176168
43409523
234826866
44777959
6450322
18038892
38477209
7402662
14659350
16125224
93722614
136550204
126062842
9589252
20463418
364415553
27086783
48073289
15324851
20179628
14505838
12296312
16815644
89820928
147649517
21844854
16456599
55370790
44988185
34401125
247334603
15174710
13393052
21692297
182637996
19107878
18678924
78408666
60919240
17993906
15572155
17494010
72198806
156333623
314335929
14412533
369272670
74294786
21212075
216850635
67503368
191001129
6319262
243794165
23023790
98809456
72731884
20455758
24950013
19616718
17211031
15855913
19536655
27864285
119250381
102168331
61853389
30929600
7004382
116505994
31122582
31128529
78669790
14345062
267243408
381152398
16664681
90463805
90944189
91134819
53130680
71391981
132278386
37687262
342898585
250784170
363235570
91910696
75386304
40073871
41580524
188766774
29764532
15537849
783214
24780734
59554595
18065419
169199213
246329877
20063835
49135181
21218524
22961074
65726596
41585129
59213941
107534936
90891151
216436247
14658327
250170662
43156171
20529618
11853712
197533433
304027523
17019836
18704245
56396357
15861717
236251923
16399949
10778572
86697288
1917731
15918708
15210410
28652194
15164565
15458694
1947301
35773039
45931428
112526560
19608273
56440142
16250929
1106501
255719070
7380872
74256304
151963505
146099226
98909375
131144091
28785486
254186356
297067961
224320485
259395895
84324967
145027437
69138798
210837557
246959589
16438144
16793290
105242077
17601086
21313893
17074440
14713424
10257492
42949148
20991021
15165549
14718975
125381411
126708526
26520742
103012115
18680251
15266125
13990062
41152650
29711511
36066235
293724127
44725196
372238387
133764529
182607448
5868202
15727317
50310311
48802204
182871906
56413858
20436059
41164651
26780409
17789578
19294147
11726
65780563
122131223
173637989
203264811
15098496
15097835
59170927
291801967
19824430
145895866
46429653
319182894
15348982
175776564
360698134
245840159
369034166
369313278
381797371
256391588
55252155
23072331
20849604
94270311
14787695
184564737
18991765
27140592
186892927
262793826
281283757
291816723
131915529
249922617
43913924
4261481
170888312
1367531
16656851
66809470
337857007
11687752
57101839
115478978
165080948
67613352
16638858
15448349
223170394
21976508
23498831
193462191
65372478
18684068
62892061
30020556
166158202
237860778
74243797
35759453
24025753
50440966
55237687
45834897
57642360
21136788
16287806
16795212
18951494
20695614
221382741
47146130
27956663
31310158
246449525
20066068
105607904
21090480
15647676
33898911
5741722
46016028
28582749
36948268
74508260
22812434
25781141
21312077
16187637
61206798
33530012
12340562
97474887
206721200
8953122
14226882
236511574
15754281
107514329
20545793
65707359
233783568
137794015
75124560
85322445
227088228
80628196
149982376
142419647
288751432
38507478
9252212
54885400
66369181
8775672
19611483
16129106
14615871
291903997
246088673
292935209
22523087
93876666
133872807
259364314
16459325
305620929
31127446
79743108
146569971
278654482
254117355
67378554
76348185
61762853
43920155
59204932
16245822
17409240
20437286
14199378
16613128
7152572
14074515
16616061
13067732
18767699
90077282
14159148
15837659
11702412
292549803
18174520
114887629
76133715
15931637
40057701
93069110
70837868
87271106
40302336
19185786
17004618
164369297
92102359
34972633
428333
18909919
193872188
84119348
137823987
20609518
159599140
317226055
260396714
8942262
15719622
14956372
21157904
13210422
11604782
23492011
17781471
15729207
18342955
2861771
49693594
14817534
16111165
14786515
66992045
54299209
15999388
26448586
15904273
28577601
20683724
23119695
17556990
61275243
9692612
61220477
18089641
5392522
17601174
79626446
16667591
42644393
8695932
26778110
16315838
27935823
234534756
30062010
225826610
132986633
77026634
11606802
22514609
53167839
90440365
52148462
44243133
16451492
254612046
247846556
250994562
8370082
184621488
233342315
128210898
271997092
34997783
29708449
11071502
20722385
19649695
16256269
188811808
65615119
43328497
317105356
18486881
20998647
14342564
85606078
14529929
73238146
5988062
13524182
16129920
82689705
43963249
2467791
26657119
18510860
20818801
11856032
243291022
759251
71294756
50325797
8839632
59676104
16013368
21982720
59159771
26946495
22012091
14377605
55355654
15554922
15446531
24431892
63169388
22669526
138770045
21406834
14984637
153486399
234014087
27901418
43638469
5990782
53941120
16157855
52070270
16017475
113494390
51241574
14293310
3108351
16955991
2884771
14695985
16041234
18695134
10069612
39311638
13491312
15954997
16583468
807095
43910797
15939889
16160352
29201047
8128442
7429102
49633388
31611298
14384907
22812754
15361570
31801993
36686040
18696134
50452197
133832049
23600262
34638973
14135426
19891734
19918558
58928690
112740986
70526457
108376246
40277246
29501253
111635527
109025212
82649553
24195214
162069635
29450962
88806753
44177383
24913074
56864092
161411080
28599820
115111016
107545479
140519774
17006157
188019606
24745957
148453195
132201224
216503958
227341953
242426145
239949176
161791703
237770636
199325935
240812994
153944899
28602948
158398519
210926192
235373000
249348006
249410485
168673083
248735463
9624742
73181712
11348282
153149305
38254095
19716781
193732179
260845829
16669075
163570705
232992031
78445977
267854863
111635980
239905257
18137749
168502762
164007407
292990703
258900199
29293808
17366486
312134473
325830217
153919023
339852137
252249233
16789970
384392601
384913290
385429543
30313925
14246001
813286
113420831
15675138
9300262
14511951
15922214
9532402
30043495
18622869
21268897
14717197
15764644
20002401
7356562
115979444
232193350
36683668
221792092
33563161
47412499
44873497
30912937
