23692369
71267797
22197119
111395996
369697377
36429302
113480384
116832720
260396714
281588648
339690481
556004801
1433440226
30225291
44697596
19360034
165565715
19666018
221563863
851549598
2587026183
21121491
62343633
153554238
394741838
960962340
418137371
281257435
306499543
21765244
1433584531
355525235
862023649
45577446
186469822
78361556
240334235
633035500
2209565588
175384910
3213473824
14962779
55334133
18510860
15220768
89820928
91180720
49698134
59031230
158426909
13524182
2347049341
18622869
4207961
205864193
2836421
20818801
16687237
22019881
3018910586
1405337395
1401305010
2494736924
20272531
1604366701
19674502
9624742
15007149
1615463502
482120066
17294950
2342072808
1472395142
862430010
948527498
944531131
166311873
14630443
96917608
104991713
79899301
68261372
1160560482
32513830
2826923522
2515448870
239604865
2342515327
3386068072
2351930516
2205695227
1918345537
16045268
12413032
37564255
1058520120
143492612
325830217
425985973
1093090866
3290070855
3239929284
25119699
16312001
13393052
81451949
18703850
413272852
1646506182
73416019
17086475
49697450
78461452
43638469
44988185
126062842
3073396690
193055295
755544986
31128529
19716781
31122582
761783018
1424085642
246357149
838239986
109328493
2987671552
2485363350
14345759
78697740
15273747
285198536
2424388281
20069434
106514937
291734275
17836558
28169971
15048627
298228534
30793240
197524784
48081662
627441683
2482734985
16455297
592870114
97732452
153486399
73238146
14377605
2272531993
259298640
18851248
21146733
568444562
26927750
3063052491
48103098
56416028
213526475
1222689073
873913976
130215899
212311116
402957663
50310311
113202279
17006036
22162854
153558139
63262233
351130417
40069846
35013862
50378967
20015188
19719380
20061464
28145061
15935383
17789578
18094552
2471375148
41608251
21324442
62633151
387093691
461539801
129834485
222107569
198902989
8861752
18917699
106447749
264257996
91416716
25104308
270361579
436730442
396716628
392733003
3176669067
952419312
165791468
14426645
85892107
120342217
45573874
36711678
454313925
14342564
54546430
419662043
17451742
14615871
104201057
20060293
11348282
45474328
1135359432
904687550
317303054
58928690
432771620
1243902714
292990703
29501253
381603450
22053641
2970462034
24913074
249348006
267938462
516880804
3180731810
154139987
1603805503
534840893
16000856
108993692
15854702
18191927
53176629
28796289
14695985
14240875
10069612
342806058
182000140
146089665
31939866
16503916
16196492
473633388
2846711961
1096062824
48123578
15210284
191477653
250386727
36686040
208856459
360830402
630310686
19598173
153944899
168502762
199325935
155669457
432676344
172858784
7429102
2975350155
62513246
46854930
1074518754
2964259643
78445977
267854863
249410485
161791703
2428009045
259918701
28642247
1071102246
3091316093
128645212
588601602
18978610
262457799
391098190
7004382
322183008
25781141
636534384
14821556
150709446
455288410
21953248
329415374
565886416
312248392
127765594
1934741881
24733117
133001476
14851523
620255756
15309804
15174710
1484734753
18286742
372076262
18244087
111665343
1006754377
27922960
15922687
386458740
208648011
55647906
1453442574
2625521
724338757
1534718042
26642006
701725963
63169388
44204446
32309662
1531521632
31855526
1602587834
787373558
821372790
31223236
122745846
20747881
309354920
147812313
15635891
1561491644
18805644
21307076
74501824
595515713
121566546
20772763
35936474
355906128
1035443946
16336098
1410590874
1430830393
362643583
278658527
81969399
38254095
16967845
339852137
431001048
340588050
138770045
757303975
76554996
45605983
72618381
262668957
270067927
45671898
17011177
344489688
16017475
248735463
28596460
14717197
15473958
47458489
423424026
102788713
381702960
231029205
97503010
759251
51241574
23600262
15442036
15973881
14801539
15855331
273055221
15963598
86226667
44873497
475286355
18587457
202416362
45540582
269996309
112643989
813286
81756964
369235991
98255122
50452197
16824141
385091608
75425872
170268437
8953122
15923496
455039357
466519303
16303106
43403778
244727125
409486555
22146282
176459714
202819700
78908249
20848977
159216278
165831055
337306809
143913804
357789207
17009186
21542518
27029537
29472803
42266117
28495961
23605505
69594797
159217570
80944550
21619519
18227519
15436633
97474887
16151138
16472802
75052666
48847011
227837742
29442313
36375662
48802204
42389136
16792361
149162497
43372241
16453846
225962390
14980820
257508417
237493841
96230455
28596349
233933608
176417261
14360824
18009561
257993631
16999795
43920155
4970411
336183278
26013693
42419247
16245822
258856366
133832049
428333
24195214
132278386
29293808
18938912
197565010
131204770
109025212
20179628
17494010
17976923
20100423
17074440
15923226
14848798
135579990
13918492
15391102
17993906
16012783
115979444
237780351
72198806
247334603
39311638
5357812
239949176
60713593
13058232
12925072
7713202
16129920
14268812
21312077
14246001
16930514
60919240
14412533
21982720
18137749
14135426
86697288
14511951
807095
14345062
14434063
20608910
27901418
7356562
14515799
43963249
38036043
15764644
22012091
15824288
1917731
9300262
1947301
19553409
15918708
5392522
17006157
15675138
30313925
15808765
15922214
