587085109
2953922782
1717364539
331193355
238259855
2488902630
59331128
16967845
22162854
20747881
15727317
240392670
429361832
187664718
51288508
2698856460
381273923
347601256
2340521246
2811605677
23593446
246664765
357606935
31126587
1915470624
217242074
3001998729
16200497
993725407
223626757
45402309
120231434
716649280
146569971
14716790
786980022
361231123
22830647
174793500
239871673
17856104
18790963
10710802
2999919358
67445795
180224405
337929350
3064029797
43888471
3008354331
2648908062
2610368828
3149401329
61008852
45604374
18825339
46178413
39580052
116248333
2527941282
198755142
216049430
579984872
255719070
415215319
24012888
2830504625
14266331
222622640
1966921812
25214705
2916086925
359985571
423587395
113393297
84327770
2649136692
23794152
290010135
125182878
2431919046
1380062928
214670006
1613223313
208700254
25091500
160458487
64731945
519605576
712621800
377367362
126401831
15612702
1286526630
22815691
1947186840
15883498
15784761
24868112
168712582
1176401425
495242003
950035304
252659705
18658371
224320485
109025212
993153006
248850174
331868473
122743767
165791468
1058256326
15099539
2230303488
197567344
32431468
2884983370
3019707541
26127066
23030014
3003667359
51777236
2398066861
35785401
40924038
1134337891
735469633
594818250
993008090
261877442
48229558
264349359
288525878
570369724
575392374
2148703199
2812941020
911325054
20179628
461697741
1175945726
412314779
264386159
139943872
107514329
238643488
710865956
1754641
366690534
119898824
2970279814
2933760046
2363066916
21923235
17324875
9627102
2946368513
43176584
1357454714
5908442
111153427
16885660
109663580
59843197
220108743
70528403
182929871
19164247
479872233
2299384816
303898942
769641584
19847765
16187637
15483390
13067732
18025377
47438401
151444950
16753660
169586280
997684836
300497193
103087786
361342191
20002401
16101182
21220931
155987003
1055907624
1089561686
444088220
737981294
2925080539
17519033
2682213283
371104502
20015188
717863163
2981592346
54624571
23103488
15856366
850107536
242727646
35014834
3030731765
3028629862
82649553
31122582
95218816
61762853
23600262
16930125
84119348
31128529
168502762
3044993235
2153135070
289984460
16310991
24696786
500959456
1419314706
80914459
2367466688
252827605
20814874
336123999
606891263
1122508992
436957882
45585843
621945819
53185613
198984446
121291606
21542518
113202279
2972729991
89534245
182975459
186045787
130274805
43920155
37654490
1362182394
16816631
809352228
459846845
822265010
1137453541
1472402046
20809513
391411526
1626936920
17908139
15727192
135251333
15727755
148491506
299995816
30925596
27055034
470564217
1108282994
1339931490
2962868158
170374076
2970462034
2394368780
277154175
43635413
1872999342
17451742
232268199
17494010
72198806
17471979
11348282
813286
1093090866
1339835893
939091
19726613
244655353
15939889
7402662
9855382
73238146
15442036
7429102
18695134
16317406
90414897
509514000
24962871
19339460
1545548497
1548489476
16343974
14677919
87818409
5392522
788524
14293310
1652541
14511951
5402612
9300262
14246001
428333
50325797
184136149
14173315
14962779
15754281
56700964
28785486
14251225
15220768
1106501
21862217
51241574
614441689
156651229
44134773
1877831
69193833
2097571
409456907
742143
54208274
807095
59031230
5988062
97474887
17006157
49698134
18622869
475286355
364423298
18587457
205864193
75052666
48802204
158426909
11464482
2281540974
868335048
194554448
318796894
1154099172
16721621
360669674
556051103
161023696
432147992
93652871
25395195
19195460
21757802
177729361
381285694
19195094
389218460
288002507
91932763
260061537
1543801099
14099214
2902546372
227364136
39672684
94129050
38590041
107272562
634188029
455940850
322254150
41384361
316399062
312558617
355737304
404851901
23508882
185314802
1089695454
755802470
866091367
18005898
186505967
213753936
407325215
390311089
28699039
384396052
210903397
19188543
20736672
213705568
223547019
20700604
47252003
25523019
188782940
214219483
214935792
14165525
201743157
123737012
126150754
212558729
531558229
202647718
33125742
58581348
172492960
467847447
228791076
136135759
68432208
155621215
15013220
16583845
37989554
19544207
21689801
17551265
17064644
27891091
134759149
159684911
21746623
21619806
27796165
16326549
19201818
18252349
21494636
24620525
58911156
1114517280
249787913
213673409
36048041
107115739
41136312
84425110
14217309
11373722
2853793517
213706482
44200263
31143494
155585373
430227485
14327933
167551199
1335517206
45626810
26257166
172858784
34328939
755643398
376356778
114950151
45062604
110466097
1089859058
28599820
111025263
2968451607
454313925
18486243
302148070
337918077
404325628
26802547
2364362478
14807428
22262203
146085000
9634812
199810085
1375145491
18548901
27649492
1163020106
213148910
12296312
14617444
15612001
15007149
118743711
2234051663
195850342
94166093
1087128103
14296279
40448722
242476733
176647175
318746798
35101611
296917044
100553530
14811485
2881468624
2510912006
25624997
43429496
418093877
29501253
1311820837
1218491220
562956717
20512928
18906574
191865705
1443970447
540231217
1201360580
567719406
23607971
429581848
23648179
166707360
2282903965
108620647
20759049
619204291
2729865061
397479846
857360450
299258565
499857094
15174710
1337504706
34003756
1148956603
2325834865
2404741323
2685990498
20517132
141328285
1020370142
2321018749
2518400095
45373592
257059319
96119488
16860245
281149562
1630466370
36945471
308573576
1258430353
234573498
1096830230
2435960970
333739517
404894487
29487674
68286932
36602046
1225814342
455082561
28709874
1473179952
213358371
407071001
906577879
2406422095
125503324
156030129
233783568
192955168
19087651
210215597
2210938932
392997007
272077985
1702759502
401323802
2380937694
64454244
893496121
1148468052
1516946688
19608297
1702730010
226245036
1330457336
28197486
2435655241
2471859266
2425758379
1229127858
408532360
31799864
101103617
40497605
835468460
300568508
314955143
71309631
101791263
2308857043
91506392
2438374542
1071835784
1393382221
2343699164
17369431
191858927
2287054690
365678828
107914248
573025802
467823431
92383771
309267226
225446252
345431696
242785840
28363841
2374720591
2364606757
250253794
130363646
24774763
2394607339
35750570
26088468
976949347
610024020
1418500614
112829574
78392231
73702450
2361291686
249348006
78902429
153919023
20789288
1180020535
374230331
78408666
109985001
36351215
1885005092
160761939
277805390
73086423
50546194
49796942
1920210698
26297719
1549386486
2195931020
116565009
243391689
711699096
2293131060
46479834
2176984850
1243902714
762204487
123165416
1191278580
21316936
29742790
509065984
27113553
23316173
1222919648
288038830
1976495438
3823821
266133081
169807539
59502660
296340800
128235127
43166813
541158674
834565657
257089663
34402366
312134473
21684013
35829796
129665921
16838625
284673312
1072320895
320462205
39755247
1864105272
385585251
386313533
21709698
1673516432
1360566302
1064206014
1037321378
15954997
558769636
1068470480
1074129612
1072467470
612117635
1058917562
995193054
1051127714
339852137
950783972
292990703
1071840474
1009269193
1058717720
246939630
14135426
389840566
1080509366
213359980
247277788
266155777
134527473
705664537
41440237
937723303
942156122
776664410
125683563
309976794
299798386
67004637
241775817
72885380
339736269
40345907
97604573
105195590
41111750
261325644
13092002
31267459
413615788
339763668
382394347
288455018
29999197
72446023
238286421
113374327
1561475874
436439073
298283181
487722975
831846590
926505505
1478426522
1732970448
522674090
1473630558
47644361
198034921
135729155
52748913
1582128271
1334897090
465232576
310030269
28118518
19199719
813902060
284614408
44686371
602844302
287462715
823738296
338725173
1921941313
221793778
1055685948
51161752
242067656
1090002997
381762680
142721190
270067927
22097803
489890592
234014087
213706746
313492225
1517148541
13491312
232325623
377609596
1387970809
233693291
454100791
18042620
381152398
1172823632
1531521632
1154938836
300583678
33576489
252249233
1410590874
28637914
1071102246
494583213
63169388
364459460
1673381282
221792092
169614842
406421347
18334484
1553519724
258900199
28608321
45856826
847124352
19695882
168673083
1922148482
29271212
1428392628
46133014
1702889484
161698013
1725495846
1080844782
153558139
596821203
44177383
65707359
1613681130
61582966
14615871
15961017
24913074
17850766
25904982
342243477
1051446626
366629124
1604398652
38254095
267385843
40966025
18137749
111635980
161411080
303861808
462143773
463132556
15946989
112740986
161791703
15463671
13524182
1068935221
16098248
1072453910
236475957
240506490
139817433
111635527
31801993
158398519
16583468
72846479
68049902
34279057
7356562
1415596254
761783018
177229383
59136552
132288608
16129920
1032290077
18909919
476879924
29610442
127590478
108314877
1129336543
214631399
1151360587
1141563763
79081413
1075666608
215131200
20155211
529064214
27014796
14164761
266221639
1070627960
900436470
1131977664
18001993
14552278
71395887
224319460
503883557
55615605
340597217
1128510168
285119407
348546773
1137407293
16206973
82512057
455843055
347193462
607862394
14708814
193872188
585078202
65686596
224417434
91786445
1048258471
1012410667
25159915
931412929
862612266
119644360
85778445
332961120
159882373
23145914
420901978
486724229
341279843
16993112
390279028
270101027
1068727237
1104835232
1105408002
483323208
185580238
14579415
3554721
16629243
29494348
153120635
1107913610
56290872
1073415901
32774989
15159913
148451901
818586175
396034931
406078182
88806753
44798664
266577940
22105313
337888479
20718289
778796401
614707481
330674523
250719075
1053761503
237420559
21674476
610356259
16671886
569666511
50374534
577584234
1063745526
14146307
1021145107
498483953
887051503
21839133
1092979962
27191085
468642116
222106116
17847644
720584570
1112903167
49785796
1117208912
15119396
17010786
282692145
1017637447
1112083237
186882088
1045905666
145382450
126110435
476256944
150724371
1078257805
578371574
254596103
1110920106
347572552
239949176
55413960
275912262
362016722
1089743676
106465257
175122491
8435422
107747940
138770045
988016948
78530339
406526320
393617971
105322009
543929340
805858453
50827378
106148423
367203344
459379472
714717420
15462554
235756940
611438602
148805741
992668196
1035889549
551132709
17718488
205802808
357915030
95054697
633855519
149407418
1071764281
419347403
805130118
21762740
371104964
1086767545
69169035
24195214
253776048
18436196
911204539
1024854955
12372812
123386391
236161907
129709886
25042467
107247651
242120360
1096734559
1064459354
165743260
416483776
494571385
549723899
48929518
35000786
19925921
67723570
21265109
105506026
72211657
231138138
19996051
326929954
866579858
48077279
1064330148
330658127
17279281
944908344
338476409
42781350
63262233
126171100
22053641
393636329
53929374
958081542
866202044
795275
131055748
1072485656
560080906
25951078
260479308
52052011
133832049
372425714
15987296
1086619808
882999456
25825891
122130343
356842273
956033526
15298474
301462042
221484024
15764644
1071768498
49320857
585809769
32379396
49640613
21780744
16796658
112469812
14445548
480582449
105542379
23315496
781463216
51539996
15987564
19355526
245064874
205904742
951039308
68848005
214669154
391776265
104631905
528484792
1061385474
1077121945
56647649
93992969
65630240
312302214
45609438
340631685
451004600
97503010
48374966
249410485
72943771
22711235
216797015
166321582
171324477
1004649944
29999989
356291170
528952365
1055730738
564855191
942625951
4266261
431996336
74449274
247841166
613104757
101243292
19495524
63796828
63177532
137040556
111503429
19980950
18595587
52492135
178447646
249419077
49821073
437150341
22012091
43963249
325830217
34462338
326255267
142811205
28512367
1016438509
135876919
40990194
61321048
24796949
108768548
103484204
270655286
757522
260409835
549214937
35882908
483392366
485977692
192867657
55107283
104248138
153948020
16723070
15267663
20632121
72169722
214110166
48388653
214219400
15152977
300822047
22286712
167219309
15838036
217430745
88783290
22151916
30313925
144927403
16312441
83396915
36618451
138435630
236234671
98957204
29008249
170456179
21870192
57431229
34956062
103132526
23092247
28227336
25511316
90438475
14262811
97274031
214219361
425353573
21217372
242146618
238649532
16233170
234141596
331358439
27649741
31611298
50452197
278124059
150078976
85396297
140519774
390740253
358791916
