1138688364
505079765
376499282
22215139
2932617195
2966205003
35637055
392810019
2953922782
229207628
586671909
221162525
37521145
15789854
1206227149
155314116
22420493
55646295
1549092510
481777401
15646547
482171567
75367781
312928009
76970688
248850174
613725908
1246763515
7917922
36868049
17374906
13000872
9229732
404422077
20402945
759251
15513604
19940347
17539497
14592723
55337142
222286905
156703580
23785875
389028352
183667282
24380504
32373932
237750442
240363117
241207373
250710495
252819323
19699830
21766998
24222793
18223470
99734015
249339682
38254095
236487888
20061452
198980151
237312687
234128524
26324609
234014087
137407124
84388888
136526394
99645483
124224165
125445568
84119348
18060563
208692908
211901075
211420609
20088666
24913074
117150125
18277655
76043920
52503751
42924141
63169388
77397170
30216513
24735461
33563161
81191343
21509894
29501253
108376246
13491312
91578313
33655490
224294785
235719973
221793778
142419647
234053893
115111016
63073834
56864092
112907328
25086658
74198348
15764644
76966145
116616867
83884063
54412900
23600262
221447516
235251868
161411080
117777832
112508171
47412499
155642785
103868633
128664931
132201224
150724371
46016028
119250381
221792092
29450962
77250424
50452197
158520264
225921757
56944812
219429281
36654245
48117116
112740986
95546148
211530910
102803873
21789463
102777642
78387677
233949261
18056015
22012091
111379452
75124560
33576489
18566912
41363507
183062944
45994332
70799725
235373000
36948268
114607567
17674136
28602948
130714799
201079432
111635527
156333623
24852012
22983019
75339427
234822928
88806753
40318829
153486399
15160884
84620376
76445672
48086014
158398519
83603750
213634439
82649553
21048033
234022257
69160674
153944899
109025212
37094727
235312723
21346398
140519774
28599820
53941120
85396297
138770045
23124635
162069635
149982376
193732179
23775782
55677432
81139286
199325935
107545479
193794406
22545491
218349372
148453195
110545675
55235265
227341953
70526457
133832049
113494390
235289157
93965901
38712914
78431501
66758645
233842454
76452765
52470438
92102359
44177383
147617498
16781595
10383852
14521664
26605279
61239011
20124936
60614744
19671768
17980356
86106886
90200241
85141960
50718154
80890381
89375008
39371046
24260392
19475531
18146481
45332516
7334402
97286436
56805035
80593904
88745610
17928023
100882688
138878436
59800518
141697394
123630005
21235486
16186675
158423770
136147874
136300373
44414947
23795692
21541628
74272805
34735570
96017515
97803194
23664655
19983965
151634002
43363850
111220552
40372228
13775902
96564638
17278675
13001192
76350004
26596206
20252855
16787084
50325797
19553409
34844710
16446177
58928690
59602282
16672446
63650107
37361773
37686631
22033644
69019732
19785811
65664369
40787132
40024222
21131654
43875529
154591966
150737366
22528309
21425125
17093617
25246005
35650612
15822432
41136031
40319517
17967815
16949224
47736166
17903266
18028236
11578772
14900870
76976110
14810415
53096941
18077043
25022080
20804747
16298634
18037181
51039875
11285132
26099610
28762885
29637592
27081199
27642253
68500006
77298028
9082192
14920863
96165024
54329002
18685740
28011750
18514747
25149628
19780355
24942518
82933637
72431423
6606332
84640921
69197199
48091759
36355767
38287817
46397034
22643800
14078808
23337655
75398827
80886503
26816589
30014775
7232722
17133545
35932681
17610267
35227424
25526966
19291378
21905260
16159359
39196399
15902877
10326832
22812434
15954997
12082862
19891734
15939889
28582749
19677673
39249305
16742806
18829123
31611298
16583468
34638973
20002401
24745957
15281574
15022633
25781141
19318314
16160352
18695134
22812754
29201047
28819823
19918558
7356562
22669526
20597460
15861717
21690931
31801993
20552026
14384907
15361570
21312077
16789970
20545793
18979288
18696134
8128442
14140370
32010840
7429102
36686040
50647738
29138152
16207146
15336257
26296624
21757939
24391041
19659031
19310857
21280259
24398020
16037706
26284996
33774978
30286203
28428000
14674067
14805011
15639019
18198493
7116142
19035510
17015011
19030031
17544524
17782782
22186148
21450564
20880041
14253797
20025352
7074742
16425672
21678365
7039122
18247062
16267319
21500056
16425686
20400398
22905425
31457927
23006553
11106442
14738157
18655124
23375171
22568449
33660577
8349572
15024479
16636971
21765664
18393629
21170919
21739982
20182089
17453148
15996830
14669951
22034222
26430264
10202
21185126
15247077
14542767
29810999
24796472
16094099
37481291
19782331
20865019
5507542
37203216
15976697
19543147
14816063
28449509
22194540
37757695
15109492
23703068
14091848
34575388
36667104
40877023
23042259
18807641
17677940
18705787
18233057
28417875
20194036
21700947
20656637
11926082
38057366
27677194
19193282
22293064
23111763
20879626
19080330
20809530
27953668
16016589
17413151
19732969
21045364
17582355
41889949
18492940
6853912
10102272
27098871
18308416
38109656
30801601
43539585
18144612
28826602
21888017
18001786
19405365
22522100
22421153
11845062
14111434
14150613
14238738
14348022
14249739
14448191
14529929
15693173
15462053
19083619
18030431
15281676
18317325
27665311
39814452
38481527
31069577
20268270
20550408
23050410
17972212
24884150
30900514
20471316
35693288
16729136
18907783
20253096
39670972
39756267
25872446
27913306
36245825
16316251
23998521
15453748
16291234
39114122
32427320
36878085
26718007
28343769
30228125
29127106
25496942
19256950
26962634
24985445
28822620
18980703
19572444
14056775
17575125
23865144
20722321
18939563
25545388
22660843
16498840
20713778
14994235
15030285
19800089
18392088
12371622
14921945
15176149
3286621
9352852
8144332
17614372
15109180
14604258
10459062
15808965
818614
14606395
14767320
8644082
14335380
14355312
18781150
19730151
5392522
18078698
18681515
14802741
18807442
14174793
15522884
24010471
19850846
26761647
33682469
29554329
22930648
15594318
22809693
23548071
32181558
14870470
18242355
25085215
19923233
39431440
19600217
34445706
19692682
17761769
30467096
16137656
7339202
15935927
22750392
41860981
12253252
29738793
44211258
26680911
21378353
20558294
22667625
18258453
14615871
20174209
19666291
16740234
10827132
18732750
19360635
30098114
25341186
39562883
28358600
18280854
26312335
12793542
33769369
41197349
23377571
29861555
21684013
43920155
17314170
16814891
16904438
14154581
17536486
46395058
46209617
42484359
24651032
25360971
19946534
19781646
19748846
24880749
15476099
15812897
17622723
19936078
16580226
28123862
44161500
11348282
13176312
10346932
9109712
14625398
15091978
15170346
16116713
8775672
15633653
15647676
16245822
16669075
18020120
8487622
17451742
14073029
15822969
15460572
18058609
18633493
19981036
21645304
20593889
22025634
19738801
18212352
16613128
15461733
17781165
14856951
18023140
21186125
19006707
20436059
20179628
20437286
21014087
19553760
17968921
19553544
17717287
17658786
19664718
14199378
17045060
21769593
18038892
17473443
19787825
18481050
7152572
17831464
17629860
20430077
22826294
18528834
22506222
30313925
14074515
26252370
26847645
18688579
22650398
32502671
19208458
45631844
30608144
15709985
33009840
23898154
13547812
41406133
15359578
28423263
30462362
7228682
14344823
15675138
10376152
13218102
18891923
22508473
29766367
30063865
17477109
5409092
15693639
21111098
26533227
16197205
20078009
19028248
11650762
18061669
18170310
15727817
16051570
19726613
22885995
16048222
14595858
16970852
37827770
34313157
15779757
30495056
26581379
45862284
2232881
21785029
17459784
42450975
29190215
38199075
16808861
36442895
19655317
43111431
13157272
21900589
43367984
25502100
45375692
45493592
38069952
22136013
28615829
5511752
34145605
14465607
14078999
20632878
17727842
18178768
14669398
16703058
15406238
36804623
40697002
11274452
25615193
21339578
15727974
33258390
38157048
45301949
19090614
18213420
16070427
40553282
17996880
16827173
18767699
21205826
31597943
19598013
21202724
12453702
14293310
17966335
15918708
17556805
33584794
15731751
17037940
6577642
5988062
41924387
43632419
24403649
36359894
16350977
16311797
22870307
15067003
17504592
24262771
16096383
20493672
16485548
24933679
25226477
24218246
29561097
30924242
22450457
19735065
32511931
32803415
33382845
33378244
14794898
33997749
19746981
34365874
19272534
32246394
23066511
23967982
20090696
33750577
33855840
19416799
36083636
17068214
35928460
36366930
36447079
36747976
22143460
25238291
31590863
26606437
19509543
17607488
39325291
39664110
19514429
23721344
19082061
15234745
11089962
33140439
27241813
41892619
40906537
32073417
19657832
41800320
44384163
44412591
18014413
27425485
16335234
45261903
41639247
36536732
2467791
5693842
15207668
14825599
19912734
19139963
23970171
32506723
20015903
23951197
15985455
12726012
21329888
22527499
18967498
18905115
19069733
18916432
19926675
33977070
26051676
6577802
22203756
18632809
34340464
21949662
45868996
30035057
21244244
14076588
14828860
44197752
16579881
17643474
18073211
770759
16061242
18354898
16501262
30365839
14377192
16325201
16490448
45611529
39382173
11915432
14164855
45880278
12085042
27676828
15773898
26424123
15428227
23121519
22831059
25525099
18943852
18166778
26778110
16721061
23712174
37920978
22055226
28671572
45113708
45692603
18693598
15991049
16742063
21583088
38927743
31214311
21034957
6891482
20799550
36406874
42786893
42097468
40515416
25796104
44875421
14078471
14031022
14883700
14246372
14001742
15919519
15663256
15723911
9300262
18917572
15926431
21112668
23290408
23770094
13001452
32207328
25531732
22842421
13783152
14956242
34381375
16128372
23519003
19055142
16430449
17514307
18817325
26527223
17348525
23086348
24773493
20097342
24183358
20209807
19407835
4107251
14430060
28232613
24800035
15508743
33090567
16266236
15256826
45192730
18511594
23145794
18168068
25000982
21679598
18694174
23954327
20533101
17858292
18144890
16197450
15751083
20467163
19616327
14825442
14825522
21269970
21660348
19929362
17227248
16036525
21432664
22570730
16925437
8498232
18451200
16197131
21921121
34699890
29442313
22076767
25317243
20092295
26764697
27581219
22102584
16717490
24295932
17207397
5998132
18251257
24180712
21339512
5504662
22233925
19536617
14709326
19863977
16317406
40277246
25033442
23158843
24932046
20796447
30010622
14988597
31025848
16490319
22728313
23875131
21543513
37851417
28425255
31603517
16177254
16111354
44772391
44797359
16960171
38027744
34273717
45166735
18916716
18673531
38867950
15923818
18812539
45422258
45434476
22419166
21447927
15406018
35237476
26493804
30007179
43404382
30524954
36421578
16256269
15887221
9720292
17183069
14354476
14192541
19749363
15749725
13673392
12
13
12044602
15922214
10168082
16955832
640893
18896440
12340562
3137331
1050111
20798658
20635633
14091360
18216752
816653
972651
14412533
14412225
14345062
9532402
20294498
1626991
19312036
18034521
18793546
7779602
5606492
14231321
17543957
16232940
7519902
6782762
14803522
16316684
18378801
15075999
21894812
17078632
17850012
16181186
15702521
12144232
16692771
6108862
16174854
17945904
15615814
16814727
19624861
5656402
14389132
804455
898491
657863
20608910
14246001
11178902
3108351
16045956
3135241
813286
16031927
10886522
19394188
28178127
21059384
31194003
18379407
31490330
16468012
17463211
20713061
16023714
19728647
15210410
13217022
21158274
18533363
973531
14180066
21425755
17021844
14150637
20821985
7277042
7626802
16072058
15154904
20411010
21885889
20604754
13733492
16261445
18251118
15853310
21947001
14511951
18205674
16953429
18789002
16604409
15755677
14977374
14983646
22000791
21504971
17951924
14774189
20362705
16900618
15337780
14302349
19054314
9508922
22164999
22186194
22188547
15019961
14984637
16064507
16702140
16279854
18103771
10422
20651754
7764972
21369688
6218912
19333719
20564815
14246145
22400347
22233803
17999766
22430695
20107763
15937684
17219868
22450957
22497647
15944011
22052791
16015621
19560297
22306592
16062865
19037454
20466643
22643191
18954631
19031073
22267234
19033167
16671570
27120380
17860561
22757365
15110172
15612411
17291519
17193497
17666915
15040450
22842127
22438342
20020286
15617780
19188996
19038256
22890004
20053279
16019871
19778900
7673852
22931198
21687977
17033503
22726417
19317857
18683734
23083393
23039550
20546536
23121541
16951485
21246914
23170910
14763077
23127755
23005470
9657812
14869994
23345470
18484170
23404150
22684007
8245262
17198896
19756687
18805303
14725776
7523212
23477708
23654250
23348110
23569837
18746658
15519845
23629822
18194487
23845232
18076578
23899235
23803659
24390598
9689662
24021139
24117998
16031528
15762819
18810387
24176375
17978110
24044964
12670512
23718501
17074440
23897676
24189610
19852751
5725362
24337900
15358725
14736234
19817615
19007665
24479839
20816218
8055332
20206318
24362769
23863635
14129299
24429904
15841335
23929518
19510412
14628475
17032207
23930742
20999272
24886595
719603
24260001
24945599
16144361
23258618
6323412
19824166
25104859
17998911
15665060
23976316
19557449
20830711
21136403
17460268
15927765
18231329
14250867
24906373
23458577
24008780
25162697
20895069
23337781
18063698
14660096
17074187
21170573
14182274
22581231
25709819
21823553
19686924
5336752
19326390
17066312
13708122
17025312
22310202
25361622
24571432
26111626
20841089
26157955
3803171
26083902
16892329
5171141
16102244
20689461
23899987
26391309
25168070
26417654
23889059
25558984
18909534
26299078
15458694
17651571
21425914
18496709
19151837
22061932
14609386
19274070
19665583
20252684
15779290
20739715
10691752
27045270
24834777
11604392
21706721
16224735
19016347
22107725
26459660
17583170
22909514
24907500
27308485
27546495
17505392
27743634
27784036
22509548
14994152
14285661
27904420
22026877
27928374
15447306
27810102
18739385
26159007
18621144
23036627
20012951
20349235
8954852
14750182
18642736
17291372
20494362
26850384
15968465
20754974
23880116
28469478
22733442
17223013
28437130
15282256
16056202
28676696
10494822
25802590
20871237
28941472
17951850
14939259
21888731
15693599
17001435
16645321
29351692
28679008
20694543
18640054
14229390
18217970
21152918
16792599
27228979
23208648
28363075
28770809
27242307
15255845
29520332
27897402
23165680
15945457
19081901
18575589
26874978
23196937
26688378
22815468
15817662
29270541
30212896
30218496
17277921
14246727
14091938
29175111
30453215
28724879
14968996
22156971
30211209
28159908
30580423
30950526
15988710
30107125
26793433
24461566
9667982
16954035
18645138
19387955
31157582
21878353
16263366
5043031
14133773
17941790
12089362
14801219
17728528
22630773
22588802
32272396
22067034
19413813
18062676
22930139
30864441
16950994
32426116
17263647
15923226
30894737
15198871
19605279
18649051
32941980
21453086
13361922
17292351
37993654
15191511
31639151
2059051
19989172
18635626
26322120
21459501
18137489
22667129
44985570
21044127
30619087
24475489
36183582
45190824
23155102
15023346
25453667
45369448
34057138
17983854
44345221
14762302
45208803
21812403
45719523
44677704
43479137
42919847
23521135
28895050
33988265
44821037
16824075
20896870
30532573
44370053
17862442
17817519
14180673
14785460
31465221
23009978
19103921
22708140
17924743
34064826
21247689
26732486
22575762
17970341
37730367
33320381
16100125
15013610
21789248
17612289
33109756
22686277
15393337
9971212
23016132
29412913
33677283
18915508
11110982
32935060
14283145
15670995
12788332
18825153
26089178
33591269
22220422
28480805
17132582
24941897
14286806
34763628
33017196
21459990
34109622
21136619
27524029
29354391
16482009
22372931
34989373
35028768
34523410
15655689
6802722
16337999
24323843
19685365
24420496
22645337
27890122
16380351
16398389
35290839
17324350
15430772
35163549
17373076
35544257
15895554
24475750
34620200
35733066
35027698
34612898
35496166
25108760
34493115
19425818
32963477
22661605
22936247
22526288
36101055
16808846
15985545
26847387
32626056
15855640
12332122
20323302
36403186
36440895
20515374
36454809
27519174
30027177
36557676
16127038
17287820
14484801
21507394
19596228
36169202
25164657
18647999
24765588
16679342
29443725
15856366
14290433
20263150
35922352
36791063
29751128
33312354
17611447
37000133
37012222
22817739
37032310
27240103
23224060
37013622
26507644
37290514
22450190
17529570
20748655
25609586
36265141
31513908
19936920
17465565
14520390
20657298
21355783
19897906
19216998
25129226
38225387
17577931
35217783
16565260
23784443
16873037
17860037
28330904
14590927
38376176
15172232
15546572
38780827
15415967
23664161
16651575
39051802
38473231
39135290
31181743
17502682
15782457
33595167
39274679
19336661
39510422
16695937
39777940
39782468
15290142
22457041
24730069
15603002
21918148
18885539
25744258
39875087
22089462
40494195
36195118
21842781
17457522
40357633
39681612
15506100
40459432
39644332
40240683
16605755
38860330
18358560
41164967
32766026
16843704
39810786
41377639
17850268
15675570
39803436
41437983
17017393
39708604
19720227
16339967
41586123
41597519
18099174
39279743
7496712
34795583
16018516
41486612
41162435
20341657
41546565
16360607
42159561
29914070
42625487
19737026
42678110
41626396
34583516
31586402
39906128
40271089
20517132
17159555
28332443
18884126
15603311
16231145
15724082
24755273
42848054
18811140
33797709
18130000
42465063
42666829
43022466
16988454
42899344
16295767
16039421
38776196
26607712
27529392
14877167
17930061
16833122
40037249
24771900
22060516
26903696
20058174
30210567
37500021
42945740
24904117
23979952
18559836
14269828
43913924
14632446
17880819
21113849
19658173
42954971
39772453
43633744
43731176
43367554
36150794
39805451
17075775
39259630
44376567
38534602
44287085
44618087
28744947
36429867
44706450
19952601
25597937
17298881
32815255
24746422
23881692
15597502
31446671
17789918
8419442
24077580
37242575
16906756
15692998
22823767
41004228
15703923
38745089
41034942
14655634
27688281
18125737
14992254
12699652
17786227
38557349
38520043
38502253
17896961
18088464
21662290
38416285
11803352
18946713
13062722
16651210
16420294
17193223
18917677
18462230
23134068
19083158
35477124
17144765
26946495
26771870
28276927
26040532
14748972
17518733
29515634
30022702
17925009
15290129
15559890
19727088
15639859
16168723
15965292
17289223
29039003
27927694
32884483
18525221
31385917
23958136
32475989
30239133
32447806
7001092
18196619
28176898
18295013
34170673
25519414
19728129
21793594
18312815
21785096
18592601
15218423
16133240
21444648
29531962
34265987
34089979
20090670
7308462
15741453
15744623
30228463
30268956
20832710
31358947
15563971
21971994
14217967
24789888
14233605
21149162
14606165
19739126
17800215
15287750
15008787
26078152
26346579
19677552
19658614
1917731
18564351
18787438
15632596
17057747
17976923
19658813
27016874
16365431
12589972
26975515
18217624
14276218
26649316
26533734
26065068
26266062
15985852
16035350
25742720
15257682
24912951
21041996
24997502
24794256
19408917
20524273
23551452
23314178
23194108
23124274
14634644
23057683
20640629
22159296
10840862
18100109
14152630
18036351
21893663
15484354
21775035
18208883
21605012
21539638
21499958
21367131
21324540
21317826
21310312
21299757
21298009
21277006
21273718
21272137
21264467
21263614
21257008
21256309
21255841
21250127
21241519
21239946
21237741
21232113
21231608
21230678
21229928
21229003
21228603
21228055
21227547
21227128
21226621
17215931
14496627
16056306
19773689
17922567
18791763
19572487
16084075
17916114
19087001
19086983
19084881
15694484
16424044
15996400
14720411
18099489
14275291
14872863
15600527
15116570
15356407
15394954
10102032
7270292
15661604
10615232
14904437
15378621
5558312
15581825
807095
14135426
11856892
2836421
17993906
612473
2726631
15163255
15836242
15302379
9855382
7768572
16630062
7402662
15738250
14133259
15227483
14662354
5741722
13565962
16815644
7713202
8542882
428333
11134252
5496932
5357812
5561412
17467298
