17119284
113465249
114785533
43945674
2975350155
51647111
193872188
1206227149
141217925
3305610617
270922611
88023763
550401754
2416168886
2542058911
430222427
123711463
47798449
57128775
978366420
2546767040
552135695
76700029
140286364
3152187652
1704741894
3243231316
625814299
2785998010
2294516780
1398126559
285193416
179546580
2730150631
2482022082
2976598347
119245234
80890736
2420915022
65737346
240812994
451018246
164388343
915567997
281156481
52724561
1908245000
38243963
34274380
2293131060
626767412
462147015
2471697439
2997166098
22650398
136550204
2312829909
3044993235
22139417
1249982359
9916952
626703745
17907475
236027393
112049751
448275508
2811730225
53069222
2382685057
36771809
224391627
2951574214
2904205373
16402836
27048645
935409102
41445718
2891210047
2964174789
834069080
2976606250
2964949642
2162878656
2300445266
2966570782
2968007206
2970462034
2963445730
2964877294
2861616083
2964222544
2966765501
314205957
1655497159
81108014
76132891
10615232
291756142
2962891515
18915145
2914163523
202206694
23103488
233737858
14904437
2973870195
259938877
18640872
2966758114
2560169238
2975091705
2980244049
254846922
14314090
299737661
2750127259
2957421059
449158530
2853309155
2869746172
2862577383
1090002997
2953974395
1080844782
935368364
432766911
252296570
2978291435
19186003
1322558402
33655490
236479311
21111098
21157904
1155335864
2964351843
1061292174
2916086925
1382011333
2696643955
37007274
50152441
242761889
2964287128
2914571740
2932617195
10102032
2847221717
18277655
1160967998
16424044
1289319271
20192403
1154894353
282093902
2962994194
296245061
22508473
78369108
161791703
225921757
28599820
2914515430
912608010
249288197
25086658
2930635215
23970171
2953922782
2933760046
20209807
16097702
2852998461
2965083477
402683128
2962868158
1135486501
432771620
1260172386
1128514404
237299871
1058256326
76452765
252819323
18916432
249339682
211588974
10691752
2966205003
84620376
32010840
212262370
18061669
75364211
17896154
19028248
20467163
233761277
18632666
24183358
22831059
13218102
19658173
18030431
237781383
20053279
28176898
33977070
234822928
1089645278
15751083
18166778
15160884
16672265
23976316
15856366
17513304
76350004
34340464
237862972
1092757885
20015903
211901075
240393970
607332953
14246001
1055730738
26051676
2213119220
42692687
1059240924
19782981
168549364
1908143071
234022257
14275291
14587949
6577802
242376736
1058051748
17539497
37094727
234053893
35829796
15281676
29766367
135931182
32506723
26424123
402719755
18805303
24735461
9300262
74198348
551195347
124224165
295685416
237418907
239964567
161743731
190328374
17976923
30912937
114756202
1917731
15922214
16930125
75367781
2953494478
2962813893
2929491549
301549400
1060370282
234906311
20552026
233693291
5558312
264219447
701450964
51228911
262756641
19407835
299883942
18967498
242873057
201079432
235217558
968650362
1089334250
266133081
584012853
242926427
18566912
22527499
22509548
993153006
1058345042
1072008757
1060487274
19929362
1155212191
18773159
137407124
246341769
1305596696
19926675
1058460818
1048784496
935033864
27676828
963480595
234797704
26778110
950328072
16256269
314335929
975200486
1072382221
222286905
241207373
240385577
960696949
229197216
213634439
240760644
211530910
1069124515
613725908
236916916
1074480192
217543151
22055226
11651202
88784440
976969338
237348797
15675138
17800215
14845376
233842454
52503751
249219716
1058807868
23951197
278145569
224294785
1071900114
15600527
235190657
296361085
110545675
234057152
518644221
235312723
235251868
240363117
23124635
2253968388
237312687
244268646
15394954
237944147
960962340
252819642
239871673
248850174
234128524
117777832
221793778
17544524
234469322
211420609
1077446982
198526130
234812598
15356407
234837632
24773493
219429281
1045853744
156703580
235271965
1074101017
37920978
237814920
1065995022
70938405
237750442
233949261
236899846
21269970
22545491
246769138
237763317
1849261916
1051446626
1623308912
7152572
248699486
1444015610
2964526557
82959058
1209417007
154172127
1137600571
19739126
7713202
14344823
15207668
28197598
64491635
1222669986
26295602
86129724
16187637
14412533
17962391
18009532
151477786
145307850
2281308510
293592153
251724335
18456975
15235909
64492144
1005020442
700153740
140628376
373023576
247440363
125462335
594843477
17475144
16641194
85408168
132196606
32444366
19925980
19773907
16259734
8854622
540998923
126732376
25903919
14838763
234374703
240427862
193794406
