16930125
305189255
422827850
191477653
43482907
513759868
3317458125
3251588770
1080509366
27594954
24913074
221563863
2563875050
1209417007
3240200016
2610076063
71718409
20065969
226958715
65411962
223506587
147711469
21062652
2482022082
25086658
84129740
937599889
19216998
14216123
1444947211
22934648
1249982359
24773493
117513421
3241923651
347244613
162230641
15198507
2962813893
2966758114
822135037
3145237539
2980405114
2761948467
47464066
1055965603
1979169158
16193222
1061292174
14275291
29077741
29472540
310310133
169330397
15522756
3084286571
613725908
27103620
27295980
1961323788
2447860105
16403943
710083057
239481936
3061673269
571202103
16187637
305333698
3068220669
398088661
14275562
208298836
18948488
216037727
20867568
29433173
235217558
292972175
30212068
2460394302
14434063
37007274
52132491
2706910842
2978291435
26265640
3020348499
2472873907
51228911
2927384962
78157272
2861616083
154979612
34047021
240376522
145730064
2966205003
2963445730
26596727
2864393476
2962923040
460472390
236960387
234053893
2929491549
27676828
2953713339
2964222544
2953974395
2932617195
20957191
2953922782
18020081
1921735968
1072382221
2819839612
272679009
497226712
242887453
2305610426
1408003598
15751083
357239651
2558958158
208931294
2269666182
1443710053
2364318860
2447391809
20258816
329825881
15741036
18147908
487788617
128866259
19370031
2593884378
2776296595
21348880
28144343
34613951
1873936386
117777832
142720783
242376736
459277523
374042586
2308894658
1582853809
335299223
47947898
35575327
1673470819
266352128
2740830901
166205761
233484761
1705985324
17622723
2692965067
22553748
15115671
109038116
244268646
337197046
24955637
18651671
1058051748
197496309
103927659
107173937
1857354134
28628850
36452050
237312687
235190657
2559538680
1198870153
59331128
2477615268
261023298
1908143071
15756288
334840868
1231897549
290317816
458765936
2349290063
60403024
2237004884
25165002
366055402
1058345042
15769327
211420609
7039122
234906311
117531750
2314129255
45876240
1413263305
43233744
2340707990
392810019
15212187
1002860136
1312259052
2340648997
17479242
15394528
288346836
1961409169
919057855
78643519
246341769
934734534
2320144952
143812180
296903457
34942703
928495526
2326042752
234022257
34799441
198526130
43197903
22055109
40935656
614542142
38445467
249288197
912608010
1947265657
20294039
21485905
39570757
392073274
237348797
272651429
17825817
84887197
1075158853
350020705
15570213
233949261
18182408
252888830
221379453
216719924
1252706612
66244381
2212983846
963812497
588448411
219429281
2200553682
17311725
360362253
85848532
1130091666
1520146320
18812572
110545675
22047070
555214575
252456072
57751453
27689907
15755669
1107017930
182543298
1014390140
1601837996
75364211
22830647
503563292
22812434
234937222
631362378
17976923
360701905
1140188832
43746899
240363117
17513304
249674727
89005882
331989086
154233179
1641485965
50348682
1876543326
243030392
225921757
19995834
549441880
93936388
351170696
1854981890
379962842
18611256
19618527
167204990
20456985
22509548
165998306
163570705
407217936
280331952
1849261916
1630446259
172012951
42692687
195091457
1038469490
42440328
1530848394
24869125
98941317
500217342
26813178
209792690
464926743
626983614
29751942
436154087
26240667
248882118
392959314
26664274
1542493423
521820413
217550862
628543417
22497578
340861573
607583796
267008938
136300373
241141897
276636459
293152388
88772059
807490658
244615889
400386284
248734994
309926458
14400523
339089254
15405494
126176374
49638681
376878649
155680896
160520708
430186590
534857262
18317325
2097571
15458694
20957491
49348168
1442460432
51585018
27439771
121174951
40728507
1665954404
18909593
1526488393
19219899
93288759
31489620
218975278
17198100
53081637
44734898
211241330
1180379185
1626847070
37208326
282686401
760979532
1138688364
187972951
1004316390
321363314
257029559
20861949
807400273
48366585
1687317812
1494433272
202872753
1275039793
18915145
1033165609
31835060
389759292
54098940
243414749
32288005
1566048468
348466061
54645160
15428227
16203515
7702542
1670650075
262749873
309267226
23129647
264361128
27067705
33590429
86208081
30581258
18697188
131256078
863240996
97371315
6393032
67096499
399058061
139574248
286432534
594773171
76348185
1528643653
20522831
570911062
300586926
242032285
789623546
17238395
1074480192
441484310
16113700
437183693
1342429038
59850640
107192368
14597239
28049266
942780924
22875103
119376050
29722241
601898445
37244716
1226232594
43633875
1411543980
34727777
517940197
109735106
22677427
214561936
23092890
607587284
27388221
197573385
1635375612
31837883
29766367
53178109
19926675
1092757885
19186003
778586124
1623308912
15219929
393481389
24648047
24800432
257744950
28709129
15161791
60388040
1173012362
587783109
68881642
19719329
28024433
7912132
1267671486
116962665
69425287
152997972
16100489
261977654
369801757
1493193566
254577436
219843067
63082050
472565698
180503626
164336721
22528309
37566648
266830495
384893002
24724232
43919215
717283795
15290926
79552285
189171898
105036399
447439083
340335599
868732039
41821949
10219162
226577441
437339088
104199221
219999886
18695891
348049834
20437286
19034576
117274716
38516217
392198569
22798758
113039104
365544354
247603347
226457069
818438586
26778595
364415553
25618149
227765092
284336095
284787951
17544524
1573940604
16686144
624881334
48086014
22527499
195025626
21333396
251836049
154736529
121750689
21067017
119784462
375137317
1102477512
159655293
7952522
214891570
83932732
131652076
1470470532
331721052
593813785
17539497
1582034137
265626338
104617254
237462430
143510253
42822396
158205177
20351330
86869354
235312723
21692054
39510422
1012037293
149183304
346813911
389034983
16491569
86763149
1244514836
144181372
18983793
50696353
1490710675
59970287
19782800
47612182
64634789
15898362
932407418
269375709
419511331
973313340
124196924
88722959
44630644
516119708
166683748
18812689
15922214
14716172
33288015
64086973
325083615
226257979
222286905
257484094
184401542
27658830
568523406
1478159473
111007227
166235477
26128470
266054241
729708991
246272021
14587949
627419447
25560065
528960691
1553389969
776664410
18328911
18773159
52118721
19975235
509074337
329282060
166969179
287395527
448526205
500951732
313425583
67973285
225830717
183441079
44384728
1244770333
540174184
840428022
20024611
278057619
26120980
188417388
231108733
1490838589
240704331
7684882
30038587
247501224
563811117
258944062
145031935
785306756
972377341
48206045
427630477
312798944
19744563
1370821669
720818028
32486876
886920595
19194482
27301897
15692988
339298782
277815654
15506626
375124972
19554920
1157905874
19068425
167435734
21873923
116835497
435965703
594168659
479558022
371041946
66248962
185682350
385716198
1058460818
127885470
319219217
795045068
1511347134
1068499286
48125246
1499900082
216110941
18030431
20372743
103022243
844401067
357660589
61734492
61906286
13279612
342543898
798448808
96205893
1486476643
1479856380
245872741
333119277
402207282
400335543
36961010
1455711157
23874619
1483210477
16605494
31773185
890125778
19253918
22008787
36841447
37094526
67877855
21835054
335075371
97150206
18136749
1466061762
365530059
75367781
253242012
26162063
327097576
23188861
271226198
125698245
1201494356
5399072
146321090
31304716
41634520
23634839
577690047
275367178
16799605
125810979
1300438202
23612144
407946396
280221923
339761949
265645362
223360975
35200354
332050776
281482400
173290638
159596067
253233152
138747687
240393970
156934082
94965721
423026378
54942688
532642886
66324482
612042740
330576007
48330037
273151261
498733074
430292419
244010109
588519651
252819642
214553053
227036687
861956023
22143372
1161536900
384477453
129700587
487661707
24388970
385960870
94436275
539642724
259311306
186514488
17813701
15682730
17737655
287669933
549462423
997453482
1438872199
18907972
107620932
36847817
44905494
33705374
69755849
81941185
26005424
511091129
28742798
1365631760
1183194812
593032164
360591440
1428426926
262970655
29527727
317691924
564833128
35789123
1436156976
357025152
20097845
238654328
135893841
1347108300
74244533
15693198
15525062
166670400
23067178
182032394
15887713
33655490
13226522
494375463
18566912
16054312
20828438
28407251
397773929
400791051
363836396
1360688594
39748195
45758307
37428496
228967453
43404382
19658173
398860159
492878823
11651202
20395298
1350194161
65713456
214608541
224294785
1173643370
84100099
122175997
1101834350
951079693
1406151914
178814381
481274476
17800215
1413425155
88784440
412707884
20607533
89374033
308878465
543078139
16476132
44037946
1408969513
17746099
58363352
413523173
821925229
1402300909
32485396
1140516420
269051774
789580658
364455457
7518072
263367353
326814238
182883730
712907197
40037686
1398459426
352774781
19377342
67594751
807749390
271035704
1065995022
395487138
151653774
14832770
96899214
146099226
85310612
613103943
200075582
1089334250
46393249
818017662
213634439
556440227
531690609
414939291
1155212191
18967498
21516984
29206627
179101655
1092979962
55865499
235271965
50152441
233761277
237750442
249219716
12726012
10168082
234469322
135968237
126382794
99761531
26487169
239964567
15745368
44152840
183284810
214503051
19189064
175146866
333692333
18916432
733751245
130690428
65243567
865312345
116886558
224758479
163469386
83994929
136840534
382130086
71026842
83635881
223254290
1099286100
54763186
54761443
807599300
404537860
159588456
18164420
17842366
807095
11348282
813286
15394954
524635643
44783853
15587500
13787352
15134240
146569971
1769551
18277655
47826476
39761310
59592864
18168267
14499829
69231187
33933259
257967511
14700316
79892569
55332069
637223526
14615871
36711678
14159148
110541296
16878156
35719569
14074515
9624742
14342564
146176513
16669075
213390064
249485593
21220931
240760644
21213276
254117355
15647676
73181712
50325797
8775672
66369181
759251
10840862
282093902
125695315
17629860
18913314
240442139
14248963
21619519
20402945
10102032
89098909
95335841
38356391
5357812
253236486
89293879
109005042
144856178
38451354
137435396
58231266
11134252
20733972
90519001
73137703
104875827
14344823
5496932
104568499
5693842
282753054
60984835
46002396
65726591
217543151
233842454
46986573
14787713
39573727
137407124
240385577
9532402
36654245
26424123
18170310
84620376
24183358
240427862
212469260
269592793
32176405
337280901
240483065
147217022
52293877
49716281
62363785
27347950
15207668
182188259
34274380
1137600571
27048645
26777550
16542798
200210278
20677966
254910150
441032036
16358930
274253615
136337303
18854890
19739126
42924141
248850174
221162525
9300262
1917731
88515631
234074628
18891923
7713202
