84119348
16672162
1536791610
198526130
18791654
485990358
31183389
410216127
2312829909
86129724
121795745
36948268
35283239
1265472924
28796289
16930125
53468853
69669078
7195902
16431311
2798539760
22029071
426396509
2710351339
286432534
572124686
1092979962
12521542
199419207
15704760
63169388
14870670
1337062261
52487389
133832049
23600262
605824568
403632664
343669992
15393700
197567344
28758060
155637539
42583577
52426212
74198348
19926675
17049255
1061385474
462210311
249348006
1027156464
292990703
785414496
1530850933
2284080620
1393155566
263815367
15751083
942156122
153180731
479856992
165204211
27225542
218325695
54645160
142896252
15646547
19717082
15829003
18487179
14173315
2836421
15458694
428333
759251
51241574
14293310
3108351
72631996
314216196
8775672
16669075
9624742
15647676
39580052
193028483
56279156
380530330
219058303
20540938
1198663765
62101419
523987121
22506222
78408666
86338153
116505994
19716781
82428081
233783568
107145333
43171801
1093090866
66369181
571066586
110555841
72915673
339780372
1134292500
231510077
1072453910
1074129612
1083448909
153149305
16122915
15764644
31128529
86697288
30912937
234826866
151963505
76091017
30313925
43963249
48706233
288751432
34274380
66369206
277124730
11348282
369505837
80628196
247486443
413223602
15210284
110541296
14695985
44615672
246357149
20436059
57111966
38477209
325830217
222953824
14062180
783214
31122582
30929600
14277364
44783853
70837868
36681590
121860139
68219213
32007346
20402945
9567972
9252212
11856032
8839632
15012486
15754281
6577642
44513878
1367531
253667610
807095
85606078
114756202
41659956
28785486
66386632
34713362
404868147
89447848
193428973
60329634
30864583
2467791
15675138
59884592
20688358
13218102
5692542
17211477
29239301
23696276
16029470
50115087
36403603
16365305
245892004
88957094
37303117
115462350
24689405
19344703
76117833
56787051
5862922
16630904
17840575
16247383
17967428
18870078
16621190
138189751
19077044
729168722
15791186
8940342
27583598
20179628
14074515
19720019
115111016
133439172
16912739
30231097
607165880
22012091
36192085
18336787
52803520
17094323
33530012
80612021
168502762
210926192
239905257
156333623
256178459
15600527
245516606
153944899
109025212
14884201
20416817
16871721
16808019
32470142
82712805
26237013
91174977
19739354
15488528
48721556
55353695
55348812
9855382
73181712
24752484
7402662
9300262
15918708
15922214
5741722
1917731
