16427364
27149199
2511544442
15212187
2253968388
486268016
54645160
582931822
2289961526
2294922474
2237004884
14739910
2328214538
586671909
2293202346
1660317788
129879105
7591102
242926427
114756202
66716956
253345078
20545793
252249233
13058232
12925072
171154131
154591966
15309804
1917731
25162697
428333
11856892
17546958
15675138
32007346
20402945
5741722
15754281
6577642
15513604
11611052
33977070
57428429
55235265
18217624
15210410
20088666
73620211
24735461
25086658
5561412
14904437
12726012
16045956
3135241
20608910
18916432
15661604
22527499
21329888
18943852
20015903
19553409
23712174
20796447
19929362
19616327
55677432
19407835
23124635
16056306
24773493
40318829
41363507
16721061
19658173
26778110
36654245
23121519
15428227
18967498
18317325
23970171
19912734
14275291
24183358
62588898
19730627
18244332
52960100
20020575
32476970
16798764
48117116
20713061
17074440
21619519
15416505
18678924
18791763
27311044
2557521
15356407
14413999
15029174
10168082
16160352
17993906
18216752
15922214
23951197
21660348
15281676
22831059
20097342
20467163
18811140
16256269
23976316
23103488
16424044
19069733
37920978
32506723
34954281
15600527
15394954
8542882
6577802
5357812
3108351
27676828
15988710
22508473
15160884
9300262
14669951
18166778
14412533
17513304
27758672
14344823
42066409
10102032
20053279
19739126
15751083
7713202
18030431
15856366
18805303
19926675
5558312
15207668
26051676
15985455
28176898
7402662
18891923
17800215
19139963
19394188
22509548
16102244
17976923
