133756191
9902312
153486399
326929954
245424983
74222189
2695663285
61863728
1129719524
61330854
2590097486
92372285
2293131060
378848483
248495200
2308599278
293349604
829638260
1399783998
3015963886
216016310
40315296
2800232600
2374081531
1099169154
18221780
103628843
15941955
23696533
84606191
74815175
477485439
32441546
14278608
22662550
16696584
944622072
2155397910
16005250
159582860
15467700
53176629
1058917562
45184617
2374137654
42797629
2312829909
14345062
163570705
101214756
102402496
80145965
2320903952
1952366102
38589890
2680673774
1058520120
270033955
33537967
1155966248
389812363
1517877883
229592356
82945896
611134766
1517197129
316671079
540386016
1481011920
95754669
208877612
59351766
66268552
71282229
12788332
74829020
39598688
109071031
35869256
45451289
2193522104
89512769
2439990679
237564100
160979599
15824288
110246639
1563285230
27141072
2276773345
1613681130
53929374
85942579
1428358890
64208380
75367781
1037321378
21409631
2374150435
22415017
113202279
227036687
17583309
1712422585
66946867
928814317
83685210
16519285
20117313
305121277
70804586
268400610
269930267
1455156302
14802173
193960695
329866683
2147575032
2307092016
743585142
50768739
426962930
2305428572
1482651422
224752674
1488913117
82423741
17006036
19854198
13296612
23220889
94013297
103130238
18990471
19028615
23501907
21232507
18483886
30778339
267921808
127861493
19358607
37074061
208212331
2248913634
489918504
170424259
169183715
851555820
140010098
14220771
14849284
101803450
608424607
35735170
283830150
19674502
249677516
288751432
36127324
337453078
363204681
17470695
20778387
61206798
755256391
121787593
78209952
54574043
408816873
1507034131
272421695
615758599
223867988
14861368
507529506
59592572
531916677
227837742
25098482
48008414
93761782
26538229
34310801
115911638
1397628176
7004382
25781141
633088172
1056330612
18967418
45724974
1917731
214966934
123926499
1096579981
5561412
1628330540
18891923
104293205
65694282
11762572
36674969
253769656
761783018
52992670
193872188
69276033
16314859
16118322
22162854
160946337
16888571
16080391
1465064196
122174004
25227346
39311638
15174710
404542595
183767243
241608523
256493718
21209333
990138991
136337303
394046454
43383496
18479513
42958829
1877831
5402612
18879261
23609712
17932268
51241574
122504657
8036392
15754281
18699572
234489403
193732179
24913074
529063960
25078267
17997467
16192197
176625821
336124906
94129050
11052952
65158993
270067927
16186313
37680340
68999404
75069067
1330457336
1339835893
21927612
34013800
1449617834
243935201
117561682
54279600
385521929
271527898
789798048
19670455
82148680
139840495
97680081
46463010
20536157
208120290
57172253
1080844782
16583468
235373000
92186819
208718577
36978467
1138402512
26637348
106509542
15057943
134732045
1151547096
1064206014
216114736
31906672
17523757
80628196
305101415
163501000
18913827
488019620
19574037
54885400
1259610296
514092884
256071279
221040059
190153109
17503856
39811240
24112747
21684013
20597460
108993692
8775672
1223839033
43763852
222225700
31310158
18191927
390396137
2097571
172858784
30373542
342803375
600402500
25422900
16878156
15649433
22642626
202416362
88836132
95984120
399679253
22232799
19915329
65734517
22650211
14625398
9567972
18907639
103576036
66369206
115749048
20081176
507754034
741000470
757303975
81897374
18995454
17504549
86141342
59157393
78323317
1249223520
14224719
252249233
7356562
14159148
28796289
186552980
1124375143
198532943
76681099
11856032
742143
14437914
17134268
15987296
410201810
50325797
97503010
29734444
966458701
22669526
1140648348
23092890
17004139
412527865
8839632
7744592
1093090866
18227519
16955991
14275291
25214705
36719281
45869761
18824433
254147536
18950931
36196298
29450962
30128506
292990703
7152572
19404112
1367531
76348185
17544803
14074515
77230396
97474887
120176950
14615871
15675138
318929331
16370091
14538884
14246001
942156122
16760131
126118634
20389762
8861182
15264675
244722043
78408666
14695985
21111896
1947301
151963505
11348282
16686144
6519522
263791041
20179628
22524908
69181624
2836421
15164565
9229672
24750798
197567344
288332713
18277655
20525702
164810538
233979612
485805200
47327366
430834036
104589290
19948202
90484508
49734054
12011422
39367703
71294756
16303106
28785486
22661531
44873497
15647676
14173315
1092979962
192955168
158414847
66368876
16299627
15012486
16715398
20437286
14293310
120342217
54588816
17220934
7429102
43375260
17814635
1022551224
409486555
15007149
133850987
153919023
2884771
26183281
818040343
141286022
23459911
66369181
63262233
122169458
24560143
43425975
17393196
36118658
30203220
37683414
30031547
89820928
19027427
49640770
20688358
461697741
18510860
20747881
20955168
16129920
16588111
27500565
18806753
29730065
16492009
49061402
392332071
48099210
14677919
187306035
93069110
18872608
7402662
26804204
143524116
63363893
5988062
134846593
22265452
19359576
25861343
467823431
21637887
41393531
171182922
236061421
14511951
126171100
15458694
15222806
507624664
476193064
164369297
15224867
3108351
5741722
182217410
44993658
227088228
17074440
54203405
15808765
150400809
55085147
111122177
23450905
59824526
22049097
59884136
7713202
23617498
133832049
1072467470
939091
132496568
319785911
571214272
16669075
16376937
97303007
166286545
38421062
19834403
237446906
55338739
25017309
115111016
21921531
17006157
44177383
36957404
28345779
14529929
21619519
14717197
240812994
15922214
30912937
759251
14377605
258900199
27487492
14466538
390828876
244655353
807095
21312077
63169388
33576489
43920155
9300262
40302336
221792092
20608910
16789970
125445568
18137749
38477209
134362298
33563161
188019606
325830217
119250381
242584601
177719616
85396297
257302726
471454646
757862089
37055926
17912982
73238146
164007407
22812754
150724371
232268199
20002401
111635980
115979444
17494010
11856892
22012091
15764644
14676022
15918708
72198806
369505837
9624742
43963249
