63787812
2745133549
250273767
92570028
249219716
24773493
28635386
234837632
992179728
29766367
27676828
44542178
2966205003
809296616
584159604
19186003
15312292
16796483
32256522
24490706
1979191927
16187637
1536791610
30035090
1283357779
70765315
82657929
550401754
584012853
240393970
278145569
1045853744
11651202
968650362
17539497
15923226
455764741
21010214
19417492
27772478
2862577383
2933760046
236960387
2914515430
2953713339
2962994194
47798449
2852998461
2914163523
1324891934
2964949642
2861616083
314205957
2963445730
295685416
1908143071
1305596696
2482022082
1061292174
33655490
1499993378
242772524
234906311
2382685057
2973870195
2976598347
2966758114
1209417007
296245061
2253968388
122146840
334172653
347376193
1362481302
174434948
197158701
17026643
15675138
10168082
25371684
1367531
15649616
17513304
17546958
19739126
14184651
24924961
198614401
95463107
9300262
35865630
254117355
233737858
3108351
15754281
51241574
14345062
15210284
5392522
218960092
36124043
213795411
11856892
1652541
14173315
35725810
733751245
14529929
135931182
28140646
91478624
432766911
2651701375
1137600571
22815383
19936565
7402662
7713202
234022257
234053893
524746581
15137097
15162954
280637508
64785792
19072146
15385717
76453806
34399950
109280446
963480595
22508473
52503751
17544524
16424044
15207668
49988522
851621377
18916432
17800215
76350004
6577802
16396588
428333
807095
30313925
1917731
14246001
2467791
