158397501
80597105
138770045
161791703
25184563
588293183
23119695
237860778
73453532
342084727
52060506
338553588
85606078
14587949
44682276
109065818
59827454
58875860
11604782
44174176
127941167
11433152
14956372
266012753
221382741
8942262
66602794
1623308912
15356407
2253968388
67991972
326255267
14246001
130600206
244268646
235271965
17513304
299883942
20053279
240376522
54412900
235251868
34340464
117777832
155642785
50152441
22831059
242772524
1444015610
241207373
613725908
36654245
935368364
249288197
211530910
19658173
1305596696
237814920
233949261
233761277
242926427
222286905
402029058
237763317
960962340
23712174
252819323
236899846
1154894353
114607567
234057152
201079432
190328374
240760644
32506723
234937222
234822928
960696949
235217558
1382011333
237312687
235190657
248850174
237944147
249219716
234022257
37094727
235312723
242376736
1072008757
11651202
248699486
237781383
18566912
24183358
20209807
233693291
1048784496
968650362
1074412920
295685416
584012853
1051446626
1058256326
23124635
10102032
19407835
55677432
18030431
193794406
240427862
242873057
22545491
15751083
234812598
18805303
37007274
25086658
33655490
20467163
18811140
1074101017
1092757885
234128524
84620376
249339682
432676344
155669457
26051676
975200486
1065995022
966442267
242761889
19929362
1155212191
1089334250
239871673
110545675
61228023
278145569
18217624
18646108
1069124515
22120359
32211324
18277655
113047940
377534571
234837632
17539497
15745368
1131917492
58366671
161743731
950328072
224294785
976969338
16187637
17896154
246341769
402719755
17800215
18166778
22055226
48117116
15160884
1045853744
1071900114
17198100
1058051748
237299871
219429281
240393970
240363117
1072382221
74198348
26424123
254082173
237750442
19139963
14275291
246769138
15207668
75367781
1060487274
1058345042
1059240924
23976316
1060370282
282219422
22195441
32010840
15394954
78431501
237348797
851621377
234469322
28176898
209792690
3135241
234573331
78369108
282093902
428333
12788332
24773493
16424044
41445718
22508473
56413858
119516865
24735461
20015903
14344823
1058807868
993153006
252819642
1367531
5561412
14335435
15428227
69315767
36421578
22509548
497094511
935033864
124224165
76350004
550401754
15281676
15856366
37920978
17976923
22528309
225921757
18916432
10168082
11134252
21157904
963480595
27676828
16256269
26778110
213634439
7402662
15675138
1917731
15922214
9300262
64242130
314335929
23483116
3108351
17601174
2467791
783214
19739126
5357812
7713202
18891923
