552044121
167024520
13067732
183667282
54914724
821540450
19290585
908510887
972651
60642052
182055312
512255077
73257184
432766911
2959765052
278691695
19407053
91478624
67358777
2171268564
1886561442
281589708
371406979
2842407475
1347259309
1144067497
58607988
912591582
277068270
45903117
365055734
759578570
188304761
605603344
734145775
393380629
2786405639
377398353
19655568
835470613
307081366
3285796651
403856399
2753618112
3364656465
218547022
972632749
3229852476
1965088213
2953713339
15626350
584012853
1404269089
20786801
16048731
3124290910
24189067
1148177071
21797658
52779839
776445836
59880071
17967675
15600350
254217041
11379362
44945327
45591130
57124794
214190858
236756008
14957119
3107499705
41572605
822208873
17027394
2975091705
153488664
247530626
61580292
601538810
20932925
31863399
20563513
16362924
18956073
254236318
141084952
85796380
17061263
1137600571
1249982359
2707124976
66331540
246089288
33095115
15941955
24959108
102234123
2869746172
2973870195
2964287128
2847221717
2962813893
25781141
2932617195
342298824
352534407
78623653
2456959248
2205219831
1135178635
82711742
2174852239
208442526
65021444
144981124
546198088
71070614
145271179
21920725
2750640506
2352214999
92039033
292990275
1563162132
45829185
1329108505
17814938
18029328
17842366
17471979
580577850
91230293
17366486
14199378
40034188
77017567
359601344
14177553
310310133
474232856
56457131
1227614316
376809657
36376149
438128416
40055800
1140648348
27753070
16960812
50393960
161801527
17899109
46124171
379483542
140286364
217416964
234400240
14407823
906782533
367396110
20437286
19417492
39245720
74295254
19341761
384412160
84345431
196827006
21907448
72168107
435096427
67411447
249716979
15846757
15458694
1650922944
83922884
78408666
49842959
110541296
2196373082
20179628
15460572
38257822
264332977
29928552
292057442
587480650
41387157
1636755409
1908143071
15075753
17409240
54885400
10126672
19611483
14173315
428333
15012486
65362333
1089334250
28785486
57856726
185483828
1587176756
250478067
18174520
89011649
1058345042
250143726
16702346
15210284
410216127
208120290
47412499
62827605
229144155
20600214
1519604851
30970039
18981785
972795150
1449045656
23022687
88784440
1074480192
30271564
153891494
88937789
5392522
15108702
49304503
51241574
14774813
863089892
426909329
34402366
742907785
21111098
132278386
16187637
552242205
63517976
149198713
19401846
44362236
14752312
35465482
219786349
309829287
133439172
461720085
232992031
73303753
18170896
114388293
28330493
432761457
300271496
47392442
15946400
1131688878
234858076
114456845
594052797
624744754
79074462
137443650
637162007
43930301
128883595
63122919
22772925
23489273
1140302562
221162525
975200486
20252855
314063239
117777832
960962340
32506723
115186195
759251
104598468
24735461
17513304
23121519
16256269
190328374
213634439
50769180
10168082
549374169
19711108
377652071
365530059
110545675
24773493
217543151
23712174
137407124
211530910
15428227
7972552
242873057
249219716
36654245
19616327
237348797
240385577
218349372
17015011
15675138
52503751
51228911
237814920
15356407
1367531
15985455
235251868
9508922
27676828
26778110
14275291
236916916
237763317
28176898
15160884
15394954
234057152
6708952
33977070
22509548
377534571
17800215
233842454
17976923
18217624
6577802
19394188
113420831
53185909
23108483
58323207
159113258
303867605
71245494
45062163
37656339
38282024
18733970
14972052
16241824
24700690
21034105
54299083
54300028
17993906
17808688
22970986
19399778
7529502
316438383
26776972
59826862
15138137
24989413
135882137
31471188
3108351
6577642
56413858
36763673
16031927
15922214
807095
20713061
1917731
20182089
25742569
9300262
14345062
19739126
234010934
79743108
86129724
334170921
67075260
282189060
39391793
505978388
109057359
16469077
15524670
19712671
17974987
21233325
11612722
14602140
24000056
365596481
34291283
126051146
16689868
17153947
16434865
38449099
69028657
198489405
26174974
42649330
437048841
449492847
18197642
7972792
14572225
76115719
15724907
26000904
234797704
16311797
84620376
236960387
241207373
246341769
237750442
384392601
402719755
301549400
222286905
233693291
234053893
35560459
76350004
77250424
240760644
14246001
85606078
21329888
296361085
216881337
22508473
8953122
237403203
78431501
278145569
235271965
245408102
246769138
234469322
18140989
222704119
19256832
37094727
237299871
43409523
7152572
14141323
237944147
384913290
102835363
16371006
33655490
10840862
240393970
247723476
26946495
296245061
44177383
281540744
17871144
7126672
16352611
309267226
131204770
254082173
66369181
24696405
8775672
240427862
234837632
234937222
249339682
295685416
248850174
381736092
239871673
237418907
235312723
235258843
233761277
23976316
402029058
314335929
34340464
234812598
22728467
201079432
240376522
5496932
18791763
90484508
18646108
14845376
425872825
22528309
18916432
22703645
15745368
18566912
35474809
26533227
24905240
117537998
224294785
209792690
2467791
43359022
78369108
15918708
66355647
11134252
185868832
26072066
27744185
34323121
90386169
39314145
70708097
28221645
229966028
44682276
272542662
114607567
239561508
234906311
7402662
50055701
5357812
7713202
5561412
18891923
339822881
15207668
