253252536
304402827
1330457336
970207298
357606935
531436010
3186878430
78685011
3129364937
1055907624
3290070855
17171111
1345205954
161335306
39298589
2296617739
534675241
16444412
15084800
7860782
15265641
25704351
57039392
27793335
2467720274
84801794
2148079790
38448220
17303935
1582994928
14426645
30354991
193395018
18191927
295348704
388297236
1536791610
17685047
49659378
1155335864
2970462034
2724095695
15510241
230217212
451768397
7334402
224320485
28599820
242426145
330417799
16563015
299751154
131497030
212317303
210926192
199325935
119250381
789244177
1140648348
20448216
164007407
48086014
31801993
1270573046
1604931252
24913074
221792092
40302336
467823431
239949176
394741838
84119348
78445977
161791703
1051127714
38254095
161411080
29501253
30216513
240812994
82453460
1074129612
168502762
80612021
381152398
292935209
156333623
263815367
249348006
28602948
137794015
234014087
305216911
5392522
14437914
60919240
23360388
164412502
26778110
958435057
246341769
32309662
344831981
19608297
15987296
32774989
3044993235
2987853667
52487389
581141508
1392282998
463132556
50393960
234053893
15361570
623968625
375795454
199546006
22162854
79069424
705106208
432676344
103692503
247131172
787373558
55334133
240915720
2317842607
1849074780
614366513
21094888
31855526
45671898
48802204
91180720
20280088
49698134
2970279814
35716667
2310817963
75052666
4207961
15463671
77852581
14727682
18745415
549350692
27716618
49108140
30929600
114756202
69489370
20002401
7004382
608627476
29518867
461516064
30070470
2447368424
301400177
289084811
417003912
131200503
274202514
362118621
21656599
263481613
41251750
16033714
38449898
23112236
340418291
981592332
121916966
36117822
193732179
267938462
126528164
995014993
258900199
3761241
266151172
379508299
66256515
13557972
188019606
18766459
15862440
381725263
455417547
19725644
319100065
82672438
199337932
612117635
1080844782
239008530
24195214
1376737376
76860061
810709142
20921478
360194102
9109712
19397785
208692908
163570705
36424664
278124059
50452197
140519774
22669526
92186819
23600262
153486399
80366372
22812754
42389136
18587457
1634184032
65767741
2178761332
253357301
1861220761
74452760
18137749
233842454
20552026
858646280
874532546
20715016
17469406
456255907
154233179
393914359
30907701
208585249
267854863
43409523
16303106
1093090866
34113439
18002528
20545793
33748418
14305858
133832049
216065430
89820928
138770045
89460898
28650811
80061207
17004618
20707070
15007149
14834340
14335586
32780218
21312077
119516865
7356562
521747968
518872368
35542372
18829123
47228452
18776447
25702034
30150466
5561412
21186125
15764644
19674502
5988062
20444463
19416225
87818409
26522537
107210395
246088673
43963249
85322445
34713362
36654245
47101500
63169388
55355654
15210410
133872807
36743910
27882000
16583468
13524182
7713202
17001490
16172991
18767699
24961826
189180763
88806753
47455112
84135492
6017542
132201224
246357149
58228306
34285399
146423284
31127446
33509142
7091082
15727317
15210284
23628802
240303484
16017475
17137476
240921277
18994290
227841653
29450962
10886522
169586280
137466464
19805776
39616609
18485748
87174862
17142046
104237736
165805708
16459325
15649433
82649553
248735463
21734241
16407063
90707385
16370676
151577668
231927698
14078485
31123165
88697508
165882697
18988940
14268564
262189336
18267548
14333957
39922594
19038768
20521879
233783568
21313053
19544232
14191254
15854702
115979444
67194113
20806622
22810234
216475331
369505837
65091778
22812434
249410485
31191969
32506723
234797704
151998528
168673083
137407124
152018565
190328374
6577802
78403308
18811140
27061115
29330030
274596432
80330381
20609518
147666113
270154678
29442313
16669075
26083271
240700617
47438401
151058995
24797315
20267484
251553556
24670390
16565260
115684356
41194030
16624174
27860702
17006157
9855382
13215382
49853488
93921487
52485598
21684595
49782398
17719669
28651686
218205069
19116515
62442994
197192859
14194036
19549851
15728161
4970411
1652541
18424289
189376144
104586856
18791763
50325797
20713061
15256841
30313925
428333
36686040
58928690
14695985
20182089
14377605
32283017
73398956
775142
15022633
10929352
59609288
93059585
113420831
23839835
28811503
83668404
28140707
24905286
30706064
26524127
14173597
16438655
19080617
19022786
15762845
37711831
17115702
20077863
80543292
85634199
19824430
14513611
106843654
36683668
15857852
21661212
48308268
36154313
90123203
14511951
16974619
19049119
5378272
52102451
25509224
14709358
77017567
22518487
22149280
54682125
16116288
34377668
75283417
21268897
19624332
15005997
23555271
2231581
20260000
18486881
42457734
48037078
21336038
38547485
22429184
53968768
19308372
4170491
22059352
16664681
16925437
23555906
14246001
19107878
17993906
19393682
43053405
58343624
16729099
15675138
23834147
74568060
21549241
74826781
15918708
18451200
9300262
813286
18622869
14412533
16129920
15922214
16160352
11640472
9532402
939091
14412225
14345062
19349569
20818801
17074440
14529929
19659031
26946495
15954997
14224719
20608910
16438494
5741722
20508720
14703188
19658614
1917731
1947301
17461978
16076032
14717197
14620003
15458694
35696898
14823587
19677673
23121672
23083008
17227223
14135426
17220934
