1967216306
63799920
1322558402
15821824
1242988128
462169232
207660339
55038792
23501907
75116881
1483919010
413438240
46122873
22139417
9234352
9690012
11058482
16099922
21444762
32546817
34018671
46447972
67065673
82165957
82174373
156387488
1238181170
3040402092
15638756
17331247
17725445
17822941
21173922
22831866
26376385
27103112
28096660
30528199
30902247
33288015
38276762
38467765
40269471
46737822
47765337
49417668
50040750
56610754
56937821
65452360
88831890
96060438
109105431
109643179
160967561
182910841
182911401
196457498
214334149
234066523
243770803
258875709
272787842
312732705
322217657
322937317
344340889
369033079
420471339
459564847
459572997
482450600
575495432
714973730
745710348
853831339
912924355
1276485684
1684640323
2175059850
2233445616
2250339787
2946682266
3145606277
17489914
23982692
34345897
58859262
69014314
605695013
2394599778
9624742
19948202
20179628
20437286
44783853
56255599
73181712
110541296
120176950
3305919855
2493545354
2461797745
519758813
524400294
2799918536
558047084
29582262
90500349
2557293252
567769344
136304795
3008268498
307665470
104606207
557461252
192978857
78369108
3099120534
413263528
142359854
188857501
407013776
21252618
107441863
71045141
161838701
237966735
1906204567
256825879
354017128
2677350368
460768322
30780335
31404932
58947113
11856892
2981709549
2266002360
56838279
455306401
18454808
17831464
61853389
169633181
1723648435
284542517
174531827
892233667
43907057
292615553
556051103
707469228
20867568
18209334
3078314186
111402567
69485883
21502834
57100996
1952612389
534226010
408587215
142438021
193131934
1961404164
556455060
88771293
40268530
62932779
185408693
70023753
102773721
333746181
1392907694
97540285
22831059
406250004
1527946483
240760644
278664287
287907567
1633459058
493477221
44660449
189258194
183028485
15600527
18359909
305713673
870508872
87962641
394337931
40384403
239593744
290139804
619341130
48039573
36965231
107483934
16568530
160564879
17637692
343444884
215057688
52565928
20238886
21727876
14246001
41445718
26596727
22528309
17976923
144986277
34047942
57625403
76348185
1342861723
75411239
278145569
237750442
2887209171
52660746
141084952
17061263
281236170
16261445
148006729
20218675
425160858
3047501402
23460165
66887246
58014525
207676034
2828017007
905330636
6577802
807095
5392522
224391627
17539497
40991907
2932617195
2174453773
2852998461
142818910
2853309155
25867286
2953494478
244128288
22830647
20733972
40928206
320298298
19186003
16256269
3108351
16187637
1917731
7402662
166371861
1137600571
19739126
15675138
32476656
24213168
249502585
18519710
2962813893
1383059977
2978291435
9300262
33601080
267918244
13056572
1020602628
412526352
35796374
19073628
325709222
115749048
17629860
15647676
237299871
76452765
834069080
2966205003
101965987
16547587
39155029
759251
51241574
251627765
317980134
2467791
86129724
16930125
154368343
184592351
20829514
38456605
34327923
2342509705
26303146
217550862
19847765
17605914
8775672
16129106
106597684
10126672
19611483
54885400
83922884
66369181
17346287
78408666
35829796
21021326
16396368
401846971
15593696
599551782
211934537
26687888
47473766
74659416
95735307
208263090
216871585
240282772
12055942
15358759
41765556
140457196
206320896
245630545
346389650
549560173
590445392
2369447994
17394793
1138688364
13830342
216881337
20713061
18916432
11134252
149269179
17218406
19394188
208931294
122174004
7713202
15207668
21332950
431909815
22527499
106520446
5496932
43166907
66891808
14413466
44078025
163582786
41363507
266133081
402719755
222286905
