34402366
7402662
32476656
14692385
2964222544
472298132
69773058
219429281
471475880
106520446
144986277
297197451
39510422
95735307
26303146
21332950
21322255
5496932
1137600571
51228911
55944740
402719755
46644822
18891923
522282462
130945778
23970171
54412900
18277655
295685416
33655490
235251868
239871673
17544524
236899846
235312723
237862972
18967498
37920978
16256269
234128524
237299871
224294785
237403203
299883942
234797704
309267226
237763317
234937222
221793778
19407835
84620376
15356407
22527499
33977070
156703580
76350004
241207373
15116570
15160884
26778110
377534571
177998560
21920151
551195347
66891808
16495680
31285973
431909815
374071873
43166907
240282772
19193016
17605914
21600922
115705376
266133081
41363507
44078025
114050808
17637692
16424044
46737822
149269179
35796374
14413466
20192403
22830647
