2962618907
33950119
7356562
15442036
14984637
235373000
239949176
432676344
364415553
15235829
785414496
246357149
1262099252
242555999
208692908
24745957
1435461
15954997
111379452
258900199
47412499
1093090866
15134240
49706919
16380122
124237063
294084341
384913290
102234123
1222305212
308573576
1880674038
80612021
2458567464
22669526
240812994
199325935
510516465
1410590874
42703163
158826094
2260197309
1536791610
15751083
19734832
357648167
2799879038
104576097
21220931
89820928
2975350155
2451411132
2422117260
632301127
500263675
162066693
119973070
508359141
2865896103
1017943860
533128076
466165649
2355272732
817460935
599420406
2347126681
297523134
540066976
303918225
2384025175
50375693
2744573419
193010762
540150705
144843079
537229280
414075529
1179125772
41270065
113672431
28794714
540120354
162067196
128403537
17238827
28225086
974467291
540038156
1428607422
66996514
1428474350
1226181804
30540555
43266010
62817738
540063754
540057461
2349014065
72535189
217240422
160586442
76345386
540060136
189123671
10335212
2207783353
361206041
2267730824
874172348
166294586
28153381
346724286
2545042123
160644104
468708140
1318257613
2609690137
402061640
91202469
64715544
408570212
733732824
558190334
379979363
450609406
17367189
114941542
18078210
275240250
44626638
126046002
22660712
32632088
25352088
42889581
11268822
1004780756
579975354
18078173
25675470
20689304
40267916
165888006
28975902
95513144
2604732794
77084270
106608296
52735680
39765922
132187509
24009286
267250025
1093314920
28098086
522544707
34451959
128624391
1732768590
19892681
114186459
2488541
19665244
24181979
52324807
177673883
42232372
24723590
17889737
46380568
16558796
97300966
28869632
52052213
296921703
295876766
155377520
30427648
14769187
296275877
299381686
21419504
40413868
49986763
288175280
39536151
182323211
19800430
20203676
50660534
46218350
26513255
16334139
267721503
1599301700
486839829
114490264
475256694
2611861212
191658586
17292623
19608297
53435986
850107536
242727646
38477209
325581008
110789343
495300028
21684013
39279393
92183278
23461838
426909329
77920769
2815442971
17091701
114944050
178424568
23546469
2584859760
110600629
114258394
2714569080
15324651
2287082899
1503671287
1169101250
468672445
1183409390
1967431206
337798064
84640336
51315347
496349300
128619998
424398852
2356493644
82518318
32914273
234895264
64264307
30377443
62974833
62973449
17867452
63331116
324962560
404940745
2513676890
311812323
2890919590
1505724420
377507523
38692888
84070700
117743669
69108417
367740644
944928264
246397813
119472883
95985382
47726194
472340998
607272998
122188435
169266318
59829657
25124074
20173458
18645499
3290135061
259932224
2176475695
437703545
139593662
105336659
140651307
159493967
19670226
1225199508
56595468
73003844
1304930094
14935223
2389606585
204832963
65431632
976857223
196299243
48593922
154157498
2336973236
2435938374
3091316093
74588583
22162854
15108530
433457959
297355549
2981592346
874916178
12579352
39249305
153944899
1135486501
161791703
2916086925
3044993235
15460572
3027286779
3018670151
70771506
22159841
45027357
18251414
2260145645
2970279814
95431448
237499357
7542802
9624742
14615871
177599757
30313925
312134473
16409618
2968451607
190754739
2954252212
2966570782
2962868158
2970462034
735122173
54990588
245689692
30929600
114756202
31801993
896221
22812754
15012486
61206798
612117635
9109712
1530850933
1393155566
1604366701
63169388
13491312
25781141
18909919
15361570
50452197
133832049
19318314
20002401
14135426
58928690
29501253
109025212
82649553
162069635
21312077
20545793
29450962
88806753
44177383
24913074
150688795
137794015
33563161
161411080
28599820
138770045
36948268
84119348
16583468
188019606
30216513
85396297
234002627
115979444
28602948
158398519
246088673
249410485
168673083
248735463
221792092
163570705
267854863
239905257
18137749
168502762
339852137
252249233
325830217
384392601
939091
558769636
1055685948
1045110018
1068499286
1058717720
1071102246
1089859058
242836537
1140648348
1330457336
1339835893
1206227149
1135399020
1222257180
1243902714
73238146
1339931490
787373558
2382117350
1071777608
245451804
1531521632
937801969
15808765
2796155975
15764644
23103488
1058520120
385429543
249348006
122174004
23595586
22109355
16264003
148780457
1055730738
1072453910
1061385474
1134292500
467823431
1072467470
1060984272
1092979962
1074129612
1260172386
1051127714
16789970
7334402
29442313
1128781184
1077121945
1064206014
970207298
56466021
23116280
579932905
21461359
98554447
18976382
248495200
45589139
18776942
16187637
2657143946
1155368256
937723303
8839632
249936891
111118177
27144140
268822055
51154024
1615463502
185680080
309883487
59031230
500704345
50325797
82103906
813286
50393960
14268812
111037335
794413152
188000721
43963249
23951197
950328072
1060370282
164007407
111635980
500436115
95546148
23201727
75785294
462143773
23593446
112775879
2317644794
405024810
877846682
65163785
2293131060
77764733
423631401
970563998
442824717
1071840474
1058917562
19190572
232992031
124540457
242892689
177212603
337808606
1880532332
1880103678
108694377
1614054846
1037321378
757303975
16228479
14597239
1080844782
20747881
69297657
9043022
1129029661
22053641
93673775
1151590614
15854702
156030129
242426145
140519774
22012091
27297599
231510077
26637348
942156122
950783972
19362341
417532239
30767157
150723732
546820570
119467859
30666084
453319164
137466464
522593875
18658893
23233038
28130742
26051404
102751077
237416733
15985218
15743181
20014623
49033103
47276713
88714069
155062488
469415650
310310133
21406834
15007149
357606935
29761740
61636488
18023868
17370228
17393831
193321170
65349332
271586770
225123568
93652097
75721882
258854542
9907172
22059338
523382591
523376516
19777553
568531092
26262890
19914257
1781551
430858514
461720085
76731053
