39633235
102121599
91080912
731635578
2233523690
612213167
2321254255
17584258
147098247
178325768
27720205
15007149
9624742
1093090866
9300262
2312829909
111390601
15381626
2463663624
1092979962
2463768308
1089628154
15395593
1683646867
2360041783
1444183922
1071840474
599540544
1933161
1410590874
475988505
99235874
31532083
216241291
499811217
228249949
768832094
33884545
40924038
1881128166
158398519
1389731126
14871564
18103385
720863642
11348282
30313925
344234833
516880804
237944147
60987536
20536157
65707359
44177383
210926192
351110805
906782533
631411439
243337600
2161093885
122174004
1074412920
32304094
1330457336
111635527
47216676
1638144895
1254623767
153149305
915514734
17127433
1285266390
1583657017
1633488612
250495841
269465081
23967796
255371368
318647932
1081653038
337468184
80645727
108333061
17671968
38736518
273568764
26813471
22044921
1483267465
31213978
247523976
314055432
142721190
20295222
1047552882
39511166
38516217
868956896
344393027
75069067
874321741
20831477
21062652
1061100872
582134033
730116187
1080950516
523349706
156390048
154245491
98001345
595767310
21370021
1553103054
350501794
184298064
242555999
493695647
11882502
16350780
9589252
164820327
14957366
14057518
486008260
84119348
389759292
997684836
33222598
21250953
870241272
382792468
39812424
19543335
14226882
570960348
21612122
23501907
163353410
16698389
15509183
1465012586
18363255
1262633552
18501682
65418374
425281975
21252618
360149338
61940145
130432806
512858035
821860520
14870670
17163136
36235480
1498767920
1357252880
222622640
22012091
349867043
109025212
95506425
871337570
258900199
1187071592
378752087
106816456
295685416
41690175
17787705
1242791378
25726636
259930822
45499651
35940348
1055730738
248735463
1071102246
16583468
193732179
776664410
1222257180
21035542
476256944
18677951
58658349
1324127808
407013776
10615232
1342861723
1283768017
208120290
242873057
136337303
24710293
1101458575
57430197
325830217
21704581
64808610
69032191
339852137
83932732
124196924
37920978
324575202
26777550
16316895
26820795
24836750
21672621
14159148
462143773
25640937
1128514404
17487795
36138214
18640992
19677475
275284408
28411048
54266775
43839765
59307126
940453346
26043338
157363299
65418745
39583871
522470002
24496807
873051476
42557375
84250723
30354991
20545793
61847314
288751432
20454896
22812434
388468632
248699486
349350221
36823999
389577913
71121909
19603803
31311301
6519522
78669790
89780285
246492926
338358158
19186003
866774468
85634177
466040973
435219506
334283943
38530021
15134240
16244789
34315765
16443518
8705842
40051702
12334212
15072621
226747434
82756955
16019777
57107167
78941245
366094553
303861808
40277246
58113278
20797078
9345162
23123226
47282419
27690220
76837916
300490280
99583799
7744592
492769944
78977078
23562333
16342316
112630438
15210284
16802323
1917731
12230992
232609640
128315927
21065161
107540451
357643598
14290185
14411304
343761486
58115655
301494268
14053241
34984981
204979592
186707097
321490677
245516606
394668407
18029055
60121589
19739126
10222822
481599078
60719503
606548747
234057437
260396714
279603053
36681590
255283502
36771809
45407320
147729196
16187637
201118717
30944238
14463848
238344492
30264308
14412533
45854669
43920155
20437286
58559743
109302025
31496613
19225752
15675138
21870081
15967775
14775998
256598776
19900778
52422878
61782928
41158700
36739972
18920073
38122425
36393171
83907360
439717095
41006367
155716524
76348185
56420308
14364852
176672019
113382970
133832049
240850694
108376246
24913074
18943752
16073416
387862476
69316191
17644000
58581480
20113797
365988255
14858160
15960098
184919272
36474003
101789560
20957191
51241574
21883685
20436059
15442036
14074515
18023140
234573331
233696188
57745422
328135295
257145085
18147873
50128760
26304713
34964065
18209334
87724165
95701188
61853389
37050475
19418459
21139535
38224734
24953483
18772911
43024351
58118869
38349184
15672761
14496921
18229868
20816085
18726942
40957401
15856009
22547149
16688247
30883464
26488277
267938462
14587949
75375556
432082347
155669457
88806753
41445718
22205963
247486443
176512266
85606078
495332368
12792422
33530012
38280020
18696506
67497155
43963249
8249832
151183091
29575412
17221207
124222041
33055408
222953824
224685124
107545479
