1043097751
19417492
24926288
19394188
233761277
19658173
50055701
18632666
213795411
733751245
75364211
17078632
37666984
217543151
241207373
216881337
88784440
237348797
15745368
23022687
1180379185
1074480192
550401754
1089334250
968650362
50769180
23970102
41634520
18956073
35511525
72536069
19599446
17642330
2344061090
50152441
18811140
354990034
50390655
1002244244
15075753
15029174
29487664
354619110
478760679
369238541
243081359
159729300
29216764
63787812
562989744
33673365
740818638
936785413
27082020
1009195424
76348185
36771809
1137600571
17787705
299845025
633813815
34713362
91478624
1942326727
28162128
32359921
14275291
16827173
15764644
20805189
2363300918
31310158
939091
18916432
43392709
24878961
56401482
97139275
11856892
14345759
55490138
293120622
16418153
8036392
55846297
26585095
23484039
9245812
9855382
1093090866
196201414
7402662
270934512
325830217
19128954
22991864
390882812
131204770
44437571
475988505
237403203
15458694
20713061
256113470
17546958
148376661
113047940
607377452
22508473
2704951
27744185
437198530
353890966
62923256
147412552
40175686
97034895
14730894
15754281
3135241
10792172
31524864
22075867
43963249
73238146
14344823
15450996
1655488274
1702415629
21829541
291970841
80043645
169621332
203518655
54947658
126315144
103617603
16815644
5660532
248658530
83500579
84239817
75266034
10168082
14669951
16639736
93688013
26548841
744004610
5988062
5392522
5741722
410216127
10102142
5496932
11134252
135931182
188895707
41445718
287413569
154591966
14293310
15012486
34768966
16425672
14345062
15210284
807095
428333
30313925
22523087
162069635
35829796
33598182
45576916
450732917
52382112
54291567
19773627
6892002
1018921
16455997
17121146
15675138
55155523
48117116
133801267
15428227
235312723
52503751
26103389
110545675
3108351
759251
28785486
14173315
1367531
14662354
51241574
2467791
22527499
22509548
19739126
15922214
9300262
1917731
278145569
249219716
235190657
73303753
76649729
15207668
7713202
18891923
