160915108
2963445730
105134532
26842113
596590423
248850174
17513304
85634177
482171567
69331499
381867488
403621340
2375886374
1120357814
9300262
1917731
871951412
29442775
155034422
40081719
1180291452
306461698
160667346
88735591
47676683
51108164
25085710
94567476
17022537
85606078
172004308
989882028
50017440
17494010
182866989
2585743508
2979876870
68411483
15675535
1137600571
414881654
21670035
932411875
18708963
39615827
105677153
122543458
439000890
37872116
239964567
81187683
320839156
63169388
1311309108
144877740
216016310
125688706
15207668
26424123
19739126
53447649
36588739
479666531
85817017
1269866202
459515729
267283006
543661875
914793241
252819323
23354404
26530765
2750127259
127861493
23617498
2155397910
136337303
1058256326
234937222
236899846
2373833821
2962813893
90327905
1259698362
52015418
41909791
21030998
19205956
14676527
14194973
165747596
589482112
24277268
14806209
21766435
15135715
20629645
397488140
567865993
1382794664
12414302
16477702
35829796
22527499
