272089153
185397767
236957561
35415477
15147042
16405372
96405362
2347049341
15846407
39279393
15309804
127716939
573149116
312558617
109257354
30496344
238643488
366137249
68286932
976969178
391411526
3321161211
34402366
1072320895
133122139
1473565550
7563792
172979781
970598035
2927166161
23848444
15946989
250492272
40774459
84105918
17907987
20002475
142721190
253869413
188857501
213359980
3068696627
2153135070
15267619
218325695
116559622
24111487
185376376
70813633
35002876
58581348
442870573
19604455
1603419038
107115739
50652364
195840597
21388284
346197350
33125742
21746623
997684836
250912539
52784231
22508206
1598165124
24561638
17041795
36602046
25091500
2706872107
19195094
2496919910
109985001
15987564
19035703
45669384
56637351
106448460
190360266
12859772
25523567
18825339
93656588
350287995
772004996
18501487
243337600
224697103
18169053
53184098
14207863
101802390
15092914
247277788
16200497
398088661
18967418
14007532
1702759502
15335534
64731945
457235221
911578904
747876121
2312829909
567719406
214518317
301550749
17366486
866091367
2359926157
1089270650
1330457336
1531265618
500704345
3084366375
49510236
951816344
1179101287
1536791610
487760032
17539497
135931182
906782533
1428441589
2301767102
394741838
234826866
1615463502
266038494
22957302
37940492
37695691
1205566242
586909317
454313925
2916247209
359990098
208447030
8771022
1140130747
866202044
28363841
335725885
1140648348
225446252
586671909
113533874
48366585
1947850555
288308178
626990704
72548108
1339835893
1080844782
231510077
761783018
423631401
376014531
1410590874
1302339907
18202766
23845853
142293211
134732045
69970248
17831464
1364930179
42660729
16132087
368992130
1281405877
65707359
371800458
392810019
745193748
11866582
242785840
86423331
32505840
1115348904
389759292
381090926
1195683247
221949216
236899846
249722522
1267940407
20463418
33653195
15233889
1023020557
41272328
223978695
278093318
165711848
16555985
2557521
69193833
34643610
404731581
17871109
252296570
233783568
214571654
61321048
16303766
23500180
101803450
407044734
25523019
213705568
358345140
14348157
1093090866
59145948
138774153
452235226
1032290077
1002323377
610922415
88319273
21918310
227841653
272091645
164397041
44688778
1151590614
273240527
12296312
132278386
261810985
21901272
5695632
15891430
384392601
236164322
16244449
339332911
242418441
27511061
110997049
11731322
164814905
31609859
196180338
19914257
24926288
213358371
83668232
14602259
272383728
760292653
15952856
20747881
24020586
1080016992
7381772
102789488
190833141
14096763
1074328106
17640219
139738464
1060984272
13783982
1058717720
28181835
1037321378
1055685948
1051127714
1027156464
1055730738
1045110018
389840566
1058520120
18709155
384396052
53066602
45178316
117833629
167219309
30042670
213706746
1140451
18772897
123327472
25395195
46016028
34022952
44134773
214110166
356188780
272077985
48389225
19797615
72169722
108686283
249469549
23456216
213706482
14165525
17837184
52774637
267854863
91386979
385429543
54208274
123894986
70771229
11771512
17881467
36764306
42948942
820170295
310310133
73206956
87416722
222953824
18587457
499109830
436925910
134527473
20086360
214669154
15837659
258900199
14962779
156333623
142811205
313537605
159609655
93069110
453319164
356885109
158414847
25130365
126401831
45059009
288751432
135575282
17064644
214670006
217064621
117809503
16312441
16456599
75052666
44960116
64916983
28162211
177707651
79366215
222622640
18144581
214935792
23607273
334079148
21215620
17291452
82673602
14904627
114050808
456806128
37999041
771525061
76133715
119166791
342803375
36719281
16955870
43558900
106553948
39245720
44777959
121796208
28049266
14224719
299784705
627553787
20715936
55334133
15667802
18766459
176809739
17279594
614441689
615443591
220009727
125212215
22670208
22635728
19301682
543133442
330592913
182073999
188001904
7998482
109048348
599503354
266918128
581053112
165204211
291942710
376327986
15481070
425247226
105290638
11856592
18215973
557177242
486694111
200204572
18028893
49659700
16081831
236221098
262189336
6092972
21144314
14185317
435236285
388354776
939091
522282462
16726810
24234881
193803102
135251333
528952365
51288508
155585373
16612379
28329671
6332292
61847314
14924233
7140202
21188030
277805390
335553821
25990485
116565009
236234671
47252003
62387581
17964176
33537967
275579447
142894598
27073265
80111587
17601988
19089116
89534245
411015772
87229571
217284148
476256944
288363743
6096642
31779156
217550862
213767250
284742585
257661436
102581666
30877275
17142046
25511316
73150796
25962325
189180763
214219400
214219483
258885469
136025179
15152977
15586316
7138532
27696993
1198821
19224439
1767741
106111147
214572948
66386087
363809948
59557446
38980308
15292630
34739408
67358777
51462013
385161075
59110369
430227485
45626810
212503356
19787735
108314877
338608917
112873648
16993112
17487795
30050899
213478678
14588748
15840909
40966025
114497182
17004139
15113565
146569971
4970411
59331128
14940354
349296252
328681286
425853008
460362828
15564173
409486555
207660339
49204865
113199229
83396915
381152398
335996055
44200263
407013776
388468632
44686371
15664289
450941680
301462042
262754003
76392970
163589845
25891497
269314519
119784462
123368004
23969851
340374895
250841745
16459325
131605984
68863236
122425996
218284994
33530012
108623179
372995700
371419323
376211520
128931015
46178413
381142790
61250271
40302336
399504103
386127157
55896443
81122533
119898824
31488333
17001435
431996336
281540744
405034710
296341775
448077090
104615577
352548417
325830217
15289021
37917164
46699613
19847765
41814169
441951136
235196204
21316253
435106708
326255267
170456179
16098248
155669457
258425646
160278788
214110161
425353573
75124560
297067961
370489880
9089942
55020919
223697814
374116636
22242298
48125246
110823581
71502955
19168381
160947395
22109355
23159207
419745766
150686538
311147317
61127668
228923088
7848802
19402136
413466731
15780280
266927095
18963809
22173627
17375281
19792457
207653766
14552725
201743157
162069635
49034133
151519500
115979444
18252349
35789875
150110556
19608273
15754281
28599820
404894487
213850358
226282312
21251668
402029058
14217846
16187637
300822047
17143313
98543618
17469492
82643763
56801235
84684955
262223982
19148372
20295222
42958829
278687907
19075309
125453969
40057701
205802808
246832292
46131997
20645605
301650691
1106501
9130702
25110115
18790963
19206076
16547587
45399148
74198348
15098373
37281592
126369849
386110788
369278149
339852137
381762680
378605867
384913290
23318035
21768766
242067656
82689705
39975257
14692385
47402168
373551099
266768078
312134473
185360823
46557945
18768627
107485396
236941792
6577642
59204932
48802204
1434251
17918704
71256932
18479513
26257166
1586501
15110431
14505838
14199378
742143
20182089
15587500
17918663
6450322
17002395
18192818
15723971
18949452
11857072
19167675
16297707
34711477
14434753
292549803
237289027
15906481
16028241
127590478
18486243
260299790
42535683
19538305
14377605
36948268
124224165
121566546
27920368
794376
133947893
259395895
331817345
331816614
16929600
233601728
15359578
37759047
214219361
24196684
164007407
14333957
17243582
22876454
16369359
20455625
18080729
13783772
15954704
210862000
17746914
47991586
24464743
163995093
308721230
337742544
170034104
14046504
257126308
194697604
216003160
193403967
21414576
15908898
17044233
27882000
171532086
17859888
19572264
257549999
218347440
130216979
312211487
166321582
29752603
77852581
61564813
153149305
19734832
14870670
17301707
297498647
24002724
103447346
18771370
238262547
267385843
18276341
18164272
19610051
23999515
103087786
20281013
33600887
19186003
198503067
15949696
16000856
21765244
14240875
23626238
309883487
48144950
20822875
106135104
22185130
114887629
22772264
101816065
12354832
27661276
234573331
14135426
15507433
59771400
33515703
16399949
309937733
33919343
282545479
270889172
77032777
45545206
292929561
67517641
20109439
76365756
16876049
15168790
11348282
34713362
14159148
65106660
225123568
35014834
98944905
60693203
38507478
15905103
131290943
15922521
14678968
246357149
193732179
32765534
15784761
23222858
76348185
28337697
20402945
74508260
19608297
253132497
254117355
34113439
19948202
122174004
148453195
24745957
22587869
19419870
34638973
16102244
158470209
15947333
218982732
48847011
21027715
60919240
131144091
244655353
14345062
15636435
292990703
21228708
308233424
21384333
19040565
52492135
207710718
195046691
243639047
237780351
14345344
128290790
44873497
1025521
80617430
269892433
165887546
255673902
38640709
274131441
28176898
274031696
301596858
46635995
16841929
30287629
23568352
20452568
19923044
37657888
18553806
47444493
28197486
24020026
42069123
19032961
40047924
29240692
16310991
15401629
59545572
65641008
69822318
55584584
41853160
74849591
52143927
28602948
109071031
88806753
20552026
16583468
22812434
28582749
38712914
40277246
26097041
18216752
20113797
20444463
9855382
35829796
41445718
23103488
16424044
78369108
75367781
4898501
1125071
252819642
22090282
16017996
18148907
153486399
22545491
42871498
25103967
25104363
227088228
30864583
85606078
240812994
241207373
18137749
193872188
168673083
23600262
246769138
40318829
249348006
248735463
38254095
234002627
239905257
107247570
210926192
18782656
264873703
71070614
25781141
15093646
22162854
23080711
82453460
19716781
30929600
21870192
20725994
161698013
300348649
15600527
19824430
158426909
182503471
31801993
26051676
14135350
18638502
23996721
93761782
121489431
30740670
41387157
280978321
97190495
19918047
28113052
93546232
15896464
18618264
29999197
293012979
246088673
208692908
247486443
33933259
16423109
13201312
20602394
14055301
11695602
27830610
14361155
15947602
5120691
17899109
14677117
16348549
16153562
64823914
11695472
16834046
1367531
22650211
17629860
2884771
5988062
12133382
20067354
1769551
13787352
6794502
14282672
14499829
27922157
16616061
16300786
39250316
26077026
10791192
28160998
11856422
8082302
135297032
26792275
15450996
13393052
24195214
22812754
24428744
78525505
151444950
109361491
19994385
216049430
89754038
13493302
19826165
14220256
16041234
14129299
14695985
18635982
41269920
15691197
19196168
16076032
73722910
30875781
33610050
21163166
16185068
139123512
143430896
4207961
123737012
21494636
191133062
21217372
205705044
105830809
189165623
22151916
19544207
76707735
123165416
94166093
9505502
242146618
165844845
84230835
39249305
48086014
33222598
30948168
15234546
19740592
13850422
21702539
188412002
102238997
26548315
2425151
257038465
146099226
26946495
33576489
119250381
15160884
15356407
199325935
100534628
59031230
21542518
282093902
21538116
20700604
100892996
23982151
21689801
160022929
240506490
12521632
180224405
16213646
34049846
23805874
8291102
61029535
193766629
260845829
256178459
21256943
140286364
20814874
115749048
18908117
243291022
16560122
123738314
14066024
20002401
155662416
291903997
17119688
16018516
23073586
24894155
29293808
63262233
53929374
118188665
198999618
19118535
277192116
37989554
47549624
88783290
124292582
254183959
192867657
242892689
238264015
17308891
18993552
130363646
52374453
16583845
119485635
40941232
15838036
25330246
87271106
26428341
15954997
31464192
31173062
48075643
20545793
87951215
16012783
92030522
14062180
46417885
35289761
47658459
131500972
35449630
45577446
24431892
106514937
252249233
250188760
15826822
15458181
16072058
24619328
18097821
16930125
76715323
112526560
112695376
160561302
16340501
22534863
63506775
120181944
128733097
21674448
113103041
97503010
165712675
34371118
63520529
21873714
78420819
76056806
23172839
188782940
255719070
68839395
23378758
30912937
85634177
33659821
278124059
232193350
275572403
13491312
137823987
199041526
191699093
27899735
250784170
22148250
169616875
78445977
234374703
224285242
83901492
249787913
15166261
255830843
16886464
102114434
117577188
81144983
163570705
237770636
235373000
43412697
45891977
102455692
132201224
168502762
21406834
50446226
20522862
111379452
247334603
148529707
229873610
222140591
78400205
45671898
93876666
91180720
45931428
164949790
32995184
16125224
7613282
129997410
74820061
82167518
39155029
135515077
30167133
62032351
7768402
23528594
133052366
20466215
15923226
80628196
16640598
20480549
100349032
15650573
258849316
245516606
111635980
18776942
115710058
18510860
245424983
22669526
20536157
82144335
21619806
50176450
28484463
16326549
66544413
69304018
134759149
24620525
25609906
83603750
16006592
239949176
57431229
62849256
15677585
48038024
57768217
18174520
16746493
249410485
36444204
20517132
1198481
172858784
242872360
97274031
17171111
109287731
15324851
44682276
47438401
216503958
38036372
168295477
242426145
48177456
29442313
19918558
16742806
31448660
20245891
11371612
46662081
21789463
158398519
27011185
8370082
23092247
13524182
40953082
53185613
24773177
36951816
23839835
109725408
114950151
21696279
144927403
16212508
69045604
102477372
31385307
176514377
12011422
14466538
122130343
130945778
16250929
23997755
15264675
15728161
193844083
20073008
210830749
16950628
19670455
58237111
33588988
73238146
244243985
87988319
61285110
138787319
216797015
70526457
108376246
125445568
29501253
161411080
107545479
82148531
13724572
15727317
18644548
12134692
57770539
24439201
72198806
20259954
15463486
19354391
20109973
23124635
76452765
18277655
6330762
68498034
20267484
54885400
38320343
36681590
2836421
15441965
27860702
35027698
19541375
90077282
31310158
74768410
34609255
17346287
20600214
15766082
84318793
83922884
84383825
27048645
16565260
47455112
55926722
18451200
35195892
136550204
15901113
161743731
137466464
18909534
104299137
28195764
19611483
18646108
18780213
16378486
73190286
79743108
48043084
92079350
47415772
28902856
31528187
16371887
84445191
14049145
50393960
14597239
15109378
82282572
9534522
1435461
16245822
61220477
33998183
21312961
40923348
16878156
14342564
7744592
172495439
72583393
21122578
169586280
234022257
161791703
224320485
21481343
18805644
32007346
236511574
15764644
191477653
20474813
49620730
22149280
47632905
13067732
47739450
110004599
75600769
26513860
14984637
15993122
122207745
43162250
237781383
23944104
15399512
15950882
16139695
15379444
86340836
15909010
18967498
128315927
14251225
19120850
111025263
44189833
16170253
238649532
33580347
217545284
226711265
17494010
102721262
22286712
16261445
44660449
44177383
154615656
37469127
47412499
56864092
110541296
30216513
82649553
77005238
80944550
234141596
111053300
5402612
19109172
15978412
14173315
24972208
31126587
40918816
27115071
1947301
16955991
17220934
26083271
1917731
15458694
14437914
16129920
71294756
20245775
1652541
14511951
22799750
21982720
67378554
36683668
20430077
173999134
17967675
15210284
121208305
111635527
115111016
84119348
98957204
20177097
28227336
18829123
52487389
19107878
7334402
15572155
15007149
18695134
29201047
20597460
16789970
14125897
8128442
14140370
14529929
15224867
19667766
17717287
24112747
25159286
11856892
16624174
20531929
15159913
20809513
97474887
29205600
153864695
166707360
29450962
138770045
153944899
33563161
58928690
24913074
137794015
18909919
191893059
133872807
28652194
98976999
93652871
191774473
160975085
160951285
15012486
63169388
16613128
15134240
15368404
56700964
17004618
166252256
164412502
51241574
163874341
14429621
3086071
26272175
18767699
193785644
103132526
41440237
31121154
18058609
28785486
20436059
11856032
18481050
16233170
44615672
21783950
17010786
52419540
6519522
15727755
59159771
14935148
80317299
15164565
15649433
19658936
18528834
29008249
24752484
16669075
9109712
61853389
183351637
16311797
34956062
69181624
7429102
21690931
59676104
7259302
17910554
5392522
14384907
147649517
61206798
14262811
27649741
15647676
48706233
188019606
76091017
29471556
21812273
17291393
14615871
20437286
116505994
31122582
17409240
30043495
86697288
14708814
15922214
46176168
15446531
3108351
5741722
44783853
759251
9300262
14074515
138479037
8953122
18622869
807095
20179628
52070270
20508720
85131054
15931637
43963249
14246001
8775672
71303498
25748415
44466275
38275373
17620623
150078976
140519774
6578122
67004637
16326882
14606079
14669951
16002085
17006157
31128529
19726613
21010214
60828944
16032925
6017542
26820275
80638910
16228479
108985543
14677919
25562002
2467791
86141342
18170310
14146966
43910797
48037533
79797834
47694175
19659031
43409523
120129682
16356190
15426911
108617810
33986037
152003847
40260612
15220768
14676022
19658614
22642788
9252212
813286
15689503
7380872
15463671
87063281
4119741
36071818
15675138
19674502
14270650
50149303
15667291
32353291
35773039
7868832
19146492
22027114
55355654
90438475
428333
151963505
21619519
12340562
16160352
18227519
9532402
21268897
14412533
89820928
9624742
21111896
21307076
16017475
15210410
17889970
16898332
14717197
16157855
20776497
18812301
27901418
60627728
63246339
14434063
7713202
15731368
18686907
21313053
21844854
136300373
14268812
151879279
50073507
12272322
5336752
21612122
18678924
25288166
46220319
150724371
92186819
15361570
7356562
18172905
31127446
10126672
21224756
15918708
21220931
15724082
18696134
71644329
124027473
142428593
19980950
48388653
14552278
7402662
20417938
82512057
21186125
20192403
133832049
19195460
20652198
66369181
78408666
68994537
28558205
15091503
119784192
76936279
117821354
27114180
23092890
113420831
7152572
109025212
36771809
73181712
120176950
43920155
17658786
103922067
28576135
7004382
15641893
74294786
84327770
22012091
17993906
19403608
9627102
17074440
20608910
29271212
15267663
22784136
50325797
50452197
30313925
19201818
16317406
31611298
84129740
