133252126
259918701
2984742158
178025390
184880247
16061946
243337600
15923226
28128549
15909372
106460065
21252618
14873782
189129306
184136149
2387793008
306523709
106135104
163589845
78694788
15570213
346197350
154909422
250912539
130274805
82116947
213767250
284742585
1244090364
18939358
143798379
42930296
42692687
217550862
18846918
2962813893
564111558
2612307559
17539497
18963809
107441863
30313925
44682276
112719788
23472546
1151367666
15360135
104858578
66538802
301549400
19879033
1209417007
24439201
14340977
43409523
117633137
211887629
163539464
18261728
96036328
16574095
71294756
27901418
108617810
119245234
16898332
151444950
21307076
5336752
93069110
15159913
200709323
50769180
41634520
35218566
166990746
14546684
21010214
1210043168
1487846678
213381642
78623653
23496432
22267198
455764741
245412130
997684836
334053327
25101996
48459553
60680268
12354832
136300373
86129724
21612122
104299137
563008766
17272735
18873711
15065434
2450209920
13850422
58869089
17908972
309883487
17869798
25360971
331161546
281610530
16031927
110974198
600463589
8859482
620292489
552161421
27311044
260907612
216299334
17074440
89820928
16379018
607289206
277165873
17291393
52070270
20608910
146167871
11856892
24484212
19037532
142721190
85131054
398683773
1323181098
378177666
1151533388
2194467816
935033864
18954306
18957301
138441734
1230295070
220081296
48029066
263473031
103087786
24484939
15781389
49729058
163598915
14173315
37672828
114050808
165539788
14870670
20179628
17093617
38463792
61734492
103620256
23632910
17955903
17291745
1058256326
1137600571
107172099
1246763515
90702268
16664681
78408666
153075877
17409240
21925192
355746993
351479868
123272512
473311544
15580925
114388293
13491312
64470669
18981785
21771519
52861612
148440851
17906001
43123336
149321559
432772955
203652688
331058416
456081235
991821667
113052624
15654253
1155212191
1205907752
1202458278
441040701
35664186
15892094
1138688364
1180274570
16815644
263184813
747876121
835969147
518644221
1143060714
1051446626
432766911
425889480
46724483
831083156
21434408
1072382221
1071764281
52052011
1058345042
22242298
26777550
14730894
950328072
1058807868
324095750
20957491
455427503
272019676
32007346
6794502
963480595
356291170
93889308
912608010
74164455
573916220
88806753
576511605
764356986
193000602
45398966
245539278
222195455
618586017
161344057
569342150
135931182
1260150456
24878216
31402454
20535297
16243550
118747545
16798006
20165471
194144771
204468991
16006850
17819666
8965512
16637204
1128514404
167024520
991659607
862071500
18622238
160659141
1131917492
190756187
65336973
567766823
976969338
960696949
97677117
25538674
523397097
171154131
127527976
16930125
7126672
471891309
14412533
534669109
139043988
613725908
454953162
1367531
126062898
462048045
26487169
68730426
15931637
85606078
14587949
28140646
18020081
223970563
28785486
79743108
16032925
56413858
15210284
46176168
21220931
20020575
380581302
377534571
296245061
402029058
381736092
309267226
235217558
299883942
237418907
234906311
282093902
37094727
16424044
249288197
237944147
109280446
239964567
242376736
235271965
70756980
234573331
254082173
42442665
356478638
21795874
240393970
234374703
110445334
142762399
562620219
63753027
281540744
161329769
153486399
76432399
52763281
14857739
160772710
139959270
242518427
256626238
74515918
20649946
245952569
18646108
422827850
296866209
65703588
284068601
97239626
21525509
550401754
551195347
213182436
96831824
26324609
402719755
217600655
400776295
166235477
50055701
16337264
56864092
13067732
26596727
16187637
224391627
325585367
159491661
43144932
314335929
233695891
234370900
759251
54594181
20989982
51241574
120176950
295685416
17896154
20879626
242873057
249219716
278145569
246769138
137407124
240760644
110545675
242761889
249339682
20686232
211901075
18915145
16827173
221793778
33655490
15513604
237862972
240385577
240427862
155642785
233761277
237750442
222286905
236960387
235719973
242926427
246341769
235258843
252819323
248850174
211530910
240363117
244268646
248699486
198526130
241207373
237348797
234812598
240376522
225921757
234937222
236479311
237299871
211420609
234837632
237403203
235190657
209792690
213634439
217543151
252819642
234797704
245408102
239871673
7402662
235251868
234469322
10322212
14267944
271538843
233842454
52398718
193794406
250710495
37720258
239561508
233693291
201079432
234128524
234053893
236541422
26533227
20192403
11134252
54664781
18905115
10615232
233949261
16721061
221447516
3135241
142321780
3108351
15675138
15428227
219429281
237312687
10168082
9300262
9508922
19726613
13218102
113420831
15922214
218982732
21791103
8006412
19539082
24091188
35829796
23103488
19394188
18170310
21269970
19553409
114756202
5357812
14669951
20280088
15738163
75367781
22055226
12272322
14529929
16072058
18172905
27882000
50325797
18909534
31127446
16157855
20182089
234022257
229197216
235312723
237814920
17544524
218349372
19616327
45994332
238321369
62895577
5496932
14344823
236899846
237763317
224294785
237781383
234822928
235289157
212262370
88784440
13751382
15582417
17870329
20691813
186132475
16559614
14296548
18891923
7713202
15207668
17976923
15985455
20015903
12788332
23951197
28176898
18916432
17800215
15394954
60984835
22509548
27676828
20467163
55677432
14275291
14904437
20796447
18217624
19069733
19929362
21660348
55235265
26051676
5558312
19926675
18811140
15751083
18030431
18216752
19407835
20097342
15160884
18805303
16256269
40318829
24773493
32506723
37920978
23712174
15661604
19739126
18166778
10102032
19658173
18317325
19912734
15356407
15600527
23124635
18277655
52503751
37007274
76966145
76043920
50152441
20088666
26424123
33977070
42924141
29766367
41445718
48117116
76452765
26778110
36654245
22831059
23121519
23976316
15281676
34340464
12726012
17513304
74198348
25086658
6577802
16102244
19139963
23970171
22527499
15856366
21329888
18967498
32010840
22528309
51228911
24183358
20053279
18632666
24735461
78431501
78369108
76350004
77250424
113473917
22508473
10840862
20209807
16056306
117777832
54412900
124224165
22545491
150737366
84620376
161743731
154591966
18566912
190328374
234057152
