20814874
970207298
1614054846
44873497
171598736
76348185
36771809
19980950
578436965
2883082239
222666657
1692833432
120176950
301462042
3290070855
224319460
316389142
1536791610
1906073528
242146618
245423326
2364606757
456966903
130363646
205802808
16993112
2281152260
906782533
19847765
15446531
222622640
14870670
242476733
543133442
212503356
45626810
182073999
614441689
15667802
16312441
142811205
134527473
18587457
167219309
1060984272
1093090866
53482373
874312333
296245061
195046691
25511316
5392522
325162736
22812434
20002401
287257488
43183055
24620525
47331861
15784761
46250763
17815649
23456216
16669075
486721709
89534245
22812754
58928690
311147317
43409523
398780561
201743157
137466464
63169388
214110161
136025179
213706746
69304018
409392649
34711477
115111016
137794015
88806753
28599820
161411080
44177383
30216513
40277246
56864092
38712914
132201224
46016028
19891734
148453195
150724371
158398519
23600262
162069635
153944899
48086014
156333623
161791703
193732179
242892689
235373000
28602948
239949176
227341953
210926192
385429543
381152398
40302336
18696134
238649532
155669457
15195679
78776348
236511574
234002627
240812994
237770636
199325935
216503958
24745957
249348006
249410485
221792092
111635980
29293808
22523087
245516606
234014087
38254095
260845829
263815367
153486399
163570705
78445977
267854863
239905257
384392601
384913290
27649741
168673083
25200034
23698782
21329939
55829919
115979444
33563161
21406834
208692908
85322445
258900199
232992031
292990703
292935209
252249233
82453460
317226055
227088228
153919023
92102359
193872188
373600871
98906881
381142790
44189833
14466538
378605867
339852137
364423298
369618684
80612021
20258472
171532086
248735463
50430107
72169722
102477372
233783568
168502762
18137749
301650691
46635995
291903997
47549624
278124059
25143288
288751432
22876454
277805390
237321604
22151916
23146370
234141596
166252256
216797015
242426145
130617778
112231587
17006157
18028893
222140591
25355681
15650573
83396915
219996392
86078656
22669526
14552278
119250381
73413771
34972633
82649553
39249305
9532402
116565009
92079350
44200263
144927403
89820928
109048348
18315625
69469810
214670006
70526457
153865861
176647175
14678968
166707360
16583468
18909919
36686040
89028052
25330246
104248138
18622869
84119348
112740986
20552026
25781141
48045790
14074515
24913074
151963505
25387188
90309830
14133964
140467000
44107657
25911044
39311638
14246001
188019606
21684013
12925072
14935148
23092247
807095
21344625
7004382
113420831
156030129
111379452
15112868
13491312
7356562
21217372
67004637
86697288
15954997
105182398
27434065
137823987
19109172
123165416
31128529
48847011
80857153
15022633
150078976
140519774
22286712
114950151
147438264
37989554
29450962
108376246
109025212
125445568
103922067
69285900
107239282
23117553
24232525
20809513
62605021
31527045
15764644
42956269
78525505
39518916
105830809
1917731
97274031
16233170
15922214
813286
14984637
19195460
133832049
23969851
28227336
82512057
70528403
15727755
9627102
21567465
7402662
91044281
90438475
139123512
29008249
82144335
14262811
48388653
102971586
19201818
15267663
15675138
15918708
98957204
22012091
19553760
30313925
57431229
17010786
61321048
14708814
7152572
31611298
84129740
16317406
85396297
43963249
