14177553
3281853858
89820928
1393155566
15007149
1536791610
309396398
331588728
2871252064
284652079
17593585
627643648
377010247
222953824
2906546512
2353863229
1043498694
2209500158
36901320
1336773938
34906437
1384512055
16102244
242836537
709692936
562385224
193728061
148388714
3095493190
2440840122
473254859
44134773
18686907
84987407
17049255
166233460
312901417
1301928732
143424488
2911284075
1226241002
51630802
27740143
30935785
1128781184
68869693
1465738201
2249451608
342298824
19341761
352735482
2695663285
605657347
2803810694
472138296
385429543
14984637
267854863
2583920706
432771620
122174004
140519774
43963249
1206227149
1243902714
111635980
1410590874
292990703
23600262
80612021
168502762
1134292500
2592023390
29450962
394741838
14412533
36877205
69193833
2149252963
221792092
30929600
30043495
247334603
252249233
594351447
13491312
339822881
499435475
63879290
326260097
975200486
109025212
389840566
479872233
153919023
63169388
239905257
1080844782
1061385474
731167584
20260068
358187989
364423298
40260612
23978068
161791703
21965528
294371597
377652071
45898477
518661877
42649330
91114596
17632630
587685170
495566577
57407535
67076054
19290158
72168107
15846115
62993762
293062188
563934127
17871144
787643292
357912693
34310563
54244429
928205708
16588663
29564804
27672316
62578161
587642703
295899118
21228708
41445718
35465482
223871898
17044233
55370790
72198806
24913074
115979444
22669526
15954997
249410485
86697288
238259855
133832049
550401754
21696279
155585373
31128529
7972912
18137749
188019606
24195214
29293808
193732179
20552026
7004382
31611298
31801993
7356562
114607567
136300373
15727317
20508720
126401831
33888057
17157826
34971946
27653715
34647910
182786882
17153947
14551788
22970986
42625595
20563513
43930301
322668252
18257017
449492847
16221764
341856361
14752312
44362236
14246001
16097702
16737196
18197642
158569819
67075260
27792191
16362924
26754831
20545793
80944550
17171111
49842959
32374771
97503010
330592913
151963505
50325797
437048841
18622869
138479037
54208274
15108012
62827605
39566272
44942521
16717830
216337553
368852797
312134473
242859998
41363075
17844897
64415777
389028352
19399778
384412160
21754959
34965200
20244687
20947076
127973599
98673440
381152398
40302336
31122582
48096776
31863399
20287178
33576489
155669457
50452197
15764644
239949176
84119348
75052666
19338246
18723530
16303106
33944659
22012091
239561508
384392137
16129920
39562417
48723657
20815668
44177383
230994694
26776972
93781520
14135426
14962779
71028123
288571578
18641976
68249275
229637534
15932004
15782808
29128851
14602140
18805744
126051146
123337390
67411447
20713372
15100515
7972552
82649553
85396297
162069635
37656339
244123121
30313925
