20957191
40302336
2384410213
20433493
475294870
184562575
222953824
17566533
37047820
331862997
18983364
1325474258
3161469722
1932896737
2909713155
1335035731
567454109
230766614
38539327
2438801474
2333914710
109407025
3044993235
144909618
351736842
2548638937
15287435
234053893
85892107
348517566
106816456
2966570782
2962681881
234573331
2996124276
409506467
385143641
28584257
317854991
169119982
270033955
47782054
2964949642
1135486501
24913074
31801993
11809922
49217025
2295033751
42930296
25140154
2844627775
2833562286
5031151
20517132
899021156
215201916
155129456
26447281
2487489361
1488820134
355720535
462510874
1371962910
14498453
63179506
2720690188
2377741208
1344052178
29442313
2218163916
73242553
2394604231
28785486
759251
1877831
86141342
14173315
15012486
11855772
370808273
140519774
2572995327
142490217
376424690
164949923
634074399
1687367893
15934541
24983393
19740484
2369472740
68831926
88010389
2231875231
61915131
293131808
112740986
718468320
1074518754
1206227149
847987340
1571212422
89820928
1436222558
20281013
73476616
468840862
54208274
17539497
145227381
227378062
1128781184
69193833
2284324106
1531732928
2173347913
1115420988
23080711
250914294
41153855
257981057
1520851111
1098730902
517791743
2341421484
559753388
156442389
264478386
382183042
2209167343
22086608
2284194211
2244132234
50073507
15908429
21838529
33426860
232402153
344577027
1646378430
1556439428
142721190
23247996
14662354
347975972
105267762
1573748910
1973951586
193795342
95995656
14644829
48366585
1713448830
18309658
1733015970
46016028
1694932286
317866667
26872575
33963885
36681590
217550862
165280218
284892079
61280251
863374752
117656851
336160087
34831969
956406116
304018373
1674709026
464939927
42716661
868792286
147347113
36575539
588972891
600309144
225863100
25214705
15857808
291791515
1544114988
18056382
16312349
267362657
399114951
1202210624
326344940
70479199
75106447
296879224
422191617
58543537
17880546
164322849
343181708
350536429
346563703
16208097
599329617
20552442
160960125
219003149
15176171
74278074
229275538
603007170
300589753
77306948
168502762
1342861723
102503750
25430081
80890502
1335517206
21819182
21979307
134296707
136337303
1146712386
199386375
1244118840
1365767832
16744820
1013203334
1457354659
1261228704
1562147922
265108600
252249233
522648634
16245822
937933921
1134292500
36575884
13491312
24717526
22523091
349786735
1372581830
1564329356
21894502
64775377
385702678
59848140
22196082
93886690
563737967
768103208
233693291
22154480
65453528
950218003
1087063591
18487065
1002244244
557311633
16232676
598853747
445585415
108619944
1517383808
109375982
1254607069
1499261563
858646280
148041415
15387311
254217041
143875429
34032011
17967675
575524399
33898911
1063190647
33936754
584012853
876522625
38036372
16257986
21840425
47163481
52458470
117197307
1060984272
15972043
99373782
133419394
1278743078
1375850568
16555794
385708353
1444180789
428234917
125862659
140693860
601169664
1055685948
13918492
1315286089
24901614
31596621
219350591
103018203
404572363
937537634
1135385244
1430575418
287861586
309677012
867444085
15587355
59953198
59845021
476256944
27093629
10025982
25603356
1435678680
22527957
958081542
1430830393
950783972
17093617
352618976
182435992
885548557
1058717720
523781509
301070812
299846995
38453232
36185296
108541382
39384517
15647676
54723619
16613128
14615871
166252256
20179628
115979444
342863309
25169797
269829422
16160352
72198806
327669184
1076962868
44984641
39619673
259918701
1003281182
293190722
20002401
20943355
995193054
70805953
164007407
389038362
39288259
316722744
221484024
271972218
16804088
1065995022
15837659
58512831
160568593
18120198
48177931
716412157
476783952
28796289
15113565
16129106
8775672
106597684
10126672
31310158
455162875
19611483
21312961
27114180
60651165
254226686
1364193012
18697367
44673415
27251013
54903378
136550204
30216513
858926809
14180993
21130667
157102090
576971418
41939353
16261445
72741633
23565374
114049668
59467189
69027747
17478539
1077594476
373437102
14336609
278771948
499431341
47819405
18169053
288308178
242822727
394864198
14062180
241235374
1071840474
78005394
331455321
247419142
172156918
85948656
329761746
258422541
72475621
312134473
21014087
198572159
442408530
290164555
132203620
42731742
112525109
83691614
43756754
106830718
285907597
49708713
27069873
19024920
135623073
16834074
163751185
14851329
94902018
103027384
19918558
764898553
22202713
20552026
19407835
1330457336
18541675
37388098
488736183
1037321378
407878782
52466789
404132211
242892689
31563429
21213276
91180720
1051446626
41187759
162432238
61585965
15344849
245462312
244262882
108617810
64315514
240065426
981467060
65424172
1090279567
17445978
166705059
305483511
65647228
85356824
1099199839
76788616
20150502
369152289
251913817
275631795
25036155
875906156
22722263
286476728
587152115
16674083
111932837
17111045
1309550406
40331047
17626836
479973026
107540831
43275318
16189623
221792092
45408299
19214284
115710058
77816236
158398519
1347668557
56223346
67186952
68442170
30989224
17409240
43164132
26813269
248280713
7356562
26278266
148878245
15946841
15537701
359954941
23814011
19568273
22288490
45353321
19003100
28558205
18080565
185868832
98678638
101849677
108676640
56638961
57096208
247113454
80579719
125430468
273787769
328679423
239969911
414900957
48073289
106791920
1077121945
63169388
46710845
21909248
19356980
20531929
27027979
238017240
42656275
222124152
51160474
14587949
31158126
41445718
26637348
551256979
316165422
52419540
67393806
19069222
128645212
15909372
148389000
30393446
85365067
27086783
77279578
25673628
61605255
921548282
1072008757
23593446
257616992
4207961
42728720
188019606
1058520120
4559531
27758918
1257673172
64609972
26100391
728570616
26946495
151543424
15954997
17470504
19215993
108376246
51133736
334162338
146085543
459559739
247486443
114785533
227506488
216434789
14145591
58115655
37979504
246769138
23007161
1111713644
278660771
21268897
24239045
846397237
157421631
17870903
65965307
198657811
80164122
33530012
38516217
20109439
30668994
283102923
335996055
11856032
9130702
193787810
39779166
43920155
19541375
53110463
314946988
12133382
433647530
260396714
326929954
1270787660
68611923
140756261
122174004
213955304
16129920
84014340
1284275293
210931957
1283272638
19553773
1252507069
457962374
1259950116
21542518
733543134
246497437
30809782
31031291
117626131
12296312
31481276
41413990
18064025
14787969
20651454
1074508939
21254004
1276768070
17487795
143142485
20030617
82649553
277622468
192710124
56164159
7152572
228954322
321083839
78741689
20784326
19608297
112821996
136158046
17194244
24196431
138770045
125984383
63202045
37526845
521879224
24938348
83932732
94366606
517984098
67406327
133140722
78677709
250784170
403826954
179588796
74343039
1046657701
369845090
1252666400
22312552
1140648348
52112689
24750798
7402662
84735545
21163227
180106610
294299672
14437914
19382950
16080839
21872782
15361570
133832049
512174178
303041838
379570436
877473000
547106813
49749751
58916922
2836421
14434063
14298099
17761820
39838537
17525510
23227396
76388667
362311071
140947321
20174326
196266251
24957833
15669476
14505838
64590233
108378500
18508569
36270951
19195094
575766234
49422656
13028602
19236770
44659937
18594789
22650398
17090094
37035472
116893576
305381963
31395001
73181712
80935902
153797524
444374745
44298175
21704941
342870003
133454698
46808480
55355654
22669526
1080367182
583127113
35231076
20720536
107514329
61226587
24912695
16669075
17187236
37311028
53233975
43482905
32495858
3949991
319300812
61519009
46748848
46749992
1225410018
299915571
191203170
19719380
735170720
529720264
1220293886
16007035
24439201
65683938
382142737
249894383
33566318
135198713
204991039
305684934
301752317
1158442452
1061385474
44728582
158546408
201906207
87558757
191477653
27723725
17773367
32733098
29304820
77017567
71028773
155623673
16228634
36169756
61015618
44726014
108997223
19665989
80628196
22587135
135931182
122561327
594297187
23007263
167049677
35795030
186274331
375220026
292990703
952540201
43108099
31128529
59684535
26596727
301749167
193776682
17764197
301744581
20170207
18076658
53185242
82959058
15210410
151234224
18512336
89549779
44177383
17595958
21806381
16724633
60990675
22424037
15987296
116832720
432766911
108839478
33534381
541109634
16134203
14298113
16036843
85634177
19880412
254800163
16582621
59846536
15923226
1126225471
16210273
27048645
68928118
29876920
33681636
13358682
487818946
64808610
84318793
83922884
17346287
124163000
112763422
1092979962
81234082
15400464
326875698
1114496594
191225092
66173442
534405915
20756490
106465257
16249259
370683027
159591065
385081441
113530554
15955429
17491153
19109461
31065393
95682927
14873024
16981494
30367834
15533023
417554650
212304085
389014615
179562264
18791200
69792268
240800683
17837341
20172250
31525457
22261518
36463791
5336752
49827406
15918708
320440760
38546176
504962601
26608065
15330406
15367570
66476410
14862639
206406593
19259832
7113852
17641427
196824385
277302829
239949176
23965219
585818138
456845561
26659619
40923070
18572035
31212216
34393890
256113470
28657533
17435612
9300262
16853253
22012091
93876666
83668232
53929374
62930624
59851124
169586280
63262233
385673109
16000856
18191927
14240875
10069612
36123078
20437286
61853389
276178002
26813456
393562221
385588568
275149069
76348185
36771809
20867568
23835272
240809267
218292287
34632371
17492506
15251796
539359499
477257374
507925755
91153898
50004610
19097332
29820769
900733878
5392522
428333
2467791
3108351
1917731
19394188
15675138
8128442
5741722
15210284
234374703
60828944
28602948
153475306
228019505
196344346
43963249
32190652
35027698
43409523
33222598
21252618
79743108
39155029
136300373
21612122
90077282
16017475
14345062
50325797
15922214
12354832
12272322
160561302
14412533
991496851
121795745
282093902
21684013
78408666
1064206014
19318314
71403780
14661912
16056306
240760644
24773493
1072382221
1080844782
85850590
18036907
14149588
60357657
116539435
53827195
101816055
51241574
124073039
377251550
76711409
63246792
15228276
20205271
3952661
15476151
16191878
22696550
18999261
18563796
19469610
113278452
102760244
612117635
15446773
19418893
50099768
9721292
24757092
16291786
50509076
23833837
17490662
573968195
237511651
17090066
16399871
25398286
19629840
16129217
24934540
22818119
23101859
16221481
41350278
22528819
64484397
151189229
173978800
36201747
368123533
34877814
506510621
395976670
54642315
