26757562
3317799825
2978291435
2953494478
2951574214
2962891515
2962994194
2964222544
2930635215
2932617195
2964526557
2847221717
2696643955
2869746172
2862577383
2963445730
16736846
876891362
224830780
3192474401
191475879
59894139
2237798178
16262635
30486360
73356181
250680107
104606563
21706288
1536791610
585204962
15471040
18583076
3098741256
474464413
1715501
2966758114
2964949642
97252753
376409881
571202103
22040245
43578084
37521145
44733950
2962813893
2976598347
2914571740
2953974395
2953713339
2929491549
430130014
37865281
1908779264
76392970
21344549
84928555
775770896
245235814
861770113
21404093
1126102688
126037948
52180343
1006883785
19414469
589463790
23157819
205423514
15582411
15113571
2773711470
41655821
962756540
52516255
107146095
824068633
20738970
15245706
17051390
172131138
36078825
20186316
38530021
68987936
18683406
1662929678
518929720
15255015
14188896
461242546
23630008
33583496
41301387
21870081
97759840
4432431
20569154
15113565
15840195
31743127
2612261960
318531893
1531521632
2649890484
1553103054
28603812
6577642
177339742
49352876
260838054
231209225
397284869
21255118
161034257
29598035
14213413
29430582
82643763
222622640
261258724
191245814
20649811
44682276
14728168
93069110
130945778
21431618
342819347
23232204
15159913
14370968
342805933
76348185
18029328
14465607
5695632
1344951
8936082
16955991
21393912
20817727
24464743
24439201
15164565
47991586
14410652
19659126
18480977
7848802
15210410
52099553
151444950
16017475
9532402
326255267
18678924
250784170
50073507
160561302
21612122
33222598
17547681
361946552
19762131
80918631
167195249
75016731
174393538
102964739
37346577
18560231
11949402
15537855
28160998
958029000
21669223
42481696
1769551
19658936
13111552
22368074
14499829
27922157
86364947
44783853
146569971
21027715
6794502
161344057
65146567
912958562
1169292122
14857290
186668655
2563779648
322754909
16164520
73393866
84340057
52060506
378848483
1908143071
19929998
616879823
596425253
595767230
46146563
580191183
12807482
23780872
119375863
304043568
18031792
18956073
136300373
20468251
104299137
398088661
29235589
360080772
1264676082
242437565
15103460
15012486
9245812
9252212
11856032
15731751
1340974230
28558205
25562002
13850422
121901354
24195214
18697188
16815644
65106660
14870670
1408532468
14399552
1055730738
31534918
211743139
65645924
29473093
177998768
33600887
14630267
153935510
98678638
112763422
483572465
1673106176
2444124050
31195558
45947548
100030015
534951733
886841173
23223192
33510403
40356855
15641893
36783640
23762109
23444926
52428360
17594206
34374892
13491312
18907744
17289717
24804148
231841962
85365067
19349026
31395001
1405337395
19349914
20447793
19349488
40303906
344201516
14562874
24539426
25334660
19349282
9130702
114785533
83922884
12296312
22139417
17346287
78408666
22650398
313719282
28599820
234906311
14904437
27048645
14345062
772141338
35017909
40116885
71627462
46002396
19417492
109280446
7228682
108617810
1444015610
1623308912
14662354
19808819
17168586
22771961
69641276
546530652
19268706
1180321087
21434408
934871372
17596162
12354832
346781925
19405425
29819952
102464004
602153023
15584409
15901113
16930125
5496932
329153662
388555493
248837329
9567972
56749157
220081296
885149478
12577632
19087460
26051676
42924141
240393970
249339682
281540744
314335929
402719755
584012853
851621377
960962340
1058256326
1074101017
1074412920
1077446982
1128514404
1131917492
1289319271
1467758983
1849261916
2253968388
462169232
86129724
249254770
14266331
44631696
787419301
165877120
7558582
91001162
23453250
15212187
18726666
52779839
39155029
85634177
35553764
407013776
14597239
4816
14706139
111627001
16228337
825687307
74739866
18815880
1169633580
279699335
102432859
196476301
15811342
34402366
197183834
73774967
50128726
203158279
23325965
45211044
19088916
176898314
216855513
1138688364
31605470
78418851
90077282
135575282
79743108
176603549
57337615
221083521
606765522
43409523
368540082
253186499
1327571670
67003972
265949068
19216998
25709609
160983113
114782468
263197731
40982362
19001671
14802885
1481431164
97696782
292092958
28138265
65981979
18058609
90405702
237504609
31542425
94617521
93965901
538509289
44716772
21213276
345454327
821788778
1454350658
481326300
4119741
29615978
214151031
14253911
1087928923
16261445
138809881
62613162
1329476520
61853389
14268812
233696188
18943752
14276189
997684836
106597684
74164455
27234253
133832049
249410485
108686283
67346950
1222257180
1260172386
23794763
151963505
20179628
246357149
15891345
108376246
221792092
21927612
47622089
30912937
1305596696
58999754
476209692
917371014
246457676
36162570
24015963
1025653922
1430543952
38737676
912608010
463132556
295685416
586671909
17198100
26820795
162069635
204386512
38733200
18023140
28471924
202270507
23272358
23545862
474232856
16373913
17079621
19401084
18720830
20632380
35131348
54943732
48449654
21915043
1491140690
52749272
40899095
17161751
44458614
26653478
1058051748
82453460
1059240924
382349834
118747545
15361570
21694244
368472546
613725908
83978119
34622704
18146481
21301933
21406834
88048448
5693842
20733972
38518773
37666984
187217792
109383605
17520304
33750798
19805496
240790556
1058917562
60828944
942156122
106776691
24913074
29201047
242418441
250188760
1564371
242944499
62925053
263936580
112508171
272395158
112283476
33563161
33919623
147725246
109287731
140519774
25521061
53680074
111400999
48385604
518644221
14677919
76702265
1652541
5988062
26792275
14620003
28134618
1767741
2097571
108424611
1877831
83901492
234374703
25520812
69438219
25330246
18695134
21111098
264219447
19028248
1096059529
18061669
57065141
211588974
78403308
382791093
262756641
1071402577
291756142
19726613
212262370
5558312
73303753
28602948
334053327
229592356
555474658
18216752
600463589
538185166
221162525
28811251
376868383
45604374
242836537
29450962
28347854
93687723
263815367
69620713
25101996
133747127
1074480192
344486614
1180379185
344502901
16906530
266084180
240434931
18137749
15108530
19401550
132201224
14940354
28162128
59486068
16072676
132912934
45732580
12788332
104446737
142801906
33938170
291770088
62847435
41445718
83690398
24903444
236896415
259278511
75367781
239695107
39510422
109371322
18873711
186881077
86872874
181969496
84655219
297105193
140090891
15891408
85396297
30046076
234573331
252868645
224391627
17915309
203270781
328097109
20461521
52839000
191225801
314990552
14726357
33739124
347007344
46155802
177674044
382331790
31285973
435888949
13067732
44900926
14594671
27920967
15895873
109579534
33301189
122207745
491429605
486923779
20912474
193872188
84119348
97171189
262420681
166943853
350986820
22008787
557713978
419848070
198911018
300378623
186647569
40407918
18919594
37714262
25391694
60452945
186635139
17819885
138135436
47219098
171201467
29319731
904117800
195816455
423146699
1009254397
886042746
1050797035
26596727
8726072
22183141
1064526121
111352759
950328072
14730894
1072585873
1094275046
114511421
425889480
432766911
278748088
30951384
19245431
40899305
1222968157
1223182314
83932732
16424044
276801793
188880550
24802374
727242919
586730005
932446728
1092979962
7356562
82492398
15693556
1089334250
1069124515
46023955
11651202
156975310
377517489
519633486
17494094
1442464350
39308549
26324609
18056015
35829796
22509548
28176898
198526130
18317325
20053279
22528309
234812598
299883942
234822928
237944147
249219716
21206042
74559550
136667291
56282170
65919549
41634520
312800783
156703580
10691752
364564017
145398921
46436391
92345657
19396965
44715382
402029058
13218102
20192403
23121519
51241574
15918708
52503751
17487795
135931182
19069733
20608910
14412533
14667621
191613738
15210284
56413858
88806753
21220931
296361085
66369181
239964567
9855382
31127446
90484508
46557945
30313925
10168082
14246001
18811140
51228911
27472079
19107878
241207373
20467163
249288197
19139963
16827173
18915145
20776497
576520843
15976697
15513604
59676104
5336752
104598468
235217558
16031927
15450996
202206694
733751245
21157904
254082173
18020081
47975734
20252855
35218566
76649729
18059870
233737858
23103488
224320485
15075999
17546958
8775672
960696949
88784440
21878458
69773058
155669457
184136149
37764422
18313747
16371887
35474809
27382597
9624742
229966028
21111896
52070270
44401911
131204770
59331128
299802435
166235477
7819802
17907987
266830495
107441863
61220477
259395895
15399512
36452050
35027698
48459553
76132891
551195347
21010214
191477653
10126672
26946495
550401754
345158526
154985728
18963809
43919633
19576571
28423263
48029066
441346527
473083505
24032168
69612089
30864583
147711469
52052011
26040944
575658149
132981804
161411080
1246763515
40271353
28264799
197496309
169203819
14984637
8036392
87818409
11855772
14342564
26574283
16669075
360331710
454313925
39879120
16100257
126629610
26808497
1065995022
968650362
1071900114
1072008757
32359921
1060487274
1072382221
9484732
136550204
15754281
428333
14173315
807095
28785486
92592269
624413
15110357
759251
16184358
23484039
28140646
34713362
4898091
24443284
54900089
15396453
14839147
40093832
222177693
68739089
228747444
1079954942
294986812
29515247
19658614
16032925
1754641
18646108
112047805
18805644
14659350
361280818
31191969
16097702
168295477
296060169
35002876
34034594
20115740
1092757885
180930676
17517369
166659418
1304301380
559021776
114756202
191253146
1209417007
35418596
1330037756
114388293
26732654
31617378
958233200
28948807
19614674
6853912
201120849
18773159
40277427
1155212191
18592146
48014131
20546536
266133081
275096699
69086398
6708952
590324519
16334857
310380814
86141342
180251715
233557728
17527916
1137600571
191234002
11379362
24852012
18229117
602151655
32535973
63150856
1069210506
292694891
423063122
373601625
19519945
48115928
229206852
34367389
747876121
27025859
70775228
27021157
31310158
36367676
32592858
976969338
166990746
39993708
48808600
339822881
49724848
180041607
431580008
281662578
198336506
237418907
36676406
53790103
149304814
773407879
22873107
465720399
126832107
104823965
41187483
176555816
119372054
17493398
79201552
14007532
126401831
56440142
15724082
245412130
140286364
78623653
1045853744
1048784496
1051446626
975200486
1058345042
1060370282
963480595
1058460818
966442267
935033864
993153006
1058807868
257661436
158694018
16729099
20957191
208155240
20402945
331161546
25360971
14823343
8839632
34310801
30043495
143584674
322603418
361342191
263367589
22203421
65212470
26604904
390176029
15923226
19432427
186666607
16157855
113561568
24805198
26091641
167611923
186644838
25505788
46176168
27311044
14529929
21916557
9852432
15101927
21210420
6817432
47971971
20492360
219429281
48764383
41657673
58486520
16225298
18680323
27015055
188894564
33556614
631104770
26777550
309679834
65170886
17352872
139782438
94475540
22263651
23126875
24989143
225539878
381152398
22012091
28585586
306364332
19611483
158467883
278145569
23944659
544371493
19310163
24169451
54657064
454135456
69428683
163958672
26667113
71275139
15134240
18983793
278551819
1917731
167190503
153569256
38353028
67713407
7126672
272542662
402315462
282093902
19354800
125761765
22508473
269084357
538553513
246497437
295830518
101377674
525797206
147606856
76163900
418134950
380581302
89245479
352534407
196290799
483155330
248850174
119421841
234057152
218349372
309267226
221394881
301549400
28616612
171154131
22693939
24800640
89773107
494159085
167183570
84079993
353170762
24130235
216881337
225921757
235258843
24905240
201079432
10615232
161743731
14845376
234937222
16256269
111635527
168320194
168507106
110445334
116820540
16160352
245350272
398954555
64813814
140573575
140537074
18963842
430105075
334841811
30170812
209792690
15987296
15675138
78369108
154591966
29766367
15922214
9300262
10840862
248699486
217543151
252819323
17599655
153149305
18164420
14625398
19553409
85606078
11856892
17993906
21619519
223970563
14587949
20520192
165561419
11348282
17841740
254648944
47969454
17825857
163570705
188535896
61028553
62932775
116794706
260396714
95245399
22804858
117434676
242122984
141749281
90059826
260276311
3108351
22194540
33777456
71059495
24043872
28491634
138642711
17074295
16429852
21876825
11161232
19915251
36695454
25352433
37476743
110538332
75104117
261762343
29478121
16187637
83436796
115410041
17896154
14480451
15745368
27763028
245799031
18085447
34934418
25555522
19349842
19349610
60965402
45932530
282610765
242926427
250288476
32499124
18767506
89193992
17137438
28143682
18762518
19514344
55258398
21765964
15651634
195771931
158496234
66472036
58852499
96856027
21418923
113379683
20713061
23258618
13058232
12925072
22831059
234053893
234022257
18916432
23712174
240376522
17513304
76350004
193794406
240427862
16102244
17976923
5561412
37920978
234837632
15160884
221793778
15356407
17800215
8542882
15281676
237862972
124224165
233842454
233949261
242761889
24735461
18030431
15751083
12726012
15856366
34340464
237312687
115111016
239905257
76966145
26424123
19926675
24183358
19929362
18566912
74198348
22055226
110545675
55677432
84620376
239561508
114607567
244268646
233761277
48117116
10102032
235312723
235190657
235251868
240385577
237348797
15116570
242376736
117777832
239871673
240363117
22527499
234128524
15985455
17544524
211901075
15600527
23951197
237814920
21660348
245408102
236487888
20015903
233695891
18632666
21269970
75364211
133439172
14344823
20597460
18217624
17078632
9508922
19394188
23976316
20097342
19658173
15184327
22097670
31947242
13100192
22797914
23245065
21678709
17004383
18941566
38812075
21797251
37741241
106155059
104538559
38503703
38298814
6894852
17889897
246341769
18967498
32010840
23124635
21329888
236916916
211420609
20796447
211530910
15394954
32506723
190328374
234797704
6577802
137407124
36654245
235719973
221447516
237403203
37094727
14275291
23970171
25086658
70756980
33655490
18166778
237750442
27676828
36421578
26778110
213634439
63073834
236899846
236541422
20088666
236479311
20209807
237781383
19407835
242873057
55235265
63650107
18277655
235271965
19616327
22545491
155642785
77250424
246769138
40318829
54412900
50152441
102423267
235289157
236960387
222286905
18805303
83603750
21572351
237763317
234469322
233693291
44177383
16056306
229197216
24773493
240760644
37007274
78431501
237299871
76452765
33977070
224294785
21346398
20879626
69160674
60984835
15207668
238321369
15613664
32545745
14861004
34023198
107125748
1367531
50325797
2467791
7402662
20701129
14955722
19739126
15428227
18891923
7713202
5357812
