20336988
2835627276
700332367
52508149
487921424
2266488217
1901034710
2241030626
2811571644
188056033
1585849596
2800232600
365202922
33572934
2535175434
784787898
2666513846
2666591852
1488012564
2361452546
172746577
2329796636
733557918
2519029141
2573129324
53417856
2508182876
33585441
35829796
35749588
237348797
18253799
1601553546
59307126
2400371430
2280754134
439386567
1534083151
98535008
27048645
2165815802
78735995
37678900
256686699
242926427
487553158
2415997424
1209396378
2364330535
2375878375
77530645
217633903
193794406
59544851
96564638
2359586011
2253968388
237862972
567531024
233949261
23558059
2285560218
306252276
39412988
554167203
450098046
602188945
1947872334
2217155360
20077515
30204115
1365960883
1860769386
857039270
1968089894
1955379788
872125560
942156122
33977070
1488543996
1488002394
24032168
64781315
156384915
31609366
1947262081
65058976
1909347722
751606897
23192378
14246001
180469368
1950185941
380432633
207718180
100052461
1494535507
253145420
107210575
1952192186
17136395
74164455
304816404
1951662204
915319428
1318703821
320837515
240390782
549374169
1184428548
403427195
17139736
15487499
1952309425
1080844782
86129724
102778565
151163235
81913058
140207789
1702289455
14061161
1686902011
940158817
248438452
1858195591
1277688396
73496753
838324748
23634358
19133647
298773555
21608414
15429045
75057022
26176718
61100846
1685763589
18348169
930640554
67730063
371229607
1148764183
46554393
18773159
333075321
66774625
192056702
124255015
109654925
13315272
256302951
759684074
543805524
536922295
78903946
217283093
1278468260
50100198
33721661
1403842638
1599341023
478135951
26076899
186185547
1194890239
15654509
26777550
1658523080
115404304
48486324
41736393
1430692574
84181532
887964222
18317325
366105852
39279393
1653198044
64448274
16874915
1355151092
915928801
154358580
27730278
17629083
271512609
23977393
97718424
402719755
182438581
126108160
172817479
505961601
22877448
39436511
25387471
30139506
41371943
58563695
226971754
762162194
58829146
251151594
26859662
164787781
9793302
76427727
77286727
30039524
109384881
17326124
74241085
21626186
67338763
361469182
28204591
54597440
15160884
20454896
726633056
278093523
17163620
18805303
24773493
61262292
18459470
16256269
17817408
295770373
26884501
44682276
1042809492
158945065
325979866
523383113
37939494
1337511152
561394248
148083870
44184539
278145569
52848805
28748109
14980597
17150978
50006892
64834590
7935822
250888920
586641007
1037406380
49320349
157100139
86088922
209636904
18888146
83876750
605933041
50189730
459533330
36585292
468658887
117192032
14630864
151628880
84613359
1129228046
426714089
246537201
217150965
28389621
49661271
245858916
144986277
233290047
43962644
244268646
276994979
227046073
66055721
114388293
114756202
20957191
234573331
38833974
321439366
15105081
19002357
1056117000
227088228
1369883683
242772524
17072306
300349761
1086625842
14587949
500126002
1482396770
145265163
21703165
78408666
15917384
1221209761
24295890
126043116
71340290
128360328
235217558
38334897
389017497
549862794
234906311
156703580
19040296
1483267465
395498077
745242180
15394954
1305596696
33655490
1444015610
234812598
22831059
65127833
269896114
209330934
37920978
22983028
77032777
236899846
18967498
19658173
234937222
239871673
16102930
237763317
237814920
198526130
234822928
234128524
240427862
237750442
211530910
25954710
242873057
236916916
248699486
246769138
233693291
240393970
338840500
281540744
237781383
1467602034
246341769
21385591
1137600571
1299995892
544469157
84164789
772431157
28031353
31211879
29239764
80877440
103883063
15428069
997463209
16352947
18457976
627866520
97276781
4432431
235312723
65062291
65152421
733751245
1218778585
360688550
20742907
453356330
1090922622
713463792
17324173
332061823
39141437
355673476
22737651
131047821
1205571876
116364879
15427899
205899018
58545880
246478084
29762756
193409636
24121214
188000263
455047965
213543722
331861512
44526628
50365434
20104213
25121786
109033551
633866897
36191963
21653602
20022126
28409874
18332915
22444670
35824238
547220257
15211042
18915508
17594192
15987296
1058717720
1209417007
17800215
109297698
17577242
41376225
52060506
555473643
59142738
1230675372
619059917
43958971
1072382221
1058345042
963480595
1072008757
1065995022
1058460818
1074412920
1071900114
26065730
975200486
1074101017
1071840474
616414715
1089334250
935368364
912608010
960696949
584012853
968650362
727242919
1058256326
950328072
1027156464
937723303
11651202
28267055
1061029050
1049560476
631379984
20015903
976969338
233842454
299802435
1074425119
23527035
15675138
402029058
1069124515
966442267
23103488
240376522
397457512
237418907
16048805
15281676
80628196
22528309
224294785
19446193
28176898
61296994
229197216
16032925
16187637
34340464
1367531
15116570
219010139
30313925
117777832
237312687
1051446626
27676828
217543151
7402662
235289157
81924998
23124635
20467163
15428227
24735461
79275421
155642785
22509548
233761277
234053893
234837632
235190657
32506723
373134565
18811140
22508473
12726012
15600527
15856366
109679814
6577802
18791763
14189016
18217624
29216764
296361085
1025653922
1058807868
351133674
587752751
9300262
19553409
25384238
119445563
15918353
85606078
5561412
270453630
90484508
32010840
20088666
413340343
209792690
14602924
18566912
190328374
18079519
18028266
3108351
23970171
15922214
1917731
20733972
460376288
14344823
19929362
22545491
17976923
69773058
26487169
16045956
50325797
17810394
14412533
18166778
23612312
51241574
2467791
105228034
19403006
5357812
18915145
41363507
451686407
18646108
3135241
21269970
21806098
14845376
26283587
145788116
235251868
124224165
110525930
15745368
85885154
297552072
18916432
18277655
428333
233724961
18743414
1060370282
18640821
161743731
23976316
15207668
935033864
960962340
993153006
17750110
50848248
39510422
847907646
63796828
1045853744
252819642
33818820
24735333
54877809
933602448
571816682
382791093
19739126
18891923
13800812
75037567
41445718
7713202
37133601
31524003
393342105
