24081891
50796680
29143332
80081403
31893056
18651232
17627143
15058997
327794592
51241574
81645801
18908956
74239334
19090351
15914777
402947852
236017119
545601030
263296063
212293372
448538403
224711962
274726979
85850590
18193994
90694463
1868550151
23789694
2269618573
141565552
106551041
50298188
14957212
471753198
160414360
209800843
250384075
18656428
16073639
481284818
18460534
3279398308
3220808474
252819642
3044993235
627864602
2966570782
2970279814
1263308732
504789908
14377605
2796155975
49217025
390964372
34376640
599119869
479872233
1262814457
36681590
589474360
620721968
63262233
402192924
17011177
16072058
2363351671
1641974893
57237939
187984689
1613223313
144909872
622024793
249465201
2293131060
57197007
701725963
145677326
158727653
208736091
25354370
6708952
1045853744
70469623
163598915
154646414
1465196934
475988505
1268071387
906782533
617421499
937801969
14536067
517152757
59481802
2163973039
16892567
219044127
1485888990
386244525
193484225
39155029
14007532
16018516
108617810
80617430
72403043
21252618
78445977
161791703
19173214
997684836
11771512
21220931
19739126
18891923
7713202
59676104
54655707
114878028
50325797
40260612
1137600571
50075761
386062616
20179628
22508473
31122582
22781010
1694635333
942156122
1222257180
15754281
29244617
19055721
13567742
820196984
270604842
199341037
1135399020
11856032
136300373
2467791
5919792
1601549102
1012079510
14529929
14246001
1135486501
15474541
17002540
18917501
16311797
3108351
485907537
502202368
60760196
17167550
174875507
90490354
93727818
606944382
20031219
18023647
14326865
239905257
25399731
326208966
19186003
175098500
89290300
16170391
19739026
14622091
18956495
242944499
19543339
44783853
983872069
355906128
620185037
240014188
51520631
377949581
509195875
33530012
131144091
21968928
54208274
1604366701
30313925
813286
22139382
16258436
24769862
109461719
36968949
1080844782
16187637
15208020
272710377
28838793
1134292500
6842112
20463615
16546004
14385076
17220423
19155709
254545859
69399901
20871276
1092795962
31594406
1132160929
51228973
80748490
40644450
27033939
1069993266
37590426
1216828100
131096207
1078605926
414221809
28746608
18382184
417411202
1395460302
632144551
19608297
15907432
259918701
29802158
26061792
32774989
16957784
1339835893
38507478
486077978
281593711
221484024
466293414
465857333
888200960
151963505
384913290
234014087
499109830
785414496
36686040
115979444
164369297
1083448909
1074129612
242892689
84119348
122174004
384392601
208692908
1037321378
24913074
58928690
18696134
20747881
30216513
33563161
168673083
20545793
1071840474
29501253
364415553
108376246
312134473
305216911
305620929
1089859058
267854863
21312077
56864092
155669457
1206227149
14984637
34972633
292594517
236511574
20552026
1155335864
74508260
31801993
227088228
342863309
23600262
1055685948
1027156464
442824717
1128781184
22669526
1051127714
22812754
385429543
132201224
516880804
150724371
46016028
21406834
1072467470
258900199
310310133
221792092
1055730738
267938462
1009269193
248735463
404132211
18909919
1090002997
112740986
581141508
24745957
467823431
80612021
1071102246
389840566
16583468
111379452
31611298
33576489
235373000
339852137
36948268
28602948
111635527
156333623
41017380
88806753
1064206014
153486399
1080509366
48086014
249348006
164007407
14135426
1058520120
39249305
153944899
109025212
137794015
140519774
28599820
252249233
787373558
210926192
85396297
245451804
22523087
162069635
163570705
240812994
23593446
193732179
263815367
199325935
237770636
292990703
432676344
1092979962
292935209
29293808
558769636
15954997
22812434
250188760
242555999
970207298
19863977
8128442
76456274
109287731
16789970
486694111
20597460
293131808
150078976
132278386
29201047
18695134
234374703
93761782
242836537
413466731
172858784
244243985
92186819
1061029050
1099199839
115733549
72198806
7334402
476256944
247334603
216503958
1151590614
15324851
171598736
249787913
109071031
117501995
43910797
15939889
278124059
224285242
83901492
346637907
78408666
73413771
71028773
1032290077
113420831
231510077
20384533
19396560
15724082
612117635
303861808
50452197
29450962
381152398
249410485
7356562
239949176
17358507
111635980
82649553
63169388
38254095
161411080
1058717720
1055907624
1058917562
1068499286
43963249
1060984272
1077121945
1072453910
126171100
937723303
776664410
1068470480
950783972
24195214
15361570
20002401
18137749
138770045
325830217
133832049
188019606
288751432
22012091
15764644
60828944
19318314
21401886
