84382289
61504696
103018203
24198959
169189083
177427007
167024520
747876121
28652194
222622640
15463671
2312829909
16129920
89820928
18227519
254117355
21619519
14529929
14412533
86129724
407013776
12859772
77032777
46557945
398088661
16930125
136300373
21252618
140286364
1872111518
48485996
19195094
78694788
362468369
153197779
263685349
61574117
60925424
18825339
575877053
21870081
161338306
52494838
14434063
27872831
18671218
289643326
65525880
3086975121
2927774277
27991457
34274380
1446268946
2262836767
46165154
389028352
46180114
19339778
29495345
350920075
374569845
188417388
33248276
2734713482
119110363
16516167
523361295
89547441
116099364
59012899
20679432
2240961973
112285177
102767865
1732651002
93759080
164710620
3195480866
1020135954
234558058
2997394118
404185484
1357338145
2646494184
946363056
25689501
106624174
3093283883
26550005
133448051
3554721
410282266
1915470624
38516217
97739866
631478663
862430010
40091982
231518723
113523341
67389102
3135859436
334825098
2805928220
484927010
29198860
195736942
1513401398
184925492
2478606366
437802482
2270744556
713505217
385037555
2977033565
976655107
241041648
274656068
48360726
606552845
28670259
469311001
373373336
23755354
606630684
3307135840
18019555
2598288674
21297975
24686006
33578432
15443890
89560236
48269483
63262233
705587305
21314814
883107948
23648179
59843197
196748174
31418514
15935383
1517314526
17944671
109663580
32488919
1101436560
2541565302
55018834
116861447
3236881817
16210522
72884238
400307692
15855331
2546207101
56788628
2321746670
557768645
49638419
1710421442
53986412
357648167
18990471
460364759
152866991
36683668
374019904
389493267
9109712
337742544
2207588833
325581008
44043034
53184098
81121879
11348282
73270807
61583656
543637744
16878156
26538229
234826866
36719281
69231187
14159148
249677516
369245377
161023696
160946337
57625403
12133382
14505838
14615871
76348185
140457196
17629860
13393052
221135570
115749048
39384517
16613128
414331122
44034613
16245822
15134240
208120290
278776049
33998183
16669075
19658936
50683217
161329769
2248872301
28576135
612896910
23092890
16057477
97465432
3308352436
18736652
552985513
454313925
14342564
46648807
18221780
19112923
259403099
20867568
156969952
39812424
20436059
116505994
2834385621
75367781
17494010
29201047
9855382
1390186333
61762853
43920155
193420441
21684013
84144632
42692687
165885518
58562226
259798639
1365305480
23489557
18062030
29334898
119114345
2559051865
39583267
20524416
170133519
3134727310
167043543
24171728
871806804
821747250
376820355
2375906167
2669425165
1631388624
455728447
2483024884
1897479978
485945876
153084724
2793208877
2364546638
1488587706
790674265
198537391
2802293165
208140224
2970248818
166223058
54658665
54639909
2528241908
23454060
2255764242
2696620722
353636952
3092429195
2279772191
3255221707
311386567
15298502
94834814
146568513
563885202
202646145
2151575330
404207687
3123260205
378089318
7402662
288558371
17539497
50196144
2326147819
250912539
34402366
135931182
2375449098
2853591231
25747559
415039428
1712989190
937161301
59577517
109388418
16594618
248992212
104561488
331403943
141237751
24882273
19001298
28173504
708482580
54424058
1554579348
409510442
120188352
1098375013
69880802
158450854
8758282
50425319
62539479
193443431
337214453
1148210443
3237101740
3235272084
917644656
88680484
141268666
492570608
3120224726
298018860
590060558
2286880020
2279576846
26336913
44722598
946601623
274714964
80628196
2820008595
935594107
479213915
72075726
222666657
543424384
217065550
153149305
325146522
1732238377
16000856
15854702
41366385
61825122
26441991
14695985
86932902
21146733
196188299
296326450
224772042
74829020
18191927
28796289
45573874
193707982
14240875
69091913
174793500
47402168
256493718
248768262
10069612
21102126
22789766
41655821
61369765
21845498
18967498
3027286779
198532943
1536791610
127605667
386507775
18169053
17045060
36972997
17366486
14848513
14207863
14199378
120176950
177716773
20179628
110541296
1925692956
1886565596
2934286481
21213276
66369181
15647676
393562221
7152572
20064236
30231097
167434451
19948202
1195343436
70837868
314216196
108619944
18777628
39580052
61853389
166252256
20437286
146569971
418859255
2458563254
538456752
44783853
393505114
83922884
78408666
17346287
3224607304
80579719
65900330
849186008
32449624
18218143
44891352
16429768
1690716258
63783999
28396201
23622615
289418252
1585753992
1259391878
2557359451
39260864
606501384
17288150
337571997
1679590952
16185450
774803011
193815092
19711765
63966574
25517883
264248108
82406261
91119042
195062516
44750613
43474974
18199741
851127229
930125762
44531968
1668318475
1635847478
78042526
56787894
1264664077
1205752141
73735280
624704722
39544864
15856132
15147370
249692222
27083053
85975340
41359023
31912074
46103871
361616964
1280573660
66717406
286179383
714801763
319646846
2312883122
80854243
3029424209
621299222
2841338037
2606160367
385452338
21631354
399703601
611285950
13488552
2451759518
1134985088
382235939
64882036
479731805
58488799
632949390
1944072716
572022637
212272215
863204666
29726871
274619046
1517219371
74256535
22490265
460234737
21724650
49717316
2174077896
3305816392
20243410
20513287
869226626
1009016930
267340409
2863913040
2602287215
3012414237
2755246824
222277876
115358931
176954573
342200094
82218485
64012177
1380276079
567249581
868080799
2838163361
65770205
21870520
293630099
17326199
2513430500
819653389
1089882822
346867212
2301673591
130147044
460557501
241235374
183767243
19670226
19489239
24506246
292936681
59182739
405040895
95929092
1160968735
127541045
31161678
92586415
275589409
1155317912
9255542
5741722
14062180
14345062
428333
15210410
16311797
17487795
243337600
410216127
133872807
15922214
253604734
19186003
69044804
65651571
3240907120
19828037
15467215
2836421
14304462
18510738
2174765982
23632864
20986744
158691443
342980966
46134709
2168593340
31017619
292598128
2306860242
91639546
15360434
20083388
512314817
305624398
1599535267
58831220
34140286
19111180
53157117
18909264
20531196
250318997
525728817
30025326
19729064
18222066
2850189129
29324336
22690358
219085830
1157860770
1172512976
236151008
18911601
292529032
23982425
478726880
1596390938
19918337
1157872273
16559770
59123957
15763299
14324552
325084231
1944014588
158990537
794544548
43853117
2459581669
27653993
411977860
2456732167
419010306
1689144032
331727291
762135822
1618965481
473321728
17086537
798223170
43117044
15932001
52065935
124602260
500921311
2283762026
59547497
63736736
21568133
1087889095
1390840993
21906187
18941920
136538953
8700222
29486952
1618693722
402209174
920916110
2584550558
34121523
2214280544
2457235448
2614134704
287759295
330465870
29073744
861808549
62907908
413612438
21939878
76328395
1170448789
197134576
259164139
27041654
145094438
32211078
1872086144
476790656
1872457963
250868109
22017262
244160739
477087328
832650660
32774989
85892107
570304971
67378554
34023304
15840102
107136502
41645106
59651496
313881267
57519500
249813426
21760755
22703405
17150476
31599456
22787142
1400796547
18699438
23078279
421044945
125374857
1439195366
59333936
35187768
413192096
1163006736
17309722
187682290
23578860
173955306
26030962
76715076
1855328768
16244789
21121491
2878048587
1581289837
407315533
191394730
43902506
1615463502
198974997
53217026
62081232
26585095
17137628
16834046
36771809
297466603
28091926
195838034
1092818389
27962969
344749616
223732691
625221746
20517132
15113565
17409240
633790756
2772003337
809700864
16888571
48366585
29314926
490859408
297473657
16845234
29733893
2161082807
398072588
1433440226
1149189024
1554224654
153554238
153558139
69926022
17789578
113659684
19719380
16967845
17006036
2475979513
34482558
18456013
25900803
247485027
60979834
63310462
14081133
29279124
23513653
107497796
167127902
432797602
62534885
263402927
64943431
490253643
59612459
19224100
59238436
8624752
38681698
34674857
61277489
15524229
281580465
19988714
1667769816
2730150631
23970171
20467163
33655490
2482022082
26051676
236479311
281540744
25086658
1058807868
20209807
1071900114
1061292174
246088673
22053641
247486443
19716781
208692908
294084341
30929600
7004382
151963505
30912937
384913290
1410590874
2968451607
36686040
1262814457
193872188
164369297
1083448909
1074129612
1260172386
84119348
122174004
82453460
1037321378
18696134
33563161
20545793
364415553
108376246
13491312
305216911
305620929
267854863
2970462034
56864092
463132556
34972633
20552026
1155335864
74508260
31801993
1134292500
23600262
3122099613
442824717
22669526
22812754
516880804
1072467470
19318314
267938462
510516465
1009269193
25781141
248735463
2863006655
50452197
18909919
242426145
242892689
310310133
1058917562
1045110018
232992031
581141508
467823431
239905257
33576489
2433737761
36948268
156333623
111635527
88806753
153486399
39249305
153944899
2970279814
2968007206
995193054
937723303
252249233
789244177
432771620
210926192
85396297
245451804
22523087
162069635
312134473
138770045
163570705
997684836
2724095695
231510077
2293131060
1880674038
199325935
237770636
155669457
432676344
48086014
148453195
231108733
558769636
21312077
15954997
292935209
168673083
24745957
249410485
2916086925
78445977
2962868158
1135486501
950783972
28602948
612117635
2964351843
2975350155
2966570782
3044993235
3018670151
54885400
19611483
161411080
30216513
58928690
29501253
16129106
10126672
8775672
36681590
33600887
128645212
551293515
418218528
2794374069
3300649631
404132211
59502660
16337366
18021496
31583882
236279233
16933101
21439271
19308959
19036660
21669123
114785533
22139417
85365067
22650398
27048645
25430081
94000180
18802261
190341547
31179862
27978179
155987003
355618405
462143773
111635980
18021113
14633767
29450962
1071102246
1080509366
339852137
1061385474
259918701
15923226
22634520
3091316093
15174710
2616173480
15298971
147799644
596782151
361619939
97684070
2554562028
2303203710
64824452
22495620
15769327
1424243635
17872692
364987445
187993109
37778989
246997037
2962681881
2792540601
39592258
17355480
1726628515
50310311
19918558
15384023
340613443
101802390
402482624
1375441200
28585586
2592023390
937801969
7860902
72198806
384392601
36934767
21228708
198521070
63169388
31122582
74294786
151519500
80612021
132201224
240812994
233783568
33530012
246357149
9624742
15649433
291903997
325830217
15012352
16789970
385429543
1055685948
1068499286
1055730738
1093090866
16228479
1707321486
1243902714
14377605
73238146
8953122
2272531993
595515713
15007149
1339931490
787373558
369505837
27860681
1861751828
970207298
20609518
2382117350
1071777608
14499829
15675138
1917731
9300262
2467791
3108351
1652541
51241574
15210284
14293310
44039298
14511951
31128529
238259855
16529278
1411034240
73181712
32520240
155062488
141647098
23201727
1051127714
1064206014
26637348
586671909
77852581
193732179
117406876
566445645
105281551
594325449
99811678
35829796
61200555
736026282
17770086
45005713
494583213
1392282998
168502762
38254095
50344283
1548827132
776664410
17011177
1090215540
18963809
267262235
1427981467
356837016
16132453
16204816
20316308
79849331
1058717720
15049232
39582911
205300902
18955079
293596175
474927729
44480032
14246001
239949176
14984637
16724890
31611298
886866950
881942408
16583468
381152398
1531521632
112740986
72874929
161791703
130514819
556956212
128246602
26427202
816249398
16666144
322620656
31465599
455089092
526993216
1206227149
22842014
718692223
90960716
24887083
20276161
15987296
202223605
29293801
18925538
16351765
31076449
30900072
54968197
94092217
16187637
20530177
136550204
1342861723
1330457336
17744939
122603223
942156122
110111453
1259855624
68397636
83932732
829763688
22945451
23593446
316165422
1090002997
1222257180
7356562
158398519
22194437
26534343
14385055
18648609
157077177
18728203
30289879
20201303
195898152
192033899
22077368
47694175
108617810
54360609
19608297
326929954
61206798
97058240
20597460
37131364
13028602
1278656377
478980948
40260612
17198100
40069846
354536986
15689319
37590426
31321199
64420220
82649553
161801527
14266331
357684818
16261445
15606755
804673808
11527072
20052710
21702666
23660013
15778722
18993707
1080844782
119250381
56803172
14938312
412360172
50462822
37094727
97503010
1140648348
50325797
19051325
19156536
14275291
218351292
299484753
249348006
205404891
389840566
1158258109
292990703
21682316
19240604
14581542
15743928
34859931
26596727
15960831
18619607
28022830
16814713
176405492
48402792
28353774
427150226
478170864
16121386
23075354
114840227
267939827
408612805
23574986
208077015
216375315
69699437
701279630
113012391
55419844
874450285
207560742
306238400
17202597
603038797
1128781184
11026952
23634358
49698134
20317002
18344104
22168753
24815517
242508382
53508497
235595412
47665766
22206035
21768766
21685415
29994950
331105296
22812434
1058520120
1092979962
39155029
21274455
261852987
373677023
47866178
24970552
26607712
402957663
164007407
15764644
168506048
1055907624
1060984272
15520209
140519774
14276734
455872282
29520080
82441598
21207355
99041149
15111202
19792085
19088572
23852881
22214972
26576800
50085869
16331756
15727981
16334281
515562132
137794015
65707359
44177383
22012091
24913074
28599820
221792092
150724371
258900199
234014087
133832049
24195214
18137749
188019606
20002401
40302336
14135426
15361570
303861808
271441733
74241914
15896464
22201145
19216918
227373977
16454206
115979444
5392522
807095
15012486
28785486
759251
14085040
43963249
15736836
12699932
30313925
