1072467470
39308549
24181273
274581613
14662354
79743108
2382289075
126629610
540122045
1055730738
83505025
1548635095
281610530
26487169
223970563
56413858
1116952862
26024010
1393155566
2687796638
8775672
85634177
2286240350
208133682
20015903
183767243
266133081
2970462034
237862972
1080844782
352462668
16187637
254082173
252819642
252819323
314205957
296245061
518644221
584012853
851621377
912608010
960696949
960962340
963480595
975200486
976969338
1045853744
1048784496
1058051748
1058256326
1058345042
1058460818
1058807868
1060370282
1060487274
1065995022
1069124515
1071900114
1072008757
1072382221
1074101017
1077446982
1089334250
1092757885
1096059529
1128514404
1137600571
1138688364
1154894353
1155212191
1209417007
1289319271
1305596696
1322558402
1324891934
1382011333
1499993378
1623308912
1908143071
2253968388
2411400990
2482022082
2560169238
2696643955
2730150631
2847221717
2852998461
2861616083
2862577383
2864384387
2869746172
2914163523
2914515430
2914571740
2930635215
2932617195
2953494478
2953713339
2953974395
2962891515
2962994194
2963445730
2964287128
2964526557
2964877294
2964949642
2965083477
2966205003
2966758114
2973870195
2976598347
2976606250
11134252
55329156
700979618
234469322
141084952
17061263
18916432
7713202
309274068
39510422
246769138
2966765501
78005394
16032925
19659231
284152652
1074412920
15987296
1444015610
2953922782
2964222544
2929491549
2382685057
17544524
834069080
2853309155
2933760046
47798449
2951574214
35829796
236899846
14173315
15012486
1367531
28785486
15754281
17469289
9763482
16543760
8861182
461976283
170184880
222017537
390919983
56472341
11606572
42937387
158912561
103097360
224768577
159109447
158153553
158912862
57746352
89550207
17947097
69375803
31829586
29915565
82925919
28309991
28168760
49485491
18966365
41395854
36181209
17020968
159108676
19258235
124648178
158911901
49462297
48149097
110523203
26493330
201863630
19429305
178127247
178127834
16913318
178126456
178123530
178122291
93943346
29764833
51674400
151463269
69065134
34318095
28245192
720610778
1167724423
750522884
126900006
912615374
89722476
21307012
249690272
94179935
1242101384
731721356
67393806
95275544
27048645
22650398
14587949
123633346
1608902964
2277231437
435856817
104263696
109579534
1511480874
2295463742
1413184010
848287478
849822494
15210284
2317613323
421983899
251909478
2704951
32133295
30487036
27744185
110445334
242418441
71174230
23890834
279685023
323321397
161739213
388472028
71377105
522423341
588552503
16409210
137706974
28084732
32377189
278601697
801797118
86960627
1260507780
1604804227
278144816
491280714
2279463505
72198806
1872999342
82423741
1074480192
20002401
1061292174
282093902
75367781
18891923
15207668
18277655
19739126
234937222
2962813893
67043967
50762782
20465881
51241574
18805644
167122787
2467791
15922214
428333
759251
3108351
9300262
807095
1917731
