977081622
2420995746
1546654194
38917331
3238596565
140888896
834071802
582931822
2574807668
73161383
431169827
19430735
285229008
75690416
35372517
245466421
31190651
34925611
24277622
1425460626
2576660203
259017264
2196104204
2498901252
26822691
221843763
35762860
222666657
69651270
2268391
85644676
2480122788
3001471430
308032064
329680837
233401969
89093397
403790600
50079241
1921759320
14391145
93687464
21221064
1405337395
15368938
83932732
15297452
179945113
341192563
18640054
302192666
1039653806
321061759
22444364
298847485
2287176415
459294549
24832201
87818409
14293310
32359921
18949452
419660142
1908158882
1285383608
5988062
20562637
278691695
19407053
56413858
33593767
125775026
24012274
96206175
214620546
833881
16463635
1209368664
153149305
257195213
85606078
44655711
3302274963
199793570
76026741
41587357
18466403
41831019
2755389115
1938829470
624947863
2690981149
94849669
318452552
76065518
1454824237
356845817
18191927
824287334
792302694
46854930
2178587940
3094373814
59143678
2312609288
74552263
59238284
16423253
2370874585
25755336
525781567
10911792
3119309777
122212010
68779221
65744750
237872656
20852423
137472360
50434933
70468535
18927538
40623989
18001922
22170482
22915667
430130014
21821061
24898216
59233606
226797418
189542696
73062993
17918065
2203301089
1400510442
24252468
3186563413
1536791610
306304686
1313720846
17602348
13749282
2401916964
406318939
2401883418
1380300528
29249435
2704722055
2151419257
1241843221
287811184
69011300
1875705342
1101377533
7753612
2934616851
2908609689
116843810
454313925
14342564
54546430
17451742
384940104
1272185491
14615871
19539716
20068053
3554721
18713552
16029780
17596622
3058665290
104378326
34113439
293709920
353791006
3144326411
62631649
114788155
1402533342
106179856
158397501
1572251882
193902090
25907345
20198413
60569724
19916819
3057951777
107212501
78694788
62516109
116834611
18943852
415654080
3044745483
69160674
747531366
2724239012
21870081
146095426
16225445
412553382
3110994454
21781359
2423353406
166203500
10318712
3012814391
742143
14062180
12133382
19677343
26565370
24631305
50798417
16016427
1004855106
2862555526
1365433568
2620089498
3031939827
2977020582
28269381
969367094
228265204
488700915
116668741
19307194
330127972
31315909
60214236
277081038
104233289
37733716
27080345
87784671
1090869691
974261208
1252969129
995918880
2294670581
2987537409
939159103
124053230
14149563
18157816
884869470
126654280
18855629
20761019
16532192
20485710
65678848
17138369
28333098
63302806
15742773
17900130
93892158
277133509
25085215
24878961
148491506
419630482
1251173263
31433456
52714526
2913855045
44370198
59479247
38548483
194268621
369258702
18834534
39779166
27086783
36681590
33600887
12296312
70511512
1327675195
366043880
820237009
381603450
16423811
70476832
179700222
16018516
15600527
96258784
1670873444
867854196
481753488
43132686
1921135694
498968535
292552239
61843868
28321329
86141342
18776942
42958829
47964412
29133534
18812572
1854246218
1871978282
41144996
16381558
307633887
16645321
72384930
165079087
18353561
23599646
17074440
21323268
450941680
119166791
205392468
65739250
50325797
89820928
11856892
11856032
78107876
1452466550
624413
59736898
28164923
357507646
197714872
14159148
9624742
30313925
22656792
7152572
101802390
19394188
9855382
2306994806
15923226
617382180
52052011
2272531993
18090660
23535710
1243902714
563259686
107100424
161329769
326208966
139534259
2273358264
59925401
210926192
5990782
1428441589
906782533
1281453102
1064206014
385994164
11680962
614542142
1068470480
474232856
60018602
44783853
34274380
86697288
745447032
12859772
49657202
47404357
48729915
17764791
302342779
55050603
406746018
427424201
435500714
21421634
15324851
20626879
113452414
38285038
61853389
66369181
104656105
20179628
30058454
312134473
305216911
20682342
23789790
515133051
595994032
331030074
1880333845
54349030
72668126
419851013
161791703
1851921150
1688538097
1060984272
904671841
1289319271
46002396
67025968
1205200364
581141508
761783018
25781141
112740986
413223602
20094138
20536157
28162128
7228682
552151606
221792092
434528846
24935362
154233179
28337697
1537701253
11856142
234822928
916830950
56810507
34412264
319134198
91478624
1754641
15522884
304543512
234812598
15110357
621523
4898091
28140646
432766911
17349191
346885718
67358777
10126672
35017909
16129106
19611483
16256269
17050748
9545002
21213276
54621739
249716607
18990627
5561412
69324314
18384302
44394457
18891923
14246001
15302987
148897633
183299437
1410905906
84677868
174738656
16351068
1485662755
599394727
950328072
270951917
39762255
15764644
18190448
228457712
26051676
7713202
80612021
240812994
370489880
118546960
142383345
15724503
36280723
60618211
121849657
194553939
253266249
132278386
1073162082
36948268
22090282
249410485
30034124
633855519
15603311
38516217
114785533
11855772
43963249
556051103
16632374
2836421
1058717720
1140648348
252249233
16438430
6577642
238286421
19658614
215863878
138770045
83922884
633980404
35134063
389759292
130274805
24239045
49706919
161023696
18148907
69011444
24010471
61762853
381152398
218936411
16971072
117118928
20087888
16311797
16683301
414331122
198567769
16888571
19476868
11852522
48366585
413260397
19195460
632062492
20545793
393562221
50703368
17346287
199861219
186894262
377609596
161913667
58632259
407013776
388468632
1223019966
22139417
22650398
319118575
27048645
78431501
135537626
248699486
32007346
90997177
807095
3108351
15754281
74294786
423610904
136550204
14957318
1877831
288751432
14790524
15032862
27093057
807105732
7663702
1080844782
1055685948
1390240988
221793778
780986708
14801813
1339931490
24913074
237763317
621573
20402945
26792275
993972252
726904632
9126752
109377487
17907987
15918708
15074099
577690047
18805303
168502762
206255858
111700487
238061940
38739280
24195214
762769236
16582629
19402238
22739318
164007407
15862891
67291741
23962323
81055599
112468256
14647570
1065995022
32372834
20027137
14693265
339942320
17292623
166304936
20015903
991821667
14073029
26777550
47392689
23451598
23454885
23455554
23450373
23454450
23451059
31310158
18049298
22214126
23449058
113651230
26780957
1222257180
15971233
50695931
160946337
54885400
35829796
18812301
8839632
725236574
7212562
932446728
59986919
17409240
21414746
1435461
34283833
23020275
30959303
499198512
14505838
33998183
15856366
14199378
16245822
1051446626
14173315
23794763
120207753
396764769
16613128
78408666
14074515
94366606
1072008757
17487795
942156122
166252256
500704345
8775672
26778595
415683367
16617906
34713362
234906311
211588974
25338004
242727646
28146868
9252212
26946495
16669075
481439919
188019606
135931182
63796828
11348282
208566585
256113470
110545675
15458694
14987728
36473442
21415346
15647676
93930379
18918398
80950685
149264751
15825290
14345062
24949396
2884771
1151214955
23103488
14437914
127613560
28785486
89020013
21415757
227745088
1652541
386183582
55274102
54292268
1080509366
373131539
253604734
21411653
21366207
479928587
267241670
5741722
500547979
5392522
90416226
69082951
48418321
27477243
61496228
23555906
24939832
17028405
43920155
759251
78036806
272022357
22012091
26596727
21335246
28629095
29453941
19313247
207152765
36658796
21677316
263222022
216446925
103395734
38252658
19454716
50789382
22581041
58490366
168760036
37050522
24959190
74794492
384427029
111487247
109976465
428333
14081106
237814920
2467791
21684013
49628920
22527499
22053641
34309303
15675138
102446961
66373379
43695813
224685124
22523087
620298978
35014834
15210284
128608111
18148466
15906868
993153006
18915579
1917731
56864092
1071840474
1092979962
51241574
219429281
34336199
19737094
136337303
26350330
18703718
7402662
8999792
270607198
90934547
50555558
592968976
9300262
15922214
342782636
12811952
24247327
14688489
7313362
