35356803
123585060
1536791610
392872604
270457557
396083659
2466433848
262830800
501183151
115855214
49233875
13144232
43812307
25461651
35670796
249851565
7004382
241462859
24654617
318772100
2398066861
2367941126
2303751216
2152283642
15846407
20314437
340613443
15212187
286487564
374383858
940584182
634037999
267848238
20458149
212025994
175121583
249745920
1564362463
915514734
1977091550
6628102
162784542
1285024974
135652056
12804312
18506744
52770585
33235771
628629535
1732755822
23951435
184876768
39154197
213518240
49882339
24757690
317231568
37011512
535932676
38692691
93740888
51117809
21543246
433659114
117206108
210360256
345858613
1647779288
36525272
305623344
41299617
38507478
297454462
16621379
18609905
49791920
450025248
128093912
246611987
21904469
24740312
25314932
560707601
20217884
236453858
32889933
85033951
497162662
582284222
278022883
118262357
93187270
385581422
205337694
264353643
52056156
61540158
289518750
1533925573
15791414
1378272780
58496789
28854563
398463902
226062277
244259090
163349334
45258570
1075251073
297898913
230320162
37332011
319243563
7662222
22214351
167447716
15463541
43920716
621306090
618614044
463273562
388764580
25593756
210427918
288515819
624422190
300582534
30367603
411761874
300980027
378752487
804295
598855139
45241941
78789634
709752392
78419512
365482988
446887957
614415003
509313375
76376525
108323753
144272082
17495447
180979954
15100219
499227989
418158240
16261447
458248216
14720592
377817677
801121266
44525679
234489403
44430741
48413299
414436134
778782996
179094652
72945644
762450812
55385553
20659868
179387102
610191076
721888190
394888034
612830971
620255513
857020927
533810454
467947908
475953366
250370398
16202208
772702837
887576678
426973441
904336243
19740189
328679423
904850972
928780104
14886247
59249179
549291056
54520971
924776768
269873013
14124252
491696416
609521456
228883673
386852821
36589384
17163382
1158557953
22115599
82396575
352056439
1139963107
212988926
17806037
741736717
1246342507
21527136
469523424
72340994
36394860
17760185
818231107
76535473
250847103
74481837
1465130154
101788064
1541921730
607832967
14746648
268320113
60963199
18732741
168975531
431376138
32231019
58706706
16262603
16302354
27233671
26022943
19328481
219457129
587735843
563958890
618384192
289428679
346709612
567296084
83516790
479872233
170481017
736946342
636986089
21991417
736627656
24289048
460640209
626947493
28482770
19405703
747876816
338822213
15951349
35011529
246357149
399657808
522319081
302186378
122719755
385818610
399531041
253705787
70784324
723742298
240515191
377718223
57432955
246108164
552611896
45199165
741085502
22961167
30930019
788127800
535340594
365197461
531003125
385254004
786528931
36714549
39420654
494268942
407368061
785524634
33237474
563855937
22120684
622102783
784971582
23001277
563866039
393821580
90680265
22084428
71633974
504165251
479766417
200962358
118511796
834192602
579158248
575448932
279085467
863321581
352074331
411165389
425260396
17845781
529696285
11492292
844440092
19362037
14727193
736833788
362223244
29757650
77232269
851621060
538546788
38292425
173996659
568890743
326551457
803642598
399935452
381874511
15697940
23501907
785157127
33696409
117857786
170521855
200753436
83930407
823643725
868555452
870983988
24789754
109771652
883281614
21369925
15750104
186724455
823737337
394207479
67622805
19429837
837151190
22369198
96022533
158290255
898918999
40539859
906193052
175065805
203672459
556652659
434564122
32739195
753758916
22083899
161595448
36627251
107309503
160647819
28502491
740417436
14543034
303631537
886970172
16359673
182009786
191180760
97826423
948385723
159731706
533182758
837177312
30413177
571037942
70031591
626992826
961379407
594271408
238311692
381629007
194864619
74094898
15581813
558831200
618793942
91163857
167229932
4882
419190719
98242752
18300204
971091289
47801895
378232416
989987251
224772679
20659007
358305631
14874740
21147220
833267498
23260031
169189083
20713080
41848466
275519714
14205529
938933443
1009523892
557013992
704082510
297557669
22115723
168253090
22376586
28881904
511898525
18137749
613431770
31013444
975031094
140565694
395275454
220712406
35305862
381931747
928977020
807814694
11390082
22819266
19691964
18353410
208155102
16671372
97540650
22859692
1075665956
379817498
1074936390
260966614
1064206014
1067002393
716736493
90754075
10234982
38110903
196442985
498618843
977100535
525063675
758174558
48421498
30969217
285807563
295581116
65937678
73259720
1096579981
38196602
1096597184
1099040911
282115372
934685922
85778445
981612140
280777514
22027992
25166724
407994948
1102310534
11497702
276214874
155966653
404365512
372380581
14940104
178115203
52263991
193960695
45399221
1074129612
266106000
531454187
21176701
1121150029
996050346
933364302
263815367
46665319
950783972
246478393
1078022780
604523028
17860668
839040121
930303752
167733056
789633313
1128286549
518956946
15980503
32939689
33212147
29610442
47234042
1137570534
1051127714
734946674
589425352
413176443
596675688
240812994
886042746
239905257
49388157
564043920
50852700
132241469
720421464
1051623260
161411080
456627148
1155173191
16624653
19324174
36816812
1158193759
63054460
72570070
17257760
20282776
130736965
23887270
26423162
24720173
37814955
250965316
18793118
370551570
55833258
16860684
935079768
1180664544
294948776
17261953
30521982
150449842
543872732
18183657
472573229
18345947
7720142
15028183
536655946
1198997365
19014570
250736913
40750860
10802512
94625479
218789497
973059061
1198213609
1158521791
382481334
19572909
817732850
1198383607
21312077
617770729
1020954092
25870553
1170742663
1129111004
21879831
608026379
38243659
1180960152
385006990
14597351
1170305395
1231246490
1226812652
126067689
16793781
1249916280
17859893
1250066804
57725666
1140648348
111688399
1037084538
1254816014
1209187032
80192916
1187949900
358618003
593906865
19853729
120220479
741128647
380051672
40788497
74493451
134215471
90921407
1218939727
1269100550
257937243
1031303658
336806266
56541851
147361722
74614269
46504071
1276803084
271326417
260321019
85639872
257598961
79022482
87019752
151342304
46494278
114823766
42174638
1140767947
316671079
21992286
922317266
21262392
977362728
265373543
14050550
1306044931
523851923
388669220
1309638901
156333623
553737357
180810426
1228652142
179191506
75414777
1315735914
10904832
771753577
516759552
382310259
1321483484
25956294
460339305
1067918239
60868029
299191401
1325183796
550652171
598106708
1332535178
221522164
359047017
948411876
637166040
295487211
1078473840
1340363467
14868145
942156122
1342111849
409536938
16116713
892099405
46727968
799455259
310426985
463012819
59570418
27951592
55668111
1345952557
1317213012
49453870
67194113
392542060
278393903
329586140
397554934
343513430
114887629
1311189080
16138154
571121196
152230705
1082893201
226372105
170860586
851576094
38550194
267719395
1305465990
1246599554
199800610
1286294592
92044388
1330137913
889919834
1356919946
841043772
467451289
22062020
275119236
242088071
149184380
829964701
373551099
1327067718
405174865
195111557
125248799
524533301
523960193
26911611
1371228566
14695985
1385763110
18404302
1262623074
860792486
1393600747
45194952
390975210
249348006
432771620
1135486501
10783712
21257214
310912778
1399877676
46488929
884658332
451003296
365647942
125397444
952575223
36851121
88347507
24615489
59558161
564262649
885851400
87017466
39226283
80182356
451967996
496786334
28348670
221484024
1072249226
153045501
293518349
47394348
36464041
1109722494
16114681
15956067
460330143
1290376369
176424228
226027021
389840566
433063210
90613781
1380402643
499978095
1376211097
1377743964
299746306
574488845
287896740
1373441167
14052138
25116594
246046480
131028447
277138163
919590252
311044422
397781448
21705380
1222242656
1330444957
153614255
355923032
337785530
465018798
73829977
1430248825
114653677
1424085642
1285124802
1354829821
22387804
23278775
1417119697
288332713
17525876
22430139
28912594
285738900
27375541
24596526
1373069557
353962615
11883622
1447897639
29558707
854190500
1447830822
37766497
227851002
442135283
188199610
1424540149
909730316
1404928219
126033442
1452084522
1436450684
20634857
1452633439
42777941
885822528
524162343
1429954183
395995918
24821139
990635636
23461838
1463283338
1413722912
262755605
341805227
636857639
52305806
770028752
66482604
1452914246
18956212
1483523126
400767837
344863612
1482327366
1485745976
1168999675
796660734
1487887076
132608759
284296658
1212077868
31109219
21584250
1481011920
197832992
57728090
1448968724
137926525
25542082
1090541708
21943251
1474782151
1499747142
1514653040
132231320
1517161975
620381433
1525543723
16055000
1511974105
17983049
329282060
1273607784
15597589
41728910
220086346
1536847002
192477353
247980058
431856697
25897979
24613254
191938860
1541289794
16444520
109446583
353899914
1364881236
73595243
76528974
610456101
26330087
193069354
1548053618
938206100
378636572
21020526
44491661
387597916
16458033
1480697214
32309026
325262283
1561572679
238472169
23403742
72947117
1576141506
1576367240
1462625593
238038658
273730915
540111795
180859577
21411146
84824482
93300279
25867792
25916750
358302508
20235350
134204647
336258902
612832554
504766411
474451843
705521018
67253289
714550674
94921002
492351901
482270147
328813061
574731577
19063092
707343835
83677245
257534367
149492254
431772272
558839534
117006625
615523379
55275254
64799588
373958145
154720686
403699671
108376246
161655958
507935960
503439733
20791358
238535738
577381666
636162068
12496062
97131319
25790624
632104189
352108459
344905604
19076528
619745808
18386172
581387531
621240740
40549605
558949168
47835378
61510979
622154473
19729184
18244206
376906404
607420464
14111224
140978667
362231378
223250039
320907005
19686823
52801475
577590343
433582781
620428919
519973828
452278111
618624074
365253017
305308034
567698657
13691352
88561374
20629978
595099553
30453159
385960870
23910392
539495965
409576505
26046222
253891436
256626451
365490048
28679925
91030348
26387939
44168196
54115011
407750461
339848217
254147536
480688805
223083626
22366824
509149833
577609337
450377539
127963931
603127833
15368404
30673007
595307662
101060079
280596419
26905161
17141526
517911880
586210690
49120591
441604592
586874752
383753028
240910805
588155743
12290582
428415512
594655147
593892308
165892818
398413385
214356142
538735149
38096779
339912277
29848453
234929994
585071909
19820719
9792112
584992962
156385122
582023643
519645601
267356844
18993395
100554001
383299631
492616846
86598343
67212161
273829582
571025183
16379458
580948425
578956465
19275816
33135898
23933806
135661453
298199386
23619340
262262797
576756654
282382150
509755910
37712145
211408211
14135426
32517454
291549954
16410875
29890860
100562459
569540616
24241594
14727861
535098429
570974826
104751688
224388050
56321307
106882226
545558638
403194313
78970308
277875628
205420257
17109111
22994301
55285126
286427028
57116498
493961673
23855458
24906180
162071773
571794071
96789885
166421433
562611279
386829990
536707099
87259548
153912778
45436858
26387452
110818636
37092543
308721230
352619938
480942036
183628203
92465244
42940414
299479273
326985402
564314987
396247623
36674969
439356987
310878807
253769656
564363938
564865292
100551513
281833901
564036980
24913074
5548952
27735265
14810296
41615349
241821782
78348463
28641735
50127432
15026270
226997507
262411511
312134473
35702527
522536391
168780591
87456012
21940724
14783564
34937126
326208966
888621
248735463
161791703
558622781
137768942
32513886
86736060
238289872
523858230
241010611
555593757
548802960
546317742
329762539
220511205
491674924
25154123
507529506
550820372
550604446
515685828
253683287
94184861
494645991
430012456
523195939
96826093
543688263
55070506
516707899
541682606
512022995
399169020
250272982
260396714
239509917
14466466
103628843
148491506
219200913
188095760
384104368
465813270
331681951
520779822
16309119
534639098
131791939
489485718
534712131
331021364
532500835
191844768
140848680
15554922
385736186
487276081
7753842
526993618
529571531
528655503
506028052
75364735
169172256
164732631
377613467
42412520
16519285
521289189
521265337
481645383
415560463
385745756
278124368
509630842
401989810
31122582
15382186
120238675
31381133
378394095
68986188
33641133
493624445
495492153
76348185
28732674
15515094
312156369
233783568
509227561
16424044
178955654
277486501
30887564
74290848
336649787
486730024
468425612
499948607
488935397
501169387
197559218
63749707
386100170
97028246
499897100
35478868
498498191
448964282
50907104
339486759
495677767
24480241
28685410
234506468
51195337
460716425
24404677
89250968
18131072
366261369
391090816
483891460
491991157
369484418
375906076
326046645
127421606
65694282
20244961
488368722
488759875
488808892
488194076
443062615
16311335
58928690
175299730
108752152
37686286
266150023
175969770
36990580
430235090
220583510
15966564
130400353
243229929
420860727
467848666
94914991
475161250
52992670
459343882
28841562
394434932
19178645
472348840
104389564
29101474
7691132
21611991
217160552
266945760
86402704
374248517
25210518
466138085
437348440
86826377
14229561
461782417
51081726
458966152
317216233
44210132
33445804
46588186
235569707
117568789
422076926
453999675
33812256
466858471
109546581
43388482
428149812
463401106
440478673
448723291
397803862
254376790
220224929
10272422
452440840
54274276
388990656
426978771
6478272
343732782
204881923
353569320
52977352
138770045
373982085
433789399
402859540
246088673
17982796
426345783
415105266
30338301
28064801
311740656
398232779
119105124
148565166
55444188
58503762
168170834
254181418
322735334
103885256
236430254
168502762
418848044
26224088
16506427
324673881
108466742
402490299
16051263
262065799
420314470
23500125
413819234
49435857
234995729
407988547
335299095
332309159
27375358
17755043
222830517
249726335
357414836
322188749
252058058
25124372
299840771
55359740
162836874
326934458
359817584
119162694
405866308
23262069
161721745
404267304
33745003
309292813
354420288
111413400
75220594
181813235
400535834
381714146
273922896
324182750
31128529
399112142
46087934
355411986
399655298
40057701
19780379
94015639
257142205
20414528
390144767
396723412
46180561
34934545
21952872
250850171
46004597
21488204
16641528
313514104
38465248
392545001
40302336
21643972
156763824
76476026
18802261
389851971
271544276
365769837
330001961
47061960
386208098
83606928
34850480
385849755
76456274
385566391
28414092
96888062
381180221
17408043
67168554
28915429
245516606
380526303
100485205
378859986
379933409
15987296
116836600
49056498
28019503
24363945
55351951
26590465
17544850
72372618
370198081
76420352
54686639
376477453
363453254
365595152
190119981
369602017
365324369
32780218
183013775
371722249
46557945
371010591
322401882
145818064
89700533
360953303
360436349
121613199
21444089
366491466
351067055
25428002
32204391
159582860
268400610
365234917
359701892
360338075
162803067
360893245
296093249
18771822
28479007
16005250
42245932
346117956
338397336
340599260
126189319
50400926
16252960
321926053
15993122
110612562
65456062
342788814
17015806
282108981
354025839
117176335
335473582
90360505
351806343
271830436
13067732
90488527
32758378
43536339
22180546
19418975
20896779
62189977
37461389
308591837
18386753
132201224
330178281
29875784
88806753
123026755
216855513
87252398
47127416
14941699
14782560
206946926
319670112
275277820
270711738
30929600
15757739
329418212
199286398
222533937
24717842
337267835
274616054
334514224
334811404
52151324
278611871
156885405
292519102
274440948
318464838
330370650
196587164
17132099
311789873
258900199
110962222
111340248
326266490
240822110
314151224
21541766
277644317
84606191
22547680
308276891
45053284
298304368
319125436
21796525
88211112
14478814
239043484
35205437
276992560
248918298
91891653
211358622
70732287
10029412
9634162
23866990
20420987
21931396
292556784
19836355
32525034
294145434
43000688
156670960
30947026
21277898
15294927
295810465
306897858
305875128
76392970
236432289
302707101
235373000
237876594
35759381
295121713
142161873
97030587
16301117
300311432
220119963
15430223
25973266
85942579
56748177
239195668
19548915
12972722
285997079
284354852
234967798
266452374
262424195
27085413
22109507
21956575
226401663
25236535
23933298
51173048
218921534
35174598
230322103
163570705
278339685
278169532
258621505
277139431
277129816
14063016
276766950
69205578
30932260
64781137
16592731
262270117
68459811
171987206
224766911
29524628
271527898
269954797
160908420
163185071
17082519
19923624
36686040
71509229
45869761
18390356
264507300
263791041
241608523
20013827
96205613
16785950
116582053
190890578
248449778
247448843
38254095
161172909
65736337
145271926
18715209
35428595
169164236
44558281
12922042
246714981
19333427
104416428
44080776
86408964
24355999
147962565
35201390
36726043
226276628
17467699
164707575
28344519
117671379
165888696
225093152
72221133
92858689
66895643
217633006
15243900
59906327
53786125
45116401
45645232
125166902
113246143
48401114
160930462
137861723
24246026
23244125
21284378
36196298
197431322
42172271
16490758
18202632
37258825
44639382
128708744
24210877
46707811
95229298
133836828
23258097
90208522
39324219
112333718
34963998
1117
95947453
104293205
25037654
49179461
176326453
43444196
52226304
1203096414
21537408
1092979962
1360075950
350478436
571202103
88348110
13262862
32539107
80944550
40260612
875925386
17831183
130946499
25932987
26860401
223531663
16118322
78323317
95311115
11762572
960496046
109614008
16488269
16477146
21105709
294238644
478545350
34559725
394548296
1027156464
182216210
236161907
69445556
24949651
163598915
19168328
309190582
95486467
245412130
234186830
61803951
249911332
83057111
372020645
88616904
171725591
335519859
244724428
138473832
14478623
85362521
29929354
34191952
555453339
23593446
92186819
25001953
16089182
32183589
65129573
122136470
20747881
26283468
491427715
24883086
718551618
19873152
16566133
17098190
59592572
443807305
316165422
22891564
409792436
17468562
198412007
16187637
326333795
23733465
14482396
15724082
18873711
88592006
518598818
266117954
960878394
221298491
41533245
517005133
256573334
571545159
14277574
277324431
87475248
48823671
24729158
562232053
548004621
19665271
428509972
192441406
544708500
14154293
1055730738
131055748
1025521
398088661
16137187
16136867
231588665
453310687
19601680
52219623
59310296
17150163
19322386
164395047
67819695
24490018
83891016
25184991
34552203
33113939
216985659
170106033
148842915
290078313
275106837
292656663
36726529
389170014
293683323
357625431
443066289
481441656
462197154
133475359
575805904
284678336
475401347
49442241
148570475
601256029
36739057
252296570
274596432
13952832
97910289
350580936
27979860
28644451
431761372
16297568
20448698
61089546
429305080
436274507
436100211
50432286
35941733
465993763
480650554
191158014
60699115
455379257
16004722
487049444
21041382
741375644
729617642
473471735
28896442
14873767
15458694
20182089
43963249
29501253
45499651
239949176
19854198
64282237
38250004
356278148
30313925
37058657
108993692
16899221
53176629
74829020
18191927
56767953
256493718
15764644
59225745
28796289
14240875
19608297
29823308
14218637
15937533
