474464413
863362081
237477771
2978291435
1850074681
17919972
405004997
6577642
16560489
556167861
1536791610
2244943692
111635527
290317816
169633181
262189336
2854818362
17918065
112047805
334053327
37706358
1665971696
2861616083
3078339940
3019316668
221792092
227849883
2829966221
301031476
272502220
90882436
2651773292
2964949642
168541923
186646579
1487846678
15075999
2963445730
2953974395
31464192
1064206014
128265855
250912539
2962813893
12889162
17346162
18127420
277690430
109579534
78408666
22845770
172843644
394917454
128880401
134871277
401989083
62886876
24484212
2319346147
39395718
24462815
2806024364
555513348
64211175
33660256
1433356862
21161888
570772543
60324561
18956073
296195864
289058999
2402014698
85606078
1532794562
249779470
1138688364
96018016
16196492
376350580
23818058
22409054
49204865
46817943
446642685
18182408
38767099
1090139174
190727208
14389923
190806680
1516540770
494140744
1426050914
18482836
27055034
1632772304
158456433
108619944
932335644
2377450226
1092979962
432771620
997684836
2293895501
280604607
947861870
113724625
1712989190
2420900317
963116701
588579971
1650588841
1347119180
36469850
537630010
373551099
68198046
49050447
573261571
259305937
2314747946
72198806
471672239
18313617
19889946
2298035694
1339931490
1361989621
23453250
269376662
532731148
275795758
1703406494
20845267
985753688
583453875
279060172
451525743
147715748
1613696286
2343087666
2337176149
247575693
609712626
516759306
40184441
37300744
2348513940
1140982837
35303232
1613585870
2351172145
96505646
258625235
19347057
48073721
89489297
303335706
314679485
345087909
339149428
581088545
2280120735
1553881993
947001074
305051027
27858311
262464324
350432271
2320948126
222221950
23542780
1035160813
23018943
1392598022
412022088
1525993777
88831888
341261495
18653708
1089900085
147442199
305318520
378405677
1920974186
970614072
475951235
226694950
19693679
45496518
461748030
2283983988
141552653
108163172
1059211226
28808364
788249880
2303306738
220201111
517856327
7597712
56552341
135108504
82186493
233344897
18170046
105242077
2322876804
107237312
2155109252
14270650
17340781
277546050
15164565
18812301
21316253
135575282
563923368
509582589
218952383
26572815
292131326
254189974
18557573
93505671
1446994952
2216415804
885149478
808840952
2253968388
19043206
23557585
46249308
32858879
131030907
34472371
960962340
1128514404
234469322
190328374
22545491
20209807
24183358
1382011333
237418907
18030431
1072008757
402719755
1002323377
14007532
21377534
1012305642
171480851
18275683
607559475
32590246
412847272
77087538
252888830
2161630730
33912736
466168065
96202467
1441990164
209162484
582071078
44624142
1736244944
57108304
950292972
23210186
18603169
50880985
220329543
57421871
23560697
860724282
1944681326
820303255
318441446
325626577
462067305
273218772
177347189
1506437419
359697115
715443866
2175123657
2159268763
2156995399
1930939704
39245685
181838409
1109952756
16259364
35483763
55542562
212085512
717082370
1260386514
74056486
37474364
2203588165
270766625
41822025
21035579
487246582
174618314
2179354586
44515708
27650900
17598150
21600614
148503064
291519885
25237017
1905388092
1900533776
1350777194
330457144
1924167398
1934540486
357969842
25999642
20458441
1901763691
718116874
484455257
2147508036
512890581
19243367
402083784
305195744
2191521289
2180150960
36251792
912608726
917699942
2202136129
2203040881
2197920480
2203972429
498264554
2163372679
319016838
424625876
69481434
26097857
567300726
963958386
738184610
1350131450
1356134156
526965633
1488133375
193150198
872856536
631307412
636507326
878329093
1575930728
533947101
380586868
182510427
984951163
270498145
1284546457
46801469
30936273
1706431724
455993359
1640609383
308821893
1713331352
1547636473
334477469
34724417
22680255
53127730
224100163
1390416727
38655698
1669251084
1748385326
1709098034
127005884
1537329990
155225009
1733682414
28799962
213811674
1093115292
1864239048
828177974
760394714
1460520457
1877817006
28853799
19814934
624949429
1660968434
514692214
17741255
33507333
1905748158
700027437
1909573483
16069510
65824705
876061640
124039955
330031772
297776690
286493138
1931590832
1365393980
1934950548
48843497
1938893305
276322611
89550494
1176994010
95794926
630486610
540019841
783539730
64620765
1273733588
109670850
16158837
1912675418
151285365
714198423
1343264244
715262140
56487756
291943864
485350167
1084892269
1329994952
1966255626
1923930169
973820244
740896669
611037275
2147886452
2149899668
202827599
1049477100
461463391
1216958352
2153445891
2157430657
706476840
28630984
65046019
35917740
1977142933
1328121936
460785603
2166856446
2171147730
1206738762
224143046
187281033
23688216
18723181
2176771813
28144804
271255555
2180266681
1454179836
2190601591
577203713
894118549
206320427
402283235
2180150861
299947152
17877650
711440615
923949398
2198490006
415671308
311763639
2200026499
2200248769
2200346354
335388380
2181413633
2200651322
67265826
2201565644
2201615240
286716899
1278310134
1144591352
355112184
352292952
2188277020
93240772
259395895
1074412920
44960116
22700494
510308511
615443591
121795745
1531265618
305141546
49105997
46131997
66369181
335996055
308573576
11680962
291259824
447410369
701725963
770120310
531524384
455764741
25354370
26637348
57751453
503048071
20661539
904572188
1668743016
74585303
50019863
245442554
41764193
100114214
214245103
109614008
18313747
61122731
22517990
506841814
35987841
421178956
121249986
85365067
1305596696
356496747
25787731
458940571
357268579
14114564
15441089
18216752
153332441
27896251
88784440
42324420
1470260515
1673381240
22509548
21821630
48043084
476504921
233484761
21234528
19186003
69641276
490671404
398081131
54631133
48232981
259823124
41759700
1209883081
35641150
484524474
18083499
512219507
726557282
212145001
1659960025
51524955
41272328
20015903
272164322
203281911
5336752
59331128
151444950
15159913
377534571
1068499286
1071402577
1074480192
8162322
240014188
456806128
16347021
142721190
1209417007
35579075
255122585
1069124515
1074101017
1155212191
281193706
1539407594
22328891
13265132
14500743
15397175
236393995
163211299
242892689
135495619
34945674
1460059496
48520048
1569135636
28293222
19084896
48459553
114859756
224759719
17198100
1496410658
54683181
136820219
28239376
242900090
985607166
553306003
1101859291
230907571
265632139
1173140612
17812109
1177622227
401582627
45301674
1209369230
110624318
28202948
1214085128
1273912640
1251889975
501778595
221211897
1302004634
337323720
130052005
359102106
21136378
166639456
55367749
1182753914
1339750286
1053582548
82988742
1355485741
177338762
26899609
1373531504
1228897428
992166967
433927067
798879906
34195493
1336710954
953076428
1195168166
312835515
236655345
76062292
433058287
15674738
1447926006
1461180056
33838899
848364170
1483624218
1487701892
1401155246
1489253094
33812062
269382602
1478261042
1548246104
1536764286
1519295486
22967381
1430830393
259918701
18825339
1135486501
113202279
20747881
486900479
129879105
912598626
61750456
84165462
17503180
27102881
433465698
15741263
306012517
518677406
1436587872
38487892
498308303
16405372
586671909
83462293
136550204
11856032
46202277
324141145
127762419
26653478
1263248412
1198527756
16874915
235190657
1447233240
321204798
329302610
46922535
21658948
358587504
392109756
766691736
751427684
768019202
767730326
950583955
564252322
960639271
513644781
51832728
321964136
40800016
297579306
999496771
1122296438
23753379
45457660
317457001
940583431
606855170
16227968
39526384
245980766
300317159
413170173
902973818
408985417
49890534
702000907
17354215
1134662551
611172988
243380894
580207544
409694117
1364859661
355282986
354246409
483118740
76837995
1454255959
57356259
41407713
545228133
603943478
287571296
770126490
16450359
27057143
165798585
247805634
479813098
628554434
41260609
1120068835
113216150
206725637
31043968
825634608
116550907
37558326
43270607
456326777
233950858
304683974
181631110
515573992
255649882
1453040413
296361085
18317325
19268706
45500782
122207745
48029066
15663503
7702542
18592146
22875103
33391760
418991627
71627462
21348880
135515077
15463486
49620730
74820061
20378448
14268812
16083346
56764085
83623911
60706479
14750858
40788002
325811067
14246001
22372931
16278794
14412533
121820510
222362772
21784607
18943135
23868075
8245262
14579303
25163124
1243938204
41391614
43221065
23022515
30313925
64789766
108731529
553829191
159530345
216583378
568744586
190333911
584012853
15932695
69422998
71626760
19719876
25755336
93288759
138085104
18293538
81184573
80372486
185939417
78699094
70745261
248845180
1261132056
1302265484
709381843
479662623
15066329
1339090670
63704944
122394071
107300026
28664947
673703
36183582
15319700
68178020
208215130
44893466
106825660
17053369
164363061
230720547
279823755
65073618
41170253
41857305
20024393
23436847
65453142
268438320
443338001
347324840
25197844
55358017
51835860
19205787
109766371
108474040
1117053354
1115090708
1069066080
252166052
77096292
838693975
43887590
711280008
17903110
35372207
297592689
364448242
27835729
45128292
101895251
1212740900
1212068311
37955233
1043838362
1297551835
443191318
1230593858
589620894
227027658
1216908606
1244983818
1355005002
461647353
308844002
309696288
262884359
44064902
76034850
27356039
68587568
540907056
33524670
43982482
582133171
100882294
318819902
897814332
922057694
146079379
767213774
264050578
716759569
138431910
1222157366
1205725705
1251823598
619646422
1296087379
308250848
1305516469
575693143
23389160
42072236
109413604
574187105
266958582
619690945
40136868
304825510
32768326
361645108
46570379
277822301
330110199
138099104
592379597
198591658
30064384
514855256
1158684962
1050644732
1175503921
1175512604
1180634011
840959539
378195818
365822283
229752965
731293832
1379372034
1397791610
21904661
21006021
40942802
16460909
20002000
179110510
140885965
19663478
191924058
310003362
332021075
172809312
244258208
340504791
137820623
288185829
244545964
383584742
436044823
273608348
194187633
318636037
20111685
429630364
64444246
468006931
530861254
845406931
848135402
429436343
23965491
66854568
541825381
844701770
103392801
604607594
414921376
27479900
803728392
178947078
75634585
1240051190
1125414810
717271296
242516430
97535283
562564901
1329309872
172849324
996195920
19077055
360191183
568632080
16672662
93524518
18462072
631250988
952895083
150813360
105567135
262667094
186891465
1101066024
1128457104
70555387
1131220458
373003797
254672811
388976940
1245288920
1380416226
38412000
768621626
422979305
22192588
15435746
267942957
24586836
41831444
142283340
305045663
34027708
111742282
7139132
574450690
543479819
24264406
171138604
150434905
286848519
190702503
65044215
279769529
43161091
734469924
16005350
561772623
277198087
187016519
65221631
778559203
612322160
109431342
369740006
37713905
608702684
869073978
934847078
447178535
567639497
825480739
993720384
421139000
215125650
159686851
65455502
1097689651
35177435
163090288
434496337
1112716219
59313012
384344962
127899109
263502424
631417498
1270424130
408964160
1025232943
1117818506
868990176
43221842
1343296380
1357777692
1002862153
35965600
299806657
487521380
1390251991
39828994
27751021
1279223240
397032044
78940498
1173258420
865443048
76176710
714724854
475222223
47163947
1313825191
1253120024
296969406
230814348
853875102
926969894
575933779
1158206299
308663356
32612268
21881735
89543125
90799418
41963572
29753292
28332398
82113732
82112836
91137934
122108835
167502789
12602032
184243970
193760019
17139339
19783567
14701717
235316871
267421555
280782602
280336387
214894507
15320329
91434348
29963746
22840237
57660212
104508744
17054958
60458477
332544667
197171595
351133738
319408527
418661537
419724240
454609177
455281940
47744870
35466747
476199788
463016030
500355047
429999572
27588122
30462356
26647565
323254005
473359343
569430704
483534343
562983486
78758554
151147645
34676099
103088748
516796838
490298362
511509306
22450151
314071245
356401124
90185827
329779435
569158958
381115987
244293181
313559674
561458638
1035513037
129344912
1075138094
40854185
202888242
950438857
1096327388
30711732
848112446
25797169
57471878
1173224221
536660788
460784585
28414910
607434317
1172577090
28668701
1206137280
78236129
529019900
38745674
32692642
51036546
49022265
74045873
19165036
545585700
1299445567
436040374
84353106
1318630508
1319272190
1326167833
1279446084
491040939
44260281
1369813921
1330270831
1318022983
1392449196
384631620
1405970305
1411048525
229089644
550997719
635172708
7402662
196413591
58491989
995246460
968650362
15513604
1089334250
455521543
159467804
335917152
1367531
15754281
209277698
19185333
1058256326
432766911
303926363
23126609
285252127
38265666
607289206
388621450
41621650
7998482
22523087
202396203
85748955
16261445
19576571
57338175
268476335
711187350
57030951
969191192
80339664
14749672
15742985
118948723
529511396
1043841565
24571568
25320005
22544052
1322558402
8775672
368992130
39550095
22650211
57371662
15224867
15012486
85131054
89820928
15111011
16686144
7228682
22138357
18227519
254117355
15724082
245220581
21702539
122396513
58550415
14882435
17134268
42028415
10385
85133173
15220806
116972991
350508156
374129770
67031698
16156476
373989780
18685948
52770481
15220127
21301913
48849831
50769180
316775057
46681100
28164096
44397881
374643092
94139317
23774877
107441863
70708097
111045930
16334969
22831059
108617810
19616327
83603750
229966028
18983793
28049266
27689907
21768766
28113052
80617430
257006422
33919343
86129724
474232856
56749157
73303753
472623389
322603418
1176994477
22642829
15309804
48719536
18532294
16103326
16906137
28848238
16297644
73494599
23477691
87799118
27082579
37666984
33750798
32773129
26064506
26827311
317859422
86141342
153167510
482300500
154175384
182645826
316656706
88699866
408773779
247964163
496723
15872865
376430356
933112802
16445207
633980404
354399766
14529929
33514869
1187926830
18093892
18955753
35027698
14444306
50442630
151614701
1137600571
976969338
15212187
19568591
33600887
334162338
568247551
36764306
846150961
19506790
743585142
1055907624
785932136
50152441
550401754
78369108
22527499
211420609
222622640
14111127
23361428
128288361
18061669
164412502
56736161
27457788
233985354
2232041
16358097
15515169
20094138
13850422
1029780900
243340493
17291393
15462053
15600527
17513304
963480595
18981785
198526130
281540744
229197216
234057152
241207373
26324609
234822928
248699486
234812598
240427862
1149756204
218639831
234937222
22242298
243000634
424662147
19608273
23022687
16463412
252296570
11384102
44651829
214888464
13673392
77029035
21434408
21027715
77032777
301549400
16815644
20474813
65106660
15808765
229592356
104931259
409414732
14528874
380581302
15223043
348244229
413721970
442841642
295685416
216881337
16669075
110445334
14662354
11348282
155642785
249219716
249339682
250710495
56280035
32534958
25104363
1149505794
236026761
102238997
529621728
303931776
236221098
227841653
103743224
33563763
1065995022
1051446626
18773159
1060370282
1045853744
727242919
935033864
1058460818
993153006
11651202
1048784496
966442267
23498518
124180860
35966250
1058345042
299802435
21307076
1058807868
161743731
963765775
312800783
225512763
28656296
346559263
28341210
38715502
20543334
16043308
61005078
21619519
21612122
41598528
17546958
28901298
25327461
52070270
95507155
18589998
21111896
16085390
23385230
226664052
52460443
92079350
69773058
5357812
93069110
130945778
126356966
14251225
381216201
15872923
116847925
271007828
15147042
5741722
14204848
14790966
309948152
14824849
430935337
15061564
9379992
74755679
474388304
294089779
151181971
28456322
471656873
45651410
141975329
95573246
65502117
15901113
184136149
15399512
15826822
741880951
16721461
18963809
12354832
388555493
186881077
21431618
16799343
18697188
18978553
16017475
7380872
374060598
15463671
349195650
137466464
15518446
10615232
826527169
26596727
20281013
517110438
19216998
7819802
16545444
15130935
31503708
246341769
845822936
175503643
6519522
14217846
20067579
594688323
54994849
17584516
14075928
14498177
14706623
42481696
15818307
19541375
20690440
19668491
63825889
25017081
38450042
14211958
18791763
51906642
61317703
57644175
33414638
67185046
41019773
55662674
19858276
244220859
486975677
478988186
20608910
31237182
30742495
248467449
50001234
292361500
18906561
17074440
15731751
240438817
78478695
5496932
44135138
224253810
467825393
21424218
559512563
554574231
29585629
570090464
141191177
63535426
15731588
342803375
299890760
5561412
15456075
392810019
248798598
107145674
730902013
47366863
361342191
40175686
135692196
179933171
16081831
95236960
242761889
85689484
233842454
36953109
15141113
21016484
626983614
19349897
266590558
156757299
22451908
20963754
20776497
7126672
14427407
31127446
74054398
22550402
18161950
70700679
833663707
340566968
17821439
31620282
36991255
26214905
143798379
274596432
169586280
217550862
28652194
263758909
48388417
250784170
21991276
106135104
21674448
16564850
21220931
19677673
326255267
81253316
324115940
467640977
16698389
13067732
49263032
273663336
223867988
246769138
26424123
17896154
211530910
36654245
55235265
28176898
21660348
20796447
15160884
18166778
15394954
14275291
137407124
211901075
40869858
21425125
240393970
222953824
60782377
20827669
259388802
353221929
369089298
62632267
290114074
113345502
322282530
268888818
431943498
224773684
222812461
539665155
631550649
35749584
20776147
397291925
104299137
18963842
63650107
46176168
17881467
165998897
23232204
16371006
173999134
255671573
18678924
356445815
40116885
10691752
224320485
39155029
36681590
240290511
7039122
39525554
38109656
59676104
236982302
90077282
36471939
43856169
254082173
45830077
21111098
259096504
25091500
65409195
248885857
28425761
15129348
186514697
14173315
9567972
16157855
43852492
11856892
19416225
14615871
14587949
248886480
33222598
166990746
402029058
116836560
213795411
145719473
239561508
44401911
552744336
20020575
143861745
17993906
33655490
20809500
18280993
70756980
90484508
21301933
234053893
248850174
37094727
339831557
235217558
10840862
35218566
148491506
18916432
27676828
36147039
235289157
37920978
50055701
113047940
5558312
13218102
32010840
221793778
245408102
18646108
23121519
12726012
18811140
15116570
235258843
252819323
236899846
422023446
19926675
8542882
34340464
20733972
19139963
236916916
236487888
193794406
252819642
219429281
13524182
240376522
29766367
234837632
32506723
16102244
278145569
235271965
237312687
48117116
110545675
234022257
425268743
40318829
240363117
236960387
237763317
237814920
75364211
234370900
235312723
17544524
217543151
299883942
237781383
18805303
76350004
225921757
16256269
759251
19929362
240760644
213634439
242873057
237862972
222286905
237348797
15751083
21252618
60984835
221447516
16187637
111334252
43409523
236479311
201079432
15745368
237750442
237299871
240385577
293856165
56413858
235719973
21426423
15356407
17800215
24735461
233949261
234797704
239871673
244268646
233761277
233693291
237944147
234128524
27744185
76163900
381152398
218349372
17976923
237403203
242926427
236541422
15428227
106816456
13058232
6017542
44155098
115485051
7713202
5392522
12133382
3108351
640893
50325797
223970563
166608401
247723476
31540671
15210284
14677919
37764422
16032925
9300262
41634520
428333
3135241
39308549
47739450
807095
2467791
15922214
14345062
50073507
9532402
26946495
218975278
15918708
12272322
9252212
48389713
136300373
35474809
28576135
14293310
22703645
113420831
18217624
67216492
84620376
15985455
235251868
28174264
47429849
27311044
19739126
14669951
19394188
136250134
15416505
51241574
1652541
15675138
15856366
16031927
131204770
18172905
23970171
23951197
154591966
26051676
55677432
16056306
52503751
76452765
16424044
10102032
41363507
23124635
18566912
124224165
77250424
117777832
78431501
18277655
74198348
238321369
22055226
209792690
22882864
6577802
10168082
21969829
19325851
17078632
19595764
94085484
88607603
148878245
148845723
27027979
20713061
19553409
20252855
107125748
45853503
36406095
134686106
17494045
173154485
81935095
223810775
17455392
16327689
162102245
1917731
15075753
23359363
35654845
18190205
48454046
190905427
63205200
23712174
239974061
14344823
39510422
109280446
109274506
21845346
114567755
36588739
19658173
20192403
22528309
15207668
21269970
23145103
234573331
20341454
19927098
14923012
33977070
26810189
19352525
16311797
64115649
18949107
26516229
20957491
22830824
23060436
16313096
110918253
142716103
38443653
47975734
38478303
22946048
115439483
20562924
18058293
22490684
20477029
9893842
18891923
44177383
26089178
