244268646
114607567
550401754
234906311
3070530262
1206227149
10840862
114756202
24913074
16635505
237814920
20015903
22508473
262465916
37094727
1138688364
224294785
47798449
300463737
2214726068
2353850029
234837632
17513576
228474571
130273603
221794177
22211616
409312118
21877897
22656792
52779839
101802390
807253855
1428441589
252819642
237348797
17800215
10126672
106597684
8775672
906782533
553579937
1938654126
368673483
95926917
24773493
2964351843
22732037
41733052
19367495
113718554
123766454
2456864408
2978291435
2966758114
23959252
20212378
581420842
18943852
20777057
17537069
392810019
128645212
15600527
34274380
27048645
2861616083
240812994
1077807410
177350815
19056243
600991865
1712989190
3044993235
278145569
97043655
237763317
224391627
35294212
14712659
15917758
43342743
21036370
16099818
67600528
16456122
20687912
14887893
14384452
113110626
112519741
26736795
62819900
26656498
84068795
36686472
21139887
42975190
110545675
2965083477
2930635215
234053893
18967498
234812598
1177437224
109579534
211530910
963480595
2852998461
2932617195
356334842
140519774
389028352
1080844782
16780392
17849234
7152572
288308178
22528309
2933760046
234573331
23103488
2750127259
9855382
7402662
15675138
82959058
17539497
135931182
1137600571
19739126
7713202
15207668
266133081
234469322
248699486
2966205003
2962868158
2853309155
1908143071
17544524
234128524
1209417007
2953494478
2253968388
15856366
295685416
6577802
236511574
76456274
2863006655
138770045
2970279814
25781141
1045110018
2869746172
2914571740
233842454
237862972
233949261
15281676
124224165
242761889
222953824
