244128288
16503916
52779839
224320485
787601335
119784192
23630483
48788647
18149465
1138688364
56505125
32468665
38679388
2974648323
14293310
1209936918
20536157
19417492
2935344764
553155458
236279233
19154907
124224165
136550204
398088661
19028248
55677432
22517990
16396588
432766911
158769098
16187637
135931182
488679352
275451635
29216764
220081296
186646579
172414996
272395158
22055109
20402945
43919633
46681100
93288759
21010214
93505671
197158701
2853309155
2965083477
2914515430
2953713339
2962994194
2930635215
2964949642
2861616083
74313566
15874918
2963445730
71281860
1382011333
1908143071
1061292174
33655490
1499993378
234906311
254082173
2382685057
2966765501
2966758114
1393155566
2560169238
1444015610
935368364
912608010
377534571
2750127259
2978291435
2951574214
2730150631
296245061
2975091705
223506587
29766367
25053299
16184358
48366585
1623308912
18918483
200343689
2253968388
66346294
140639631
861705630
97369800
220513139
303815965
15751083
2726193684
242772524
1322558402
1071900114
23976316
1058051748
78060290
2914571740
249288197
192944235
1074412920
52846066
14266331
14219877
23123226
21927612
19407835
266133081
86129724
21252618
1375079322
16056306
18028893
107441863
239964567
22591029
34274380
18277655
15460048
301549400
193794406
161721745
15987296
25104363
2976598347
235251868
20053279
17896154
18030431
114756202
960962340
246341769
2681284021
19139963
108376246
19926675
234937222
74198348
26424123
24735461
34340464
1305596696
15856366
240393970
1092757885
402029058
234797704
242926427
17976923
137407124
975200486
1089334250
14275291
1060487274
1195343436
1051446626
550401754
1065995022
9624742
20545835
23387115
2308540002
2321122291
9855382
476209692
7402662
78369108
1137600571
555473643
88784440
2964222544
2962813893
2864384387
22509548
237348797
17800215
140494813
127975950
2933760046
104213174
96818064
20117790
802937838
2973870195
2964287128
2869746172
2914163523
2929491549
2847221717
2953974395
2953494478
14677919
950328072
963480595
935033864
35773039
1058460818
394234511
712892347
234469322
2444525100
11680962
23011345
19013887
18566912
16929520
41461173
570317957
26936326
14717197
2856787757
5741722
113420831
21220931
91478624
16256269
234837632
278145569
110545675
1131917492
1209417007
326929954
71294756
108617810
75367781
37920978
213634439
27676828
29336401
2862577383
113047940
75060502
130600206
120295432
164076162
205392468
11856892
56401482
2202064519
5402612
15108702
18086993
15754281
15210284
14662354
23484039
452317934
300403451
16311797
794779346
14930503
25685281
314616443
507839910
36691860
382473756
45671898
123886325
50325797
178545928
37481291
979375032
254117355
95976989
170073045
67655225
1872854850
182052260
84704158
365669723
52475843
2798511888
2779702556
2771369509
2588027694
239938359
718431675
17662443
18770350
2677594309
20882295
2602335576
89793645
87760251
2340558698
1924394790
572858164
2211871536
28614431
39155029
326255267
14870670
43409523
19186003
407013776
16125224
222554961
77032777
2361224263
16930125
217550862
997684836
573872971
184823423
79218153
1672054190
18247062
615493717
615565791
112873659
146715348
23119550
267976788
86364947
240804470
45499651
2554741
2493630800
2491896678
2489036407
312793982
2484546091
823905
2382678470
19884634
39741871
37050475
23999194
372631692
7228682
19268706
472200207
1695572048
19880607
67356654
2451941328
42748397
37144493
21323030
18394372
2438462468
28918971
39271463
19127866
33908192
1473110280
335297660
275277820
2355919591
2419868204
46002396
107125748
31540671
16032925
451782930
1648452434
310424310
1069124515
1858791812
354990034
314083072
989473717
2370878766
2325843186
38852403
67025968
34416355
23209989
48459553
301075885
26777550
1937921250
1326031800
878266392
339529477
60680268
246769138
28172926
34410627
50073507
104936571
27311044
14345062
7713202
14335880
18891923
69773058
9508922
201066140
21045275
1285266390
18646108
50769180
221068485
201882918
7702542
112047805
190931262
47739450
57428429
55685994
34760394
163162704
29495098
1135512301
2327941633
2327638950
2314896254
915514734
1604319680
19739126
45190383
14344823
15207668
2273615162
85606078
16366471
457984599
122455671
218027755
474649127
86177206
836256588
546249408
2241272294
2239805815
102117771
36597597
1528929283
2155386128
1465982610
1971916909
1969302228
39067753
59880285
14148802
1689528176
21346215
222598161
507992387
482224440
1921645759
1917416575
1915098554
1901539370
20078631
1884719582
233704412
1873370948
1708578661
850999879
1729995925
16467567
15450996
1723390351
16686673
211286398
1701012206
223970563
1684230854
1641713348
27744185
25101996
36452050
268110883
1581759588
110445334
17527971
23728471
108338444
90738580
248699486
371055464
1571931241
92203584
12375042
6253282
1559522179
1546162236
70489839
785006750
16691493
1478297526
34969402
49787271
1444924604
29494193
1439967434
551891092
14116807
1431099469
17015731
1417128992
1161647324
20895543
20923680
64660381
90484508
15745368
193785644
131204770
1403825288
36243614
80136311
1392116294
1391741065
479598771
18916432
106538921
1378016268
1376233537
1375482968
1375224794
24080180
1374981974
11134252
1372384550
19402345
396395609
130798456
21265319
246961837
22205117
59213543
201148166
44251742
20824772
111375336
1004956382
297520792
96075697
176672019
30252303
97053247
19498496
142510630
31035182
278192411
20471087
450341380
21059255
48139886
23121519
19616327
18497595
21041169
17005064
28587919
18906561
5496932
20733972
40026905
262441788
18027450
18997068
22206148
21700621
194750628
30815935
82489457
324575202
144756663
36484730
15075999
27379870
21125381
1075854895
733751245
15976697
1365495980
18108462
85507678
7259302
104299137
240376174
1354622275
1355553806
1355552221
1355564569
17494466
19320013
36823984
15134782
10168082
1358200052
1358094008
16264128
188504352
36676406
31534267
56719031
1356044714
102488708
38820210
1059089526
1156596734
1129173733
31006603
1284730963
256198298
1331790763
1325793758
1354883018
1354688522
1353559326
33014782
21145144
44412082
72955376
187043060
40296036
88991509
34407040
15922214
379962842
989522736
234489024
1353335017
314873460
152666790
281595213
48815337
940025557
18144612
285986761
15743349
15533337
474392092
374740731
574865820
18858783
435946759
462252205
16279624
15442665
15087057
182554459
493305138
356416386
19673280
91130418
242340057
17815917
18963805
143672323
243973403
201147216
17046445
191963723
66597565
608263901
474284729
234167882
161088516
185778079
252215686
26811279
96827600
21017356
173898377
30010668
187582031
502070080
817813028
126061705
494316544
17701099
178114321
1071896984
632233994
165875682
178069106
52739208
22040844
233030378
492476220
524832762
18456014
14725870
104118017
388535773
392462422
386742063
47723728
291109649
1280935226
418991627
15756288
15999748
16002973
88597672
15668964
1270495422
2467791
22189352
21346398
30313925
17433026
22851359
39822653
518720794
90334660
19140083
23008414
41903840
52258534
16337798
36180323
134529863
16814621
10252962
75313145
28136376
17271198
17907986
65080218
171611053
29248958
36374109
35970224
79390185
97510566
33726864
16988595
15225105
14719069
11178612
240419451
31613127
66433567
221939029
43294226
16444027
27685095
46753960
21434362
36792469
14793929
93423589
16821896
96442790
15677242
36700421
19642382
28142596
1250020597
62935102
16212749
432973716
18255506
46128260
32538118
58968626
123367107
20929020
18169025
16621525
16555985
40959268
948732668
118854018
287024128
56257903
253245172
388540227
500704345
961431517
41576992
66745611
213466282
612172509
1917731
14412533
40924038
19362341
18791763
26096983
5392522
295964382
516005848
53104326
32156433
41178510
237814442
20952581
230078463
16664681
18640992
54356940
41764193
262414580
573965125
32659329
188760481
18148517
21028882
33691779
41005247
47696444
108342144
20215316
428333
48817182
15396053
21144582
10221312
807095
399808966
1152971491
42995996
33662892
5988062
19808819
711435216
110899711
18655359
56202097
61307252
436922932
34404844
76837916
32614987
125447797
66445508
23803388
23232204
61089546
106976390
6620762
166990746
199404424
174369509
370518790
9677372
34049347
482426798
151568164
158806099
19669596
26418770
39308549
23837678
105281551
321695863
77328477
106291885
37764422
16641041
158831815
161531266
22337692
153078862
54266775
24030827
16224670
17633277
31532083
36740558
439717095
117876714
5693842
58589119
240347499
186494246
32789910
212430742
60256682
321490677
153915910
424349616
390994376
244193260
10042372
494180327
20786801
34315765
15065156
51241574
9300262
15651412
253612404
90503251
18320576
112081613
12804312
30547300
44682276
57177310
10228272
308280010
201146473
63561755
277551250
16029143
36381965
24207733
195638329
20994117
19553409
20733756
18746547
198667178
106516018
15918708
16342316
18618065
58658349
31454635
19418459
20928192
14775998
20219585
29575412
33591713
72954673
15741092
307347907
240881808
272035548
173321172
74216940
20914735
21106980
277611343
18217624
12044602
20094138
14669951
247723476
16119451
54076363
16162149
10433782
104237736
34713362
202773014
28428508
14287627
15907720
65438982
3108351
14587949
61035896
36394617
262507563
58514430
66854120
17474940
61800990
50348785
18951324
19669207
17488075
19569711
22994176
19846640
33940221
17820493
19848467
153149305
87528204
18891654
27909552
16034238
23822226
33968984
107142176
168732659
58522490
19777359
47684523
103099724
44439198
48537668
24220644
38057366
47677916
5942922
1367531
21128266
759251
18055391
40532762
17077313
20873135
16039421
14411304
40981230
15392053
36474003
17270667
58581480
63561255
53168716
69071576
71050670
76133717
78742546
95992680
102548102
97091802
83947192
17656033
13270942
112630438
20736380
20797078
45005131
161359087
222267066
80698068
21823011
68824441
15966258
20956269
269009245
19417197
