103087786
3285110376
20076659
740718246
16032925
17454769
50769180
17601174
31540671
136550204
1695333210
1159518715
3154232600
47722134
161791703
467823431
153486399
233783568
138609858
17477109
19952863
232260030
16424044
7302362
254672257
364400349
29918557
24176658
364382193
60627385
1123196299
13067732
3018910586
19470006
51386396
18737247
2976606250
2321292223
87223193
21976508
1857812456
428333
35449630
27029537
23483116
20170700
80338522
33075002
16472495
15923563
18342955
14956372
34914177
52601279
410216127
2312829909
48202001
34827111
76340909
14620003
538567104
15729207
24450956
1389961118
365953272
26770447
28575342
46707180
38424301
96982856
22214699
14511951
22515362
108019754
168496923
60904627
69703783
19037209
1022422076
1528455541
262784065
2319089175
2610276858
23950664
26305674
18921549
22774866
11856032
312189104
278654482
430075885
17944853
143798379
322754909
17968901
3001665106
61181625
130600206
2845717357
234837632
44767773
1686647509
15219770
3195591187
46705305
23245909
33983012
408858855
3226035747
335047977
105901883
32150862
2778769334
576520016
227036001
1566580549
38026753
50152441
235271965
15160884
34340464
18805303
52503751
19658173
248850174
22527499
19926675
876480284
791782490
61564072
562165051
29458079
21039249
23952426
2374022678
978620492
17601158
14361260
32805803
84620376
76452765
2253968388
343358379
55049389
1929187339
2422104265
2951574214
2962891515
233949261
3146605202
1177437224
14335435
3071306537
49050047
47739450
17074440
14529929
46176168
16157855
640893
21313053
28096105
3139157673
2305280599
282117156
2642109411
3115626508
361582645
3111434291
2303995897
204479999
436192442
15162542
2399962129
102168331
243235071
365754087
273941150
19536655
17875034
274031406
18773159
299883942
33977070
15281676
15856366
975200486
235312723
240760644
51228911
1883356866
22831059
432676344
155669457
26778110
35829796
2706533814
50325797
25073877
20733972
44945327
19291441
14344823
18906561
5496932
7039122
21296278
70989459
34338674
70717166
1479748051
28050376
3025958272
449856556
269573077
17544524
221113597
1060487274
2361224263
216839698
44645612
293063251
1561533876
2303251458
764169732
18566912
240393970
562989744
3013505215
481635031
482361859
462169232
49676366
281335658
394705493
31310158
19611483
39344374
976969338
2912118236
17211031
109579534
3012414389
997428386
5693842
15102388
156012476
62516669
585300134
518841067
279266102
491719838
14828860
1928355998
11102352
396156403
2773757473
208568172
18345919
1146898316
16930125
2785643036
23873112
31206367
24618161
454947269
390973130
237944147
234822928
6577802
17513304
339822881
1339931490
10840862
9855382
1969518392
75367781
104874562
1237156340
22999723
512646194
15800121
38675891
113355380
105211981
73647589
52110843
15832141
110606529
67505766
277257942
210264206
23711035
2382685057
2560169238
237312687
2730150631
2869746172
34009143
2223850405
475809190
317234761
34888586
25108484
70740491
36170305
14669951
39308549
182824991
14839147
15513604
21010214
46681100
223970563
28587919
18994290
257041027
23970102
16031927
112047805
18646108
334053327
36452050
158769098
29216764
113758100
28628850
25101996
27311044
60680268
69773058
24295482
2818179859
15976697
27744185
110445334
196168350
7702542
108807556
216881337
113047940
733751245
15745368
388555493
343171266
254117355
21619519
50317463
22213032
56869426
109347321
39634561
36117822
32988140
19557657
315878798
15666927
116441385
1478411316
28174836
348559702
16588111
221898261
169137868
19353402
16303106
37920978
18166778
18277655
19929362
26424123
44612148
509582589
576863961
531525569
292131326
254189974
58120509
19400611
228747444
281610530
26487169
55002982
495634703
104207867
19154824
5577902
82420429
30011335
69641396
30207529
50281265
32411991
18319690
19877642
27786531
18750843
14869587
15297452
111734160
48240574
43947294
123274268
44203531
18640983
41715749
52730332
22954087
1058431974
116764836
26483706
27500565
14807546
1650682321
229187087
35335965
371040614
1908143071
1584074905
1534861507
2667438378
41431990
1247599939
779566170
173294077
47634482
5357812
9508922
88784440
1074480192
23022687
237403203
2217181338
2316003960
321954654
930742849
2448616866
124224165
234906311
117777832
32010840
18967498
240363117
239871673
137407124
252819642
968650362
234469322
27100775
233842454
2575011852
924659070
7713202
20713061
118756393
310424310
2992303881
72936647
319639548
374839075
1838642965
237750442
28337697
29766367
1327675195
14404805
2466581263
2244882448
18247062
1064030341
2864384387
314205957
482450423
2964949642
2953922782
2975091705
2966765501
2750127259
2861616083
2966758114
1483043330
16049954
235251868
1428441589
335996055
906782533
237348797
237763317
518644221
1058807868
2482022082
2916086925
2962681881
2963445730
2964877294
2973870195
2976598347
222953824
15922073
145355885
360981058
1444015610
15908338
1138688364
526807792
22927035
284180909
33670180
33021201
42953205
15027207
69350767
111704438
52247473
19358022
22081845
44067485
762684469
96055783
599579949
23524010
14795201
12657622
363428750
19992555
2705562755
46517086
108839587
16187637
14774486
16377693
2267452640
512613427
52400326
1252615567
22011025
741229531
756258146
1363396351
589044034
575783441
321002831
15802944
426013819
2283015481
767446652
78110337
25074134
155373098
531682712
30298912
483005168
1887117938
2363149787
23095063
495372485
2176337052
1529387905
221411519
2597406139
712688993
425531820
283753241
15675629
627556564
2731031687
2734241886
2750809181
1633414814
2715944290
2759860983
414292156
2737832672
1591636951
309008360
626128887
2757288404
83940422
461792635
18910031
1476207984
904145923
14357495
2222710006
630529796
534599939
42125087
2301979260
2958894694
423098385
1289397625
1172374370
26019458
250379020
16419853
751884613
771801158
18816087
355232030
79797119
66847158
371868300
1322558402
2676947413
880981530
15987296
64852004
634598384
266944716
21829371
91731596
350319298
436326169
37802687
54800870
211937741
147363023
63261754
19830961
43034215
315328239
390464733
377551962
58328190
306466744
451125384
250339585
429186166
72601490
41527337
461535978
477661584
440021533
359185293
26778265
502328538
503495801
56150401
516084272
369053259
154237488
16029262
25359947
108928694
19465872
14663319
579410775
47990915
529715372
590268311
91032525
21695212
596476100
237951570
458678348
55425171
190694528
21675131
278532664
922397822
39411763
27721808
57652284
197115854
386281907
41589115
341678259
1020062000
138422112
50178542
36249395
33266983
80441410
14914938
15923445
1036146775
33906521
1173673884
1208990275
86596414
1252439629
488901337
1325235967
787384202
32143539
44676122
352462668
412509665
507728816
1105285104
1357392458
259055593
212570075
892387507
350594144
20627995
611833182
56444834
1395538838
1328006160
35857262
798750925
305362288
49987368
809034283
33639843
333043953
16557087
29887554
20714308
73257725
439675444
615521962
799068428
182830973
437127146
33925646
271194883
70024336
41087893
21231960
58875860
18089641
34498238
33673431
1643881500
17928609
15113501
319183405
23585453
22918704
39262155
145643681
621410532
1895109264
1651956997
1672064599
48871593
59284756
155015169
48029066
40809146
48222903
1448777119
238723264
18494833
30008059
143323267
239843089
378074000
453557271
97953551
102430403
15566660
195092201
2190948126
254777469
351252549
855206762
283643940
417569612
18294521
314540899
629684066
394259350
337734101
14946761
266926053
2240786333
244657919
840567792
1012456470
2269060732
158355136
169041250
21395849
434343925
402327594
1244999780
245808379
1964534442
2329046118
215526140
110181081
2331161566
100441757
400093980
311719125
22195441
1555866102
2204085728
2282295522
2357382067
1523084330
234523348
14800505
17841814
2334616309
28165110
121868158
556303967
29288825
57778228
225588969
343621487
182200116
83619561
556067519
2442647213
2468556209
514544733
54647745
51420274
2436364585
276846942
437953527
797136570
419140059
25028535
708300877
21283547
757508634
278695647
566258017
1949331056
49108614
2320224078
1546307239
407902143
222876091
101016555
2336164251
1332634220
2626607361
123282829
2600096924
145634744
2609503915
263895990
249202783
2574246033
790741694
206445421
2256506806
916324651
1898790924
34466375
24786634
1897520299
582381384
33531053
36747158
2596744999
2405238980
898907263
2541770843
17449768
1576502820
22419166
47732585
2257455790
2293115563
2487371237
258844515
89613069
122754082
2231128095
28573322
368948092
2296943622
50434933
346340047
2175955810
706131002
46453363
624013166
2704730054
2735033458
15943791
1932694075
27977134
330594881
1022909250
2319059166
2752012056
111213357
547206778
2750575355
528017933
1022230206
37704642
60782480
2595314827
366191707
9901132
25413162
435169276
2816094001
2808787432
2808688336
23942871
18421255
2651321648
152618717
2868854286
161387618
314245570
451618295
2410005103
21327453
1358067792
120293202
627963539
351876191
358524090
2492315917
1002558962
851096108
442156304
2290038020
411909417
2873260187
805028689
500236799
2906451655
86030007
39774331
318766089
2400192237
811318249
390754085
44209472
2526248640
266133081
2914163523
2696643955
2964287128
2953974395
47798449
2962994194
2962813893
2852998461
2914571740
2964526557
2853309155
2932617195
2930635215
2914515430
2847221717
2964222544
2862577383
2856787757
2965083477
2929491549
19425538
19553409
309769888
2467791
3108351
56443153
569239641
18313623
1011159638
2863210809
2964174789
234534756
17019836
221382741
30020978
429910939
172832752
1145916500
2711326545
17488749
59576823
44135245
67620412
26553972
17592062
16004059
266012753
30062010
278145569
248699486
234053893
234022257
237862972
201079432
217543151
15647676
198526130
23119695
52779839
237860778
5751952
24937222
21218607
234057152
43104062
257038465
188811808
224391627
233693291
240385577
84681236
34402366
15113565
63796828
23535710
288308178
221793778
10168082
9300262
17976923
22528309
7152572
11853712
20269202
15855913
17409240
8775672
54885400
21157904
2953713339
2953494478
1077446982
24773493
17539497
15600527
234797704
135931182
1367531
51241574
15922214
7402662
1917731
78369108
455764741
17513576
15675138
1712989190
1137600571
110545675
2933760046
18916432
1072382221
22508473
8942262
66602794
1872523242
27676828
950328072
17800215
1058460818
935033864
963480595
24735461
19739126
16256269
237814920
993153006
15207668
834069080
213634439
1209417007
426802833
239964567
