347395654
63143087
1533928608
126042283
37481291
20957491
109280446
231108733
372837125
2953974395
2953922782
31492570
121750689
80379443
436121955
314633638
255684917
30164976
38744067
70770099
305694993
454881142
625624080
37713959
1022385302
115163286
2962655326
2845174051
1058520120
1332328099
2680741422
44117494
712926577
110465491
941974044
27938809
217550862
1444446630
1444853400
42692687
19102922
176647175
364886729
1908143071
186881077
2484232134
50446226
351905927
19785811
785255179
430186836
69773058
21269970
15766082
24158215
17137923
235387800
237765032
28135243
15989359
237871545
237774793
47646319
237872642
236842868
15902830
298246008
237806863
247285439
119376050
30231500
26055230
15625377
74732805
17313475
19254622
119166791
281591551
44990136
36174634
23483274
30033750
381073458
381077806
381080640
382075092
42699827
16121791
8775672
35826458
17447195
40589317
59249203
177670772
302115171
242872439
309240347
26553992
172440908
382070257
112781287
14304170
179273820
6519522
161023696
630402530
1342614200
21466375
2176189027
1307242220
249276180
2174234930
284844257
351631746
386166560
103887282
26654182
16542798
16058946
23630235
33288015
14344823
1490838589
62961488
1011901
24894213
17809006
16652383
1832911620
172446187
252803659
281160103
600115603
331046873
370257338
2362018790
549460007
2418224382
16329609
18486746
100522040
112022256
22021524
347919243
364263506
339770467
73491087
53178109
19618527
14569679
180503626
14221917
14689197
14358172
14680476
1099972086
310375535
240361325
240437506
240356509
84308158
48454740
16384024
71546514
63038329
225024032
25425617
26803477
16050183
915675469
857726737
282609416
266031138
246732771
246288568
19077472
16008571
15898362
27103620
39260365
322565463
99754004
283652333
323253870
20421709
407142322
443262847
479944064
117274716
366189980
43377604
18147908
16358930
16811537
21370484
24898206
24935975
34361819
34942703
41187505
43482907
59945934
104931467
114534904
146130963
160946337
258552097
369612910
425529528
437339088
745517888
622804972
553062703
536853368
821401298
821711102
902045581
969589147
1183717358
1467966446
1476206948
2237631630
2280637744
2294728062
2353746080
2416043856
2451610292
555473643
1287185550
2327459970
15212187
23585726
1534707800
54412900
155642785
138243323
414331122
588387056
16226427
342803091
15996338
211241330
534683380
238275015
488633673
14400523
545413416
72740377
17165077
443993856
16083576
216328260
20168727
46878448
32208472
534375837
365001537
286126794
44933687
42955963
33717365
31959666
61181335
330630652
22142670
330624932
468396439
150754657
370251304
162941499
865867044
14849562
23134068
1340015065
2293131060
26233104
20295222
1598644159
14597239
2194467816
243337600
2253968388
86129724
405880248
60403024
16796658
249391853
184860130
979082618
25319662
455764741
11680962
106135104
23258618
305189255
1390240988
346698899
18029328
34713219
242772524
1305596696
1382011333
37007274
1071900114
254082173
518644221
1058051748
377534571
211901075
1059240924
1072008757
296245061
76132891
234797704
1209417007
1072382221
1058345042
389759292
16102244
252819323
17198100
25086658
950328072
299883942
240376522
344972339
236479311
240427862
613725908
993153006
148006729
612117635
402719755
233842454
101802390
24637436
236541422
364564017
17044681
76649729
460400188
14845376
18632666
47975734
538185166
18216752
78403308
73303753
296361085
233737858
291756142
212262370
747876121
600463589
202206694
239561508
114896223
292972175
701821488
476209692
82657929
256178459
275572403
1138688364
17009186
1064095716
874916178
291465793
16623443
1364306851
16721461
50355859
108411931
40553282
20607533
39308549
14543627
1444015610
33222598
18678924
136300373
14412533
9532402
364455457
61561912
5336752
85310612
1077446982
234906311
1065995022
1051446626
51228911
242873057
912608010
18317325
23951197
33655490
17513304
12726012
22831059
15394954
727242919
26778110
249288197
211530910
234837632
935033864
1058460818
402029058
237763317
23712174
236899846
114607567
234057152
32506723
960696949
235217558
237312687
249219716
11651202
14904437
1048784496
1074412920
1060487274
1058256326
19407835
237750442
18030431
18811140
237299871
249339682
966442267
1089334250
76452765
153944899
776664410
22812434
93950784
27029537
65713456
759251
16097702
1288967479
15309804
95431448
70771229
2836421
63150856
97465432
61583656
935368364
262756641
17346287
81155662
20546536
119899270
264219447
1289319271
1128514404
851621377
10840862
1074101017
16424044
234573331
20192403
114756202
42924141
75367781
224391627
78369108
23103488
29766367
282093902
281540744
246769138
34340464
24773493
78431501
213634439
234937222
234128524
234469322
229197216
17544524
234053893
244268646
237814920
233761277
233949261
242926427
222286905
201079432
235312723
234022257
32010840
15856366
24735461
14275291
19139963
33977070
50152441
241207373
10102032
36654245
48117116
18166778
19658173
18566912
161743731
37920978
37094727
24183358
23124635
193794406
22545491
15751083
20467163
19929362
225921757
219429281
407946396
143812180
18990471
1131917492
1155212191
317750991
20612221
19658936
58814073
23092890
24112747
82959058
20094138
968650362
92560448
135575282
18144581
53546501
20621911
71354375
12733642
69035304
288308178
14587949
15113565
236937830
16664681
37755455
7228682
16250929
156703580
35802171
376380628
337742544
184136149
21316253
41417564
14677919
19667766
551195347
18773159
20436059
19611483
14342564
18058609
18481050
21027715
34022952
15159913
115749048
14268812
30864583
222622640
54885400
20786801
7402662
15201979
114388293
301549400
17409240
15463671
78965661
16930125
30948168
51241574
20608910
3108351
15164565
20245775
5988062
4119741
22799750
1367531
28785486
807095
20067354
20182089
17918891
14293310
5402612
428333
14199378
17629860
34274380
93069110
18805644
70708097
229592356
112526560
44615672
413466731
15769327
267370219
50325797
14173315
15335534
143798379
274596432
16613128
26946495
143510253
16311797
107441863
15649433
229966028
14074515
137454693
26133429
15896072
26777550
7152572
153149305
110541296
393562221
19948202
166252256
120176950
20437286
61853389
76348185
9855382
17539497
339822881
78408666
73181712
15647676
20179628
14434063
234370900
28576135
11348282
66369181
712815186
35474809
211588974
88784440
309267226
9624742
89175642
137466464
11856032
16669075
1137600571
59589510
15161791
20053279
218349372
20209807
365873832
44631696
202790178
90484508
1058807868
26018296
237418907
250221324
620298978
27703934
189314500
22008787
15416505
27347950
185353512
115127371
14414574
93965901
254611729
357682016
235271965
59526518
238259855
16256269
24925792
120165462
245408102
16468012
20085210
32393576
190328374
45620533
15281676
240393970
47322786
135931182
455006011
289468529
295899118
144856178
224294785
18391051
550401754
546955814
43341514
16408067
115992342
252819642
87524477
118511128
26146266
71070614
247478374
19314298
246341769
252565323
454994057
195091457
115161271
63237118
17091862
1917731
26334203
119784192
52293877
26487169
56413858
237348797
18805303
66244381
122207745
18646108
48459553
108673798
313665159
435297236
112044917
2467791
10126672
29771899
248931079
20100147
75690416
85641893
168662301
314335929
15987296
221793778
248699486
17824099
240385577
292961404
17898596
235190657
209792690
74198348
26424123
19926675
242761889
22055226
21301933
5357812
43409523
21252618
235251868
19216998
77032777
14529929
137407124
14248963
22508473
17800215
83668232
17061263
25330246
84620376
227204893
240760644
94599930
171598736
211420609
194742676
295685416
49324978
14389132
16015621
238269188
17166210
19616327
14827344
122212010
65063850
217543151
236916916
288026642
15675138
62754127
234822928
26051676
21471778
17087824
85418520
14154581
273592641
59865177
237781383
85634177
22341950
124015710
72129678
61078742
148771088
261920623
30095477
104615577
21969829
46557945
87498687
15922214
108617810
52503751
36804447
13218102
15923226
7900962
54598826
10691752
278145569
15160884
236487888
36588739
15356407
234812598
223585732
42624799
15600527
46294570
14246001
245419752
243329868
76244630
21312136
139820130
237862972
230052316
64399738
8953122
28176898
76350004
23970171
17896154
61506962
142300344
269314519
266772387
148453195
15932363
253333825
126644609
18891923
23976316
108083058
237770636
15858700
27550683
86364947
15941955
135555511
20015903
21873714
32422915
124224165
238599895
19266563
15948219
110545675
259314379
256646862
233693291
41445718
21057999
16187637
259950795
234742762
44215945
112751687
91016729
123986515
239964567
103927659
12788332
6577802
27676828
233557728
26596727
235258843
252115520
21116750
26564828
15755669
18277655
221162525
48086014
15747938
238506082
26744800
132377834
28636739
222574347
14787713
19983468
26283322
18967498
242376736
22677427
234074628
90702654
239871673
7713202
22509548
15207668
14495726
35829796
22527499
240363117
17976923
74168324
117777832
198526130
237944147
18916432
19739126
