365079235
15113565
25159286
235271965
993153006
78369108
31310158
21791861
57465426
253106976
54885400
235251868
106597684
16129106
10126672
960696949
29766367
300566557
20015903
234053893
234022257
1051446626
240393970
123327472
963480595
1058807868
15766082
21534951
59331128
15765991
15600527
2516585095
2444122315
242575214
990271724
124224165
118756393
44041451
236916916
234906311
236899846
71555237
252819323
550401754
1058256326
1089334250
2861616083
2929491549
2964222544
2963445730
23970102
23258618
16031927
21927612
447203687
112047805
1305596696
280910543
17546958
27744185
363936759
357162119
19417492
337257796
1074101017
31773185
1074412920
109173230
35847433
36140226
20708260
1128514404
133448051
1069124515
44653060
8418122
34274380
3305919855
1917731
15210284
249842603
17091571
15075999
78420819
111689606
50406326
49105997
19611483
28576135
414331122
39384517
15647676
16613128
66369181
46131997
275572403
20192403
327100264
18563796
272004287
68498034
1684251300
436261440
18999261
9721292
26051676
47798449
17187236
19038768
16547587
18482836
16949386
303500174
19929362
6577802
190328374
136015159
31084492
57537112
235674374
344351976
95930764
210931957
342870003
2312829909
188376042
63202045
251439375
31325218
246769138
63206762
76388667
16256269
68842969
248699486
5741722
213634439
217333451
15207668
634780599
111167900
745368182
58928690
16102244
233693291
242926427
237763317
180917789
201906207
18871191
36769022
478871599
104260918
252819642
19658173
244268646
224294785
16154568
2253968388
26608065
2868353169
182426536
21723068
16514393
236542193
32262791
237511651
65421592
16214781
20623032
91756243
173978800
73301751
2953494478
14644829
472830024
1444015610
32144112
22055109
43919633
15513604
317387314
2338907504
21006741
7113852
1209417007
229197216
2964877294
2970279814
2973870195
242761889
2863006655
233949261
25781141
234797704
1080844782
241207373
15281676
61519009
31077804
18508569
843608635
62324697
24931331
29607320
15784460
15446773
819065833
387042608
2303946763
24771043
82807308
104904750
857640739
15160884
288481709
24773493
1072382221
1090002997
95995656
81645801
28602948
20104143
20020759
103414649
293415248
49375523
633894947
44462409
200151764
221402022
1602003878
385610742
121861974
44132707
44726873
344577027
258100271
234128524
108669465
36747196
885086851
232402153
17544524
785217938
41736190
367500727
993914142
1547374632
873870092
33601136
15922214
567454109
380999737
16080839
188848722
85142160
1684207818
239871673
1730716639
21437820
17976923
240363117
1373267096
35345678
15909372
23792752
863374752
16384665
144712576
20104198
85365067
1252946533
1888170276
1606965788
14154605
1024866332
7713202
2914163523
2933760046
240760644
2953974395
27311044
614542142
24926288
14246001
15923226
110445334
15839947
1120828772
18646108
122207745
2862577383
129879105
2962994194
2932617195
2970462034
2966570782
2964526557
73303753
2953713339
278145569
40923070
110545675
16056306
22509548
254117355
21619519
18227519
237348797
16812678
17800215
15846160
17761820
66726492
49827406
281796440
10025982
2953922782
13115682
16221481
23976316
2750127259
2847221717
2966765501
2962813893
24735461
17896154
14529929
551195347
18277655
239964567
23227396
21397275
995725710
300010122
180664930
37788615
247906638
17435612
2467791
31285973
134382751
8953122
15458694
9300262
7998482
1508105822
19418893
74166474
2471551814
539097451
349967181
33370828
2736737218
25980457
137882653
805154172
2176498934
2607020837
172073205
2937868341
2961805402
528261159
303562387
2962607476
2962866274
2963223327
2958239526
1364999612
2899960837
2964814901
2965254868
2960002651
2901045304
2966513566
352842825
77092189
55311933
230076478
247921694
164418352
208262176
2433910442
334162338
72614152
1695261661
24310995
131242982
15946841
320339387
26911611
21351091
227329367
285159912
20744553
20217019
22154680
14661912
33425506
21216977
33426860
223681390
161462755
290589147
236591434
406733783
20205271
34216888
72694486
54780864
17525510
18282010
93887052
129074758
17641427
16651352
21790258
91153898
19629840
15228276
17090066
2472947851
17490662
68831926
18036907
25398286
30476431
14862639
53827195
1481361438
15669476
1520851111
23101859
15367570
68928118
2321445091
20170207
36201747
32190652
15400464
3952661
16208097
14787747
193787810
116539435
22587869
14606079
372575989
17074440
34713362
14412533
20402945
6017542
14511951
15163466
428333
18665800
35785401
25053299
113420831
5402612
807095
158414847
5392522
28785486
2883841
14677919
20109973
20608910
51241574
25589776
16312576
18812301
3108351
15164565
33514869
15675138
14293310
14075928
91478624
1652541
5988062
22650211
1367531
20632528
