49620730
253004443
8170292
316994994
555453339
117445602
2485683942
282695074
1061292174
345158526
474232856
27114180
368992130
148878245
248851654
333399030
17162463
117113635
35773039
20150502
115710058
15510768
331177191
17162499
109377487
329913473
241201385
17593218
236221098
33660256
17487795
123282767
22077368
15910453
394422168
40055186
90658621
26681032
20957491
100860790
80875090
48075643
46176168
32628749
36421895
9126752
40315826
455463286
123883373
201802474
17152216
19043206
15724082
234186830
16441088
577690047
18993104
15781389
486994518
27756540
245412130
14081659
20658469
27689907
15741263
595515713
1135399020
1665386791
1603419038
190360266
132278386
156783075
296907391
38855868
407396556
972651
2953494478
18061669
2932617195
18632666
18451200
75939860
83668232
1615463502
1176994477
224320485
12354832
15007149
370808273
1339835893
1330457336
2893375942
17601988
72198806
17494010
15939889
476256944
15442036
568311929
18025377
16288269
275582390
258082407
442319975
14660096
237944147
1064493270
1433356862
14270650
15220768
59676104
15689503
235217558
410216127
56081005
46927338
506375545
389759292
474464413
47408060
245386255
61122731
113047940
227373977
18943852
301549400
2962813893
128611423
139738464
208736091
80940214
128659076
37036297
381036656
57751453
437838346
229966028
71070614
31143957
569379679
14261812
16017996
2599923739
2469665286
385045862
20109439
46817943
15281779
103087786
388456346
78966686
378752087
21800063
22508206
71627462
640893
16887628
47739450
2409649231
65691824
32461021
413327979
2228964835
18967418
38496530
18959018
14007532
36178328
16193222
159655293
19785811
270405761
29442313
16796658
19554219
248841143
15754585
237763317
109025212
16560489
1074101017
1051446626
1065995022
219429281
993153006
52954222
91384350
18213420
14515799
7848802
11680962
118756393
2953713339
15320854
130945778
167122787
104324860
742143
2097571
26538229
2856787757
14213413
16698389
239857777
120233868
22292474
189129306
301014412
143798379
107441863
87943060
14659350
26125943
106430958
314161602
14427403
328339402
161427200
1548489476
31037199
123327472
168674628
272016697
239630736
330579721
309680827
41653798
993972252
301634807
59331128
106514937
16132529
146415083
17243582
153181367
266830495
46557945
108985543
106135104
18963809
12926172
17907987
58504135
23645920
405114539
164383046
138609690
114870265
437625094
2571437664
245572815
20281013
101348982
160951141
104914594
301073375
114802635
2347049341
17060020
27676108
25491788
21696279
326255267
13524182
45383269
32521584
28049266
1045853744
456050030
111605910
935368364
186646579
18029328
308233424
9862752
488679352
22055109
56749157
48621693
23990704
121312996
25562002
34310801
396976736
18697888
18767699
620384574
745447032
71294756
22242298
15741036
13850422
16815644
22076537
12859772
5693842
18592146
7039122
18501487
18825339
116341480
236026761
968650362
15742985
457984599
72360510
119245234
21797658
224833226
310220033
22861044
35616518
34771939
294446264
185754465
299878326
27863062
28196767
18097821
15978412
191049947
112597035
206255858
30864583
27245742
48110818
182658744
33391760
15754742
31053563
423631401
126465821
45371411
376234071
107276975
26820275
111671041
22570563
618297857
22527499
117777832
80928773
374047963
2167715850
2259259550
17289717
18772897
64916983
45399148
40116885
1560444553
16125224
112526560
259395895
21768766
19186003
77032777
39155029
93876666
142490217
250912539
155896641
1205200364
54208274
409456907
18380182
193484225
23848444
23095461
205864193
272019676
22059079
2609775320
49204865
52147094
30887511
831144674
213634439
234022257
109431937
390902400
926834209
207660339
15567780
75945823
139923175
2289959569
2463575756
541805609
34822750
1291766030
35565929
20113700
594754663
2459612239
24038596
906758731
240106025
1030153597
275904670
78815813
163667140
1480295238
19607339
40329578
1485641046
1135093489
863716748
863618551
863514554
2301511160
863589853
1320656142
534494917
45604374
17553400
52070270
21212087
14597239
50325797
14245722
339822881
325830217
19394188
43963249
9855382
15764644
14159148
1093090866
939091
813286
15110357
621523
91478624
4898091
33514869
18812301
34713362
7744592
28785486
428333
18665800
5988062
612473
5402612
17689864
234128524
325165007
250495226
241307712
367195445
1112830242
606471618
313719282
26946495
509859928
733751245
23970102
432766911
1327133264
16660877
264357906
46681100
31540671
121795745
191613738
16314859
14465607
386743662
37908683
248812533
590082425
24183358
1322558402
28264799
57065141
18873711
281610530
22517990
22703645
14335880
316580588
2535075396
898296218
166990746
16072676
16364399
171154131
169203819
606508957
43931533
24671555
5695632
69276033
359428392
27842754
57238103
406255275
22068490
304799251
19254323
1372104194
1074990068
1472215920
369238541
110445334
37764422
112047805
18805644
122207745
21301913
126629610
300552750
576513351
48029066
271441733
17061263
24768753
52992670
141084952
58562226
50299063
34687999
761831000
90732596
34876970
243337600
398088661
34850300
14849562
113420831
22012091
17168586
299802435
531448094
1487846678
121841565
14870670
407013776
309798935
19035963
167024520
42692687
21967813
1219368530
39778096
39086606
189376144
265321890
1564728318
47098558
93069110
115564212
222622640
11771512
31464192
143923948
18470973
16319022
20246842
154985728
18570258
249348169
179546580
110004599
77920769
21911384
126401831
256126425
16228326
165204211
16073416
226595853
55896443
23642217
39279393
92183278
20237824
95740980
943814922
423804754
244265058
136300373
28181835
315576763
117833629
158037448
16051471
15485441
156703580
437594350
273484771
312800783
42432498
423489309
35002876
34681960
230820303
110974198
43919633
252868645
15513604
208155240
405880248
50128726
431012534
863585364
90490354
239603924
1296774144
614542142
19216998
864609228
15975951
16874862
240363117
292615553
1137600571
1444446630
1444853400
18646108
252819642
65464774
15745368
322603418
361342191
243670716
22771961
242944499
136550204
248850174
1089334250
17544524
1252878133
1340508937
16261445
1002323377
1222716350
26668729
633208736
316375309
15987296
21212299
14268812
41671165
829713356
109469773
861633282
116282843
22049027
39420337
19726613
193038373
36573744
202206694
948024944
109257354
100802089
518644221
31488375
15751083
22831059
14587949
912608010
211530910
18166778
976969338
433034412
24318545
520746973
15356407
17896154
15224867
227837742
240307028
19780223
44295213
38705830
76452765
39515894
135931182
787793023
64533011
360080772
15473958
435279956
42665784
338434099
18983793
240760644
13567742
23951197
202243824
303856346
19293193
15482283
486729240
279105343
22934648
240393970
33977070
20088666
23124635
236916916
23976316
229197216
237299871
635800003
56413858
16543775
20468251
16114917
14904437
14628959
20442754
16285830
48355504
37007274
32010840
37649825
27676828
25315546
52503751
17068891
18773630
499992128
572650717
142321780
222286905
59536644
15075999
18317325
245408102
16256269
50007957
93214597
23838106
28121946
309202780
296823582
35664186
462940679
45675058
34723099
293113029
293709301
33254205
70695661
105230963
20280088
19596240
43222955
24439201
104299137
79743108
26487169
493595362
22633759
334242953
22745722
43340754
122464333
150686538
99134052
143505435
18805303
237750442
217616314
24234881
188039593
211901075
314335929
28238988
36654245
346781925
33696409
238259855
38438940
109375982
430235090
402029058
418718012
16102208
223970563
334370014
76126109
242892689
2884771
16012783
523272161
550320813
51209377
550470354
537156670
550555652
92070235
24312061
45846505
84119348
222655171
37907293
24904117
19447361
34371118
321082871
27027979
92046926
487760032
2467791
19832966
14857525
16097702
15976697
52763059
21316253
364219518
498478590
20267484
111689606
48795600
17470346
44753396
46386109
68897692
74515918
25293856
119048111
85282028
15765991
19038768
16949386
50406326
60627728
18389620
108987415
262189336
60995964
217454583
254070640
148792604
30550346
25110115
322699008
31173062
147666113
28627577
175248804
240737740
18482836
455764741
21525509
20182089
106144762
140208481
14225500
16132381
217550862
234822928
27048645
18277655
111373879
113088360
247408475
36783460
22836511
23106335
73179801
252764352
21612122
90077282
68498034
49105997
69598460
69370175
423610904
380581302
95687597
20015903
20733972
16787084
45828171
89250968
33222598
333692333
233842454
40923348
21003982
225921757
21224756
364564017
70774124
19926675
5561412
17800215
21122578
254082173
377534571
25636583
233949261
74476959
329702630
24091188
18981604
211420609
19608272
193794406
110545675
249219716
14662354
20989982
22267198
223609003
38847842
124510942
22276807
45733048
45398966
25446308
14084032
5357812
74198348
15728161
50313443
15428227
24735461
15281676
335996055
18030431
15985455
22396743
37492407
18225424
14173315
173999134
89820928
8839632
398288010
235271965
19139963
15394954
54412900
32506723
19658173
23121519
28176898
15600527
17513304
34340464
22545491
15160884
18566912
278687907
16547587
20926802
16980310
381772290
413223602
267719395
292961020
40251686
16906530
20708260
44653060
74820061
38276009
244166467
52487389
172333841
15670644
278088173
41368231
15516354
7402662
16825847
20607098
111622423
12272322
17993906
3108351
44615672
209792690
1652541
15754281
13984092
238484434
282093902
14293310
22506222
23092890
15646174
14345062
759251
21619519
211887629
71281860
15116570
46131997
301628954
14333957
231545580
14692385
96831824
84380914
16031927
30043495
16317567
21426423
15210410
83795099
13058232
12925072
17480797
15012486
9532402
14412533
14669951
16032925
16337264
16030076
10685542
304576970
42924141
39308549
183898020
20177097
19354391
21252618
11856892
62442994
26792275
5741722
6577642
15923226
12788332
16424044
17546958
154591966
29766367
14437914
35829796
10840862
85606078
16827173
114756202
108617810
9252212
21313053
17074440
224391627
78369108
239964567
234573331
41445718
109280446
75367781
28195764
234361966
16187637
183353672
18020081
19321518
27928544
1367531
5392522
807095
25159286
18144581
9130702
17629860
14344823
41806795
19683378
15675138
1917731
15918708
15210284
10168082
15922521
19386622
16977023
51241574
44935627
15766082
149197471
16311797
24905240
18678924
48148030
36771809
72631996
160946337
15460572
49706919
161023696
187993109
61583656
39384517
16613128
34274380
29209295
27882000
86127027
15689607
28639375
25138059
29130250
30253915
19911382
36681590
266084123
17409240
16669075
61853389
28576135
66369206
22528309
153149305
14615871
18908628
82184065
16242309
33903907
48485438
23077947
17514024
82412928
22037961
15627208
78957670
69906463
28202784
14246001
15922214
9300262
20600214
54885400
78408666
73181712
9624742
7152572
20437286
20179628
11348282
30313925
15647676
166252256
120176950
19948202
44783853
76348185
110541296
26596727
10126672
31310158
8775672
14074515
15113565
43409523
240790556
18915145
18528834
19611483
19739126
21312961
81155662
200542610
22826294
66369181
60984835
15738163
15207668
18891923
7713202
22509548
22508473
20192403
