875974482
2668497114
30315920
225690324
16029389
10860212
500180852
109456108
1671259843
1636675148
14955882
274213069
28112362
2511433238
28401561
2573465275
2515319911
2375528208
23773211
50355366
573219276
49453298
334194605
108188362
1109853818
2713287884
2293805804
30965353
36083706
1112983447
246013614
14654173
113066802
14342564
218951054
281530541
18019555
316654916
384914539
277044521
84690613
14116513
92557448
44519274
88040819
135982030
20999272
26778595
36773108
64165504
89346614
849395670
123649831
2424000242
749956992
122134524
28483235
47377483
25384595
25519537
991775646
104536494
425914877
19186750
37650424
3003741905
84077400
547913198
1339132507
1465384788
1901101712
1359661350
92185895
1024425728
73479382
379838324
1732808036
224363546
451030894
538280017
91022081
2165364858
64442441
2353543525
104991713
79899301
68261372
1244002999
13493302
2216041938
16455297
65698096
613712440
64408373
575513182
56386982
29998403
293282829
2698378686
288355514
193398763
888210386
749570191
35499710
124158860
2527966172
2982030105
124165231
125391976
2815218449
189894935
2792491578
2613804073
2709649290
145415238
2547259602
163894026
1616451235
2826422466
2327357078
124503791
123904256
125346532
105162223
512397923
357788512
85927348
78422911
2234807838
119461469
57422085
2693396081
1671990337
1431872846
2494807237
126069216
1714304300
2376918728
22167111
300593865
2202357133
1280978539
127829661
375457359
1506331914
774894422
1413825512
63319548
594199324
71416628
83503332
2337423540
239637237
1697697181
24907880
762171096
130312751
576312518
18845184
170061753
210275810
105934930
498819605
354666125
153928740
20986485
163751708
220843634
2546370265
125655121
1563136825
564909038
212751341
2313881000
712507320
1615838137
37806407
149930710
3192089561
403201888
2850169917
410155583
272566480
310455468
119784462
30055642
718486195
64703161
225293034
207660339
1548489476
18451200
479856992
389759292
68403785
28438109
2200237801
33358235
28289170
1097576474
32369603
2825218395
21732134
11024852
16328152
167310420
2292830888
2631068245
2559379819
3108513681
1325241396
2999795157
2981574094
109496754
2966952164
3227649320
1278546188
1095989503
48776718
1871673438
155590828
2381725045
602311940
17220034
522387767
161125071
73413771
1001124308
100276715
2206720215
334696923
18191927
16000856
394741838
53176629
14240875
15854702
10069612
20525702
108993692
45573874
1499489414
50323274
3317886598
2257804140
126363225
114844202
335505958
3304156631
410454729
241201438
49650401
425975238
99207153
2838072921
2965466602
15256741
16633932
405644105
140278814
247107843
264470447
94183706
920287999
598453623
945143563
443093106
81841108
25715595
398402706
792582900
618590378
1490364307
15172212
1281621649
2726995722
2510620999
3226773628
3353849277
304520323
66349121
3080763885
46164146
23481173
14124323
1467414068
2161424934
2432066772
1017897398
3256786219
3033097494
3294027353
1114525099
70507586
18647301
2821444085
917680813
3234144214
3113408504
3187214346
715144411
34148074
261080756
404449419
17786154
2532832417
16116689
3120489344
2778442416
307567451
73094212
23520783
226343230
264507071
131353991
137113497
20069661
399510919
327013250
127611219
17031793
24686650
16593602
484363948
2196659042
21954970
108323753
230552069
2422488667
22169211
29358264
50533532
615632431
591793181
57710919
211887629
18261728
14925545
50677123
26133847
48490599
126722715
271037733
19215766
28369815
39246916
72555263
35079180
68897692
500069571
599445337
62276638
123949561
603083228
469610782
38442478
507562427
507521022
106836676
423613070
321091278
1068411528
92643698
31763435
340423016
22488307
915140918
2560356526
2727298015
15407811
2227529821
3004669793
2181200682
380882637
575428785
2546219636
2756728705
106926924
349113353
162117003
79951155
119480799
234944674
489941699
21986542
1539394819
189679963
444086495
1465588765
71859173
1713344179
917745320
1411814066
2438511810
15407421
36048680
24454198
29825588
18092434
132726383
23283597
231222773
459360119
24384383
598717506
218303685
108977346
392259995
430094113
808063550
2178383892
501200787
1637814192
166173177
442239437
811550664
142721190
89229769
709508551
315346793
39809362
19186003
407013776
77032777
997684836
82151660
42692687
217550862
167024520
23107518
17504715
483521727
203987100
455835706
10311992
251076452
203089889
22758704
483212957
2207740964
163995557
338421148
42698105
18200549
25819992
22524448
2887626237
131341343
153198935
16898745
16620410
236635926
57468104
2481105272
17163785
245539278
19127030
1513951362
2414719297
226327734
1583508194
613770708
1631900977
2768651151
2865320472
14511951
342165503
15164565
16955991
18510860
28841562
478898368
287811184
269863880
426051313
29766367
3091316093
3044840091
318531893
13832182
26775504
2966205003
2975350155
8666382
404197214
2479166808
1635654422
234531790
279751179
54348749
161121822
191103530
200564980
1009615507
67646155
67646430
67644736
260873129
1670894156
1390898461
221809355
1247972790
413735953
38611970
37938902
64440763
125062827
274017330
135142963
63955211
17271749
19615794
18749577
34678959
1198315513
139468938
2293330428
1126800385
258378636
747183289
1857712747
2290262702
2327692315
3281732827
111013034
22730329
247398320
75136974
26257166
2557521
3356117249
28182251
851225408
21976545
38500989
184893592
612398739
83913346
540199396
308290411
137571088
184819423
84239972
22434599
129787514
98458111
19796633
340422559
2563439912
21733079
36552399
208183527
2397370670
318998087
39662279
92646762
233765234
247855034
45830582
30705322
114783390
2252217486
211363516
1097256805
62993519
128948300
1656481622
756197101
164393143
410747427
266818685
550968874
495320928
160755516
3029254366
628319296
304530069
71638746
993496880
245638510
2397813212
932213143
36776218
145445455
1931573407
327412106
246379293
421446220
2155545487
104221627
125666085
71044196
1281195422
123890667
160775579
289942290
361253247
334874989
270247776
360268591
215513301
73490725
3089318871
264444993
138559492
2502590928
36724265
327747723
292537023
25433871
378006885
213497726
943684242
230941987
1158915931
127355739
323094136
68343247
102507815
491580796
79891756
142231713
1246971061
48141283
369567068
550447640
2790629101
64812105
175377297
164005255
160755095
123348859
882139458
3011773003
2556912956
2367848148
23826422
202773330
118747675
246082274
787160365
18534093
103971690
435522254
199149538
1730190571
2269355544
309272746
788496296
1567056487
935131034
2362324400
438862731
2843683045
2814657045
24209004
2549895685
733272890
119964190
14767487
20240935
15921584
20909285
377071661
85491281
39813470
42991162
132629189
163674359
1613383519
415656226
398816591
334304639
481363632
1008971540
310428662
82695357
398817266
452706444
2360480300
243270067
61801615
62379062
45183940
145078877
19364516
16870493
14649697
18201481
37283997
299176140
55444188
1280596310
595759790
249266636
2405081400
1688933348
3351800638
2166727732
240835074
596051773
288461975
80568532
366135651
753239520
20481334
26782563
15602558
19845702
372330056
37945452
38432534
40716296
1240520413
987079620
601178398
577488260
3096688482
1876188157
193711428
415080710
550483516
529668943
135552299
218715629
246802679
10184772
17291745
349060308
339399361
36461861
71571337
31402454
346655195
577483021
168704006
38680959
24191791
91511316
68169662
3219656876
11151712
277847141
755886086
106239126
829577845
87256018
363633553
121506472
54287536
227909111
114484071
163732021
50614163
101791126
21270432
201009917
209104602
234887755
11814882
101781641
384353160
33424006
115403866
100894061
1118061079
1650681
28437751
28147663
28405570
56449800
35375326
44400555
41713665
543108137
17461978
131291626
2571520764
2373915408
385989819
20242081
65126442
1558683584
20686077
18640051
162819742
16440037
613591861
35107066
59040285
17961886
59880071
9109712
17967675
362707577
47529137
15758330
431049342
26034081
85332821
494296571
79591760
177984316
47971027
569315141
19126398
21925192
73662949
232678772
16898332
76019721
96831824
15627208
22255153
23459707
25512921
241635930
16134261
26422742
19776191
13235382
167098327
10685542
20007980
32401447
14084032
23032184
1197064033
21482627
859993405
2800529654
17171111
506038952
2840712124
2250579284
20463418
2344540441
2372798473
24626295
31087322
60900061
225143500
121440383
2725647706
11861862
1066625222
20517132
847602848
2353521254
462917435
384876196
2680191416
164457821
416741786
2790050087
2439356496
2568093161
2479591688
26100617
156321240
607209967
860191375
1858631971
2894057927
2174663550
205513631
1215891624
111466803
20010563
104685938
100675422
323537956
111335005
1276279651
140468915
46122885
18128725
88247461
2614227013
977255390
2846894789
3247864973
512750950
3355686406
2906649468
55334133
36743910
20068679
408902268
2957810461
103087786
52812147
2838250713
2548236254
25175356
26596727
2729994414
254577836
120543714
111091631
330538154
171497491
245078185
232708320
455932170
398180625
2473161859
2258187451
1711493186
1870019191
899929519
1418215262
950786558
193396260
250589173
948791731
231469187
302263869
237026203
202715921
417953161
311230350
1426012572
1055685948
249465778
499249531
388313959
171165266
39348033
269901421
74801180
357750891
32007916
137107283
44267140
2205497300
2683435461
20600214
15113565
21213276
31310158
17409240
73147906
21233099
234071516
85611814
892126111
233312650
106597684
8775672
16129106
10126672
19611483
54885400
15647676
66369181
115749048
2359926157
17629860
73181712
14615871
3053530201
26538229
120176950
20179628
110541296
16463635
153149305
46814953
171203869
85606078
30021886
472272289
19716221
815604468
293123896
80086002
19092082
342874397
177660340
1090002997
1080844782
1064206014
1051127714
164007407
111635980
3365300649
146065790
309679834
76348185
442824717
310310133
1055907624
242892689
863347268
17605261
829966686
34596267
23113816
182535920
19354113
21759857
468446921
412440788
146048628
34987323
20685982
18981604
44374081
432980137
40616299
540427109
517870855
2331265634
2891756666
63262233
402957663
17006036
22162854
50310311
97687120
1007119056
29731923
778091347
23648179
27860681
20646711
14499829
69231187
33933259
14159148
16153562
14700316
19608297
13393052
20707070
16228479
17004368
139500494
585568060
76145024
15012352
21803333
7429102
247334603
234937222
259417650
408052533
35260137
15636847
29780111
25810909
439578227
398998673
2374233092
189258718
376253356
1525485175
588380608
976648368
897989804
218584634
59010637
47348884
121537720
14416109
100818837
59507002
16028750
64098343
243670716
116815354
11342502
1325315761
2545230114
241798134
151603643
2835478581
1528123141
3319091601
45690330
157064188
79011908
30913636
29447358
17843439
19918047
201882918
221068485
112471133
5025941
3080893000
3130837240
38500966
20196266
15743206
18777269
35821820
18954306
95680782
1665531
282280747
14369901
35415477
91384350
16869351
164691705
21118985
22789766
22928737
245797086
20202335
990167598
2962149533
2938721974
2216045814
25120892
319059263
328100685
222707876
366972075
197217728
15441519
214552401
1534679150
114772051
381627699
282547564
249807988
1551241770
116836724
121579669
165848054
60636650
28663637
3369392356
263271166
529400343
711207212
15634953
21298932
309730687
20799665
344780386
33179289
255291796
16006850
28806921
142762399
532138124
2264547210
2491663399
204468991
819928350
2848592927
23659976
2747974454
849283662
305175749
122157211
1218943298
48118512
18713552
121166620
415815635
2798353764
35001696
39099455
441424054
77281177
15802980
534584695
114582531
327113976
93656588
82700154
1884174517
345028510
163539464
444294869
1144425572
2180456989
1663853323
192000918
277062997
317885573
14295055
515622992
282631025
238133619
499134605
3148858756
582931822
54549611
704176244
259863671
626596343
71301406
106194748
111679943
140093395
25710525
113712171
268025644
11126892
78023193
10258872
1463080117
332686184
451916778
3347324434
2835146040
543008526
215871453
3314123283
2512829395
105211197
125447335
160677978
861561823
606659814
529574579
376878068
129321813
2375841175
2305415192
2389790157
3096826695
3364200915
1613683375
2809788768
29909636
2474337312
2510911584
3062421226
26116557
2325949544
2416667600
2280026161
824468910
2792095220
476045993
14100764
1544675179
518704773
811066693
2880106416
2994718463
206972203
1451819358
2305420813
67408755
29476085
250177338
391089954
284367451
2771209578
884478470
2996429073
1895542537
2309118607
2814975032
3144126635
2175649857
28221296
158414847
23827692
2536494714
27708089
20611924
41124996
272675222
24095864
44531237
249149456
58005385
713040067
21575316
703794499
26292984
17171106
14546684
16362779
117570922
129896166
1363155882
19997324
2535927690
21966217
284633089
284082297
263529073
15516354
589100821
18773630
258950551
90422822
16669548
248812533
132135600
246826124
386743662
122419634
326136390
456081235
204816021
151453317
831083156
3047783369
259859644
3248827470
3191956863
2927599564
3191910160
2811707562
2401746264
296231527
2571871261
2810611523
2325915079
2279136884
2722698061
2815711421
3107915208
2330741118
1634366353
2688312266
315731502
2724392473
282395980
3224856792
1362185514
2484916277
1453234160
354721703
38892027
351265471
2873814944
614563709
414056410
1611101125
735775501
336696987
2361777589
631220906
1893835622
2948498969
83712981
293458453
87709164
22455277
123777284
60101194
287342149
117783591
25459878
21166551
115201330
106486037
29753270
213127895
140401177
103699880
42472602
110086120
27707283
116411064
223039670
61004087
1971886148
2872483710
2244164360
155681507
24808164
2978291435
39308549
3145945156
3080198686
20012936
16683301
198567769
27622263
17907332
600580312
624012002
551434032
193758937
625019793
3145316664
17025700
600907502
2470226628
2530316102
57423984
300926946
424544349
582150604
207601128
19027088
94633429
227064775
1482306584
202764407
742989259
404271038
20688023
709337749
1219253864
2663236770
1931081023
2385413532
127527976
520263180
1089597794
778895864
574133325
164333427
20608068
33663376
50053356
312150639
212332852
40591932
3124605856
913264628
338423173
113431424
1101743606
443031246
28379197
357016381
1201414968
227082800
70136807
289388778
2153487638
16813285
374064729
58846207
29538323
16667426
17287287
249840037
59194823
2538227059
3166015479
162805144
3010553074
193872188
25517176
229207574
50409375
48476983
320958506
366723883
19750581
2904441095
24884189
2608517780
2591638315
313044614
163285418
19000374
39619257
18434046
2399628539
2542604594
12803592
237566067
487900652
34649780
262447183
1180130887
12668702
241307078
70663520
38438940
526776733
337333460
2177139145
119810341
2295148208
581050192
19750055
524451312
113655149
448454601
1350376513
267915317
91105671
217877486
422990752
150731131
222642252
937657308
2175144955
1620764750
425183965
1583442007
514376945
28130825
2694786722
2779120579
163551853
303905114
130567534
2870968603
3005574348
3016417403
2446161355
2788678135
7479702
255649704
2281193065
150318429
2334412592
2305020217
201378956
2375572105
249310318
277499758
398787611
63978673
15725857
418137710
533665109
2376991147
533982861
773294
26754391
14998847
335357142
18094707
54415804
24113392
16799006
162085121
2364241357
1580676872
2353401860
111610645
3333160721
466745432
404122738
259577676
14969662
356221292
529480228
304552574
2422427305
19230256
545196278
249405759
90698257
523388341
284202020
243624407
214856611
916384129
163959682
249654771
214930893
141738784
338076065
214928941
1099438831
247374021
247377670
165539788
247397233
25903661
503748934
48712323
95420801
16012059
14533111
832132663
85846956
17906001
1661387924
214641216
1469833544
18020081
2891598865
810145062
22788048
17489093
410187444
162049129
161025215
612836322
19073814
518942236
567332357
1712989190
25063158
140485250
21805654
135688736
104867967
179522083
624301212
2257120520
611773761
1948436084
1618311720
1529202823
1264823203
116494290
113150689
29535739
259314969
249256689
746187488
372866298
950966761
310046607
310444911
3341309831
2355172110
234822928
18166778
29986312
1283547331
559145435
267342230
220876602
237481265
405040028
191838034
356741905
361872236
429759386
68733864
310322554
102131128
599671863
267244233
347404913
460413140
27003337
15145700
20536401
15730837
18959371
9726432
18079206
443430168
351830469
805448342
430895088
68774523
80628346
335328133
65651242
29275952
16301380
71269930
43123336
46292231
75375011
108652732
18078430
920995826
17542825
94171130
7563792
133448051
2781205628
2937233740
1877186696
496128887
3011567273
2678633066
3360891081
20954450
19928568
2612232530
3345974453
87053800
18162394
174472506
16514493
215530385
225878430
946524636
58348122
263321674
385045862
1009554912
385774996
33771015
1343319570
445829109
163608062
2361700526
68413177
2384728172
111092144
2844979182
15383886
3344411993
1031291870
491397122
2964497081
33918928
1053996156
33426113
513996411
295426007
18453558
241266031
29238691
776942966
37599351
1335429864
19195094
1061385474
19318314
239905257
1083448909
1068499286
404132211
364292000
995193054
292990703
1058917562
158398519
274529862
3224597504
1071102246
303861808
385429543
38254095
950783972
245451804
942156122
249348006
267938462
161411080
1128781184
479872233
113193817
1950499531
312134473
1077121945
469083297
17807803
2494736924
2536223157
1161032862
75338333
81198123
15878218
23085735
26672682
206953665
41593521
177660871
24162227
110603157
252780939
25617202
201304643
16857528
455275077
353335175
47196829
926098561
560569500
273040838
629773480
55353353
97954948
90977535
423615363
323248701
1926509238
819617840
874217678
2240990166
425070499
2240975287
194256103
928015122
153965365
191959151
192068776
16379018
260978440
14207758
158470847
479333634
22149280
188621689
17780889
19783820
20526745
36743340
21112481
16280426
102792133
73142219
20710809
912608010
1209417007
15394954
109328493
281152859
260310740
119875281
228739161
413218456
317370751
217160945
434868999
64535352
385745691
348466153
364273296
114620915
79465909
221297048
28868581
92771483
41373450
1087616882
278248122
52034135
65218995
17199609
23170894
562322127
193046098
432867014
355530475
368469743
64091421
28236290
80623675
19249062
16187637
104299137
15159913
16930125
14007532
18943685
112555960
33757562
229127134
36792151
72864148
284649974
94886351
705689492
1222257180
27716826
96778999
14463848
482542156
3063999273
2980058889
223616513
488904431
160919406
16203586
34639101
17787705
3554721
38516217
16242309
2149414262
285054229
2994384922
1115753696
218142267
182090014
1965994290
289385455
39563627
162193366
20740056
236279233
487532776
355696264
262193723
137708995
117211672
398814481
98952413
16210522
102413533
373545909
2153227561
202396203
22156181
52837791
211516193
2840643892
55693402
27769478
133003803
1634087090
3014491107
47968639
16045066
182815759
3220782247
546317742
2930371323
3288292155
3300407530
1037321378
789244177
55896443
40235047
946258908
65135203
1265938711
52808016
518644221
3333055535
3290070855
93214597
7152572
21799699
976969338
153075877
582088581
17451742
244205648
3279398308
499062920
29500742
57625403
42950839
22891564
52779839
16348549
316389142
2317351705
1536791610
2691119444
1922683310
1615699639
104858578
565104226
1355048880
15360135
86354816
23472546
76432399
334148174
102415543
29417304
19596592
15976697
11856892
317980134
28599820
948979430
22929611
5503912
29036240
218542998
43078558
2966758114
231819250
3018910586
175228630
3083011087
19719380
192955168
245424983
44873497
2312829909
64822396
2695663285
223560516
733108368
36771809
211420609
180117260
234053893
2966570782
47615955
64221091
1507338108
28796289
972211272
103018203
388881747
54300515
2863006655
2205423877
2350490634
299639255
18967498
5695632
64496398
3044993235
107143585
602892837
16243405
217076406
126062842
2530478948
19616718
20437286
15147042
185397767
210684204
1228127438
14377605
2272531993
7402662
17539497
135931182
16424044
2916086925
16405372
17201402
3830061
15973122
17789578
2968451607
278124059
23083404
1531521632
37915640
2719829002
185680080
28096105
19638751
2862547980
2325829009
24179361
24165761
1055730738
18018782
54244175
122174004
776664410
269898872
1074129612
339852137
258900199
236986342
63169388
15356407
221792092
939091
19674502
389840566
231510077
1140648348
1330457336
1339835893
15442036
1093090866
1072467470
595515713
15007149
1339931490
787373558
970207298
1155335864
169079242
1410590874
467823431
581141508
151943134
43638469
237750442
1307544762
15808765
14676022
28805401
322152125
49698134
20772763
14695985
39623234
22661187
568523671
279220243
487184529
16637204
214112621
23950214
432676344
305216911
42389136
25456536
21727300
19721592
403699671
222953824
342880421
15361570
600541179
216850453
714341719
717262297
31855526
34114941
39302589
21540911
14594447
369505837
20715936
612117635
35859588
586559251
494237383
30244233
709762699
709319966
30241453
17713302
65937980
368124417
328813061
59911924
211047402
709299308
29430056
125779908
15012486
547174027
705805562
21777665
71577547
20402945
173999134
19268706
11856592
11857072
2836421
707608274
124343682
24053603
407836544
19340745
35966896
107172099
17993906
24913074
29202571
224320485
24713327
11883722
23995748
138479037
12354832
19107878
79743108
16116288
31128529
71980259
21612122
43409523
109025212
33530012
168673083
267854863
25781141
16160352
103447346
21312077
21406834
188019606
29442313
20988947
92079350
15922214
21703145
11348282
86697288
473339288
9589252
288751432
108617810
114337987
417093579
224683944
59818694
532741615
262754003
14428051
216732063
17626836
208692908
21818737
9624742
20854875
115111016
18733789
274372691
18899842
108726910
394356954
442234071
21352602
412752699
506760887
16648790
126698717
356840743
14213413
167489237
7768402
17877451
382043727
474029778
107514329
20280088
36693755
189529874
125748814
16917793
30756670
47408785
56743033
22540624
18343148
18770034
20165471
248743762
191650646
66816759
42382824
10742462
18165539
249868753
257647552
221743645
43144932
15317558
26309270
26090228
17442457
14858132
21840620
13745212
47504127
14844293
16660853
38253336
28145010
104509023
16578178
26730532
27710012
21893022
19402473
16030074
55237326
18056976
264887282
339066082
18196597
110781431
24822544
151973986
221574569
17322632
78762026
67194113
15085627
197567344
93889047
131500972
56681659
76424882
39779166
12296312
18846918
30864069
24164958
18137749
301256438
24030306
26737078
8036392
17929170
15220768
48802204
36591155
211588974
57770539
111635527
304576970
18915145
242555999
23593446
137371676
14185317
21693060
15309804
18622869
181139009
1025521
23600262
45574231
84119348
136042190
34779806
234826866
20002401
82453460
14427403
51880566
15861717
114261275
398427904
26411224
108376246
19875784
25704351
236916916
17720949
50669520
80612021
32056006
22298133
21909682
64744352
22982676
20012410
15931637
13397202
22760252
102238997
37929475
14747911
246972341
15399512
18993104
1106501
54208274
105242077
31801993
10720622
148453195
22999841
404552845
400352771
15691197
59159771
386543802
403669110
19657234
131497030
38477209
45931428
15727317
15463671
27776708
40912473
5336752
12134692
98543618
21768766
136300373
19541375
41387157
21307076
50073507
14049145
18678924
15689503
14270650
6904552
39155029
19354391
16371887
90077282
112526560
16072058
20454385
309224217
10322212
37007849
14142000
139410233
6519522
54928208
23261958
165600417
235231693
22971663
16506355
369232105
21293089
93761782
53941120
111379452
381152398
364423298
115979444
97563393
36683668
10886522
388437360
69573718
78361556
18227519
26878188
35773039
10666982
161112745
235173490
220890512
190730829
30212918
14076171
31665317
34311266
15169991
21981237
11777302
53584356
169586280
15210284
25463212
15235829
28342777
390357812
370040425
46004597
48646642
370339336
386175707
155669457
110461899
94162934
260396714
67904283
25233746
14975341
54296109
54686639
138516405
329215350
387226425
388310442
31122582
177212603
384942182
93552105
40302336
346563703
42919909
21619519
75124560
123738314
18906662
80768704
279097639
27309459
278011266
51048830
379730439
73238146
260845829
16800028
75210375
28166618
34823311
161288396
82411418
26366727
57405028
343016788
248404755
162057187
273128425
109259259
35496768
183202351
222502632
381036656
191159103
327605964
165606471
31193056
47760251
140912249
341109605
31528187
55665448
125445568
22812754
146167871
130945778
16698389
188793260
21787198
18097821
179588796
93876666
57751453
21220931
297532865
23839835
18023868
19914257
37469127
52419540
6242532
254186356
21674448
93069110
47448886
5496932
44904274
247184986
60956077
111799309
87547440
40097187
108619944
85892107
319193332
17487795
140519774
180408781
190786165
20728091
140411195
167495161
31217091
41866111
260839619
30051076
131636472
164105564
65701290
240339421
141383571
21376580
183683707
45896396
193755655
227116824
15134034
44622753
87255373
200247655
18697251
38513712
234966314
104137529
45067533
15991602
52861612
29077741
212352266
243337600
15471588
7004382
257388064
78404888
41368231
89820928
31127446
31456943
23455653
18018355
139846711
127641547
21842781
84445191
339062024
36232215
309718072
211530910
75052666
17819666
15837659
55355654
82167518
309481395
22720424
19733025
17929859
21228708
15633766
26663400
18587457
38228095
137466464
59209919
257959346
185684821
16303106
193732179
92186819
7713202
16250929
210862000
24464743
47991586
17033353
163995093
49620730
17746914
21027715
20552026
50452197
36948268
23379258
36719281
28602948
292935209
162069635
22669526
325830217
15939889
16290017
52070270
70837868
9130702
78902429
29718421
65787117
297535298
151941491
294909683
56763589
62595184
249163752
203455506
33102269
15599884
41406567
117928875
20706204
220810799
160660764
20463718
302223988
79189673
16703058
85396297
302001689
49992096
268408076
15600527
29034624
4207961
14752085
165204211
15151000
21251668
18909534
17272677
106135104
45828171
44266782
17291393
48847011
46213956
4119741
21982720
2884771
3108351
807095
51241574
28785486
24608680
5763262
20067354
759251
14293310
12133382
1917731
27901418
17006157
2467791
9508922
16129920
20608910
48037533
15918708
17074440
15458694
5988062
14412533
60919240
1947301
26083271
14246001
50325797
29230426
14173315
46106894
254375076
24761775
14074515
16102244
25726636
19573934
16815644
183330875
21767984
249410485
239949176
245419752
236904449
16183690
163555744
22318863
80628196
233783568
177974542
233693291
16046355
237770636
210926192
8953122
15160884
280637954
15675138
18036515
248735463
161791703
46557945
123648902
24195214
242426145
256178459
161338306
15137467
133832049
274510483
19397619
18805303
174307994
29293808
14437914
229873610
5741722
5392522
72198806
234573331
22053641
22795270
29450962
291903997
29501253
15075666
44177383
39968958
34679438
17546594
813286
124539540
89478265
123560489
123319449
90658019
123869269
16789970
17486973
21319429
22012091
137794015
128916374
59884592
156333623
48086014
82649553
43963249
36686040
138770045
88806753
15764644
16583468
85322445
199325935
163570705
168502762
7356562
263815367
24745957
234014087
240812994
14135426
30912937
246088673
17093617
132201224
12114172
88004474
36069736
34337069
15172810
23843882
38322404
155992653
221600947
113420831
17480797
27880986
16337264
169930139
7392352
20738391
23466918
255087579
111776026
66992308
32929543
28652194
158119832
22032397
103460803
240053934
16227442
16672446
9300262
60466066
19697188
13491312
9268262
142827079
59979520
25891618
30313925
28505575
16587059
20410788
23456659
18249043
19083522
42923439
24439595
15938981
41377639
25007705
44752689
15905814
26816589
116518445
18229152
94165222
119749813
103073663
83932732
82717376
85634199
63506775
48566172
29279028
15384219
19113197
17369991
6606022
22564144
16066893
7570792
14235180
48388438
14859611
17977282
19626812
15971880
16651575
18884637
24236494
153892803
74515945
86924339
106424261
56665372
150357647
16578263
23674560
81988519
87591110
40471072
23194189
97002820
87239637
19447370
18829123
26501959
40007392
18902818
39996737
40897187
17470525
37978908
25111261
29816820
44122135
17134694
24784868
44547534
44370783
46178621
45837690
30495894
40687109
41201903
49931606
45122653
41433082
25228101
50652324
41664190
22895938
20632717
54057444
54188696
18213960
14267692
55360204
55878693
19736297
900851
21673531
57688290
52467935
53114579
58839947
56468452
14072713
58092539
18487075
42748139
57000857
20062490
18859447
15370132
25231016
20314774
23869232
20351822
40243541
39594340
36741488
17281194
16365116
77096343
81697684
103926299
14760352
58517046
80382463
78419512
19563355
28023946
30255532
21942868
126258433
95490317
63500744
126850124
23170939
116075284
127324702
126644609
119734983
31658204
22097803
24750798
117480685
17519946
98637769
67095149
109751754
43931927
94603988
103008033
115773894
74403820
65063153
122282367
130755122
22028923
41544230
87819791
97502062
31484180
30281854
126323857
130645507
16404712
134182593
124332116
26228060
133266449
135263946
130322958
116797385
32774989
22403171
136682183
36563254
97715972
19518544
16305533
115311837
141433255
33094429
18272746
142943648
133952956
20254142
143471417
142835977
18898390
137033411
144314951
143245736
32343794
145166125
98892936
72874723
15503170
70432095
37772162
82764848
20952051
128931574
65005023
57414048
23128871
148630457
20808855
150969779
47402168
24232525
35101566
89299872
152121215
16993648
140623616
150777151
123421771
109192303
120556883
130931558
18514343
24135119
131631395
41351252
19865528
18114977
24943895
110259812
18959821
14675824
725213
62080231
18359352
8955592
14856993
17005197
16838515
17536261
12397802
14079356
28041265
19924866
26363245
25608303
15839528
14885622
86246296
59856664
68312222
80190803
80199618
17091342
2541771
15630097
18531618
14925700
54575503
18078179
14633814
15447566
68775095
34012907
43910797
42631355
15480771
17146552
29489446
18848753
18208007
18622238
15937460
75326718
17592113
46439526
19075548
83894904
42385357
52398718
41171865
37954510
22847203
74627934
43966920
18834912
104274122
13751412
69792314
49070094
25613080
20088546
37822512
33874901
19434570
14296548
20535297
15582417
14267944
18169582
27715037
31567003
15444895
16243550
21412739
41733451
76974169
17869846
22940413
20732804
49116302
76394297
17071331
16200497
64223918
15244187
64857260
21425350
38092653
19911325
21330768
25373426
95069715
18957301
14295119
13751382
14353611
62675851
14340977
20093628
57028902
16574095
42702116
19030154
26566771
19311205
18245880
18139255
17888179
14916494
90702268
40358743
19263978
77063321
30338082
26611034
