46312156
1536791610
2753109438
59806641
16933056
1132045987
1314800263
22022528
258895199
19597232
2279491158
22723045
24749214
885525680
2264799067
29198800
223935936
1665580856
106812206
18251414
250849580
346197350
27296440
139738464
1135486501
1058917562
1128781184
995193054
1243902714
1068499286
1089859058
29141019
1045110018
1222257180
1027156464
126171100
303861808
1058717720
278124059
1072453910
1074129612
1083448909
937723303
150078976
612117635
1058520120
1080509366
1060984272
1055685948
1090002997
1092979962
942156122
33537967
19247853
1330457336
836531990
30636371
199437790
36872868
772116546
171898219
287845769
50100228
707891263
21414413
153860327
49640770
19682187
21797658
494359491
17816378
304889426
206329037
26097227
297532865
24274948
444819440
39367703
39317107
16842063
15532569
305121277
15603311
14800620
265076874
970207298
135255219
23237046
17134268
909005772
93468802
568227002
3497941
72884238
48043084
16529160
41443459
70709534
197095618
80273245
95982225
16129534
19776513
59890647
20349823
14801820
163607034
366631688
24178302
291418287
288935074
22824076
546072625
19219570
42478391
16893491
817687375
14752085
116861447
33235204
46751590
46598192
36719281
94215989
56188637
17243582
35114423
18201928
38507478
33353036
20779448
20113797
30249306
31176410
494238383
783808585
468150909
818643854
16227815
711248450
21539403
18879261
861442146
64033924
240818804
861942170
23273456
863157091
72313842
225461243
19579999
34357946
155033274
19076503
410822431
18438514
382059051
65466174
471160101
36714549
24518199
166411692
565230776
221484024
803425676
42425014
863604271
190507843
350554156
44210168
14557247
707301649
204827483
851369468
910546398
130450439
582875320
758730582
253619083
24529035
36872082
18079004
262493
849368516
37332011
625400277
592018128
375897370
15353425
482496556
346818511
56474483
435246537
409610020
22430117
25193156
103734037
28871160
323233400
369174794
906402164
928479066
242800916
272558555
478763348
34734092
44359264
192904801
839040121
495109018
739117873
124848661
296264859
37476822
294889292
889052424
23213263
774303163
466849051
123286656
240135871
334788392
16192895
341649907
832093550
950158873
28221433
391004473
59911924
956401093
67007481
23036579
36430363
18493411
60987536
362228066
108940029
47801895
941998434
753556465
296948075
15379919
16514022
601853671
962472494
569327144
766203619
377747747
44268841
550149812
23598055
31579807
208872246
983435888
984671245
247764188
16323682
54906855
49374935
15798824
925630686
55275254
236926225
831717961
49159747
240219514
370763572
600991865
511328659
979001707
20560616
22259843
995829318
609277512
6794502
741000470
229291204
312248392
32007346
220712406
26090759
61955271
235009576
260090246
864896366
222024790
89770815
94204663
985013611
989919788
1014207901
1023294366
923862800
981520705
563876590
937262191
516736386
291681760
56916759
198964054
928294332
129708912
339518496
263915851
1046657701
1046878652
246220722
333176788
297498647
257658885
258338711
70837137
459860880
857515046
586290988
19325229
15234943
583902190
21964548
102216074
1055730738
21023209
118299370
434172000
939119784
321706170
1072585873
20801445
820043467
974177510
928754778
840539185
1077833725
1038062636
831641257
16790797
1071764281
958081542
63210105
611134766
16371519
787418030
264700195
41239626
128763392
1092410430
20440296
36707799
15714022
1022575140
255671573
158495061
25519370
175299730
25364528
42969777
915012289
1110207732
352318494
268090404
26070572
610356259
1120537310
569666511
19989172
22514042
400274325
64507817
22678413
606907410
739050865
30445421
34390561
330528647
36000570
531792014
334127852
177824006
868528165
459700161
22785773
1012086283
776664410
486054154
41173564
861802386
34341362
229598823
17089137
285119407
718512434
815707280
187306035
66039551
49388157
19044299
100880543
146852990
902773724
22084332
1143060714
286058444
1137815029
224033613
54117249
25323549
711634622
43896760
404926927
274246842
22946355
69430791
142740168
51277225
80142054
245689692
778905252
95097493
61675820
1051623260
122165841
17111550
520035115
218277895
5944152
20931540
81387499
42138102
1163205534
16674789
1132881620
628753972
23372061
706071246
46909096
520858506
389582305
14770470
370702177
1167735445
16061993
173027048
139790901
20745766
1011308629
523569051
275714700
957658364
590162979
16146535
14513997
22070359
819841316
567497808
746587039
709625947
62299027
841218992
518470763
312647027
1091859336
1164862388
76477152
634858804
1075666608
265605249
23608092
414954693
298856339
1170190400
1116129830
34843403
61369765
1140403938
197488311
1170769742
750610657
21990748
26564529
66142762
224735839
18697423
1199120502
18052661
959993126
26503967
803835944
17640422
19476016
1148485327
1206146346
295783332
39578949
230459023
39643733
331286884
94183098
345555778
404361719
1080844782
66851804
632607814
44947688
514299689
135558864
881303947
260646282
53575113
16168401
890099251
387951727
757874262
8958152
41434075
17005466
1077121945
157535650
552094863
95081315
35037854
16275696
171654367
389792979
858892615
518665820
393596432
47978603
16943908
1029456324
495177963
269097904
21107950
29342199
217419469
236052993
22215540
165807088
862231634
1111272493
17846436
285786526
45187166
16158472
331317907
224417434
858646280
50512647
7613282
55413960
35825332
870932461
37638851
19960166
958796335
257019367
171984708
1198474957
50750254
313952006
1256868518
26781439
71276377
1249223520
133829438
889267052
1140648348
1249969363
17529492
1164741200
117775066
532348006
1257887432
437587431
177780996
33908192
238262547
379459433
83932732
56191127
468753712
256563406
19001036
322714946
849709124
87322414
1258407685
267949196
117197307
461505624
32754780
1212453828
32518962
540121167
16490790
14226882
804514651
88749392
43435902
99144994
4898091
25704351
17469492
36196094
27885092
15730336
288336783
77870478
17086475
21786618
125453969
36047098
818040343
83668232
14499829
103576036
14780915
18444468
1140451
15724082
14348594
212915108
26548315
39324725
87271106
31418514
16319594
24106779
18183142
80885066
133464702
40000765
64400465
31492901
128673641
14360923
16797358
82943769
11865882
19343674
326562333
108427276
130545305
339266274
237421538
272087727
392442761
43230234
137806029
454361836
17934812
234126639
313091751
18967418
4099171
11030882
17839398
35114805
546965980
56137210
33717011
44211758
567523972
21534951
36118658
10399142
33660256
745714848
606420660
210927444
815325156
95263046
25522083
347402076
151548026
21542489
101754147
72667138
20769514
363834321
23123545
21431335
21782597
20249103
302098529
157684364
1193393012
110466097
25344328
254030334
20268045
366198435
258113996
10126672
305732399
23966894
18495473
22232799
171580484
219767180
15970235
198964028
54032362
16046730
28352380
15091857
900397603
378787534
54574043
467823431
320788019
57807009
256291436
123327472
47479606
1093090866
73190286
19404112
369678022
82296803
26335111
14700316
50710064
12670512
18913827
40927173
212111245
17137628
209449241
11347122
18768225
142790559
1051127714
20598720
16153562
562768872
237845487
36590105
37191062
231567590
258954731
46470600
19847765
15742773
399679253
63001307
24129316
121787593
14786182
757303975
139477955
1434251
9855382
414268590
331816614
20525702
15270176
27696993
16715398
322441742
18215973
163501000
390396137
19889946
77230396
282171763
364366053
90420314
15527964
52596376
18059920
16228479
870261620
102592901
14156198
217550862
86182150
227538244
557313944
21862217
395999144
34022952
8406052
17057248
304646849
21901272
460470940
462143773
134375839
21443773
166286545
19787735
34713362
186207562
44935627
512354282
126629610
103949895
85339677
47991586
15856435
360699544
15952856
90746345
475286355
150400809
350658990
130945778
24295932
102802196
453319164
23775292
117111183
44993658
587954258
26755480
16371887
16898332
122169458
142721190
14185317
436925910
745797770
23648179
15174710
126432120
131497030
32207712
157009365
38528124
829292216
243685893
20616703
20400380
33919343
423702367
343516444
49734054
249469549
7766032
195143110
918979142
53484257
16435523
15846407
29201047
135575282
21431618
236026761
22883726
20262083
270013816
558251172
57388864
201528537
245498430
44491388
28145061
46424263
18094552
14625398
15442036
435826998
15275864
184860130
8691632
21870081
26783343
558769636
14928734
37281592
25110374
11260452
939091
15097615
38548612
11178902
369505837
16170115
595515713
267938462
581141508
820694
21316253
14588077
24723158
24909606
113528190
171899574
554612724
20300262
15749737
212777836
33179436
17461978
16247494
22063727
18080708
39346225
153149305
189365156
93673287
17525171
306328018
170424259
229875160
22799750
374019904
153558139
393029990
236528003
21127298
556256860
245945284
35474809
450941680
446568165
26682862
326335855
17112878
278145569
6449282
41874485
296610604
69193833
191624943
166545476
15134240
16613128
369480133
167024520
14139584
21268713
248307028
52774637
104589290
20477247
96448994
17740682
14287094
25053299
19086461
24912071
93655497
21125929
14348279
340525561
148752535
245448206
302209247
35869256
277616597
211747252
16310349
17222678
169715123
242760199
140843849
20007767
87954580
24582210
186579768
387271273
103018203
81702177
109594867
46470015
22058884
361510912
90890793
17258279
367740644
26657119
16118417
32379396
156162109
95020453
455636683
137896927
182937671
339256533
18569247
364059631
376388445
198720628
321416352
22314131
450162328
216016310
366223867
126332517
176440968
141041623
25693406
17297846
17011177
56559421
389193245
227036687
15769327
65431946
14344784
59557446
15892011
326255267
121208305
26957009
44787537
78890225
156783075
97048670
164949790
15816595
98712107
16311797
500909010
191463695
230309042
29256208
136983163
310401451
21110732
511131541
15515053
25111161
106481516
18029139
21976520
148450829
457706092
118133132
105677153
102773464
104711275
15007149
42979354
7259302
14300265
18554595
14298782
369797217
113434748
396044297
75630518
18276341
38477209
184424927
453394654
339332911
198649522
18083954
174805704
245490215
76986874
37536623
127796055
268069609
384334858
191273643
39151040
501247899
217083195
267240808
16164636
29544053
318587405
19238211
13488002
296925880
41654795
87712431
16259973
62623
20320325
27629958
216799530
18368682
119169266
398092540
317750991
17448662
498498191
108726910
87455479
17868868
474371992
455977584
249784991
15949714
288452305
263572536
354330741
316670830
231493301
1976841
36169080
15859912
28901450
16966596
96795310
134864782
350880390
394741838
165503959
14199378
48847011
22657153
270677829
189576109
14655108
4970411
66369206
402957663
45934467
22698760
21778653
30567048
200225575
176533972
126722650
39369723
19841062
227381310
150976551
213109495
30070736
158245056
23459911
140981348
123861783
61879645
198403131
160752380
30030307
19841142
120882471
83879544
142471339
9917512
116642447
16175962
93559924
224851218
258202651
201499210
195862081
301075373
56795851
33995744
266712266
282772012
184639895
258458683
306801293
82907336
349795597
341052291
346717082
392440214
385278441
304842915
203959019
227837742
15966494
25521487
35449630
262388975
309883487
19086456
115485051
9862752
82643763
17859981
15463486
124490608
64916983
18587457
34643610
19224439
15087011
20786801
49697450
262223982
101816065
238319766
19637934
27457788
255347566
243840731
291192260
43383705
15891430
95270375
14824849
17853760
36686415
243291022
21600922
322603418
34310801
263292498
390293133
114547989
61285110
5695632
84344194
18948541
57113624
16713948
57084769
390953202
13397202
48038024
271948083
256494414
61585965
18097821
80617430
47253057
20109439
54208274
217284148
11179192
7140202
179264956
21627786
21608389
20065936
36082429
475957325
77852581
18915795
191867394
376766854
16229257
23486200
119428004
72946039
240775180
22982523
17632097
376535500
430235090
409536938
123422038
20660342
256845781
310198019
455287797
337719507
20015188
22377998
142461232
60622156
10412962
17259802
374552648
18116520
179517830
191359711
43345725
16615246
486381733
244395759
310645833
167411876
107479374
58629339
20117313
164746666
218745294
344936749
355241180
479888917
33870680
91185652
25375836
115876751
23641304
16444936
21924217
338594583
25595867
125732655
19406131
110355654
65707960
16715240
57834409
223601143
380397155
130507969
20102717
20144167
148021006
47978470
35931640
217071524
237074556
148048650
14579415
52623529
494308818
18300099
449403292
193128073
20017835
25365536
83352390
194643654
14537004
254189414
344799342
284266512
73211338
129653547
343669020
372931716
21827937
22030381
300010969
48269483
143702895
51042717
125945699
288308178
36540225
45693876
374118195
363524183
30300570
342127131
142411092
219350601
329930606
20465989
243718158
18811710
258422541
256543427
271739329
66501133
251501257
8025532
214129117
91088651
14836997
24283263
45426238
32965970
22939364
231104964
17556848
5566562
137884931
21165005
14780308
176588226
123670791
333561131
50403804
36776892
119162694
57411021
21895434
389231952
48038030
103447346
12926172
17293897
33276161
32175189
48802204
171301132
357124520
119372054
387311789
26278266
15537701
20531929
404105858
31906672
413456876
318550411
200846196
14538884
21766435
309443548
6730222
363450850
36743910
309864922
454361580
50374439
222997258
18695206
291412238
37515157
18277330
404572628
24271407
474842408
7667672
22196082
44525679
324029407
16214187
95965719
3637891
342445112
21900370
38751529
390828876
24291804
50338601
7040852
53569692
494583213
280763734
26379293
293853898
20059683
407818872
355663825
277506074
87775833
451681557
94454034
135868901
43253261
344433093
355186058
142915704
124236245
228865063
479872233
425294761
13018112
15083114
17393790
115749048
36823
391730172
23712754
343541166
22463935
281536519
28626958
42833304
336145235
425076270
70978469
38594738
217866164
406055794
245438985
152029157
320980727
15954881
467660669
466096053
364534587
15809318
277082507
473199039
116527138
18244166
17294158
34124091
19630185
9806202
27650313
474451843
452727219
14746980
228898187
71347827
428381536
14193665
467639428
25974808
321403889
46004597
126677368
458789808
468601121
469618179
11882722
456911539
470314619
64659884
465974495
429798955
420617090
21732921
8417802
37754076
476714061
479923313
331483161
21095760
479594030
265155317
467852949
40980839
241391534
269059504
249795093
438327260
164355220
99949940
401776011
240739366
36725223
481594456
188556034
57358116
334036628
453463791
228873514
269903950
17901059
463905929
169772193
235288320
27636173
471454646
49992096
294270520
47415772
93957809
333504114
399598068
408824726
125984383
411997494
403669110
116571138
393046380
171647729
49800332
69663748
19869149
155954102
416686487
352849167
237025971
230114559
15727697
25217941
108466742
128671938
312932943
403639485
117161855
14757714
137562748
377136932
210174786
57038117
15801027
55646295
430834036
324982257
426345783
431985973
366124137
32117789
222768967
33935084
376006379
8665212
437223803
415896174
16130949
437616669
18813252
85914443
405034710
440465804
91486319
418078050
442078187
26596727
441415749
151960161
48880984
11883722
342780479
86359331
448077090
414543577
26552885
16047618
202694979
17429564
141214848
23346557
30308557
49688789
29782845
19312262
409456907
430266741
402069224
463890972
87333533
214672563
41860064
70799357
25877436
109287731
468752446
395380071
107530007
39524507
106905794
459893381
473152889
306909253
134221999
62909099
426877765
455585786
24109977
27024870
262262797
155190245
258329912
198718193
62538319
20930240
463742816
32919879
156838465
43959460
56610626
416032048
18656865
254566067
443072711
17784669
43017664
476050676
163813257
16025963
273192442
322234897
294978583
31193100
30120247
52992670
476998497
375696658
18198403
14857739
49734433
269314519
23762873
459349254
325908655
11259552
480756091
480590386
482255514
233714548
347982473
242584601
326399268
24767529
21879831
486049060
482106551
15459234
19023080
486928405
125787914
484155465
486845331
487878230
177070701
375405313
438010113
277691411
219855077
54114276
14659577
16804072
246601851
106285629
9312662
374465592
293618448
408636835
143258422
20574326
15458181
20060293
72631996
15368404
129965253
103192091
6519522
388468632
19541375
115564212
337742544
404132211
432676344
67378554
442824717
94163495
22650211
15485441
19918047
244722043
14251225
15460572
44873497
111122177
41814169
451586190
26583978
380086439
300455440
310310133
16299627
128750686
14957147
98449528
20898544
308233424
381736092
358277172
60215516
18776942
297067961
79366215
20402945
150384598
34036358
417581708
87257701
121188009
213951999
120332307
49706919
184136149
43763852
31143839
356163520
16340178
56810507
15964580
40537229
349816997
229335559
144245064
362301175
94366606
17579106
36070003
60981481
249644040
774909
239902186
7770342
193147964
251936745
155622924
157793204
309157686
264984304
109401801
399655298
242399823
15918924
48079032
330592913
184190924
21902874
37511286
318929331
16908437
356275955
53929374
17604772
44485555
227105554
8862532
33972882
34274380
111379452
193872188
384913290
373600871
385429543
40271841
118828764
86697288
51419543
32279166
17139842
42844927
256210602
394256602
325830217
399664055
30434892
19695252
377411252
19167050
21575175
293557774
75084474
36803910
132417551
62084116
115243117
27978179
23783670
305216911
94170419
14703611
337453078
17789578
8936082
319785911
59186725
212657985
17627525
20463418
18646108
24439201
19543182
30167133
15741451
45565185
14246657
16125224
364423298
18544393
50690628
59502660
43568101
18229081
18943859
18021496
2020351
54322036
47454443
38231370
274496218
19458757
21692297
52089472
135515077
301012485
15803250
57356719
170034104
140844060
20861943
168295477
310374952
14552725
22320759
186180701
18963809
16674443
61127668
24134103
15469101
268476335
54986462
14616610
89593573
24773177
37291805
44793647
15129069
7848802
18916728
23833641
18696408
222487879
164369297
50455646
25358498
19001834
94129050
171622913
66368876
384392601
85896319
18851248
10069612
14177942
20068053
16795167
16967845
14426645
14335586
29255194
241591923
239853743
42975222
30970039
146164526
336124906
309178614
98482432
70279712
15852644
26409209
11915822
21011284
14954197
19121955
166882438
23989985
40302336
15910983
10929352
18803425
357566761
94162934
31187903
60995534
22106409
315748774
160946337
372489653
335415780
24239923
16187637
357092583
116940085
198275336
317576070
135712188
351832182
54257190
14311688
45114663
38497702
67124033
14857525
150646927
29760796
107514329
18071459
66754934
7782542
57411532
70468326
47849599
18486586
155669457
19555200
23004495
15922687
369102012
281282774
29585459
344233703
107197933
14764240
15147042
22789766
28854600
326379776
22150693
322401882
366138692
39116693
381142790
351847296
17355480
92055121
43236077
35014834
40057701
270495679
204905640
7942062
23613785
260396714
34674624
106624174
48677784
48099210
248404755
353834752
379287850
225961051
339852137
324155104
381152398
115163660
89479750
26676275
17658786
52660746
34013800
8775672
368992130
259395895
110541296
90484508
19397785
141084952
46484304
21027715
355923032
363240308
19024627
155045071
21441621
187993109
74508260
17374498
211921304
109302879
41385640
333140339
236899846
15838407
18590012
362532261
274285455
19893670
103335794
47438401
23080711
70771229
18277655
221176170
122814001
40315296
164389910
39271463
179653714
37759047
16637144
350989238
294212748
81897374
18029328
335377044
95290762
24196684
11731322
33514869
39403756
59570796
130160106
76503174
16090400
22212308
15663169
36146288
82149176
313067626
25111725
16016427
78066611
43581352
117419826
21768766
20801967
113328606
307977474
258930411
26814640
303596905
15961483
211470488
91655189
108102361
16209123
19782093
100434107
84634755
123593803
144927376
165898279
23262069
46787347
31675201
17006036
40382069
16521359
78643
23104526
119749813
317611798
16456599
52419540
60627728
97503010
83590349
89760601
26538972
182479169
2195241
17057271
146073785
32563835
20113886
20079575
16186313
255349908
50310311
16378267
17233573
25108518
30000912
252687024
196368765
22372682
14888467
22162854
14615094
15935383
16021468
14056817
288352064
314797639
325866295
41387157
57770539
6904552
44615672
115807443
70442821
337739831
22093595
90423078
132953997
25267161
25523383
330947687
118207636
111340248
117844612
29243379
15172610
182503471
18124790
28676476
47707475
244212645
14949858
15826822
331989792
180453274
15648418
163587886
216547370
297569160
96922874
144279117
80102969
33256849
85648405
18731529
17681513
7619982
36771809
190298721
69181624
85893817
69386673
18229623
331151224
207650884
19878288
30902879
21181806
17267473
263936580
22508473
54276326
246487026
331727887
164339413
331681951
217489910
120750710
330621794
331089525
20474813
98543618
15399512
196824385
151444950
93876666
16698389
35027698
90077282
164383046
188783712
16172991
15766082
15978412
12245632
282745210
26297719
280605502
39249305
28181835
16116288
19362341
21397043
16031927
972651
29465136
39308549
20479813
22642788
14188895
15220720
153865861
29205600
137823987
224685124
73238146
7846952
192955168
232992031
292935209
252249233
317226055
312134473
271116830
54641489
21880237
54203405
28599820
115762907
49202580
59031230
198241550
163598915
7138532
23836537
17389023
48612066
17717430
31053563
20095865
36367491
14801863
140928543
50149303
16364071
21123640
100818214
27487492
21416856
19570075
10922752
162080386
36649831
17845781
14861368
190668884
177641164
247033019
14940354
87584353
44134773
26995837
255719070
17910554
48132847
22798591
17750231
16340501
22447078
43412697
110538847
44039298
282545479
272522396
309937733
20658388
19367849
46747249
19983050
112526560
319003073
46817943
15670644
66247691
22662550
71120500
7744592
258885469
47652227
42389136
164007407
8138222
22174753
28161851
116218365
85861034
19576571
810424
21313053
237446906
80890505
36782358
134362298
18906097
31583882
66858922
248735463
80612021
159599140
111635527
199325935
153486399
236511574
292990703
8839632
33933259
80317299
12154642
15441965
5336752
33920667
313344689
86141342
19354391
13215382
73457374
46164502
87757843
20419776
18818329
15766828
83685210
44428362
107102609
42658509
27988402
22541325
104567779
43425975
43430441
22059385
5770442
8861182
18872608
112047591
45564482
18995454
85946378
116763916
21627303
38452560
28167597
78388541
38421062
25100180
15738599
9229672
81187683
113467748
66379182
68487669
54588816
20962674
20064655
11988052
17965273
16760131
16563573
148524657
74519287
267854863
15010263
22446647
21785527
2050491
82709998
35013862
161338306
47870267
169117702
29768428
169911604
27049395
17849768
316525579
234577770
16648790
14179165
159147860
21922449
15987296
19918986
101348982
101031085
65734517
24913074
11856032
18451200
19416225
14062180
49693594
198980151
115111016
168673083
50452197
156333623
216503958
161411080
24195214
149982376
22523087
26390322
2030711
3365
15469170
7845362
20747011
9534522
18723427
12685742
28448216
14606079
18938912
4207961
59159771
15906481
65946380
15554922
14068794
862941
14597239
4248211
7383992
27511061
24712487
20708472
15648633
17092444
45671898
164389929
13
6527442
11857072
135297032
16160352
96377606
148453195
14345062
182637996
108376246
80628196
60089473
16071123
40283272
76424882
73443253
14803372
58242325
90927479
82453460
14634720
15907720
22164556
72273570
26946495
78421007
14858000
14342564
30216513
18137749
20064236
30929600
52021155
15461532
31801993
11384102
19543987
191213777
60216260
185380161
282728979
91416107
14787085
295810465
19396560
21439570
27901418
79743108
22669526
80638910
92186819
33692238
15350114
28944428
87548043
60435126
37005435
15931637
11856892
178425632
89484326
31187879
96207125
143562492
15954997
14677919
15426911
16076032
16356190
16013368
20596391
12011422
30203220
242892689
20437704
15723732
12
52842580
21796484
46817418
82945896
29431831
82282572
50393960
19258235
16348549
20
22120359
37687633
16145875
148496087
30031547
37683414
199355478
8055812
195864514
216299334
130956351
143524116
17076218
250386727
135967684
179973018
17393196
6385432
253747552
185043343
250884927
32477347
65073830
214976391
148808814
23592155
115670062
104267638
14326086
137340182
34113439
27860681
16517711
43078165
75069067
17997467
134846593
63004370
87977130
26183281
16119428
70526457
107545479
76936279
85634177
249348006
14270329
126511890
68801460
18677951
235274984
29293808
169785728
281593711
109257354
39811240
274297721
127592126
49660211
76392970
36683668
138479037
21873714
291903997
293009611
234826866
153944899
63004503
288751432
22262553
40933773
256295544
120342217
28827997
13058232
12925072
9252212
118022756
14615871
17451742
109659449
24881081
110789343
16463326
17409240
19658936
135060958
47285504
137454693
9109712
146569971
16878156
44783853
21783950
16245822
16669075
15649433
76348185
18812301
11348282
18058609
78408666
7152572
64418345
166252256
16616061
18038892
57625403
15587500
14266598
59204932
44777959
16619904
17967675
16028241
18713552
19026662
240700617
15647676
19918558
46016028
58928690
47412499
19318314
48086014
23600262
44948899
208186672
59676104
51196549
148771088
176951197
7380872
50073507
16170253
40277246
25781141
20545793
34638973
19891734
38712914
18829123
28582749
22812434
20552026
18909919
31611298
62442994
14230524
15057943
3459051
146099226
17487795
82689705
24789175
21634627
1106501
19697415
15949696
56700964
6017542
19658826
21844854
778057
97245137
22049097
9542972
19409109
30043495
185680804
19734832
164412502
191477653
47694175
147649517
14688489
254186356
21307076
14135426
28652194
224320485
12354832
46176168
52070270
12272322
21612122
16789970
16116519
15923226
14870670
19658614
20707070
13067732
22270213
22049155
14173315
47448886
106135104
15751676
22771961
13850422
44610950
25387843
182398325
239905257
263815367
78669790
35002876
31310158
21669123
278055325
18695134
18635982
20480549
18172905
21228708
21384333
14834340
115979444
137794015
162069635
24745957
227341953
193732179
15022633
33530012
36948268
35773039
131500972
16041234
15210284
15754281
17075423
56864092
50331969
10886522
16172747
75052666
34972633
48177456
43638469
29450962
15361570
16935292
66369181
14695985
40011881
7356562
15210410
97474887
20179628
17912982
16827173
17993906
82959058
37461389
111919616
11270992
52052011
51462013
20776497
21921531
14074515
16634906
137733597
63004837
816653
15066958
20437286
17504549
21457205
225092673
224507653
41628166
6576492
14434011
20772763
37917164
17004139
108617810
15220768
33792634
16376937
85131054
19834403
44177383
14515799
113420831
150793744
147332158
16696584
17469289
15113565
58462957
21258337
28576135
11180212
48144950
52494924
15470688
15901113
7768402
24926288
174263663
120129682
74820061
48115928
15335662
158414847
38271276
46662081
158426909
146167871
56708256
14962779
14951700
185702024
24659718
24703826
71028123
48388417
16459325
23466918
20295222
15570735
15945324
77032777
92572677
15187701
109025212
209262282
218982732
18767699
148529707
27582945
222140591
87063281
14268812
103087786
76381104
19659031
241201385
21333396
5743162
242418441
131144091
114870265
19186003
244655353
213796133
247723476
227037531
250784170
17445944
245424983
185360823
109639153
21252618
273531261
63262233
21329939
89731752
20996843
29501253
23617498
30256559
9624742
15666059
21268897
193430532
33222598
160561302
238139362
159609655
15689503
253604734
121788510
234361966
115724271
130274805
106514937
21765244
15731368
16930125
50446226
266830495
43409523
44629827
25363594
138436634
148094691
96781334
234822441
200949207
20465881
87835671
104299137
7868832
14129299
76812873
28113052
16332326
28902856
18909534
16326882
163589845
59130623
129997410
16018516
47632905
49620730
236061421
11771512
249726335
15463671
59331128
136550204
39155029
75600769
15166261
17044233
92079350
133951022
42995067
21251668
136300373
243000634
137466464
16560657
234014087
172858784
22975495
158398519
260845829
234002627
7004382
74294786
31128529
21684013
61206798
151519500
31122582
22053641
48706233
151963505
246357149
229873610
247486443
19716781
237112418
270154678
21406834
208692908
9334532
14708747
34505633
14401607
235632852
30949256
13493302
16223542
40129986
21925979
82148680
168674059
26061905
17523757
15041273
19359576
110451417
17965115
161044052
28265605
23028987
21209333
92031869
18839276
37055926
28345779
63363893
24560143
30373542
61590157
71141734
90406163
127861493
20344756
28195764
17004618
24431892
26820275
15896625
15159913
108686283
11447852
87498687
22109355
55355654
11969492
14270650
16081831
19107878
59351766
18772897
15264675
26493330
166608401
30948168
18327279
17504870
19608297
17544803
25017309
135371020
143706790
74833517
113232558
113468433
46463010
12133382
759251
14293310
71294756
742143
1652541
17629860
20466215
51241574
19740592
15234546
20109973
15012486
28785486
3108351
15164565
1367531
20067354
14437914
5402612
16303106
30313925
20608910
16467567
4119741
5357812
1947301
5988062
19674502
5392522
428333
14159148
16955991
14669951
73181712
19418459
15224867
17220934
19553409
15918708
130617778
13393052
14246001
60919240
15808765
7402662
5741722
15450996
50325797
26792275
48037533
16581604
17006157
15675138
21619519
21982720
16157855
18678924
21240602
17074440
265321890
8953122
19553760
242872360
63246339
56801235
9763482
13491312
82649553
50768739
132496568
128631032
31622289
78445977
168502762
85396297
28602948
246088673
237770636
233783568
22012091
15764644
242426145
112740986
188019606
38254095
132201224
18696134
249410485
36686040
133832049
30912937
235373000
210926192
14984637
161791703
88806753
245516606
239949176
163570705
85322445
43963249
14287409
20436059
61853389
140427956
20746400
70497369
76091017
39580052
54546430
16116713
120176950
33998183
24752484
14676527
26804204
232268199
20245775
6450322
170095862
19358607
19608273
20173458
16583468
140519774
138770045
18188773
27073950
14056708
243027785
21314814
79295663
2065391
16129920
18510860
18464266
7794142
9532402
133872807
15727317
44238517
16793684
54300251
15864446
107536234
19824430
7713202
2884771
16012783
120153772
18227519
19726613
43920155
57405911
89820928
2836421
65672919
84388888
125445568
240812994
22812754
92102359
150724371
20002401
153919023
63169388
33576489
221792092
84119348
75124560
227088228
33563161
21312077
38512770
14529929
55338739
76133715
72198806
111635980
17494010
7860902
20508720
15182798
14146966
20818801
14511951
16250929
1198481
15458694
16855888
16399949
43393110
14412533
2467791
1767741
25878195
16686144
15222806
59157393
19113374
59145948
14434063
93069110
85338860
23367568
59824526
36957404
26083271
94013297
36978467
29734444
55085147
120671445
143120877
17171111
33986037
86776195
19719380
20281013
116505994
136260002
46406505
21220931
807095
16017475
15837659
12340562
31127446
15446531
18622869
15691197
21696279
13524182
14717197
9300262
813286
15922214
1917731
37666708
119250381
