1089287436
36449747
93288759
3293043641
3068461683
30234063
14828860
18966613
717084977
72761998
792038436
3222239073
20545793
228747444
269407454
15954997
211588974
229966028
234128524
63787812
1651225333
18943752
240393970
217287666
2798456003
3108351
14662354
75364211
18956073
223565574
233761277
2953922782
2963445730
244268646
18773159
198526130
239871673
240363117
26424123
34340464
7270292
20053279
1072008757
963480595
1060370282
1058807868
1849261916
1048784496
1623308912
3253448155
2319012046
1583943960
148338751
263946603
988789656
1137551634
3317799825
6088812
215403682
18005085
20015903
334127852
3226035747
2886280041
3290062785
15534771
2571582085
283308666
3259533973
1206227149
15485844
95968977
2975350155
57188104
114785533
978606751
14185232
556287570
224294785
1689693216
97013513
248850174
51228911
993153006
242772524
2973870195
249219716
1058256326
376499282
78654092
39371935
42937949
67723980
58611119
26679359
54412900
18061669
17679229
11348282
1128514404
62734246
600463589
1096059529
2734713482
1074412920
78083460
133448051
61355746
233949261
252819642
20015188
50152441
163995093
1631159347
26953478
528949429
1927775408
1917731
504828602
30313925
9855382
476209692
92079350
14007532
46817943
178138082
182019907
85960231
233290047
2690921684
198746257
104876023
21784720
18682872
17905618
52583832
2491033537
61807463
16579249
1617995726
607595458
25541691
1686691928
1327675195
20402945
511273886
3135241
18223105
921375078
36501771
24972610
41488578
294926558
513430492
2321535938
448295627
318531893
935368364
75021126
2252090803
155987003
20471478
17522019
119246358
31127446
47798449
151108333
185721797
179977881
26778110
221793778
16827173
12788332
820194234
108617810
69986892
8730462
3187975176
500969087
234837632
21426423
3934221
14325612
15756056
7940822
1003011265
526495979
294181316
18611256
80703645
60801758
2744830190
1327959980
84119348
34831969
20107675
2863006655
18258453
21249203
68835568
1492906194
148491506
3062909615
345798836
516176936
26566549
3091335952
86177206
16193763
35613610
2516858967
557254488
124528783
43955137
73922604
37945547
204905640
181960446
16648790
920500903
271579350
185853049
1055730738
2964351843
18278143
2986391727
1379620189
3017857197
22082445
78941245
600338885
30249306
450941680
119829799
18812572
17112878
17074440
205392468
89820928
20608910
50325797
912608010
11856892
1631409727
59496879
22047405
2862577383
2847221717
2964222544
94191302
193484225
3178354784
1564865300
6092972
20711848
108052596
109325331
246341769
78403308
76132891
15742985
15339568
18917635
48129825
23915210
16086928
45499651
523615208
981949206
2225932796
846784656
58743813
16252695
14275291
33884545
119952385
62639813
2966758114
235217558
584012853
22831059
18166778
18656375
245408102
14352556
234057152
412576488
463132556
15361570
2433737761
242426145
63169388
15394954
19929362
15751083
211420609
23124635
16256269
24735461
1060487274
78369108
26277612
85634177
69684767
18051034
15160949
22508206
3126769285
2936215794
257091348
72638046
1676010254
106765039
307706217
27688281
84095702
2817073207
415981838
31078404
1712989190
2312829909
1520180964
2515116383
18487694
34274380
7039122
2285407189
3098356946
3104221292
3068102708
2796335121
794601193
104615577
2974648323
3063694623
18943852
2398560811
524414029
86129724
1051446626
1065995022
377534571
10615232
1058051748
95697765
201462908
41396811
36465894
33655490
374651262
240812994
33438221
101043870
89005882
951263040
46943844
21304526
1920356785
1624030902
314636078
466139785
246322533
16086446
1499411372
869237040
1618867584
436100035
135972958
213476798
34047021
204187572
376350580
1116952862
100674609
569144275
138073807
138006123
143686158
174273644
3024469669
65078889
28599820
2732966250
39566469
3049057003
164945982
136550204
308276891
22055103
989456924
172192554
33977070
2792935237
36510873
199785008
331043028
47768150
337186764
3044993235
15600527
242426999
243247252
237862972
2861616083
16421194
18776942
193794406
14529929
22650398
24234881
282093902
21213276
32007916
20600214
14669951
66369181
22527499
15113565
17409240
31310158
35829796
67647289
54885400
8775672
19611483
16129106
106597684
10126672
61811986
297041910
12765522
38833974
15987296
432766911
2340967118
2959028814
195042501
454947269
2852998461
234053893
466582924
245849955
3000916747
18967498
27048645
178012979
2932617195
161344057
150695314
3018160814
224391627
237763317
103915169
273508160
50698626
808237111
2975091705
15209796
19394188
15745368
18916432
10168082
7713202
123925485
14261617
2462017226
972255798
28217330
211901075
126369849
245451804
237348797
234937222
1092757885
2696670038
264402171
960962340
242761889
834069080
21157904
2167173110
110545675
2161604101
38441030
20957191
17644000
295685416
2696643955
20677966
34228636
166252256
15931637
109579534
1069124515
3004405849
18172905
2976598347
26596727
66709517
389028352
18825339
2750127259
314636730
60209171
106816456
2992863482
1833833041
1069716078
2853309155
2361224263
10376152
25062618
410592209
23912630
16930125
217550862
2914571740
1428569954
614542142
235251868
34927577
1217262428
252889035
2971099838
46724483
1463954180
19434319
21572351
1699750058
1705312470
28659197
2295033751
26777550
2203399435
1246920054
1367426065
126465821
566411152
1075290390
304139821
266352128
459691119
461369538
2495179285
484556104
41377639
2358873649
2369344981
1483884378
2978291435
18045593
17652955
2965083477
613725908
2965051799
1080844782
17544524
820954226
2305315345
109911358
358260333
14763834
13067732
17971214
2953494478
62847435
272388054
92985745
491644912
2546406866
2986666078
190328374
282388062
41500166
98219029
109170566
49217766
234906311
27100775
2856787757
23642374
1059240924
33011634
34998312
2970462034
233842454
26819424
26817106
2962868158
252115520
15675138
2953713339
2382685057
266133081
135931182
122567777
101414778
182561850
87469483
1084375028
2966205003
2436017346
27676828
37920978
1367531
32010840
234469322
38110440
557091065
2359754810
31198756
2855672558
2933760046
15856366
2962813893
587725632
403487458
20733972
125719207
15212187
7402662
225921757
236960387
11134252
18490262
21252385
22509548
19739126
132201224
23951197
222286905
296361085
15922214
15731368
39308549
17487795
12763982
249482040
16514376
42658883
14246001
22508473
17800215
14344823
2467791
237750442
22528309
245406432
219429281
29766367
19658173
233695891
10840862
237312687
995193054
404132211
1058917562
58928690
39583871
155969791
61626604
26276131
136677865
1068499286
117501995
293131808
1038119899
16187637
18646108
16031927
69773058
15484056
11965052
71627462
15075999
49773837
1146611370
27075032
39559795
10774652
21301913
223970563
37764422
51241574
19612617
1009489969
89792361
67514695
61664795
20626697
192949370
210902663
148936255
1314775392
413223602
18071209
1410905906
398088661
214138068
16102244
242926427
17976923
2784870285
2653975686
52981472
50044510
27556859
75367781
2929491549
84459364
248699486
1444015610
1137600571
41047766
457555574
389098457
2253968388
27772478
1138688364
1209417007
23103488
41445718
234573331
15207668
