1490865258
336776567
125773186
1074129612
16669075
66369181
15647676
15604914
16664681
2695663285
385429543
38254095
479872233
267938462
38349184
39857211
36739057
36726529
48791466
9300262
18510860
15458694
55091479
19152385
82489457
40924038
22952132
13850422
234573331
88806753
110899711
1055730738
239949176
1058717720
15675138
476256944
43963249
22012091
30313925
74294786
15361570
31801993
36686040
19318314
133832049
20002401
58928690
40277246
82649553
86697288
21312077
138770045
107545479
84119348
16583468
188019606
80612021
208692908
132201224
227341953
242426145
242892689
240812994
248735463
9624742
73181712
153149305
19418459
44873497
258900199
44783853
785414496
1051127714
1037321378
1055907624
950783972
303861808
995193054
231510077
1071102246
1089859058
1080844782
1140648348
15939889
1134292500
15442036
1260172386
1093090866
26637348
432771620
328679423
467823431
408816873
813286
342863309
2467791
1652541
759251
155669457
2966570782
939091
14377605
15764644
11347122
475294870
236279233
