276982234
87229809
3020138827
15481070
237900088
357606935
80117386
970207298
345158526
2382513417
2975350155
26414094
455252727
1725491372
1635686564
919671307
2496570174
45265448
347395654
2761011084
26389783
1201780777
351034720
952889540
50711063
21346365
94262891
58556043
15778911
1061385474
369602017
111635527
16228479
571202103
25509088
28657802
14050550
125767077
456864723
20098372
518569777
3308654135
154909422
15085627
53386111
1663871198
296781843
2484632473
2930635215
3157138583
973313340
65361564
23093516
3144326411
2863006655
3252118433
131970490
168502762
463429083
26028187
1536791610
28174351
394741838
2970279814
20552026
995193054
2792540601
476141999
2956817325
2329066872
37501003
24258355
22053641
2916086925
57085240
214607487
16192895
110884932
21010886
34710591
23759944
11856892
16245822
3029188078
1267062606
594851133
39823988
17596622
3554721
36771809
38516217
17171111
125453969
2543746963
2336642585
22656149
442824717
2574103121
278776049
17220934
369505837
87757843
146549486
428178182
939091
201885806
1339835893
83668232
2937648982
16017475
18518096
240810482
302864939
1621325275
26575774
19026662
31447311
108474868
365492532
328679423
2471490055
769639489
384894109
1636590253
132961448
22330739
14511951
8936082
2747093228
190360266
832263014
1334968850
2953525732
101011368
845504546
15467700
24195214
217242074
900068228
381568471
226595853
2810623552
2504620774
37281592
15546192
134668186
2798178362
20859666
393588826
21844854
38271276
14962779
15441965
429227921
20480549
27737053
208361818
15473574
204599219
312243603
198532943
33276161
38690468
15446551
271959266
3018670151
314099893
55896443
22508206
315470789
3044993235
30065770
915726438
56475632
2190958758
14417563
249348169
77920769
33399352
14999172
18780213
46417885
23247996
72688196
79244319
2962813893
2968298375
188770086
57030951
27055034
26596727
17293532
217083195
17857052
1904347404
39419180
2374131416
2838107099
1242286285
61843868
70789586
20817419
19824430
506198310
5990782
61518194
546820570
285973967
937723303
576189568
68222039
96396634
14114295
498464131
94155390
55020281
472330552
109579534
199466073
231500577
82423741
2307219151
2926417814
2972410544
282545479
2970462034
246030854
628559456
20845527
344864408
2962274537
121156279
148771088
18967418
19024627
199400127
1917731
25067168
460306316
556958961
21758761
747876121
2522368930
807863070
21135085
101802390
22992616
372972016
49634218
1428441589
621088828
52779839
906782533
2281034472
2820297112
2513567634
994338956
1116952862
55705976
202709969
85892107
158474460
74208999
2869413377
143141524
19055698
2796392199
1586561126
28049266
50446226
2556563059
2778649141
19517003
455024343
461720085
76091017
1055907624
18906574
20572047
2881620034
55652895
39498665
1061029050
794303144
2268166464
523306731
564191741
16473577
14466538
347466521
889704427
23967935
104058054
243212564
14769239
17766477
21268897
15906481
424719241
75600769
118130765
19847765
16537578
14245722
23097748
32412094
281078174
44919883
144272082
43021787
2214704214
2712267270
28652194
46817943
198964526
120176950
2608793587
190668884
191566874
49200090
798824222
1467169200
16848804
576299255
2726538314
24613245
1394549060
42533463
339702273
595769689
546253898
28194998
588523158
2830232185
31490025
91114344
2434061091
403727931
104771747
2764327696
90490354
167058570
2511408984
66517904
16028241
111660303
2427700016
27882000
2788533098
353095093
95789348
1417018243
2759379562
382695951
14342564
1517267136
57625403
230450027
275312148
2361731846
17967675
254217041
1531147105
98907691
1483275270
2264494212
82108123
108324131
38285038
79281152
22271644
2586477644
1064206014
11527072
1077121945
74620263
63543676
140950223
866208528
342863309
2188613514
939922981
67118125
14870670
74946420
234945340
19186003
479998051
60071387
347502933
143381041
242727646
310330192
393691664
39803436
2575081981
2579202860
158495061
181966953
1136996719
101806793
16825083
2296959588
398217267
2611709293
2385506473
347410767
1688423954
1580452735
394711684
18831440
30148841
56788628
65672919
50310311
22162854
17006036
2195920009
1154894353
291903997
1542970700
111748255
119821329
555474658
600463589
296580946
15040500
17479485
418185183
1296554826
321466903
23085482
33241171
46079994
1132555339
333692836
73221223
298755782
1268521076
601620609
1146843337
636657761
72646886
28331471
20604335
2613763520
2590443054
32398045
2420788843
233932971
1574452357
2449398246
20867568
450030619
565490919
466519303
978420620
2592023390
4816
884484043
20608910
19148372
2296407206
234028077
31127446
2288605838
18767699
2536708255
18873711
16958346
89512769
279021204
573816076
20582958
120181944
45577446
370808273
7004382
30722743
307878132
102417125
248735463
15740177
380391002
28143682
1246504897
758374478
189963921
42446494
424249999
605070217
2567879979
24277268
2218206132
632015726
2458176704
269599032
1117043418
20517132
128290790
958081542
246487026
632926928
95281047
1729474662
204905640
21121491
86129983
17881345
2305321796
14074515
605031962
46693603
20179628
787380805
19775920
1650613280
473906942
883079922
30516186
539904575
289487333
52612182
14459357
48791623
25841762
21313053
19632788
2320912663
191477653
250784170
114050808
925128368
21111098
430152084
24016651
62565320
1455427928
15764644
79058216
34040978
568404639
90904573
89462723
117118928
48087601
142896252
227032210
408081090
116497565
414217888
105925025
1117015490
2350605577
245061451
38256223
983099834
986818496
987284006
987227540
987009985
557921030
2207976528
631395050
2368588328
398104656
34015527
734779206
16684683
105542379
114878028
92092195
2398241041
1927551788
1588948532
20155760
19940085
16568549
109411366
413456876
2314113007
81395269
14396022
637301438
471454646
493212169
533456202
281341496
20667984
25462372
322068903
51312476
16906212
80052709
242130387
185748716
416711184
133374217
221040059
309267226
144961560
2306987281
2468475945
2323116129
31906672
68429872
1702048908
267976788
16632194
1908143071
1115440075
129917845
209681949
217550862
15207642
332845694
95236446
466481868
241703432
26780957
38036372
9634812
1007169666
62620585
24878961
125408014
525507918
813286
419240100
67636167
20770215
2201803140
20508720
2285501580
2205655056
1935210900
480590386
288898882
280098967
46747249
158836403
2412834284
2317351705
201396754
164711034
952142900
2411213191
95560802
34926976
167384728
51195255
279992088
2153233453
25553178
2291733746
501130713
1172641398
15851744
1703599068
248772403
1535342192
2303751216
1469059202
1562294982
39250316
24178302
24959108
40894553
78717545
488427368
1494091171
485119704
19596592
135928234
23794763
12272322
128888987
32478395
456912326
1068932467
2312993498
114399356
1074129612
2149184304
112772431
1089334250
710865956
232879086
2340975001
809947452
2347049341
903075787
2374098138
1447181720
128668388
39371536
393562221
31433456
825687307
240800234
787373558
31122582
2371999394
1911772614
282627136
546314800
944981390
2295040861
566706987
14282672
33933259
17049255
622421371
239648216
2270703756
6519522
59031230
18815304
39883229
821411082
807287647
99202091
262933789
1446916286
48075643
17695016
42644510
884752561
2327193889
55308417
15324851
1183157408
1353019560
397022670
185665438
388443410
567329850
1924908385
24998539
16111860
2252233693
283982576
144190147
2231670152
245223404
2296845260
300590396
759880968
14703611
17874600
23966077
234390409
1543830679
18713552
17451742
54546430
14615871
19948202
54588816
223948675
234815400
270498079
2332069580
213696724
20197932
8025532
26851087
304646849
81187683
594807692
1128781184
266058760
2334020078
127608017
426802833
296959180
86129724
43630636
1662780852
1531265618
18137749
233783568
22635728
90309830
487777878
257568006
858078902
38181157
141286022
15182798
1373449044
20064655
2203841634
2273320800
1134292500
11771512
16000856
233979612
47327366
126118634
66754934
452610155
430834036
485805200
364415553
44275048
235215720
1976125669
1325640182
39279393
7402662
227841653
15458694
14345062
213328593
913037851
9252212
82643763
47412499
1060995318
776687893
245412130
74829020
33792634
2284254115
27851673
1262571055
243540519
581138557
377573584
397241893
159147860
507600771
260371687
170005743
902591005
14569300
575750841
386507775
1663412168
20793816
1485620635
1855893318
562009903
816653
339852137
12859772
53145267
195897926
376873459
127956843
128341964
24167314
529046437
194219607
170797058
136325134
52057674
110466097
110880992
27013582
19674502
1393155566
66729154
50378967
419693158
20015188
19719380
22659891
76964155
2295065779
915129847
108993692
53176629
18191927
15854702
51228973
14240875
10069612
1880585137
28796289
395398974
432013333
908050046
266035175
111074556
292549803
158761587
1965009486
1618479715
1140648348
1930889384
366736503
91022085
2155397910
2278198530
226262705
544517731
584978602
29257718
2290345417
906193052
17539497
15675138
512630561
573149116
460246990
16073416
17155090
85220439
1099347847
1206227149
325830217
515582364
2253968388
115772421
122174004
389840566
177621176
180849879
21312077
64687014
1883650549
21698023
213870671
85606078
263168582
33996443
112047591
91368152
19301682
292470022
393426231
47130425
243834212
14437914
133401078
222666657
154901526
757303975
1330457336
320927221
1093090866
1281405877
15520346
15918708
15922214
21768766
750183644
126429617
263815367
1277939269
18909534
7744592
607289206
52070270
1630285238
512400450
43236077
17291393
316389142
1330484678
6480682
16303106
22437626
372968584
47694175
24691321
1072467470
1055730738
88016601
36541720
849098978
612117635
1090002997
308112616
40340347
288352064
1080844782
942156122
481442067
240524364
314273475
21457205
64232084
326255267
78995028
29205600
234493276
179546580
110004599
213767250
15839947
15923226
298223232
1340093874
14692385
14301724
8775672
17346287
54320038
16302354
78408666
33600887
244655353
88309377
256113470
14434063
16051471
69076785
63484749
3923891
22771961
1227117612
1178700896
36764306
48364045
20109439
30249306
29260421
249472025
67060591
282735852
550438315
86141342
19647375
30043495
17112878
27901418
8839632
80638910
1004746244
242944499
41680677
42958829
9245812
14293310
541376562
19083189
128688226
2097571
23080711
28785486
22830824
49204865
15012486
31540671
121795745
1367531
9567972
126629610
34150512
73044609
22836731
17918663
1264815228
1264642580
31423084
273542494
394375565
1112326770
1093245337
44783853
16018516
69193833
111379452
39811240
543033450
31801993
349876936
128285235
19734832
15780280
78369108
44177383
18938912
14345759
15309804
291725473
346197350
1075021136
122884265
958537322
182918604
202940931
16789970
47651045
216107121
26283468
9300262
210926192
14246001
1342793371
1601865428
1851857544
808895028
582099002
281731198
1058520120
227088228
771352514
15442036
18686907
262680878
306396562
16608803
384913290
16187637
1898732976
150800182
219068733
16250929
104914594
21920875
40260612
153558139
22703645
33938700
22662550
19682187
231510077
1530850933
169586280
397718090
49617300
63169388
216016310
6576492
312134473
1435461
90614279
45753725
145070255
21845498
15129727
78710382
49739280
19697415
339302057
1323370135
37710752
158414847
24189071
120235664
16129920
17006157
48027063
136404531
30929600
443046644
211798991
148529707
26657119
41017380
377492776
18817538
246088673
80188923
35878291
174416252
193797587
142814103
36681590
55733265
335528859
1286957142
55724388
113169191
87014413
29525729
27935298
979001707
300401796
79493739
1598411262
807135120
1428586411
42651191
911680368
467586050
1332903085
46131997
523564347
267485283
335996055
66014022
108796474
33998183
254140001
18891923
138470177
24050038
320770279
320788019
20957491
16958926
849979362
759620484
57041360
272417227
21756118
27902473
59873775
27077560
171984708
20274024
159634869
1613524530
73968670
221428240
23840057
381116529
263936580
17741086
72408553
25146084
37504933
273971882
23806067
49773771
19654201
56700964
370696037
409456907
75052666
54208274
91180720
158426909
182503471
45671898
273421935
1694044105
626370956
61593012
171209749
91019195
16203627
109602227
16641826
253113689
542999595
133971337
179148529
184781328
72770853
104809247
22798298
39615827
11302512
56657237
19312786
271192644
20629645
18708963
72948759
25856989
1446197246
135519491
562833413
20858269
25085710
73290282
413489645
16477702
20479234
376388445
30042104
27085717
12414302
46475646
110714128
14456518
61222817
125617204
20801967
20675721
105677153
23695213
262315806
142816543
16227220
132585908
199836680
227037531
467626084
148658952
44955963
286355573
1077443048
569155273
23497263
15463671
166252256
235757172
7713202
140519774
397478797
393333032
531706078
121475725
139228764
88806753
234822441
38450037
236503454
69336662
568448327
148826880
90406163
804661399
64208380
23988065
21766435
635258959
26090328
18811419
354007332
542113420
114547989
41411289
434423386
838604863
76394015
89715977
552235597
321796822
33594426
73241964
61563655
1418784774
25881261
124528874
115529404
500704345
8383592
50767716
26898242
810424
39809281
318548525
31128529
12788332
15290485
41151319
29261015
16805072
322688820
22562254
323377444
235366030
17999147
56440142
17545175
44686321
28208198
46751066
300351998
16319209
56467151
426085807
16203477
36837524
612809644
43121686
115807443
102313523
20993036
21683411
16261445
181974501
20402576
127646305
43425975
413233477
140928543
24018330
16906137
72637991
22670208
1147927495
1754641
87818409
5988062
19011374
15110357
20562637
43002310
19713526
471556372
16409424
16405372
507902998
50407551
19970901
44873497
1637345228
342351702
308573576
20538284
23999023
119884464
17504549
50817026
112537940
1292155544
111239539
32359921
19379076
20082874
27988402
132615922
1534099256
11414742
84397716
251957243
34713362
48157897
30856091
4898091
34113439
255649007
102802196
405034710
898955754
525515889
182217410
67734369
31428792
19049066
38737328
27353645
107095239
21755786
24704564
36146729
51241574
14173315
2467791
26995837
24691724
6017542
3108351
20419776
95439276
19980619
95956722
32391646
413255188
234937222
413214567
21691407
87063281
77032777
160561302
108686283
93876666
153181367
73238146
14377605
942689438
1365846054
17512511
132496568
21755418
48067235
16473060
21402146
120750710
88750132
28111745
59860452
47652227
232268199
18970117
23617498
26996798
26676275
43963249
30313925
46164502
18989002
23659017
72198806
24905968
17448662
19731326
