592014392
2374563950
88012027
2799918536
253278832
331255578
148043274
309321315
245451804
2939717750
2930635215
2975091705
2964222544
2974648323
1525210998
1074101017
66882596
2962813893
2964949642
62411761
3008882862
298089613
74509853
398810658
902096551
764110368
1967216306
2699321185
533162270
19896044
202715009
21249970
21248379
2600387527
29845916
2394962768
108985543
2619367915
2421198452
168861248
41662157
66774372
36190866
35761817
33950470
544880389
75387131
309230013
28429647
3018082713
69083223
111932171
2258001164
334463022
385589433
8487622
1180243130
188856242
76966586
242814159
57057290
1705787191
425151088
41445718
1709221902
3119544111
131204770
3002587231
2706757316
87771417
188407652
2699209843
2209430048
2717478084
249844732
97370449
51228911
2651560099
81191957
1615770054
2300250440
237862972
176481540
1249982359
1018143764
625440192
2963365604
992456342
334497603
92635433
63029366
19246162
19045182
40459467
321490677
61035896
2493388230
84698906
18738694
18566912
26424123
292141459
377534571
67119511
333516201
2856787757
906782533
2750127259
2600618978
38057366
47798449
2883921044
140457196
431794941
27676828
1332046980
2534567084
1069124515
2838136708
272482466
33602654
2327941633
36131632
15832245
61596738
2696839591
733751245
18916432
56438993
35038762
226345058
183667282
15302965
1511805104
60724290
820271046
2414872196
39589819
22086402
123978921
15937533
1490662254
38349184
1490865258
1486263372
2858300678
46275302
26777550
234906311
193785644
208124228
2752781593
280563674
381270085
24735461
249288197
1667703163
1260907538
52503751
239537038
511226428
2409307027
1323035881
216881337
7402662
54923489
1488865435
36771809
69042941
30077811
239949176
4432431
15931637
976969338
15113565
17374166
38243241
39831715
26532914
37237624
90694243
28620869
278145569
23951197
14587949
240014188
2375995014
2596713746
125773186
23799310
27744185
21258773
161344057
131229898
19489239
52660746
25685281
24671555
85796380
271441733
58562226
30823468
121127090
18576537
36726529
1322558402
1229437219
1022766542
981451328
452521774
533085085
612331433
527883269
1445077393
1640169925
1205123202
2493199232
1548317628
1662472286
620398542
2491702663
1514171023
1966554482
2330330082
2541999628
740336334
710064516
606211203
1269425228
872185597
48947434
868768866
1362745964
84620376
46471069
1209417007
171667476
239535516
41772879
17995040
9300262
1543830679
2561788350
14412533
2359926157
21313053
874916178
1250191058
118756393
2241013195
1061292174
17622723
18027450
24369882
309267226
1289319271
17976923
40574063
2303504996
18915145
108416848
1506739717
17546958
44682276
5561412
1135512301
761831000
28178127
30864583
613725908
333600885
155642785
22527499
19139963
50152441
1128514404
389170014
23394127
978561402
619366288
15212187
185791675
192977010
623002096
15572132
15572044
1531265618
21870081
18222861
75429189
196044433
176563577
20172139
62872266
419808969
14293310
807095
1472882329
238423611
135695732
36507525
63624149
44212632
110908445
472519074
268897200
209744289
78068525
40532762
17513304
2306735460
1072382221
1138688364
255109294
17954536
426082279
18755994
2247644874
379962842
56749157
31310158
475988505
35785401
41416662
17061263
28176898
22508473
12788332
179794539
82797445
9648652
288308178
1431157350
74198348
968650362
219429281
21252618
14007532
21593336
246769138
372655382
50325797
20776147
11134252
935368364
18773159
236899846
224294785
237763317
1444015610
39510422
1043430858
544892817
984344611
916143703
1627142970
92560096
298251000
138824734
620561241
586678939
245894117
534941095
17797876
540001881
582935816
850081632
1323384656
1468800116
612730245
487109792
1656109980
598854443
394275127
42632260
14995730
265246860
456020650
488131773
64109543
1938729343
951061112
399732173
126202127
253842855
397751552
29600588
179151556
1627912957
2172560496
139768252
89328910
1227997753
349948859
403833106
783187147
58065602
525618402
146802914
1206419965
294750471
437141651
376624336
1510870711
1403013943
21356030
806903401
1069049142
45557837
350579055
1368799855
562782234
565027270
21725065
49217610
273242059
865378118
242971995
1660907634
22343071
580256936
403117436
47844542
15708528
557962316
552403929
14663763
246096268
297147722
861786847
36735003
1007146663
53619605
629517410
246038479
1387532378
47731242
741632462
121242871
158592758
968346726
525533801
737476082
162943033
1087975375
549525403
206877880
891254312
868632968
1557927510
514688808
41901164
381646405
492881212
562396735
23847008
1954149570
244554120
259843520
128301013
115187311
30643970
20805651
161866212
1650788916
593171016
310037128
1958942130
581776054
364575456
480164966
308020028
862030670
1028928222
464161457
1498902343
179278233
2161624730
468110721
328765483
1535603480
236631012
224006948
852293346
1104050695
31262015
16709305
2184861858
556071301
1343362710
215809851
184246578
21325034
1372625900
845620062
1322885112
15259353
857070524
285173998
733047470
454240319
191151208
1615420873
410480594
774174727
546482973
27421840
1884405721
925765940
78151853
123609011
940056307
1182838736
389210453
115515493
552887968
1322648376
143963784
323952915
2071261
421695737
878732750
175824487
37994148
781190432
1366218344
1252425175
564036040
271201852
517981106
33583024
563099167
613813757
1278343303
745255795
605062547
182274051
224241111
191873269
374648960
602475925
1653413467
336000781
378352297
923839404
1515404474
582025352
946213099
1631050663
393642219
183683811
769916126
64603495
416771808
188832854
599619743
17693555
9627772
117917014
771713598
858896700
406422495
598747251
391456464
410978228
18694665
300325652
539680197
950241032
331348960
1679505492
14871475
760426988
355987647
58345510
1739010769
227375466
17892781
631552324
637265386
314897460
618344006
513056748
128747983
551520630
534524986
299412831
637068983
414322292
231005646
565217688
2149797558
425201659
128589217
556352427
368965454
224778510
170099655
354025741
586000637
217189015
515985226
1319160230
532512001
54826678
1400873366
370477520
142727327
889606148
468622910
1375436618
543653930
98827800
315485525
376939258
525428367
41433701
389819436
1669001934
600610508
184840554
121268566
27590472
1215932438
332009185
399171027
1913149428
204505232
937315982
118815096
17756220
269533254
556356663
526942696
167137486
112343592
61264780
170315151
178511397
475249207
1058807455
195115855
2170518240
1132326734
270826703
419192849
322687302
127667049
1933017156
1516990380
787952964
343176218
1916035316
21762364
1018295154
973615538
43778631
21639258
252944072
1113959748
636447071
255903401
242323363
1959919556
36730371
338343281
536853914
1347202968
438045171
878770063
1967007288
874474830
86234568
188961021
1016500927
375451228
164544204
49192413
224030379
376930609
906010224
430450719
202374793
1398333421
1008185250
1387131006
15281084
225514992
519980595
1948117596
1903918656
438458199
1228703215
862221486
578439415
515170724
460603513
1055321016
18702408
14221244
245014960
143627238
1069059391
981874873
1649139835
309318926
1464653612
472485547
1668429114
39069632
37733730
43911903
330416715
31066390
493510039
369217005
24102325
2151504859
291728916
1681710018
301499774
989707884
994092686
18215500
346245611
60677951
407779573
117873382
1440008834
117867439
2186746280
155500778
141656842
408143509
111456638
501730335
52038807
428405176
773783124
2176176085
448479355
442463340
1052917908
57080732
158441002
447741148
1400061114
179840612
82519176
1111811322
597532277
2155486801
1428107545
1289328307
1360159386
954875244
1290044438
359427458
183359857
431354738
7615442
1166492863
341740665
252415111
467572935
1593687446
479050565
129709988
1931054371
169284000
15284456
276326768
430406401
371021256
233327606
157754861
271314129
269693246
1734972865
1539069290
1038899210
202716201
383952230
570098813
19272911
782887220
260041528
74639738
18988920
119811490
1033291987
391102082
15046305
1623757824
109158804
21237920
613832641
16095668
931042812
130785521
529543699
1719989000
302766884
349637768
399544252
954434034
531324334
158609513
396657368
144904813
517851976
1644619872
1914423582
64576818
20561545
309971353
824147906
885790117
15758751
116226298
1300783988
1317404719
844756813
1078077703
318001051
130395823
383363155
440074798
1706369052
1078164582
813668695
1365485143
981002491
1078167553
262746431
18612377
25815717
815949673
27759219
462073234
396142441
468274613
250440032
16520863
525328544
1388674159
195858387
1084633392
1589472847
621532633
1500178706
482015676
1885273723
957628951
413653205
2189417768
1942904550
1586452670
863611256
120524068
257159580
95702844
976891909
558728845
287391762
226286968
331799838
1650551821
1347895128
932508451
162201333
523499509
82679182
558965148
1855111153
1388847349
611474665
456741081
125854368
570473200
397740533
247035816
1157655732
838659846
1017902707
192069008
21231671
1351715623
43421418
178961438
365207133
81004666
390402906
67754889
151344882
1172723640
577380093
1908589940
930914022
1603570338
366300643
532604319
162490551
129231259
1602071144
125192424
1313001642
138248628
110609857
198684834
1081208652
817209996
2149795772
342976628
519972752
64496703
140915759
1581882769
181279765
424822773
183359956
1328237509
140490267
1055584854
634443498
597807308
1648599530
824603791
436274507
349462842
60163403
840293875
1508269370
2153694373
344929463
733894788
1719018558
364729133
993660912
302880756
2164038446
337084418
175280017
1043569800
744275509
493778121
25362464
405292793
250304022
1296547160
24106508
365827310
1018805882
875096784
1735661924
274280771
105309536
1390726304
853228807
124570233
1942663830
314770217
235086193
90518889
28676469
63561755
21426423
742143
2467791
59604061
37059248
107622543
185003191
33552086
514890297
274879556
14575708
57002648
12296312
100555628
107124407
227506488
78677709
334162338
27048645
19003100
22650398
16888571
86932902
236916916
1089955172
17816420
599329617
1092757885
234053893
48366585
34634370
481441656
518644221
294479075
36928413
1305596696
33655490
1058460818
240393970
22509548
1055685948
221793778
1071900114
19808819
402029058
86879754
244268646
1058520120
1065995022
1045853744
1071840474
1092979962
23976316
75367781
15281676
15356407
124224165
16256269
15394954
339852137
135931182
1051446626
234837632
1072008757
1048784496
7356562
1055730738
248850174
213634439
1089334250
16856731
222953824
85606078
19658173
19739126
20015903
225921757
154591966
114756202
48115928
233695891
239964567
224391627
234573331
551195347
1131917492
17539497
106465257
505100985
1137600571
71697330
41213511
1367531
759251
27086783
24234881
36681590
76350004
21829541
136337303
11348282
20531929
19611483
942156122
18891923
20192403
46131997
25169797
25159286
20600214
106791920
66369181
148845723
148878245
54885400
14692385
15909372
185340210
27114180
82998105
14669951
8775672
6577802
5357812
10168082
1060370282
15675138
23124635
19616327
292656663
22895484
15987296
991659607
16187637
45499651
525594335
1027156464
16072058
428333
25262494
31531388
271438569
22528309
109280446
22545491
248699486
68824441
251493492
15428227
66456008
9968192
156657320
524648889
15207668
7713202
26632935
577690047
228424398
