74482441
111680656
25556278
120204493
50133292
15598639
2535644011
2362911416
17061263
562086720
1580416830
2978291435
48079753
28720970
1137600571
1688975612
191436830
59551877
167485564
16511233
15922214
15675138
807095
1367531
428333
15827806
12704752
11134252
25517146
432766911
3108351
16424044
106816456
234573331
1917731
9300262
2467791
16211061
217416964
17539497
51241574
19559089
22811513
17781837
18527874
96857244
4170491
9164672
16123423
16353989
18642647
14617026
14589088
22220447
17976923
1209417007
19739126
7713202
15207668
190328374
2975091705
1060487274
234797704
2382685057
6577802
137407124
2914163523
2973870195
2863210809
78403308
