173825889
20931880
407013776
1459758564
14725538
587100576
2951574214
323437377
20068679
325076723
13557972
755113
1060487274
398088661
67194113
34721789
87493961
204469070
376499282
72870269
2724095695
2970279814
312134473
16228479
50010484
32312517
172858784
249339682
78445977
161791703
390800843
18810140
217543151
316389142
3119839162
216124443
23406730
634255790
289394430
340393525
449750521
61853389
44783853
19948202
20179628
404132211
1536791610
3279398308
32765534
29417304
3153271820
18228898
220922265
2351029693
355574901
462104132
163598915
64141011
41655668
1020058453
391560579
39155029
1658827555
1608278472
20747881
21662713
39527884
31132543
148453195
245616788
134572281
280299519
1483855976
2859531321
88824032
1603783771
976542720
2535206299
482593786
1216976942
333102754
114607567
340464771
86156505
237348797
17800215
2962891515
403415466
30354991
234826866
136550204
191469176
17340781
41509142
56864092
42692687
15829120
618359906
137499729
16753660
29277366
60189624
2916086925
110817093
16314506
14597239
2469665286
62607297
224079521
15586316
16068181
2200318477
4255361
25160944
356363869
21534951
42883683
8236572
1175221
17689928
48511236
14669471
408195377
747876121
31534918
158826094
17980322
7301572
13404292
159655293
22790881
247477715
41677142
1564728318
15947333
17265327
22485748
77147856
1291770157
613712440
40197535
1337667066
2347049341
2303751216
37667823
356572382
935368368
180032621
55896443
330633641
1055907624
2423747006
14007532
20783
44873497
21129105
202735333
7768402
69004966
14849562
492331993
103087786
535007138
14413466
30043495
21220931
86129724
106514937
114050808
16006592
25110374
16028241
57421571
63722568
2557507771
1886565596
19923144
18479513
45943164
2557521
409456907
104524102
2293131060
48802204
75052666
17451742
14615871
33998183
24752484
17912982
36966686
870556525
20775011
73181712
17629860
115749048
2359926157
2557216808
238197721
15007149
19397785
44988185
454294374
56799476
116362700
472587261
1064042478
176485973
117275136
1362212724
107787498
299242570
419116136
309516587
159113258
389759292
7563792
28576135
19667766
36681590
1880674038
5561412
15428227
19739126
1092979962
78022372
31801993
18344163
17161974
38477209
16789970
14466538
73238146
239974061
292505409
246478393
234374703
11348282
14199378
7152572
101802390
11866582
8953122
5988062
87818409
1877831
2214362220
21213276
11856032
76348185
20600214
15113565
17409240
31310158
787373558
91478624
106597684
19611483
16129106
54885400
10126672
242836537
906782533
66369181
9624742
113420831
1378477646
16116288
267323498
18487179
339264054
51241574
2467791
51152270
29442313
14345062
970207298
15918708
105154667
15922214
274581613
1330457336
1339835893
1093090866
325830217
595515713
761783018
20549630
18700864
119156651
720210428
31458706
2500211137
176892371
49698134
2434137782
2517988075
17551301
593091020
950783972
133779289
15808765
413260397
248791522
294264494
122174004
11651202
273614983
282082957
352449216
80612021
31128529
156333623
168502762
313537605
299798272
168673083
20998647
116559622
14342564
454313925
353689448
284276066
16669075
41351252
102766938
1074129612
18510860
87263467
36686040
13393052
14135426
1222257180
789244177
21312077
240812994
389840566
1155335864
16114647
467823431
381152398
2272531993
227707612
14062180
522282462
16051471
131497030
139847909
29255526
163570705
54208274
1209417007
594736235
1001267592
561562220
52800810
63169388
1514079528
1270823041
166270400
1617805224
17112878
31122582
246357149
6577642
17078632
15207668
38474732
52754791
432676344
1128781184
14870670
5695632
109025212
138770045
14532463
27151743
21140827
54244175
469523424
216448200
76138084
4207961
24905286
7004382
35773039
1064206014
9109712
18994444
21870081
20806365
235839823
495164318
1140648348
56792203
29450962
180822690
19112923
7402662
30021636
11856892
19186003
17837184
2836421
614441689
1917731
80628196
199384187
45626822
170618342
239905257
49204865
26083271
759251
432766911
18678924
28785486
191482519
24206659
303861808
15298971
158445401
552152780
555473643
14695985
253167239
370272487
153486399
279262822
64489845
413466731
498968683
149258183
411830076
564785285
199325935
50058950
39138461
111642912
314134156
111040313
87279977
36491229
300956109
347217519
804862142
716632760
266821997
19824430
275072126
24913074
879027780
412315188
15361570
556556365
245939475
112768990
50442843
15554922
21129234
15829572
46417726
234903540
87558494
128380028
16664681
15134240
70535360
6519522
15754281
100554896
47250024
15612015
27451865
51274015
723178368
108376246
133040306
288988012
28140707
256231932
59539099
325926760
413367131
113216380
488036055
483505809
427874579
196336841
219470583
88529074
103853848
565626467
221397171
530928331
573987848
723206732
163808474
545639436
287303486
632466954
596094458
21599664
433073480
212303847
364037705
580286228
706171039
251422011
143592621
449753444
206939072
552379513
475165364
609043957
173967229
223604865
135931182
707205308
164715263
71294756
35766100
707005772
161174708
7350652
437758665
49735985
28162514
49085235
430530726
333071944
22620030
45873880
37332302
50551561
493272310
27976399
124907164
29144349
192166752
40212561
29997206
307455597
252100478
91932490
27682104
11778632
120538744
323251024
41337381
250818782
408299763
18850953
173701985
475575860
365468093
334882700
129783921
547388815
35520133
93439605
373620696
29522364
330654776
349377486
126861929
368950511
15876961
129360811
149372358
29781209
285267807
268177117
324328817
199155913
339253496
192380303
16194080
289636128
40864169
383675719
324518177
430276236
35648595
326495307
276155242
236054764
131121205
240497795
262910911
32022439
381133308
49304190
554600733
22282922
160626105
628760912
20110434
249410485
29807123
273174220
218360025
67513653
85983397
557923841
22047504
418697136
299248977
193834698
278689376
270413400
130183062
84976932
261447654
462520441
628559456
596661660
702454376
248941055
453079238
414679949
239461883
22921691
410225317
413438450
130248700
474907618
273903076
158784506
22826835
138074964
47857697
373064621
248079724
3983511
111074974
96846955
59869729
20109439
39312371
428333
13491312
111635980
239964567
15647676
44426926
15458694
142419647
14075928
8775672
34482360
96922874
82453460
208692908
560436130
20437286
44615672
366186904
28337697
153149305
31138479
80637304
103910941
70837868
1652541
15723290
14293310
28238988
123334719
15829553
21454322
384572333
234014087
109937844
75098975
407473142
33537967
10228272
54989734
214620546
17141268
127407311
16012783
16259172
28201686
16529278
16145763
193732179
23605505
15828760
14727898
27500043
217885815
134826651
46429908
21128914
57485483
56824486
169353327
46127300
15822326
107828155
23802012
509045764
56828100
21308157
85606078
239949176
49757093
188000721
5741722
18881645
48743089
14434063
43963249
174704588
193455913
25000307
14269771
60919240
30313925
247114704
22674239
14511951
9300262
162981789
294108342
27901418
18622869
115979444
20601606
14192680
21228708
233783568
17093617
807095
24903350
31504542
263936580
15147042
112549655
12272322
50325797
14529929
18909534
16072058
31127446
18172905
16157855
27882000
20182089
28120277
188019606
22012091
15764644
15829511
89509937
13590162
21910252
56906372
