2994408389
3107892536
48075643
375662595
3319057739
2969971876
33933023
69014255
209753041
264466941
978814999
361974796
571202103
262480548
44709467
2893288855
1060487274
109600211
2353802857
288429372
1696686092
17061263
13832182
148491506
257502677
34600102
22555887
1705480106
21520952
506692540
120269569
2953974395
2953713339
2852998461
19403156
256217177
24422540
35381590
292406415
262998402
22226319
619711821
451558144
1713557226
523970634
1904297346
65244599
26645047
2536266735
23107358
360216345
139913805
63228522
101538688
275200757
215530385
222358592
267527589
612715407
96773798
55002154
2563373923
26777550
105513105
478041917
16247892
29737661
321091935
1707446658
1694579148
15287435
1944702906
172380227
991542697
25548961
2245783604
2231856585
40323557
80768809
1037916564
50695085
113382970
335696816
324948095
360584078
606702354
16393816
65160976
790242607
453539122
370441844
347376193
158129535
2695623734
1071421699
217395723
1065995022
1434385801
43274920
921759169
209607522
297112640
39492456
2452293739
33068969
264983399
64903518
21839351
60220453
116559622
34959665
1155212191
20280088
254082173
55244542
240385577
2341518484
2325747211
238354469
2615751750
1169292122
242337559
307591183
309267226
87323123
2510906472
441239736
299641839
189244145
2168875890
718119900
22170482
122275087
40553282
331439403
21619519
84882453
472403607
2163569284
1020388734
27786531
590168938
495146126
59839275
2230558129
37045721
41392859
21146843
42905190
34408916
26603141
16788919
37936794
24708917
36229547
30927280
58937142
74486139
57870761
43009668
352157145
313570774
70284586
265975971
298267344
80410711
125511875
281738762
289496555
605693860
490088898
25127070
44454874
460560646
62900756
14804295
24976018
87532928
308594898
44556574
11234562
316691756
18647752
26662826
332421207
440492681
325580736
558788557
15518969
2441171797
1393091766
1576050709
234429827
193314181
2471425806
21138076
1947369182
16256818
68686662
273612978
40811806
239912791
1926499988
1072008757
62893960
334948388
318858428
599299450
26301834
16690762
19705697
22776999
831498655
169615708
44746849
17157601
1861285627
15823826
16139601
207117749
1905205968
131298406
88036942
26194429
130168220
871042346
1216978656
556218583
1071402577
1096059529
1089334250
550401754
377534571
26424123
23976316
18166778
24773493
600463589
237944147
555474658
264219447
240376522
76452765
211420609
530949330
51260633
140166392
27631430
17835794
315538140
170850661
83937522
147711302
128675987
408746274
286451294
27044466
15836048
28598978
1631159347
109161575
63689362
20710809
1726081518
426038182
2407749319
17969251
23238365
1934761807
317980134
212798735
1635801428
337347737
16275168
2437489284
1131388178
1203216823
494158654
45911061
214346644
33270588
106139364
546299263
96788746
33998893
484433523
82658452
588553517
9896872
81010133
37568697
14888639
589417617
2216712865
64448274
21951144
1109937078
388027829
567603384
50773213
104947556
21297118
178027341
2265043291
14787922
37567939
1099662630
724482272
236057111
20776505
22461858
1447682112
236534665
25767155
1584482490
1040173699
416582526
50110560
522303651
281349292
520942830
500184805
2338456578
237020862
1400838512
2302683798
291910225
18679352
215367520
1708029536
190699396
33086768
16120598
2332384178
578313469
577750657
2375430464
23804544
547130162
702929676
263219194
1897640227
43604215
1937827986
2291602766
232184996
959621497
25710436
444352900
41959364
122497293
20436059
21537444
633192795
17679931
787658851
12039612
361923482
260324578
1154128566
244319446
19840179
235699521
485925975
99828178
1459730486
253602764
35871906
551176076
1855287722
942145172
72739368
279210639
2300867798
62330632
1966099478
1537242762
289465155
2317766706
72852389
232374985
79919821
72724056
37580286
407988949
274808900
50887683
26352539
359152020
279618959
14477800
14859204
361352810
39650903
632412944
481713584
883602595
29221183
522658677
19613222
21805134
72831557
1241637750
512585628
209783893
78025043
1566174380
1315056342
2256763266
400257985
106279514
44387650
244162778
36263785
271575969
125743268
33293029
515759984
41416939
218238085
599782884
2186176345
612108801
28532804
77790766
1576165734
22780055
44419190
1276025060
1865787278
1932033410
105273841
1498881140
602019478
505486324
90696619
500704345
18889946
1917068738
373938820
237750442
272107056
39369668
109117440
46180114
98456018
834176744
1111697246
582008693
825475436
227961944
231201642
900264067
500166934
2239355990
84662546
358370926
37208888
858749119
2230850647
64834207
1676771366
2230149090
469579074
19275845
397334290
31957181
30571625
138609858
592797724
2209453590
19194542
28795472
1131958213
1487846678
919700712
257582789
235174534
394167391
83289314
520028096
128875824
143574483
29393496
285757463
96049490
162590090
94165275
23137147
43026595
1964924412
579504714
19119436
160390593
112047805
21215884
630314332
347445494
237769868
1594536188
554643023
722837106
93288759
501483293
431015889
495348993
52428236
19349447
429621794
329933688
246980177
48125626
223959958
15158588
322227579
930305582
83995376
242911998
225085416
87604591
161753922
242779133
210445975
24701200
309258494
239590766
470310707
426211194
888673850
537515521
423975631
274797173
298212180
1247761058
22596468
108437407
493488653
431094532
161546779
115991556
199129158
296627679
1061045696
206948652
35645294
275247248
432771620
38319647
1112266340
294338666
991273086
815778116
860696766
286985619
262499113
371036781
44039505
26596727
983631800
303338437
481706939
468062652
1063330526
240282772
366005483
225440529
61686189
221573098
258510913
281583252
539712948
21331023
531359674
251787620
1726943869
1023023856
101110658
516617666
39173900
360944550
64719216
827247865
1576037042
24907493
23399487
24114083
155771119
344229455
1284860713
262191172
1655519689
54701895
412003154
1367426065
1395547447
15145073
207530559
720941132
411811432
29301265
99562675
469924459
538304165
184823757
539676438
372564611
36364191
19171206
18497441
874893222
274303984
359378059
305099896
1679254898
557155734
116015793
300294588
378826272
239420734
1120237604
19489860
101021913
569504330
20782546
570544509
79933371
500941835
27720205
791536639
266870413
82033951
122445125
1330468129
1107369344
1020058453
387936237
1367206346
65517265
606645426
18026764
401547604
535880716
15351784
38441030
18982840
18943752
26811248
202270507
20957191
36469850
55045856
386765698
25726636
65204749
1262438881
237858893
420482047
365573230
17905597
267438626
44354602
862371930
336342214
62520337
1373787554
194744637
571547324
19367447
22703339
18147014
19518542
285902442
32259242
103997196
21918673
43912890
43376877
1604366701
188381168
41622556
14333925
1075048231
269992801
34009294
39551130
205886080
395385402
43970862
1310607152
50029813
1583552442
459764007
54574249
1072382221
43920155
17480232
255566171
554023341
1554133560
123648760
629069308
53888379
326392246
629577022
64502143
1511473142
1176615978
212262370
18767699
9862752
366043880
22509548
1448883031
9252212
30012029
67121235
36857086
73208745
36669114
15640215
173865180
22654469
59478576
17288548
16157855
14335880
47739450
69773058
110445334
27311044
24196684
16170253
129997410
133872807
14511951
15458694
59676104
232235048
20508720
15008600
14412533
14345062
97474887
136300373
16930125
14669951
247723476
18172905
50325797
21800063
11384102
4119741
184136149
18622869
19417492
15923226
26133429
12272322
16698389
39279393
23232204
15210410
14268812
46176168
266830495
119784192
26946495
1917731
16081831
22109355
77032777
410216127
18683964
160561302
140286364
48115928
991496851
33222598
218982732
121795745
13067732
28652194
46557945
15918708
15922214
18772897
15463671
93069110
236026761
112526560
19107878
21252618
16125224
242944499
326255267
39155029
479856992
64485600
18451200
207660339
1077121945
1060984272
122174004
1090002997
339852137
199325935
18696134
1009269193
404132211
787373558
292935209
252249233
18773159
963480595
17198100
1077446982
1060370282
1058345042
11651202
975200486
281540744
1262814457
1260172386
1092979962
1083448909
1072467470
1072453910
1071900114
1068470480
1061385474
1058717720
1058256326
1055685948
1027156464
995193054
935033864
295685416
245451804
242772524
233696188
20545793
88806753
522248994
45982458
30123279
325148769
302368531
522246220
166554853
18818272
18694460
116877154
563064408
536451184
35210888
533252514
83614025
31090132
26804614
196590220
71536472
180505807
586671909
226356190
279112080
17806725
100114214
154564817
1053417260
121940103
15704971
53196604
30864583
33600887
342743384
16129106
36681590
23211796
10126672
15113565
25159286
17409240
16565260
31310158
54885400
19611483
204298743
33893221
316853912
8775672
52759788
148124576
108980711
23169856
472084040
193823350
17068400
43752307
48471287
17884446
256113470
14587949
385659402
35026217
82453460
17546958
342677019
185925797
20111061
272069800
551195347
23339522
16186743
21010214
31048444
993153006
20454896
1564371
58113278
14385676
355199671
86129724
1131917492
54943732
17539497
5392522
1209417007
23272358
28471924
1069124515
19914859
123862119
92437145
26324609
417389752
28388501
38833974
125841630
250330908
92072830
529921563
183191321
28328776
135932797
344289058
18912452
152873019
158652911
148041415
554040037
121465568
234014087
363124757
182211345
1322558402
222554863
312008217
33828713
224034288
382786428
156852399
235119199
220421714
92162698
85606078
102496990
224455122
435507133
1084761643
935368364
1137600571
384122969
43905147
952273080
154667432
153489863
320306556
230027206
1046506104
31540671
16032925
135931182
1013461
57111976
10228272
18646108
51228911
16031927
15428227
109280446
20552026
19553409
21220931
17074440
14246001
15210284
39308549
51241574
15745368
20713061
19616327
125445568
242926427
48117116
10840862
17896154
12788332
240393970
314335929
402029058
76966145
23951197
968650362
16244449
106816456
15675138
19929362
12726012
27973524
5558312
237348797
161743731
23124635
221793778
278145569
16187637
14529929
235271965
5561412
24183358
2467791
428333
55677432
1367531
18791763
9508922
18566912
15116570
21269970
78431501
15281676
298608719
39569753
27728711
91493488
18098616
154129921
346860388
15582644
19417658
61225743
236479311
234022257
18916432
42786799
273992516
17131180
19351310
3108351
16664681
807095
9300262
25354366
137887099
236960387
37007274
155642785
168502762
161411080
260845829
162069635
92186819
82649553
28582749
19918558
23600262
236899846
14984637
85396297
107545479
237763317
18056015
234797704
19891734
40277246
242426145
249219716
229894829
153486399
23103488
42924141
16424044
78369108
20192403
75367781
234573331
29766367
239964567
35829796
41445718
242376736
235312723
19407835
233761277
244268646
252819323
213634439
237814920
242761889
36654245
245408102
248699486
37920978
211901075
19139963
114607567
233949261
248850174
240760644
18811140
237862972
235251868
218349372
52503751
18030431
234937222
16102244
77250424
110545675
19926675
237299871
217543151
241207373
193794406
237403203
117777832
20088666
198526130
15751083
18217624
239871673
22545491
219429281
252819642
70756980
190328374
233842454
237781383
18967498
22055226
18805303
235289157
20015903
8542882
236916916
16056306
32506723
249339682
22527499
246769138
18277655
234128524
22831059
23970171
26778110
20053279
24735461
84620376
15394954
15985455
17544524
15856366
19658173
238321369
16830830
74198348
242873057
27676828
234053893
124224165
16256269
34340464
14275291
235258843
7713202
15600527
237312687
236541422
33977070
229197216
20796447
17513304
211530910
235190657
18317325
235719973
240363117
17800215
236487888
101966401
21495841
21926137
52393883
14344823
30005269
19151741
15160884
113445218
233601235
30045475
23203023
65221273
122212010
15075753
18249962
172833512
240839950
234822928
26051676
234812598
225921757
18190205
21612122
9532402
21674448
52107860
114756202
127908221
20245484
161852458
65931246
34537273
15837791
20183589
180898332
15356407
203126604
104570561
48566603
233643186
26794715
240427862
209792690
233737858
137407124
224294785
222286905
234837632
21425125
22528309
23712174
234469322
39559795
26155798
37461389
124458035
221447516
40415434
17120599
234057152
29063765
17976923
201079432
15207668
6577802
18891923
19739126
