410216127
2312829909
122207745
65493023
18726942
44992488
263758909
213795411
33750798
50055701
15745368
76348185
113047940
18906561
36771809
3045436195
43172500
26065419
80136311
498308303
2944271678
25968192
3016071993
270434371
485335520
334170839
46771770
110548922
163995093
16187637
2201547072
75367781
233842454
2970462034
15675138
34047021
158397501
26777550
1908143071
546170830
21010253
144986277
237862972
1080844782
19739126
234053893
16930125
240760644
136402916
22129280
210684204
26596727
110545675
65453528
17599655
224391627
125212215
991821667
17976923
148491506
310424310
51228911
136550204
3044993235
10168082
34274380
15600527
41445718
7039122
561383919
234906311
234812598
1055730738
240363117
22508473
2964351843
24773493
22831059
34927577
1092248911
14282169
234837632
118245138
475294870
318531893
1117578102
37920978
34310801
15923226
147197929
198935531
1712989190
3018910586
348118097
555473643
47751068
1019836922
1134774528
18891902
922151
90500533
15916534
15416505
22677427
281749187
618640170
15513604
1259393028
3029259341
88806753
361342191
322603418
2966570782
2975350155
2964877294
176207343
448077090
16337521
18862150
2784691773
961216363
20192403
29371108
965642208
2560562624
1129517197
2764865619
21368060
251024167
16906530
138609858
23848444
23104072
16031927
156703580
2361116670
22771961
58926235
17112878
1436326315
1563839348
120591762
100240468
326523634
93288759
2964949642
246341769
20216828
15874918
234014087
1177437224
1140648348
1072008757
2433737761
2976598347
2382685057
2964222544
2853309155
2963445730
2975091705
2966758114
196168350
50769180
22047070
346246528
71451426
44673415
55004670
396822161
1405337395
2482022082
2933760046
516005848
2914163523
2973870195
287024128
2861616083
2962891515
47798449
2750127259
2966765501
2730150631
2696643955
16814500
2964287128
2964526557
834069080
2932617195
2966205003
2962868158
2953974395
2863006655
2852998461
2869746172
2914571740
2930635215
124822885
813286
14159148
30313925
38004235
17544524
9300262
5391612
11581992
15464178
15765507
16206610
16250019
16929297
17901366
18227742
18227788
18230119
18318705
18892649
19083786
19315043
19723714
20000651
20489968
21252334
21253183
22171954
22486433
22878194
23977670
24032654
24293800
28594986
36472625
36681788
39177968
40627372
43433252
53768318
61279094
64494793
66390836
75400450
87095873
87703618
89993094
103045891
104715826
106809468
107176857
108383461
109487296
112780051
122070019
128335122
132553027
148346008
153629556
153842806
165613154
176543548
176955654
196427567
202662023
208874445
216756408
219854353
234030792
235205687
237043816
309998670
313599565
300321137
272153763
271493917
349644332
344120967
343497683
339293370
339237540
435053614
431082245
408575706
376227384
374013083
372900641
370472062
438760724
438594832
524366432
518142739
480164770
472395876
619267839
580490006
557265650
832541750
746577806
729881678
707475104
630880279
927882919
874832113
872068502
868766144
853699051
932666785
987376424
989533076
990135078
995617712
996026190
1009493154
1012318740
1135437438
1152802896
1281090530
1331052600
1431694170
1516990220
1546612232
1584648193
1601553546
1671557996
1705637593
1717369922
1851462062
1870455308
1872669312
1952870420
2155087627
2195044442
2229033877
2231969726
2325933512
2329796636
2357287176
2359166708
2385878100
2398298838
2434542894
2440907612
2508020796
2510828376
2514591456
2545033550
2614371506
2699156293
2784650084
2804457990
2838393948
2839567273
2850678500
2876329992
2907287903
2916008996
17037258
17662984
18149094
19783164
20195003
22812156
25848616
53797174
56812053
74507560
82687038
119571280
124291781
155459874
178094600
233527250
246086966
256506725
260966112
264887512
299471579
450989210
522011522
532531124
534736787
554548645
1059025441
1058597778
623420799
551137415
1287107688
1753431001
1915684813
2342357558
2376663805
2377900363
2952326377
2957761772
2959809908
2959878726
2970130363
2884771
34713362
15012486
372575989
2467791
14293310
16129920
12133382
51241574
20402945
25053299
7744592
3108351
28785486
4970411
6017542
14511951
5392522
742143
91478624
14075928
807095
759251
18665800
1652541
5988062
5402612
15922214
2865560724
1917731
18227578
150813428
17951850
61122731
87943060
249368015
260856441
254362857
2679963583
2217181338
227577445
30329288
19417492
234128524
103744733
266133081
67544036
135931182
237466046
211420609
2953922782
2400780715
438452016
213693333
114009456
10207502
403053199
2835904734
2978291435
18916432
1367531
2335964312
23022687
16366471
428333
86177206
92943533
119003138
50313443
1647782178
18528834
19611483
2359926157
50406326
66369181
119048111
335996055
16129106
10126672
14730894
633688190
50034138
21213276
8775672
68839395
21186125
117821354
97509804
27114180
731364674
54885400
20174686
41174195
1288743061
1906282568
2373801459
1368601634
106597684
121626258
14529929
138822568
9713862
103927659
2863210809
2856787757
65416867
31183882
2962923040
158470209
1071402577
291756142
600463589
1068481578
244243985
78403308
15324851
171598736
191477653
1061029050
60828944
172858784
115733549
486694111
29201047
73303753
216503958
83932732
19726613
18695134
247334603
46557945
5693842
398088661
18216752
14845376
16119129
242836537
1242040290
104324860
114896223
2964174789
19394188
701821488
172470598
352534407
82657929
233696188
277124730
233737858
807253855
628709039
29442313
1428441589
225921757
382791093
262756641
24905240
555474658
5558312
109287731
264219447
1074518754
21157904
296361085
234370900
293131808
109071031
221162525
212262370
211588974
132278386
15442036
21269970
47975734
73238146
16789970
216881337
217543151
1074480192
9855382
14344823
229966028
259942122
19778458
849487951
15365623
972596221
234463710
240921277
969140376
2600233807
275245793
1687388539
2447314826
35055934
88210877
41918680
38209519
20815049
69658524
394740530
809410596
515822213
110795894
130874355
102457779
594573425
32887168
37660733
117517882
111409722
746107070
475344917
2149817030
252888386
20571292
11954772
19265537
32826744
27987151
123164627
19188212
104959693
17750927
15428457
47465940
27961889
12568062
21793891
202229557
21316568
111721601
55043152
71307822
19797489
1055907624
232992031
432676344
31611298
314205957
310310133
28423263
125445568
153919023
309267226
18909919
300560155
19677673
85396297
33563161
199325935
33576489
1071102246
384913290
56864092
377534571
163570705
2596517640
242426145
109025212
15954997
46764631
258961053
155724750
29450962
833676013
24932046
24020586
18979288
15773898
613725908
15022633
75606439
47412499
31801993
248495200
584012853
20088666
301172999
117777832
1089859058
18030431
10102032
912608010
244268646
24183358
84620376
26424123
33655490
36654245
18811140
240393970
234937222
114607567
14904437
2914515430
37007274
20053279
20467163
2847221717
1045853744
25086658
15116570
15751083
26778110
1092757885
2962994194
19139963
15428227
18773159
26051676
115111016
237403203
156333623
373600871
291553031
237348797
40277246
287413569
950783972
40302336
76132891
78431501
242376736
158398519
13491312
78369108
2862577383
242761889
1058345042
222286905
17800215
18967498
2965083477
41634520
1835006756
42822396
524457560
240014188
18247062
1376252790
1898509585
640893
343012467
68149768
395010447
352211941
2957533234
2296723068
15463671
2316003960
2962813893
49187334
20281013
130945778
326255267
18963809
252819642
103384284
1058807868
237312687
80473658
1077446982
1059290437
1048784496
237763317
62854715
963480595
1058460818
1069165872
935033864
459378423
19407295
950328072
67730063
30267926
221793778
150763476
17290551
17546776
183406000
805736719
191988919
1491421368
2964696587
2253968388
1917818402
2310382682
1138688364
154252277
1209417007
1444015610
234469322
1137600571
248699486
2377947048
27676828
2929491549
142409387
2953713339
79034037
48459553
21426423
11651202
29249778
77301563
15638912
1635877813
870731426
318609255
16473577
92383771
29537629
29569622
36708793
15895482
69365437
26860237
21243049
45212473
15679505
17139587
21244518
16249481
15984542
1071900114
22055226
22707076
22053712
7713202
15207668
