262691862
3386007280
533271731
2677737546
2320987201
1305596696
17905102
143645568
461792635
1128372518
159655293
21884000
25552354
135520102
41138223
249743596
32175389
26051412
17907987
3331718391
3348290284
1365963103
29799341
41139304
220736649
30116368
73171266
318516625
20610026
3232895977
296823582
27339417
912608010
629748246
33254205
69421956
3318961103
3219372900
1070005202
232400153
45128645
77032777
114756202
938118476
2966205003
26777550
1493511283
23562007
238217513
3202110509
3154232600
79574434
53118819
39126573
103053196
74626521
317980134
345158526
1173685621
27866299
2161447400
2788888368
7848802
2751908314
19568680
16542678
3018722283
16331088
2930426320
138809881
269579030
19554094
747441085
249940883
3254862928
22170482
2847277390
170835633
272003700
1007068856
2988519393
65700195
2535215670
2360012670
15931387
31462230
502318390
21952592
595005695
2387334972
25355724
165586474
519795737
2955596087
17944853
142674789
594846966
1872523242
143148526
2938950340
15848518
3008423178
47420856
851721686
3099465851
16347551
201079432
176844070
1852253605
398088661
116341480
108710418
2267796877
7439692
2876507957
2564805271
509260788
148491506
861763958
17764748
20828409
411926615
616535125
65691824
96300991
34793128
3026547345
21129294
42900685
2484598129
1344792788
1551779821
731364698
44945327
308676115
13210422
1854971202
25091723
174280473
314616452
417454960
27730385
90651198
198935531
19044396
739390656
536900855
171733309
106838858
22199141
397284869
1912408141
320993669
22385872
1613575663
106816456
237862972
152145921
19563355
18956212
234906311
157439372
26308816
44295213
834069080
14700648
245574003
51405063
70902633
270113780
15572044
2964174789
160889265
24962256
229592356
60388900
38104248
16394643
179971182
105600695
23615171
66559182
2330390149
24995679
19651222
332007313
609492679
593927983
22195441
510665427
26418075
2591773616
63532984
937061330
18444878
552873124
239596041
2759524418
60442176
454064874
2400731125
24291261
4207961
15463671
14268812
28181835
31442900
22777734
22450947
68698065
36144233
563349005
633756695
1430931523
22529427
250912539
1861871130
176554322
509582589
596190000
547059377
287774609
26659703
19929998
334176766
108496256
15382667
347530873
67081724
59456207
21212087
31907372
123984333
357101380
130274805
1050485125
334356990
191589342
2528948940
96156332
160534735
17965183
126369849
1426031191
50128726
18247062
187272177
2699239290
185272205
65784373
621195061
61233571
47720230
1071507092
160992708
21667851
220081296
488679352
374237792
15533624
21734298
29814453
249254770
163503442
1932103513
37277422
256138066
613347184
18648044
462328625
92338086
588327936
133393383
43926004
318428831
288331916
17161921
42692687
85849661
130945778
86129724
760229545
540122045
121135509
2542043522
330506764
59856467
70476832
128080286
20617476
2396589024
1378552177
875447076
14365078
531406092
252663106
1202886606
350896357
552932114
771958898
20447793
596610887
213285575
506033683
1098948649
276666751
193904358
194680290
38319762
1430698638
1266998276
44661401
2166851918
28049266
402345576
41104760
336568036
18463498
46394000
426917520
46176168
107441863
385890189
2414654700
612051496
39253147
1516887397
1589076242
111482997
342130924
39279393
279888618
976948843
192022295
24133242
2253968388
546071548
19543529
234841876
595387853
635598909
2215811564
424502226
39078886
358275454
1398244478
619420793
172832752
116141817
2263902887
27951213
39653808
552451396
126527150
800884878
89005882
44682276
2292885534
26679011
249463375
25762326
15741036
34466175
100286203
219350591
160702967
955973754
130664309
585708797
1209417007
1594044822
186646579
41402405
172414996
213368745
1911315536
117502350
199793570
19959167
318395067
44888362
48125246
163589845
28178127
40267540
1068925776
266133081
76394863
745799070
14261617
1845006570
125122481
9484732
633856202
385247309
47404357
95721490
119784462
31460725
25924156
35032062
118582243
11053212
34402366
105262046
1911110618
1969094828
28413757
91005434
227627755
599442073
462338626
389034983
12738892
244268646
388297236
25298289
176546077
42772641
171521188
36253907
68868088
836121038
67073091
124249585
1837286822
263312508
109614008
114887629
78523300
1145916500
13023332
1702550923
293482180
76987599
80721189
117093671
265483421
114050808
33310366
261918703
5695632
22536159
456806128
19910570
17133872
60210572
7039122
239843089
16815644
21261661
15987296
1069124515
39510422
27647532
63802700
45845303
278698733
78384596
176573604
77059536
43386303
323368841
52044150
155695003
1493193462
257013516
29442589
17564591
22286602
21829541
21237820
1905298878
1327675195
245412130
1888548918
394705493
76133715
543585998
110004599
21426423
15700997
14989516
253176251
227790723
1554855750
24852012
27689907
740281477
316781372
33977070
26736476
1155087751
20627995
39155029
70708097
217550862
305877009
34459513
108410915
33489438
248021971
128659076
3335531
16261513
22760252
252763592
1469996449
22663306
594231225
19502995
21027715
104299137
153181367
19735124
56443153
23783609
22172442
168763548
226205527
129912382
41118868
909100909
25378305
300566557
1020058453
877072494
26812093
160539615
44174176
107904103
15932085
16613128
229966028
16097702
18295206
474082849
326208966
369694342
41590595
512646194
1110475561
20388775
18556934
49229199
627556564
47624055
18535614
17928609
50750586
22236737
1345592382
369723291
266402066
316375309
200542610
929804149
281285283
84384102
347612606
17198100
34935679
360080772
276838299
615521962
422083952
89115450
34022952
26287708
51284800
30045475
258844515
1322558402
418036191
43180237
44356651
172488047
31442497
366106907
18132032
84660476
22839066
15932001
41272328
17399419
1074101017
28652194
17858039
15754281
43919633
15999388
743992982
76732834
312818868
264922952
260419014
18740261
1316427062
560791689
49620730
38235383
32738210
17998172
24709803
1071900114
98010220
88784440
109440495
75983974
142813236
19914257
255347566
3137331
15764657
295731821
14870670
170374076
531657801
530937081
909214778
296413522
1176994477
128335404
121795745
47498801
34713362
73198063
18805644
771571165
203356583
1072022695
261023298
248850174
1089334250
17087824
964757688
14357495
1380786452
997684836
138479037
28913695
14665246
22067340
78699094
245649240
40745276
68137707
226278681
27457482
17105161
1349662075
44403490
18333859
44409004
10774652
17601174
98471035
25101996
16311797
28785486
237763317
52503751
16012783
28628850
36452050
16261445
214049965
16437512
24762783
63593786
109975247
188848758
15756167
640893
5751952
486557687
944988812
18146481
103022986
18994290
205789752
1290252936
111745713
174377718
119214821
13919942
95301468
344201516
14562874
586076955
115186195
370828662
86936187
18197328
309769888
88851192
44401911
12577632
24875531
28662271
36448813
126848457
727242919
27684750
29766367
1137600571
1230604358
24165974
351860222
50736755
37559877
424749105
27140592
38043892
24302888
75146619
285754242
500704345
36764306
586531013
1137931675
1267055670
35616518
13721242
367845362
15923226
733751245
26339982
40453727
148376661
593799285
90405702
196168350
1180379185
201389881
1074480192
216881337
18403114
278145569
31442061
17052328
43433031
39814938
49153854
19187765
90634314
295685416
16371887
40116885
41634520
18646108
529523950
388468632
408195377
747876121
183898020
21768766
95506425
237477771
18978553
18697188
15731751
26792275
55244226
78693573
19125732
614542142
111689606
265321890
45147274
1060487274
26596727
50073507
18172905
15724082
46927338
26424123
44935627
34310801
120129682
299790272
26083271
36232215
49204865
322603418
20109439
27901418
17112878
24797315
120236782
47694175
22771961
22675685
23817772
191613738
11611052
22055109
46681100
21010214
22517990
110445334
171154131
169207084
169203819
223970563
480142001
122207745
7690942
129879105
162563093
14173315
52070270
173999134
342072272
20776497
47438401
92079350
76985995
18084865
189129306
15481070
266830495
118756393
1155212191
1072008757
518644221
16413730
47620747
12337072
4787841
19035963
35027698
469194846
123655810
37764422
76438819
199721359
357013583
56202097
24466578
114859756
23970102
11856892
22055226
233842454
198526130
396130707
57428429
15751083
17971812
34340464
234822928
14738157
467742173
178385980
227788702
55568331
19658173
15207668
207590195
206265372
210660407
22850059
18955317
8930132
22081845
963480595
950328072
1059585464
259055593
257644271
138524673
234930119
191470011
424688880
637157362
790024634
24293140
102168331
76041764
46486797
202270507
173802939
314335929
384624349
46195607
32010840
166990746
24559540
50769180
28050376
30043495
15513604
15600527
26778110
15210410
17779838
19021008
234022257
17074440
64756401
41241739
19463943
23970171
18494833
15290597
759251
74479578
905083242
257041027
65502117
20957191
234573331
16725702
286374991
18910031
807095
1058345042
239964567
68730426
14511951
16424044
74805708
60705604
1048784496
1045853744
19425538
14404805
8753672
8695932
234534756
79626446
137407124
68986943
110545675
234469322
16081831
224294785
132204008
299883942
248699486
76350004
219429281
15856366
24773493
85606078
18566912
237781383
234128524
21220931
69086398
15745368
74198348
252819642
17976923
20053279
237312687
23951197
41269920
115402745
21048033
13673392
14956372
19926983
11606802
20094138
330718614
41019773
21434408
18029328
7998482
19739126
79743108
69773058
184136149
21674448
22509548
17800215
18678924
426802833
63864872
418991627
14662354
28811251
21316253
35218566
47415772
326255267
33222598
14412533
18767699
2467791
28195764
137466464
25562002
20786801
15689503
15918708
5988062
9252212
20073874
18097821
11856032
15210284
50325797
13850422
24374384
60680268
16588111
19405166
58875860
36676406
976969338
11651202
343041182
1058460818
966442267
993153006
1058807868
21526388
21619519
157759017
1051446626
576863961
15675138
21407914
163995093
154985728
46705305
498259188
930546132
13524182
248820306
23524010
15727422
221103976
16874915
16459325
15159913
30643291
25665859
18906561
36421578
14774486
69315767
104504563
18229117
136300373
18891923
41580524
15428227
65106660
23492011
19268706
1917731
7713202
9300262
15922214
18791763
61220477
27676828
14246001
44767773
20608910
14335435
19553409
9532402
5561412
15976697
14669951
183885977
5496932
185329204
66602794
257031639
1367531
74820061
108416848
73402979
234029543
74791999
3108351
14063426
27311044
16187637
25928457
54647745
49625381
18916432
39308549
74575288
29255194
15399512
136550204
10168082
234609056
8942262
136250134
3135241
22528309
190328374
18166778
16256269
21612122
6577802
218027755
237860778
61608485
52524887
237348797
15637387
18902926
16894445
21782956
14587949
57366257
40467299
282219422
18083344
225965483
156603458
166235477
22109355
103097708
177706730
9508922
17601086
61555301
11604782
40027862
14730894
127941167
254612046
27744185
44209472
49855286
16698389
18816340
206445421
22703645
250784170
4923811
231175831
54917351
211902218
125243610
110696122
26029012
334245076
15901113
58379000
16031927
17078632
15116570
382195321
116836560
17546958
14345062
191477653
114738738
16032925
93876666
90077282
18983793
27758452
108617810
16045956
59827454
237403203
280777047
19541375
43409523
7684882
116113127
14844867
385521710
18089641
470498020
130600206
14920785
20776147
7702542
26548841
421420125
18488356
18216752
65477401
503048071
254189974
531524384
531525569
292131326
44612148
18723501
112047805
16475031
103087786
19186003
473543328
15416505
501740159
481437062
16689216
123738314
148852822
518841067
24439201
122226401
524347651
309274068
56401482
368948092
467640977
21269970
100114214
23022687
22044641
279319647
47991586
27939337
12670512
274596432
147649517
12889162
21787198
270479701
21157904
104598468
23798694
175136633
106514318
72936647
14717197
233985354
18653221
126075549
18753325
217543151
15927167
182640312
113758100
22915667
19385204
18163042
16366471
18822612
213634439
17622723
15552221
770118690
201802474
21301913
826542104
96055783
152354819
64607956
156975310
249868753
30609908
404150620
12926172
20748745
82033951
19114646
17047366
175809536
14335880
254117355
395419988
281796440
487297085
343358379
366304362
214767677
28267055
313719282
23013996
557794383
15075753
20801445
20786667
17093617
48459553
15518969
294902433
72389498
16050011
5336752
563032236
16247719
1759181
17611447
324230103
1652541
28614262
240393970
20015903
12272322
308800630
7402662
51241574
15080288
19417492
20957491
509726800
274164368
219010139
235217558
234812598
975200486
240385577
18217624
18811140
234797704
21639845
266012753
497094511
233949261
65493023
56366631
