77032777
19216998
10774652
152033117
546097247
236480864
18956073
47201290
11348282
398088661
2361224263
15471040
2399106745
18566912
74198348
24735461
23976316
34340464
15856366
2196360306
66705952
254373781
221793778
40267760
2953494478
2861616083
331275639
3305610617
1449057637
17563655
1045853744
836120630
3221357514
602997805
76793189
291866101
2914190837
2953922782
1759181
23839068
76471706
975200486
225921757
228474571
19417492
46002396
1110013633
188147059
2975091705
2862577383
1110149762
1260860846
39747508
86177206
2933760046
2560169238
523812319
2491576046
1490722435
2451464413
17161241
28439523
19036725
18245387
3032459452
2964949642
1138688364
110545675
22509548
428333
44794344
85670397
1444015610
1209417007
1051446626
807095
2914163523
2467791
5392522
15922214
5741722
1917731
9300262
35773039
1060370282
2174844176
15210284
17976923
16056306
242926427
33977070
47975734
18247062
17232613
26816747
18990265
76452765
838738278
105187267
1219022647
69084023
1395445933
121795745
106445472
15600527
1909484036
277620109
101868477
334923045
51885607
40847671
17904829
249288197
456930447
16187637
15987296
122567777
145368851
34288465
94168075
306393287
2929491549
17147393
237312687
161743731
26424123
295685416
205392468
241249145
22161528
278254133
193428454
29975548
90651198
43166813
733751245
260071267
51241574
1652541
21241131
19739126
2962813893
314205957
46176168
50325797
2966205003
2963445730
14325078
322598014
28565276
529663026
42746303
15675138
18166778
10168082
8824902
19926675
16713771
700077252
425189805
20562924
26509427
15339223
19683725
17505840
70677953
68303744
45445747
482419349
25916881
27978630
15615783
236336591
16656350
15933690
10878852
15694286
191216971
201579242
88750092
15679641
1131917492
15207668
1137600571
16031927
1074480192
23970102
110445334
16827173
1367531
41634520
18916432
216881337
23022687
237348797
22055226
377534571
