259329306
92303842
14554106
14457121
1444015610
1138688364
1908143071
2744880320
17214358
54985176
15945375
1073931132
415614585
44435248
42686013
515934206
139738137
14993204
22192337
454219638
1603871840
1618338055
317957940
2832789245
40955475
173881166
45854335
861859598
1048162608
755952919
2480168982
436096851
15302642
30006718
266593162
403428578
2962868158
7429102
172858784
78445977
161791703
436094382
585261292
147680222
512284683
366726489
15812461
14855740
436095756
22956502
2214736424
2976606250
2953713339
2964526557
2930635215
2976598347
2929491549
2963445730
2953922782
2966758114
834069080
2966205003
2966765501
2962813893
2750127259
2962994194
2964222544
2914515430
2869746172
2914571740
2696643955
2932617195
2951574214
2962891515
314205957
2965083477
2964877294
2975091705
2964287128
2914163523
2973870195
2853309155
2862577383
47798449
2974648323
2852998461
2953974395
2964949642
2861616083
41896641
28177507
2734477446
104484966
2953494478
1469987856
449850814
3056802046
1360368216
163463665
912302742
634171171
34011331
59257669
135931182
378142265
2565870553
42663011
462308632
1249982359
2933760046
2163459276
937723303
296113308
50425937
156714051
366421074
150762703
919832839
20785755
575671888
557798551
59878900
21287753
18689979
433578908
26130336
28571852
51233146
135450080
127923033
495147431
87217488
292972175
15949994
62902733
64729812
26845764
21678365
101621104
821730770
524431994
450047350
26007752
214820511
32563011
71658321
519842409
18090660
958025551
15635684
15998113
18451940
62900163
27089761
59987813
52465109
15448684
87497428
78886418
21313053
86956733
107095976
169441046
27651155
34417310
20864376
528700446
85848032
82263827
21808732
235092241
703483513
24296023
313148514
336111914
16534226
116534525
456204134
21128206
1155212191
138473180
17195458
128962104
133420829
791997378
234906311
246968855
314335929
235217558
309267226
402719755
402029058
550401754
584012853
613725908
976969338
975200486
1058460818
1051446626
1048784496
1045853744
993153006
1058807868
935033864
963480595
966442267
1060370282
1058345042
960962340
1072008757
1069124515
11651202
1089334250
1074101017
1058256326
1060487274
1074412920
968650362
18773159
1072382221
950328072
1071900114
1058051748
551195347
851621377
1131917492
1128514404
1065995022
47843228
33908529
7228682
16187637
156408784
361312682
20776147
960696949
20597918
299883942
16031927
7402662
5741722
78408666
17959210
18924570
56747571
18592146
19349317
20733972
245934498
21672310
62144994
58468390
32509422
456339833
26820795
20957191
18650309
146569971
21878458
14225263
18083272
55560612
22019324
16420152
14475050
16436188
45925003
34401965
143839613
185353308
186172269
51099026
59473051
255307243
300948318
277109244
288490608
290318661
76665660
326302149
325132539
534362156
376788500
497406386
464261753
16484374
47401438
19664134
26820275
364564017
15731751
18915145
17074098
22155110
432955294
40297689
17416707
20179628
8756502
31310158
90971376
68982016
16532413
54853067
36071818
237418907
122416920
15009049
100530267
143896190
15439190
26533227
114388293
120653125
43101302
299798272
301549400
136389258
31445556
10228272
5357812
16193222
18639734
17033995
224798518
23980485
18678924
28162128
85634177
14738157
104198706
78598891
120176950
98704676
55003292
22610917
5561412
21619519
9300262
1917731
2467791
807095
1652541
3108351
1367531
39308549
27311044
428333
9855382
11855772
21269970
16371887
20608910
11650762
114607567
15210284
18983793
5988062
14345062
15116570
51241574
14662354
16334857
14412533
18805644
15513604
21010214
15754281
56413858
7039122
59486472
15922214
27048645
73975180
14246001
14529929
102777642
1910771
13058232
12925072
15416505
19912734
20053279
51228911
57675435
34713362
69620713
1178011
76649729
73303753
19726613
9508922
14845376
21157904
229592356
19394188
202206694
13218102
92428465
18235216
41748700
21671311
14857413
15145138
16128601
19151000
23948496
23764675
17136814
16255892
20796447
23124635
20467163
6577802
15281676
20015903
35829796
15394954
16256269
27676828
21660348
29766367
14904437
15985455
19658173
25086658
21329888
19739126
18916432
23121519
20088666
18811140
24773493
22527499
37920978
233695891
23951197
18805303
16102244
23976316
74198348
154591966
239964567
109280446
36654245
17513304
16056306
20020575
22831059
32010840
19926675
37007274
17800215
18166778
18967498
14275291
24183358
236899846
18030431
26424123
10102032
19069733
19929362
8542882
5558312
15856366
249288197
48117116
75367781
12788332
15751083
55235265
155642785
55677432
12726012
23103488
52503751
18632666
26778110
84620376
19139963
50152441
209792690
20209807
54412900
20192403
40318829
18277655
282093902
17896154
240393970
33655490
295685416
254082173
18170310
134926562
40783570
15837791
15160884
26051676
17544524
41445718
5496932
15356407
239561508
22528309
22509548
114756202
18217624
23970171
15600527
119899270
248699486
32506723
278145569
28176898
60984835
217543151
7713202
91179070
15428227
33977070
34340464
18317325
190328374
23712174
15247163
229197216
219429281
225921757
224391627
213634439
234022257
211420609
234057152
233949261
236541422
18566912
76452765
193794406
78369108
76350004
70756980
24735461
124224165
137407124
221447516
239871673
237299871
234812598
233693291
235190657
234822928
233761277
235719973
224294785
237781383
237814920
238321369
236487888
235312723
198526130
218349372
20879626
237763317
222286905
242926427
211530910
246341769
235258843
240385577
235251868
240376522
244268646
236916916
221793778
237862972
237403203
234573331
249339682
22055226
240760644
77250424
236479311
235271965
249219716
237944147
234937222
242761889
252819642
237348797
248850174
234797704
245408102
237750442
240363117
242873057
211901075
240427862
246769138
242376736
241207373
161743731
252819323
250710495
281540744
234128524
22545491
110545675
37094727
233842454
236960387
234469322
237312687
234053893
117777832
76966145
16424044
15661604
78431501
42924141
18216752
22508473
10840862
143211836
14344823
18891923
15207668
17976923
234060918
127520388
201079432
