623570857
2811732881
1195622185
14486416
3133729560
1306630717
597541684
1074508939
26608065
18166111
59267119
18445455
1041999367
172555630
578694831
487039119
71107667
162432238
16810496
51360968
20271572
1371268219
25561264
34210203
158031215
3229034658
39646060
182686385
2521872698
404341609
216516510
71645133
726799219
3197847113
1068499286
1190612851
62465691
22313347
375220026
23704181
125862659
3234758589
2575657740
2285951676
24771043
19925191
473142971
3239090767
450008775
50310311
17006036
17827531
3278728759
18060588
2610739830
474595206
15446551
477485439
30008126
38060487
610158888
67498893
15099539
187108150
14515799
82294516
2989094728
93684892
474152582
236026761
112526560
56164159
79743108
890365454
25337319
65745549
252199449
273013255
1433863975
3161469722
18963809
562185539
2932915430
1695314275
272028877
25140154
746393005
491053804
206406593
50328442
3151957045
508127809
438512354
21271252
15186725
17755895
858282074
380389268
2935930684
15646731
138770045
161791703
265705962
3070178473
462143773
448201718
338678038
474974313
31164229
2528237528
157570094
1123005986
1489077540
1309550406
15837659
15330406
2355324846
34715823
18481113
2211489373
497594068
34287054
40156330
1466099298
14824849
7228682
115485051
16228479
16686144
17004139
59145948
41814169
59157393
1963312058
111416652
17006157
178441979
17050431
249217178
66476410
2787256213
342870003
23227396
68928118
186457433
189180763
14995883
36378198
135248376
21777740
15367570
133419394
76984842
313117902
53827195
19738806
111689606
49105997
322699008
17103332
579520438
388993520
1684212174
14159148
9624742
15647676
66369181
15646174
15567780
14333957
917233862
228982184
26058234
1119471194
1281894235
18735212
112047805
28708146
15670644
4119741
352372793
16157855
21307076
15931637
14270650
50073507
191477653
20957491
250784170
84439535
23403105
160561302
19195094
188857501
18825339
29816986
17491002
46443441
16952753
301628954
993972252
126358232
16399871
403098444
50099768
2848759659
262948660
17623512
330579721
45828171
16285830
316375309
19320313
13056952
14222589
150932564
169990711
33953634
19657766
75357824
21145256
191225092
55005867
46191949
15840979
361537184
38315904
30039891
9864822
91623589
16246715
16188892
16228272
16129615
488736183
66726492
111639684
201906207
206849105
1096278696
242764239
18871191
253736109
168673083
1447003896
17497601
16650765
34740834
26777550
339326574
23007263
23101859
38477209
14466538
108416848
20098119
274581613
460247031
2800890681
19345264
284730969
65197866
30329599
18501487
19259832
25726478
14804358
84735545
84466525
16744869
100264423
53194355
370950300
3252790347
89549779
384027690
2788088344
16326882
34393890
133103276
3102171805
47739450
18512336
118572179
155658192
2303751216
16017475
20281013
16439573
374469938
355838648
125399012
15251796
17047685
107540831
34875946
544000640
199237755
2453455927
21435703
528067685
72614152
24386224
16606678
44000905
573520568
130288992
51310042
16657500
176640950
42918364
23491225
3307394543
135309957
369845090
503759934
182426536
21968949
15471123
102909532
191975272
109631779
67144075
130560609
33823157
1961378258
1004846887
19983868
113753234
35874573
14529929
22815663
21130667
41146746
27186085
3246348458
63822923
106135104
1510827866
22728467
39816133
160694715
37345029
1223535655
37311028
18013285
23999194
18247062
90309830
124572260
3158079175
73413771
110195330
272019676
245954283
121328820
296971297
32733098
20091703
2321445091
1630896181
488838893
19109461
56681659
89799990
80324386
817825694
16615190
68478350
46968377
26077191
389038362
994017068
19394188
2962657774
29201047
20545793
6112442
581141508
1531521632
23232204
12654802
212025177
224248300
308233424
54352672
20217019
59676104
12272322
15991717
63004503
136300373
24439201
34032011
20174326
2865451866
41190190
40331047
18772897
57166503
16332904
21768283
49827406
2868353169
403826954
17510987
3952661
39799109
403626014
44195418
125723145
41488991
14677751
16555985
14552725
106291885
19107878
93069110
138479037
294270520
20552377
161827718
20433493
16125224
114887629
15919316
2239790779
23713318
20074963
22205619
22590280
1954677757
14769239
52616719
238705311
19562368
210219423
28379556
7429102
153475306
455232295
1963262869
172858784
28642247
74588583
18061792
24980670
16244449
135575282
20002475
280670233
18125710
2873131493
409536938
1729936105
2770804376
318613127
407013776
16002494
15463671
222622640
16898412
3074260111
2938606214
935594107
254117355
25225877
2250579284
133945128
9633802
21619519
21027715
373490841
21344880
60644137
184136149
22891564
182819523
31127446
2753006448
48388417
92079350
21612122
33222598
296349654
11771512
326255267
93876666
2863006655
388743840
39325158
119944892
17236836
15212187
474464413
63762028
14787747
274731123
14862639
250492272
25955635
15400464
407156211
581360783
2494724053
60990675
87914827
20226248
858880136
387900968
25360324
3065745588
2579009659
504962601
75106447
1687367893
444374745
29369551
466777434
25640802
2358550790
17655062
551256979
21632252
3000033777
41461880
2231875231
2182611914
587711896
1357920133
47774452
596734648
621487665
594297187
1873356978
330503606
19942929
848065747
2323304930
2335677686
2975068374
2293653240
1372581830
1161299887
1198244186
26930792
545945369
1947721651
16955991
17134268
22727828
2935086121
30973
5988062
8839632
15012486
156105511
61915131
47454323
14173315
37690253
42762200
32660861
101609539
2097571
14700316
1178700896
22852915
5402612
62317181
19667512
243872645
485916227
613414398
4970411
108985543
32190652
190119981
2395269998
113645461
250912539
18036907
940820732
65271985
16129106
10126672
27697775
22162854
19738046
26946495
54885400
117031630
3290070855
130255512
1058917562
17068830
1128781184
1077121945
461576749
1250667348
114889732
475294870
27055034
53176629
10069612
14240875
14766917
849270470
5695632
14688489
16854822
2484632473
21163227
14589511
149180925
16250929
1536791610
14062180
21918310
731167584
33989747
2916086925
28181835
271962241
614542142
236485849
18678924
18482836
190360266
23848444
16853253
14661912
123327472
80644610
55896443
182503471
158426909
364423298
75052666
42389136
15689503
52419540
15954997
335332246
19673972
432676344
213383277
16162149
16462209
2913156678
94013297
1684251300
2724095695
237770636
2473057831
1281405877
138228381
2530477603
2695663285
36444537
18314285
166169148
339852137
24926288
1249620307
15380529
45570004
50452197
315331161
153486399
2216773626
116867062
240812994
1880674038
20179628
16291786
7113852
3057141860
364415553
2904201185
292990703
95227144
17563812
38515203
42144884
140978667
37788615
385081441
785905826
240760644
16981494
125453969
531881500
25355722
173505174
277598071
473145488
42660912
540373294
384913290
386730251
113298560
410216127
2312829909
22382915
57391774
31212216
52458470
144921326
23835272
1106501
3044993235
1370567137
59031230
18257519
19608273
77032777
111141045
66173442
352056439
23600262
20180321
1677544014
787869362
2410032619
38473069
222267759
213834064
560472630
247486443
41445718
1596759650
499923364
18363255
160720376
134975165
30476431
16036843
84499050
44992399
44439772
188830363
42948595
126299991
281593711
518598818
531561605
73273614
136000161
22489176
170641465
377010453
275313643
175299730
59331128
22696550
19608297
381152398
2964949642
14275291
2853309155
799072310
288751432
306487042
24757092
2753365999
108617810
118245138
30043495
135931182
2302481323
243337600
1101626341
46176168
467823431
14268812
26548315
104299137
60919240
17112878
14434063
89820928
27901418
263879706
3064579965
22669526
942156122
20818801
297042983
16221481
15442036
92544900
601203723
3018670151
18767699
16032925
16815644
13850422
267854863
350612110
2177444369
16056306
12354832
14870670
3027286779
47438401
189230885
67469565
224320485
39155029
42891240
259935326
210926192
15361570
8953122
78683259
15923226
247798806
60610799
18563796
18594789
17837341
17187236
204991039
10025982
18999261
2333914710
9721292
21252618
109025212
137794015
130945778
11856032
5336752
21696279
18172905
86129724
24431892
30912937
85131054
16160352
214206926
44660449
21220931
185349940
16261445
15918708
1392282998
282735852
205392468
17074440
11856892
20608910
21406834
14345062
29442313
970207298
939091
29450962
19847765
21316253
115564212
52124896
15164565
35773039
18137749
239581574
82649553
18510860
14717197
13491312
14246001
50325797
21268897
13524182
2518686229
1072453910
15210284
16664681
69181624
3108351
14677919
28785486
759251
63169388
20747881
17426380
374105257
60357657
16000856
185767478
1578051320
41153855
1051127714
22771961
102503750
14695985
394741838
126946608
116539435
15808765
432799563
2178638689
342806058
20552026
321797990
463132556
1330457336
1604366701
1093090866
19418893
2970462034
38254095
7334402
31128529
31122582
63262233
234014087
1074518754
239905257
28599820
1140648348
239949176
14135426
1206227149
787373558
28097432
1243902714
18802261
248735463
80612021
24195214
48802204
69193833
475286355
21862217
15441965
409456907
18587457
45671898
54208274
49698134
136550204
1226217144
205864193
107820427
459817178
88010389
21797658
2836421
372300596
15754281
15955429
320440760
199784543
254106507
59851124
5392522
39298589
25398286
24983393
24938348
13115682
15446773
17490662
35231076
19278537
456845561
138049496
518082918
16898332
14471411
17929529
218292287
33304904
25765426
113120733
22992995
15426911
227373977
23621827
284296658
32465053
15727317
14676022
62639813
70469623
18143413
16086815
1055907624
122174004
44177383
120181732
115979444
221792092
164369297
18920073
26813456
1373441167
33563161
193787810
36948268
40284401
16930125
25382962
111635980
33530012
140519774
25401359
55355654
33884545
37988104
22952132
40924038
36554048
124490608
9532402
35785401
15922214
426041590
121540651
15458694
41416662
5741722
113420831
16563576
72198806
293131808
247334603
17494010
1090002997
20002401
188019606
22012091
242836537
2970279814
60828944
19318314
16583468
1061385474
1037321378
1092979962
479872233
950783972
2962868158
776664410
1089859058
1055730738
1071102246
34972633
193732179
245451804
2968451607
1222257180
161411080
248495200
2964351843
2962681881
2537324750
2975350155
1134292500
1064206014
1262814457
26637348
1074129612
1260172386
1135486501
1058520120
231510077
24913074
24745957
88806753
85396297
22523087
158520264
18909919
432771620
108376246
148453195
58928690
91153898
15228276
68831926
23555025
227418209
20508720
599454226
436873679
18695134
73238146
4265721
16789970
246088673
1100877248
133832049
385702678
36087400
369602017
91180720
4207961
129679132
2347049341
319689712
33919343
18622869
15446531
15770165
1080844782
72659003
23480020
378848483
58543537
74294786
17090066
97503010
46557945
17878960
15675138
287893095
56440142
30793240
2996124276
49217025
22677427
16006592
14197213
9862752
307826868
16413730
227139868
163486896
33653195
42980426
301749167
152142811
49330926
86240588
49733381
271128404
211218767
16129920
23501907
121817564
18532867
16104258
21924525
9300262
142849883
262800581
19186003
2176138431
26659619
277302829
305946514
64321755
312134473
59900070
15764644
398088661
45744578
16187637
359169330
21688902
14412533
1653246264
14511951
45399148
385590085
159179198
19629840
78138151
595515713
41533245
236279233
2548638937
41538183
28602948
1375790016
16316895
18572035
98780528
325830217
43963249
14377605
15956067
25535595
188984590
14226882
1613223313
9589252
240479719
1623730970
128922607
15727697
196824385
110213431
80654397
228183985
6751172
20464117
14526877
15919256
96695061
47632905
1022694126
142721190
68783970
217911687
21346365
351065668
16302354
51520631
161319475
19257853
25294855
377949581
492588128
64083835
150135224
286234486
240334048
1917731
75305090
184562575
47626551
21972628
2364590839
369553654
40128794
51241574
30313925
807095
14980820
14897840
15295015
428333
813286
2467791
