36664451
39796295
1270498933
248495200
3091316093
218975278
58908090
70709534
42930296
25297750
35853141
2279759473
17596069
18101696
352058324
111635045
2910413547
148812309
46999373
55589925
87934022
18686675
494263580
14410652
17601042
15109378
14597239
158826094
17289717
474464413
42692687
227790723
195840597
106738320
60403024
430235090
19805321
118245138
111415533
65763420
61762853
21946625
239824566
186045787
348689226
52818466
24010471
111700487
186894262
16683301
20087888
253604734
16636428
14614380
92068229
56766412
21421134
261242130
39762255
148041415
3290070855
15742985
14226882
33530012
133872807
15110357
14075928
579747564
17119688
46955476
24196684
129997410
197158701
809352228
78694788
281839866
2359926157
18939358
76406045
1536791610
1101750086
44462693
506033683
1140684337
1979191927
167026161
145440908
202952121
17819480
18217304
20173468
23607447
24178623
28406070
48561846
60922227
105558828
171204643
178078194
225163993
277821730
335567840
619577994
851706655
862561741
1093416458
1099479379
3068017443
3094630473
36681590
179209314
1712989190
24926288
383733061
151129795
47577367
17325090
22587869
33960482
24797315
16271167
35474809
7228682
16686144
382275399
25562002
13850422
18767699
19740592
14245378
14620003
1429516662
22934648
55369810
16451932
106498703
14216123
2382685057
90614279
109257354
46417885
114782468
32995184
167232112
62589248
976735243
231839771
743131488
976532210
231108302
231078190
21784788
38734579
226257979
35802171
35840334
326388657
575398878
222144134
257029559
423546453
481533332
424231697
976513639
1454829865
976512746
187972951
221768911
254660752
293101518
309844773
259287056
976502527
231118175
231136551
257522479
242742137
172341716
226610802
126647211
188897793
142399105
222564691
234872414
138115434
253698733
1025077550
976711044
637088536
252565323
224777375
253697236
231137457
976549099
567508925
976709875
976707642
334237096
231108733
3044993235
246512031
47991586
21251668
21702539
21878635
108686283
21696279
7848802
37820042
11435642
17002185
14834340
24773177
12245632
63004503
17044233
7380872
14270650
14858000
47694175
102238997
21234528
59130623
48038024
259830697
30289879
358756843
87818409
16343974
19706851
156651229
18424289
1630896181
23818581
8936082
29465136
21023681
22408312
169612620
75898792
64744352
24703826
532570281
20295222
398088661
243337600
2361224263
23828118
109071031
15752446
15824288
2479139960
34388463
132278386
787373558
16456004
16699451
364415553
242426145
18456335
39540699
1155261757
334393738
937723303
242892689
1055907624
153486399
1068481578
14984637
142490217
28049266
18825339
19195094
128645212
145477864
2927758254
130600206
250912539
1080509366
1092979962
1908143071
1061292174
1262814457
516880804
1055685948
1037321378
479872233
30216513
1128514404
245451804
942156122
303861808
22012091
82649553
188019606
156333623
38254095
204401430
54441907
160726477
21547139
64448571
34978859
28635386
70424767
131538331
455764741
15537855
234493276
31447311
27225542
573149116
92183278
95740980
142896252
77920769
15458181
195419597
27681019
17423992
48075643
110004599
179546580
31464192
165204211
39279393
28628850
158426909
275451635
33310366
20707966
56561449
248837329
19805496
41402405
2332354080
186646579
281610530
112283476
342130924
272395158
488679352
220081296
172414996
22055109
316580588
171154131
169203819
16364399
48029066
18587457
52714526
33222598
54208274
48043084
66386087
17033353
19079396
21225519
25589776
20109973
25300308
17036898
16664681
939091
15007149
1615463502
19674502
21982720
14511951
69181624
79827261
25321854
16379018
52070270
607289206
7744592
22650211
18812572
58550415
17134268
21111896
15383116
277165873
297532865
91386979
49620730
210862000
163995093
24464743
120202126
1025521
197519095
14849562
228790621
7597712
21301933
223987266
1015358557
21027715
16072058
19354391
15664289
35027698
115745371
28913831
87498687
21901272
151444950
138479037
28113052
15463486
122735017
257549999
28181835
16898332
20474813
52419540
11856032
15458694
37945547
15661604
14904437
20776147
40553282
19784906
157981564
34240147
38630618
17965523
19113435
95048311
17243582
24382468
130238301
290061912
47814419
22947474
19338715
26688378
15462819
18267548
21114659
17469492
357571779
175082335
21332200
60693203
87711816
54311364
151106990
22545453
272019676
45190383
34927577
21862217
49698134
409456907
48802204
75052666
21844854
184136149
19608273
18909534
92079350
19914257
59331128
18697888
11771512
222622640
2432952828
1098880903
28803787
2424630025
321181135
545214893
2651701375
318035682
14282169
308233424
59676104
147649517
123327472
14552725
237477771
12670512
234186830
126401831
106135104
266830495
7039122
31975854
69480815
21232507
275186860
25092574
23996721
282735852
267921808
131877198
56223278
299790272
126629610
1375289149
20109439
18638502
13783772
21918310
20245775
20067354
20522862
447410369
16329199
16378486
544517731
322603418
227837742
21426423
14066024
24431892
19734832
14096763
44134773
14275562
546135718
463765807
97370449
436925910
50446226
16244449
167518667
21634627
27511061
16006592
20281013
6480682
316389142
16303106
158414847
1330457336
813286
50393960
5402612
742143
1877831
35773039
15164565
18510860
15220768
15441965
50452197
463132556
15361570
20552026
1134292500
1072467470
227088228
84119348
33576489
63169388
108376246
27055034
16170253
15727317
15837659
45399148
18772897
16125224
112526560
77032777
39155029
21268897
9532402
474232856
21674448
14625398
16116288
60919240
26548315
16051471
49204865
46817943
80638910
22771961
550401754
39313927
950328072
34274380
78168550
140519774
370808273
135108504
36452050
14335880
69773058
71627462
17091571
15075999
17995040
727472528
15335534
3137331
116341480
21316253
130945778
93069110
21252618
13524182
20508720
15463671
12354832
15159913
43409523
18773159
138770045
162069635
132201224
950783972
404132211
1055730738
1058917562
1222257180
1045110018
292990703
236511574
267854863
161791703
249410485
199325935
80612021
239905257
210926192
18696134
74508260
31801993
22812434
168673083
24745957
39249305
48086014
148453195
161411080
29501253
133832049
239949176
193732179
267938462
24913074
88806753
385429543
158398519
16583468
249348006
111635527
168502762
1074129612
1083448909
1058051748
377534571
935368364
1155212191
104198706
7429102
172858784
78445977
237418907
242376736
2312829909
17340781
308573576
89297892
16193222
16007460
16068266
20378448
997684836
26835770
18029328
217550862
2531025746
21986885
6742412
14828860
86177206
518644221
44209472
293131808
238231699
1400542267
1017889500
2964351843
2962681881
2916086925
104224672
2978398659
2914571740
292594517
1135486501
432771620
1260172386
1060370282
1305596696
1072008757
1069124515
40302336
164007407
258900199
33563161
111635980
1051127714
20002401
381152398
22812754
7356562
131204770
164369297
388555493
343171266
109579534
467823431
240812994
248735463
263815367
163570705
292935209
234014087
2976598347
137794015
36948268
1072382221
28602948
612117635
1090002997
1322558402
20747881
1080844782
2964877294
2964949642
17487795
1129029661
21406834
2976606250
2975350155
2966570782
2962868158
2970462034
2968007206
2968451607
2970279814
13491312
16371006
13067732
432766911
2869746172
2696643955
402719755
40357641
15987296
26487169
727242919
976969338
912608010
960962340
51228911
2253968388
551243976
85489070
33600887
27027979
27086783
14692385
85365067
114785533
382791093
22139417
22650398
1138688364
27048645
1061029050
2953974395
25781141
2861616083
20113797
235373000
93761782
92186819
2975091705
2964287128
2973870195
2914163523
2966758114
2853309155
2852998461
2933760046
2962891515
2966205003
2964222544
834069080
2750127259
117839957
8128442
312134473
339852137
28599820
2966765501
224285242
2862577383
314205957
2914515430
2965083477
2929491549
970207298
2953922782
29442313
2930635215
2932617195
2964526557
2953713339
250188760
29201047
1071402577
476256944
20546536
2962813893
236479311
281540744
33655490
22033957
29452554
18927538
22915667
70468535
14465607
334053327
18001922
166990746
50434933
60680268
50152441
52503751
48459553
28614262
418991627
18956073
723901063
2953494478
1898509585
7518252
28337697
278691695
19407053
20562637
25053299
67358777
28140646
91478624
4898091
21323268
1245361106
19925191
79743108
6999982
18868201
136250134
16930489
18146481
18873711
18089606
16163639
7702542
20245031
15450996
34937872
232268199
17494010
247334603
115733549
43910797
76456274
244243985
486694111
242555999
249787913
212262370
600463589
291756142
216503958
234374703
193794406
84406725
31591773
12804422
41596136
8487622
17366486
142334996
18020081
12726012
17896154
15856366
52779839
20053279
135931182
10102032
19658173
758287453
37094727
14275291
20467163
20209807
19139963
19616327
114607567
234906311
20957491
402029058
1154714269
246322533
319342945
198736760
23853564
54646435
48179423
480578479
16377693
155666603
1133571
1327675195
15519990
486894694
457984599
38495835
26103389
73303753
339822881
13218102
231592153
299883942
1849261916
242772524
23124635
314335929
26778110
36654245
14730894
42658483
54211882
2963445730
995193054
89193992
76452765
584012853
968650362
237944147
235217558
237299871
240363117
242873057
234469322
75364211
21111098
78431501
37007274
150078976
278124059
171598736
262425225
221162525
14845376
15116570
254082173
240393970
1092757885
975200486
47341545
233842454
960696949
1382011333
613725908
241207373
117777832
15394954
15751083
161743731
24183358
19929362
37920978
24773493
90484508
50055701
18906561
22055226
88784440
202206694
76649729
538185166
18632666
555474658
240376522
235190657
246769138
84620376
235312723
234057152
26424123
235271965
249288197
198526130
249339682
60828944
18695134
15442036
109287731
78403308
2978291435
522548001
16081831
108985543
140286364
16930125
242944499
326255267
15901113
16073416
136550204
56440142
136300373
236026761
301014412
261023298
135575282
407013776
14007532
14842061
12859772
18816166
1542184387
19186003
21693060
584198802
15212187
16246688
115718513
87271106
249758564
16698389
15446531
17060020
14529929
14659350
258885469
18963809
82151660
167024520
14213413
33919343
14870670
142721190
104914594
15394528
71048726
70960305
2612307559
1077446982
1209417007
18083519
70698180
19371141
22545491
2303751216
1061385474
1071102246
384913290
733751245
209792690
333692333
329715663
16997497
32256522
15312292
825687307
475988505
21870081
47739450
593234552
35014834
272022357
240427862
248850174
22508473
993153006
296245061
213634439
1065995022
1117755500
1074518754
1137600571
620298978
1206227149
16457286
107104912
35725810
25380786
1444015610
309070309
24490706
86141342
112047805
129879105
246055470
14173315
1652541
237348797
11856892
26777550
1917731
176474136
507762718
1093090866
16129106
19611483
10126672
17409240
17831464
18528834
72631996
54885400
61853389
43920155
11348282
8775672
46131997
117821354
20437286
20179628
31310158
44873497
16613128
14615871
18481050
18058609
44615672
325830217
213795411
186045114
15845694
36124043
219429281
15137097
218960092
76348185
20867568
166252256
66369206
20713061
23999515
35847728
301549400
294728278
388468632
110541296
386092483
14717197
28195764
15587500
337742544
48125246
158007643
574801561
575712418
581277169
160946337
207660339
120176950
14857525
200542610
15745368
50769180
19926675
250710495
5558312
229592356
21157904
18915145
296361085
6017542
16097702
18678924
106514937
17346287
83932732
224391627
110974198
35002876
84129740
16157855
15931637
119909959
23970102
43919633
18983793
71294756
18097821
19107878
86129724
15224867
15689503
17910554
85131054
46681100
46002396
17061263
113127789
46176168
15764644
19268706
4119741
27901418
16129920
14434063
113758100
22517990
97503010
21612122
16424044
282093902
19417492
75367781
324095750
104237736
154591966
16261513
224320485
21619519
17291393
14688489
23080711
48677784
239964567
27311044
237862972
5988062
5392522
31127446
26792275
20608910
15731368
15918708
37764422
247723476
7152572
288308178
15647676
28576135
66369181
78408666
20094138
19658614
15210410
3135241
15210284
16032925
18172905
27744185
14345062
9252212
17074440
51241574
22703645
236960387
222286905
85606078
237814920
47975734
266133081
428333
15399512
50073507
108617810
16789970
39308549
759251
30043495
807095
15754281
3108351
233737858
15731751
18622869
20776497
16187637
14293310
34713362
28785486
14437914
15012486
12133382
18949452
20402945
114756202
6519522
26083271
371465104
14839147
25101996
5741722
21301913
10840862
21220931
16031927
110445334
259395895
18805644
158769098
21121491
9624742
73181712
9855382
354933574
22523087
18056015
18776942
14268812
188478027
11611052
44401911
97474887
18915795
254117355
16261445
112740986
20015903
35829796
44177383
90920913
218977780
561713274
203785835
1058345042
52596376
361342191
171228400
29766367
14587949
9300262
35865630
19774478
19410511
136337303
510611090
20545793
211901075
272542662
237403203
6577802
242761889
246341769
252819323
298095569
93876666
244268646
233761277
15513604
29216764
56413858
237763317
11246242
62902781
188857501
18317325
20192403
21044127
78369108
234837632
294909683
221793778
15162954
198614401
95463107
43555164
252144530
110742059
43387675
272464589
243747438
241726141
19407835
18811140
21261722
33321431
223236548
118756393
36680162
295685416
125806932
5336752
92889917
33977070
57768217
240385577
137407124
210235686
104299137
48828085
234794386
50001603
243951377
28626403
245994559
100516580
190328374
40294975
237912905
250305365
166235477
91615098
273530062
18646432
148326549
236864888
24105723
65146567
239561508
148771088
62754127
60984835
217543151
33801008
108416848
14588748
55355654
236541422
239871673
211420609
22341950
17907987
114050808
15923226
24924961
119899270
278145569
278175802
18277655
22527499
18566912
30864583
18686907
18217624
76350004
23970171
271494269
8953122
18967498
18323740
14246001
249325206
42924141
248699486
234573331
237781383
16056306
14184651
15600527
233949261
17800215
237750442
55677432
18030431
108083058
237770636
46557945
15281676
48117116
264576424
266135401
86364947
43955137
233693291
96779258
22831059
110545675
15428227
18730191
22509548
27676828
32010840
25086658
34340464
234022257
21327536
57845530
41189107
253758653
229197216
19576571
252819642
28176898
234797704
63796828
31042354
143828510
124224165
14344823
16815644
49697450
18480494
234812598
15075753
233601235
36588739
168485883
5496932
16413611
15029174
12788332
16796483
19739126
24735461
234128524
22528309
109280446
15207668
15837791
23951197
172548329
21572351
17546958
104615577
18166778
15356407
23976316
26596727
15160884
201079432
225921757
15212685
74198348
39259330
20733972
17513304
23712174
18805303
17824322
236916916
234822928
236899846
142332083
15182074
15649616
33750798
235251868
237312687
17544524
221447516
21269970
18216752
122207745
18646108
21010214
24199141
17976923
1367531
184551092
165767898
31443403
21243668
45212208
37822955
12814702
17506198
14800339
41445718
234937222
44248734
21343015
47632905
30005269
7713202
16827173
18916432
5561412
18891923
25371684
8839632
140678650
123738314
14412533
15416505
30313925
50325797
18791763
26533227
11650762
18061669
19726613
7270292
15727817
18170310
9508922
5357812
2467791
19394188
10168082
7402662
15675138
14669951
