3086975121
870165824
285198536
15273747
100250921
21316253
26837501
43409523
168531961
116835497
109034782
233484761
71627462
20378448
36529101
6724252
15742985
125375423
1050111
167518667
15446531
15075999
19084896
21252618
15923226
1367531
184860130
13067732
398088661
25692368
1428659995
29707786
15309804
5943622
216503958
199325935
193872188
27311044
147573656
14410652
14926939
19910847
138182116
18163893
114756202
1405337395
52589111
253167480
465624910
2546407742
2368253214
18635613
327625434
1155212191
518644221
34371118
88784440
1074480192
296361085
20245031
780283315
52763281
1134624638
21434408
111710378
137407124
26777550
52487389
968650362
402029058
1087628484
1065995022
1074101017
25127854
975200486
1045853744
25360971
271647733
272019676
14096763
7847192
47259873
110893482
1797991
29515247
16491569
20562637
35002876
223970563
112047805
213795411
208155240
68739089
22307765
727088844
190378121
56413858
960696949
135575282
237814920
139738464
257019844
393596432
404422077
110545675
234826866
26755480
42924141
211420609
38833974
21654052
234370900
14214070
22614637
347409141
17800215
236541422
364564017
18060355
234053893
190328374
16256269
10168082
14529929
14730894
42442665
7039122
16742053
29766367
64533011
10840862
18891923
15428227
20015903
21435658
73206697
234822928
42711801
32506723
88785489
268483661
128234266
14745781
164794035
40039740
293679159
186165478
135191275
399593566
69316135
399604738
36957386
41897162
389944636
465630101
23066771
33981209
14587949
12788332
240376522
76452765
22055226
402719755
246341769
237403203
36654245
15394954
16102244
229197216
51228911
281540744
14275291
249219716
222286905
15600527
18967498
235289157
239871673
240385577
74198348
252819642
240363117
234837632
19929362
18317325
224294785
18217624
19926675
124224165
19658173
22508473
236899846
201079432
240760644
250710495
333692333
40116885
164794545
422827850
148936255
28674163
238706098
20692197
225921757
234797704
18566912
15703576
23272358
246918753
248699486
309267226
34340464
237781383
234573331
142321780
9508922
19739126
209792690
6577802
40318829
37920978
22509548
239561508
217543151
237348797
213634439
226736573
305937327
21301933
233761277
242761889
218349372
237312687
52503751
26051676
20088666
211530910
282093902
18916432
18172905
54412900
246769138
252819323
19628798
41173276
40653668
19504063
19392245
15856366
237763317
16815644
233601235
20444463
16157855
22528309
15675138
30864583
234128524
234812598
17513304
212262370
21369185
23976316
17544524
15075753
17976923
27676828
28176898
23970171
15207668
7713202
