462143773
224507816
515846981
917302044
262682328
759251
3108351
15922214
1917731
581141508
24913074
267938462
231108733
43320365
249348006
30216513
58928690
2932617195
237750442
29501253
16583468
74508260
133832049
269579030
1155335864
193732179
20552026
463132556
789244177
1064206014
1410590874
33576489
208469691
17800215
22508473
37094727
155669457
1536791610
28599820
455585786
1964991720
22159841
140519774
237944147
3091316093
69281027
18967498
7402662
248495200
242836537
242555999
776664410
258900199
550401754
158398519
23593446
389840566
1080844782
126171100
31801993
23600262
148453195
292990703
36686040
42924141
294084341
2293131060
26778110
20872746
771416185
198532943
56595468
73417804
402096310
145248436
23595586
251892709
150334831
93673775
154885760
137429956
11178352
46218350
16264003
15918708
2996801
9300262
32007346
97300966
2488541
128624391
19185333
21419504
16558796
19665244
26513255
16814483
217222582
519629771
156030129
43794253
136337303
53076278
731524644
1154694362
186527724
78408666
63126241
16012783
605764038
39536151
1206644732
163570705
49033103
193747484
56864092
70771506
1339835893
109025212
56146059
9907172
1320793861
325830217
138492240
196299243
14377605
124455872
24707804
9624742
63169388
119467859
39187465
98554447
389482831
970207298
109676158
225123568
587774278
253193437
18030117
61916766
222953824
26820275
45832210
1055907624
129821831
468672445
18909919
16334139
891744636
28602948
85396297
138770045
111635980
14135426
39580052
17539497
7713202
394820281
91202763
109345484
36974424
59167322
23723333
188019606
103408534
787373558
30912937
31122582
31128529
19394188
16789970
160584497
57033362
394835326
36768094
27939908
59137509
151303879
36765616
171176773
15513778
394826748
910520430
36982641
285166977
151559657
126081100
160582593
199833197
807910268
43339757
158146110
15361570
18856407
15675138
22509548
15007149
130901013
16113639
14386730
26322920
19790496
18023868
155956261
160246973
271586770
77764733
54279581
75721882
124850387
442824717
61636488
390321854
39251094
36717141
337798064
346558644
1781551
133442154
17566505
23799884
84640336
23546469
44688574
31619231
13850422
11856892
5741722
47429474
15005770
95297779
21633609
164369297
384392601
24958792
232992031
242892689
18776942
2467791
428333
5392522
71294756
30043495
389028352
30313925
22012091
113420831
43963249
95431448
21406834
242426145
