13524182
19858494
4087871
46002396
28614262
375369751
36742588
21144206
746342341
194054865
26765107
266799330
312212483
2382840965
85345229
29697813
26336913
269795614
2592707600
540397107
1339360201
4207961
3108351
68542372
12503712
15901113
15893535
1084375028
500200629
11134252
1581086653
809352228
67882820
19075796
1291186843
14730894
2417616342
573916220
44209472
34274380
927272744
276476230
40224448
262709009
280230168
2173228424
17800215
9508922
233761277
246341769
18811140
1058807868
1071900114
47353139
1072382221
22831059
229197216
960962340
18166778
1883356866
240760644
16827173
366260656
31288732
21912899
586109523
17823790
309836495
426862142
5693842
29291829
18030672
278145569
15281676
5496932
153590460
18963692
78335892
5561412
16545263
224294785
29766367
28599659
18916432
15745368
17877451
432895323
81913073
2399875872
56461065
27031183
15772401
309351705
38737217
14586296
25138194
16696986
26073429
36744940
20748935
21346939
23609856
148442216
138074075
262717730
324140152
79456773
47775464
21672895
180053460
30711276
21916354
67010150
20441204
519740106
1920887318
865247156
78042370
16890008
14840162
242098934
14517693
168779216
104168799
262731048
17296853
262702852
262719073
112504845
29519507
374049514
17781837
16353989
16123423
16813752
15109904
15357193
17135243
21224346
23791088
24802436
45835245
52523101
80579453
82439453
100262798
183311908
174788610
436882032
1534163444
199303612
234370900
7228682
333692333
301549400
550401754
55329156
733751245
225921757
17976923
19739126
1092757885
975200486
88784440
216881337
1074480192
233842454
37920978
237418907
234057152
221793778
15356407
295685416
963480595
27676828
950328072
935033864
314335929
26778110
213634439
47975734
73303753
21157904
1058460818
1045853744
960696949
1060487274
6577802
234797704
190328374
32506723
137407124
36654245
78403308
538185166
234837632
234053893
249219716
16056306
24735461
48117116
15160884
16256269
211901075
17544524
235251868
40927496
114756202
586671909
1428441589
906782533
18683506
14693499
1587551701
12831882
29722241
17819471
247335604
37666984
14191383
184285619
22509548
7713202
15116570
78369108
234812598
5357812
249288197
148062893
26424123
41593115
15428227
237312687
19658173
18891923
8953122
18217624
15675138
109440495
1058345042
240385577
237348797
240393970
254082173
14845376
12788332
12804832
53952452
239964567
35829796
22528309
217543151
15207668
191075680
