148491506
263758909
18482836
906782533
59184319
20635633
115793917
794601193
916795728
3151995730
3004482550
15982828
975200486
236899846
2862577383
16547587
1329442951
19426551
31454160
2602115222
132969987
2912900602
228141947
2209529678
116580778
98784053
1944808692
2560145346
3032944538
2203281644
2223850405
240760644
3018032409
234053893
2927384962
2966351836
2257999682
150756927
17065503
1080853088
454947269
2447912858
54085094
77816236
2881514530
18209323
480406549
57950334
1321432124
514021557
2360883672
128645212
2762254275
14332618
19172486
2414582784
1539985951
891416564
435716322
33653195
68739089
361342191
163598915
191227452
126629610
257354839
106498703
14790314
21021891
20663500
36665547
389490831
26777437
57742381
105993267
137129421
17543584
22512883
1520572208
392279198
106514937
24439201
166141979
281754653
16560489
507731256
133052366
56561449
2332354080
24904117
20378448
18479513
614441689
25560065
58560108
27706099
180503626
9411482
42703075
191578026
44425860
174674708
85371138
22029071
11856442
32500691
89260600
2244018012
304985997
2568948429
1252608709
1449021848
25512685
1613015628
23483274
93953261
25078977
377459960
788276126
19366476
19426729
15020865
41656735
2329147795
730997798
66756535
590316679
8036392
17866834
11856342
39389304
164678721
791512836
57741304
20934936
2573193847
164107925
138117102
224857454
2375800524
15508395
1631159347
13832182
277296622
9534522
562995991
16369359
829442994
12245632
15670644
14882554
722139073
19400611
156975310
16261513
91671740
34681960
138182116
2259259550
275451635
506033683
2510906472
2205492750
24464743
2657143946
997684836
16893929
266830495
44660449
19576571
240014188
5943942
18772897
135575282
97474887
531627880
154985728
242418441
27055034
50073507
15827269
21800063
48144950
45399148
15837659
15463671
15727317
254910150
7152572
115710058
13783772
1476206948
213756772
14800270
21323268
15724503
116722832
45633838
117667774
372600070
419129884
93069110
19186003
87063281
52774637
24484939
17759597
28178127
47448886
18697888
407013776
13565472
950531
769641584
60763047
15677585
55394190
168674628
16125224
115745371
122735017
115564212
7381772
21240602
82116947
259395895
28181835
16787084
243337600
21215620
1968846060
58869089
21348368
257549999
123327472
56700964
32521584
120180668
61734492
22586564
126401831
156016878
148936255
455764741
1419113282
22772264
18981785
50004938
540122045
342130924
1876350554
130267387
60680268
15463486
19405365
1089418225
27067705
786007520
367937528
140111508
58527198
12926172
26350255
11856422
10791192
16379018
79827261
218984871
40972132
25053299
22587869
14606079
15163466
22685200
22411875
106837463
93495177
80379443
5942922
18058317
15008600
9855382
103316424
1120754216
71627462
166990746
45190383
180823028
253289408
95511687
32444327
105983339
19815776
586198217
372575989
78630078
22049388
172496284
399649186
14295131
594660298
91424397
335455570
356866129
2400305101
2402051000
79853059
125695974
12925072
169207084
15901113
39834947
22771961
20685982
129879105
42692687
301014412
488679352
2330590446
1920802998
2574759647
918367716
2635744133
15766189
346602140
316580588
470526194
288847590
237348797
171154131
25101996
18087749
2255182597
14849562
47954642
2396376498
344864408
18000662
83932732
628559456
183318041
14677751
14282169
1099294356
2385280045
75099085
19785811
718468320
963480595
935033864
108416848
108959334
16119129
88716195
319706074
426846449
852153156
204419458
189211228
451147000
435965703
36152922
126697180
63790450
1069054824
2565489512
1250088727
103802518
2564382901
378200911
342341885
1281244190
11127032
233689148
335239105
620510310
8559342
12684662
55329156
225228688
418983767
242541464
349157378
109376067
231503374
127904366
334772002
817866768
2635762567
18247062
26551204
87000190
227178658
266108632
476140183
309145241
50747264
65443499
210804142
30450467
22376014
208736091
63787812
1487846678
22076537
469194846
20686232
1169292122
1444853400
1444446630
73408582
36071818
14703188
22642788
69043173
15689503
93876666
39510422
191477653
418991627
344264079
28096105
14897840
164412502
92079350
18451200
20150502
16273831
15234546
21918310
1375289149
20109439
534494917
54902888
57635065
1109634451
1193577625
2598271201
848052457
807307987
484832036
492548363
227070376
1347071545
140872924
69285272
15764136
229139732
33792634
109968678
20707966
14885549
27105334
8841372
103897341
227682918
14434070
14515799
468703129
337928690
22704269
18638502
54979079
30249306
23996721
19740592
254136706
74130577
41814169
509674951
509570382
237871265
934646760
23095461
14204663
14855279
26015134
20109973
69181624
16537989
2097571
32359921
624413
16184358
621523
97503010
5391342
20522862
15399512
30948168
9245812
21213276
80628196
21312961
90614279
234493276
1148151074
27225542
24901614
354933574
297532865
114050808
127533645
317854991
59331128
74504563
142721190
44673415
110974198
35002876
26257166
21609818
8953122
16016427
51197470
16955991
87818409
161672098
910386163
1537386500
618363473
1231597382
329382428
28014188
1114768333
1548969144
427350001
362014767
1493154475
547629832
1673837304
1673839578
425106072
1947758892
1729487312
290193001
906031340
414741188
2153071746
399391988
23584650
171926859
135681361
126327430
1921323812
1283840292
2446998924
2556061909
199666073
1617758329
1582403617
15063278
740902975
1027500338
2613089919
2604688368
26412655
1713528416
90913890
69580644
2582677500
21793313
2534368263
2541669318
605747786
1336039938
89767892
289692064
1173629258
17049255
1355347454
125742109
448686082
20774089
2258889114
40043940
613043965
2306829482
82609597
761454218
491545043
14603688
39853121
2207177437
2459797057
2493441980
2434416664
2596542199
2254042338
24816848
277165873
25300308
168168256
1869635562
180874113
2303290603
221865670
242807997
200239420
1222997522
454272563
67358777
20562637
18949452
239619061
2398235293
2398581978
252191598
1561935050
2445384780
25857278
55755379
57626358
2218647366
124956920
417905674
2327306514
59219445
565802165
45431148
2345466928
1637342118
112802299
574516583
112527280
2385758150
58913898
1337965460
96139625
156742923
2638130182
19553409
91386979
15570213
110180749
173999134
12921252
283637284
149328456
16547249
326429245
15246077
108676611
366189980
227349768
16855655
16012783
144979634
245369438
186192522
415182587
196296745
532731006
11771512
26282046
104299137
24777896
1908270314
15844989
48777979
2178524131
1675907197
821987124
17881467
20682909
39623191
37942947
26155241
16785032
19075173
11856142
16815644
22799750
335075371
20733972
1183411567
992153226
11180212
104446737
59482886
374668040
28441470
210097701
17513576
14412844
265321890
21456186
73147282
432768808
35464458
587556922
43330797
398986154
253604734
861947114
747426367
413212127
961020918
280311051
499145272
2493269948
15483390
2388009762
7684882
18956073
245412130
19658614
1531265618
63796828
27027979
21313053
19926983
151106990
60984835
1548489476
234370900
56440142
310424310
40933275
14270650
57770539
34022952
61127668
29244617
16340501
21062652
2303751216
1072382221
612473
197496309
61220477
500704345
20609518
16439471
35773039
33919343
130945778
727088844
109280446
64402605
2472930968
23864564
2511343808
2482094665
1705051657
205697372
37719986
245423240
2284581758
437907262
355978903
491820178
1864846148
17139736
1712989190
422827850
606264689
1524865208
368992721
13058772
823320788
1424509772
17063785
1615404978
25227490
6519522
14287239
14282672
429340401
249974958
437066571
547161489
448306666
1131790872
41575457
992023806
44151236
987808458
36995826
24241537
262678932
2194361100
26766887
2458535432
537580264
516011776
18486746
304478534
17296996
1204880228
16491110
500869335
39761599
262243319
62846120
1876396844
1522735742
1952388331
389576968
31135001
337864638
14261617
38733200
113382970
119376050
302186452
356840743
2422795697
471180471
27660372
144716967
281650972
2525508054
2530145306
17046368
1065995022
2340796542
836052565
1160896993
15310418
2459903640
1883676648
144707834
362251799
1060564086
1499097392
1490838589
2369264365
21724393
473112056
73254932
1320561031
2154321700
845746171
7039122
1064206014
309267226
2421009246
234361966
102697302
1063225050
1630114064
360867945
1464831710
1951690471
2303570604
97739866
5514802
25516184
1543548559
1129448142
443944457
1038792500
2316292692
2327459970
473113166
2253968388
46724483
456921152
2264754072
17800215
222144134
2302392704
932421955
226340211
20294039
2340556867
113096553
291825047
250784170
86129724
118102853
218952383
431033784
19035910
7309052
22129280
92544900
637088536
221078346
1944859488
1444015610
258890018
21427452
41396985
170497527
403662481
1865586120
2262343956
27549555
6724252
234215418
18163893
501148382
80617430
2239372028
15281676
28176898
156703580
183109619
32896052
52900684
551195347
1846271804
254239181
232936583
1092890270
1702616490
296944834
69393419
228747444
49140008
564276111
93965901
1108957010
225983424
403672669
1292708762
454881142
244265058
247323151
108189101
14870670
48037533
16898332
12354832
98543618
179588796
21220931
16072058
18097821
1264724304
19311778
517624055
730926230
112266466
304469255
92792246
50695931
19034576
248699486
25282944
344874535
86167608
617382180
1548158070
59130623
14857525
1531234194
103312302
82643763
156300451
87498687
57768217
47632905
21787198
90077282
397291925
575705670
272087231
17846436
125212215
324304367
26513860
32673051
389759292
19148372
58908090
316832383
16746493
16338087
18028981
448295627
74353757
15212187
143798379
22055226
1180379185
15335534
18858395
234540332
213713264
163589845
1754641
1413632984
44519150
367460072
356082309
30474844
89975794
22509548
486911734
56860322
1025521
120202126
326255267
183712785
18812301
282735852
33515703
263970953
377508786
214975836
1635637855
868728120
926737230
1931698346
23959706
863293032
177670772
21536398
9763482
17469289
16366471
14216123
124224165
21768766
12272322
11680962
18994290
82033951
16405291
19208825
26548315
18958999
342887079
1337503098
20177097
33222598
15898362
125375423
85131054
293012979
16228784
15019344
16563214
18323740
318586935
168295477
21434408
18963809
21307076
294728278
308233424
24926288
20474813
130649891
334715818
23016395
14335880
305189255
5695632
1235830999
1183841424
1117060148
615443591
456806128
19084896
14246657
1710705968
15075999
1328940306
339529477
22260999
47636400
104237736
5507902
24746929
139478204
112571117
284991184
234489024
262754149
45653696
19898168
130600206
14276189
222177693
45975443
299790272
31037199
17995040
177336591
46955476
77032777
19107878
15731368
18678924
9862752
39155029
43409523
20776497
20786801
19354391
4119741
54900089
93224770
7702542
34927577
46681100
74730294
117777832
26270132
30305201
510526745
63758143
312189104
52419540
36452050
7228682
733751245
31127446
460405170
18739803
847502425
466884343
1604980124
15646547
14213413
15551300
224320485
18776942
2425151
23022687
15931637
21301913
25562002
18983793
486900479
570295074
17906632
52466570
102488708
34023198
27744185
252230516
263936580
14007532
217550862
209220102
38022940
482048858
222953824
33898911
180505807
37590426
40176139
77899690
1563881900
130929441
209792690
52070270
246769138
25862245
1379183138
26247158
612004228
278707491
1604274266
1027201860
197610710
868235360
1405337395
46267188
148591642
20559267
56881547
343829707
108333871
1425897751
26073255
22137035
17983365
1201975344
216881337
37764422
1058214906
174855427
310052730
263325031
1158465055
468711537
377949581
161319475
15391102
41207697
136300373
59307126
43108099
319187459
263735706
14680476
22180181
22674509
28402110
36781715
122120178
1093190425
418004566
75119300
181787234
163605094
196218838
437969070
602938651
1392192644
1493930048
1074480192
88784440
17198100
1058807868
1059240924
1058460818
1074412920
968650362
478162944
233842454
21878458
17976923
174775960
16506355
4432431
179694116
234369339
14813584
46471093
83641522
19103370
91400058
995576863
277442865
61058384
36425571
18783392
400031417
221806592
1322558402
346781925
319016860
457984599
48459553
1020058453
146066652
31811217
276800468
163977095
144929266
1109180046
845538558
149174871
485091023
1328274829
91683661
23805851
208635352
382649330
59133186
113982078
267255156
481370245
45897780
27031427
15641893
224391627
114972658
365562587
98465556
1023195914
860634666
103022243
1511347134
1101965940
29216764
21657697
16467567
15224867
557919752
21316253
14410652
5336752
138977055
252635630
570240481
448279218
71001837
35594142
1662929678
209614368
66755020
58616914
125049734
59834324
22431526
541740155
393828255
169341591
23891651
335351171
23623035
34357658
19789294
126043588
14248933
19117626
27677544
15579734
300317861
17273978
14957614
35011255
640893
14251225
47694175
15198507
189258194
44209472
153386946
319327959
50446312
950328072
380544746
69369013
146499623
117767447
740706774
18122925
15255176
1252679389
1580451673
1325256631
1565900304
1550992932
35009187
493846976
15635839
600394234
337921804
631365510
435359008
21842781
27867017
153181367
115724271
17001361
21785429
122212010
16682568
314633638
326255263
563984036
163864500
211205079
599329617
81157356
587895803
26637348
23387115
394894734
20804274
1160696569
51898673
107432570
43633875
52915700
151039086
70458115
373446956
22945174
223585732
214095154
831563563
85197805
15383116
8861752
17454769
22055109
43919633
22703645
218975278
234767974
214620546
91478624
26792275
783214
27048645
89297892
21261661
36957050
8302032
60925947
109660287
262656777
38441030
57430197
43970862
61853389
121750689
252282856
428476392
26820795
14385676
317777055
15172810
83637335
1058051748
1069124515
115145153
1089951008
85329537
944178919
242047201
117271777
376169855
38495835
36681165
63317563
44397959
59249203
13281222
113053644
194713794
211403157
104199221
15585491
77065230
20711427
27029537
439447301
172445531
60161002
586671909
1061292174
557818995
75295796
78988536
786964832
48502203
317293496
78961112
21688546
524908483
17300517
28614262
65146567
39542662
29766367
1096351933
26813101
26266361
1080016992
58550415
205392468
21111896
292929561
119829799
15724082
28351033
30364319
108080788
162563093
16084829
9532402
201802474
222622640
213977773
22755723
21612122
40116885
16017475
16364399
48029066
140863851
191440211
21300851
24721204
15481070
41191819
46817943
219481669
396998676
16636428
14677919
121795745
27629090
34713219
169658659
34520627
13397202
915077898
21688648
92304777
36442549
447169676
81368931
613725908
17564591
325897784
49293861
52293877
21057999
38485881
7511312
136337303
16250929
103927659
108424611
105187267
21252618
233693291
190905427
27444571
29989042
115116795
21023681
23493625
241394527
30864583
760056572
52581989
16457400
1131472692
342078673
377946369
1134148494
512602844
19670897
61524400
168662301
14730894
46176168
14669951
232235048
27311044
19139963
601318323
1365523356
14295042
132984651
71142272
30610016
429827449
1087779583
48117116
24773493
68880694
15647676
52383799
194662384
130917318
376380628
87770416
1333931582
478939522
69006382
18136749
85310612
78344951
1316470178
25145056
240397923
91405231
988851282
1069352856
948514604
790016636
1430767844
42995966
309202432
18742705
20529924
85374362
135528983
22677427
53196850
406719321
426802833
318452263
355285173
18247805
980483353
970928574
271590723
19674087
169360559
26383787
77147404
29772383
442975158
75634738
425101512
785134417
115069267
364570140
912610176
44104395
989839226
24943230
334100016
518644221
34109146
480698849
401564971
45874278
573929215
541168647
157064476
50321529
63295966
95692192
906300984
234837632
148043929
628452599
84690063
59945934
40009436
855318727
316469292
239964567
19312262
7402662
234573331
1131917492
21525246
14980820
21010214
69287286
188470679
102828101
440014767
555275100
19787793
85350954
102437332
59839012
435464584
40027213
41597035
14107459
44701694
1360126237
20957191
42721735
24999563
37336121
64581922
26431614
219017550
425855385
329882829
16911756
23879043
1305596696
234822928
52060506
24735461
47412499
237418907
851621377
234022257
22831059
14437914
123978518
28184028
16101182
808940545
225252953
226594131
910708766
53420643
49729459
50389860
37308377
63034531
6017542
16411611
87803463
541059484
80654872
186173946
21780652
24210100
76026054
158769098
16370927
829951184
64435577
219294679
1216993778
902809224
208069693
207635736
376882617
23618466
765756055
792216925
64007882
80579574
594075052
568577538
180885961
906681860
910790748
23980365
32126373
1270330429
1288849165
870359784
35828126
1347362766
325071633
1377702960
1472525347
39769648
1111719498
9020932
246500501
25320005
50769180
112047805
4898091
8775672
54885400
106597684
17409240
19611483
171228400
15164565
16129106
10126672
27114180
11855772
40923348
46662081
150754657
95465170
7952522
74168324
26294034
71000258
71323944
14569679
109148726
14689197
15755669
37306607
1061926812
227837742
423749259
42924141
103156176
1426000388
402719755
24713010
19199241
82626863
778263752
594650129
1115256290
18729143
16083576
22013225
16019668
1098802430
742143
12133382
282093902
16549252
431713061
22170482
20975060
148041415
12788332
20192403
78369108
16424044
14344823
22508473
24247996
17539497
41445718
23103488
474232856
114756202
1138688364
301549400
993153006
1060370282
966442267
1060487274
14324601
278240925
1485835622
221379453
122369326
336686948
906999871
810275659
1219368402
62336408
400437790
38717394
336699301
821525041
417897420
910904773
17844853
41201569
26761863
57487370
857327460
87208412
1009817190
89611454
130837230
359723761
431962546
148922391
233022314
119823105
605673905
66530413
45623685
37914697
24716967
37969125
27089351
199450331
1137703344
35008174
705464214
100522040
88060253
80836276
57127675
23002129
63343906
179109380
267283441
159206216
133865373
209416985
71242941
26083244
18450950
258835435
41885314
462311552
17169239
253121685
523904957
50666544
143812180
34994482
1433316061
41492498
333419570
1373747246
23983513
295685416
17071306
65243567
23113205
35829796
26810814
301627499
1183076804
53154071
36971022
159196439
26585095
6577642
9567972
42958829
15987296
66244381
56413858
119784192
18391051
22008787
250221324
26777550
15896072
184136149
16664681
20094138
16097702
20180101
5392522
36681590
18665800
23484039
28140646
450036537
108617810
34713362
2836421
14062180
9130702
44935627
28785486
73453532
15110357
15754281
71294756
89820928
14173315
238259855
18812572
34310801
48937174
14856665
17074440
15137706
16509580
450941680
22650211
17134268
19739126
18891923
7713202
234074628
16542798
14787713
5693842
5357812
20402945
10840862
254117355
19189064
26487169
14085146
18172905
17375300
14434063
20608910
9252212
14529929
16157855
86141342
18767699
15210410
17112878
312800783
17546958
5741722
14345062
13850422
113758100
18805644
138479037
69773058
41269920
107125748
103060329
11611052
191613738
23970102
110445334
14839147
169203819
15458694
147725246
334053327
272395158
119899270
154591966
223970563
14293310
1767741
281610530
2884771
105170092
90631312
27903761
171880167
197606807
96580639
28470920
229085708
491380157
10680632
1174914367
374611452
17918065
202626150
93686275
308480789
908843442
1134295093
937069242
1444015118
78985003
24389853
428333
27901418
50325797
16031927
44401911
517940197
1367531
3108351
5988062
16311797
58379000
583875731
24295482
90702654
17910554
18915795
26946495
52173465
15918708
15988710
17613362
15731751
14247195
1011901
300648268
151506204
313930336
234125204
100799899
108646253
16317071
23141800
34354772
373077463
59676104
17291393
114017757
18812689
49304503
360080772
109068219
41634520
342166829
49753545
30043495
553002520
402029058
14221917
14237018
15431914
21619519
27347950
2467791
19417492
15168829
85136091
5864232
1151257410
44682276
31540671
65713456
15210284
10774652
1917731
14085099
20269833
39308549
1418935861
11856892
21905301
16032925
15513604
35474809
247723476
51241574
15012486
807095
759251
27689907
112526560
79743108
1652541
7744592
8839632
14248963
85606078
5402612
59889953
10228272
14587949
495363580
122207745
130274805
16930125
136550204
14246001
15922214
22528309
15281779
15923226
19216998
103087786
20545835
425134612
352401482
16187637
18646108
46002396
292549803
16193222
17487795
56749157
14662354
18873711
173925279
135108504
213767250
1137600571
20957491
8162322
16261445
163260725
1002712543
221162525
198526130
239871673
240363117
22527499
221244818
1089334250
213634439
1378333405
211530910
49676366
76520145
1291738172
472032882
1095517261
21931714
242376736
237944147
103868633
234128524
16332089
395487138
747876121
1145912059
135931182
1072008757
252819642
883121611
1119729000
47375407
77017567
29239452
364455457
159169539
1101167250
15675138
417209246
288251267
1071840474
261483567
309203903
104615577
563029997
1101878862
19404047
161404919
432766911
111630243
15684530
15356407
456810667
210655258
1151715360
630715873
250808884
1155212191
75367781
40145940
19867441
878297952
19245431
154733755
925459146
108984130
1176489866
22547672
818017662
338425619
1092979962
248850174
18967498
935368364
181330055
44626981
52052011
14167160
1092809018
703865718
533416866
1022452735
543969777
1045853744
224294785
18171054
180444430
343041182
853358054
202872753
108760256
989959261
109279298
100315609
227426620
193388366
130595991
823755547
473477097
900602696
966440070
938126065
92560448
262425225
60908179
31310158
20600214
933272857
37755455
937101300
149211793
133908375
78985943
291692911
861970555
39800676
144856178
396870453
54566833
132204008
485762483
15218865
117694787
913025054
117530082
357239651
541121846
489673957
255278532
20713061
36082429
19268706
50055701
18791763
47739450
15976697
18916432
19688149
338541982
869903761
50396479
262970655
139645258
804791971
156701165
175400197
455433809
370308928
22428927
522803752
543417206
39499345
143933144
216252276
33655512
246451658
64401051
224677723
625624080
156787646
157072047
611886875
762958340
20088666
236479311
288806009
26049462
240314301
177459206
23938529
734977346
196694170
474179630
47617776
116588914
194564718
58833461
211519387
223929210
80336884
226257979
70414167
243304113
56756186
246511557
208569516
106833033
243309525
246372265
37334464
280221923
257126054
253717915
103017174
278057619
326450663
322649809
119781720
53504005
107565852
362639067
18150050
382715646
82442391
247478374
24725278
376223066
25580290
53894416
457686832
460400188
27025642
330952337
482585877
21433404
55835036
412681586
513074520
502288359
78965661
523711371
39098646
534708955
333663029
503758911
15521376
28407251
361250415
31492570
16333958
600447378
236937830
445775098
5496932
555941638
44978372
562888619
394183922
221779251
158758757
222574347
621038932
77827708
91346513
59256949
148476304
93870752
138490752
24365954
69395391
349193151
323417481
407932304
45654844
54552512
499792220
106877735
615154475
506566848
246283063
50643903
14495726
21784788
16316684
24800432
59865177
24358459
181992794
113763245
123896017
76130634
38734579
52497097
14915067
26062385
58814073
89175642
46948557
59589510
67639979
126643670
132962103
15858700
27537561
15724960
40894713
17163366
35840334
35802171
44180338
42940458
41417564
33949777
40067956
46236976
17975682
37820650
49694338
25765148
18559853
16408067
20476223
20644600
18952176
20484689
22798758
19607631
20069739
14511951
16266236
21062473
21876344
21916163
26133429
26055230
27590436
28473649
21228716
26832569
23458577
29596265
25999210
21105276
16098007
20716916
36569999
15756288
29588527
21618288
17893912
20861949
19983468
15029174
15145034
11134252
17813701
15428227
5561412
5815162
16440298
18156608
15207668
17193201
15470294
15450996
3135241
14412533
15102047
14323759
9300262
10168082
15584149
11856032
9651842
9544952
14304170
16318959
8935172
17088476
