1531521632
210621050
2801686349
2930635215
124224165
1222257180
191477653
240393970
15394954
117777832
198526130
474464413
211530910
37920978
234057152
2951574214
219429281
2903051059
108387045
25451167
2962891515
15600527
15134240
28368542
2975350155
16006592
2962681881
382818604
2861616083
89820928
97503010
2966570782
16261116
39155029
86129724
14007532
3044993235
398088661
1155212191
35945229
104959693
39279393
410216127
2312829909
2970279814
3017995074
1080844782
1206227149
231510077
14062180
40940457
49477112
771955094
17539497
2796155975
550461931
620298978
247334603
1058520120
211588974
212262370
1128781184
1009269193
136300373
40338609
1071840474
1072467470
1055685948
29766367
207506045
15987296
85606078
88784440
216881337
1074480192
237348797
22509548
18915145
14845376
267938462
942156122
1064206014
229592356
109287731
126171100
303861808
1055730738
1071102246
1068499286
995193054
950783972
1058917562
245451804
410326823
1074129612
165699949
266133081
389840566
122174004
2281034472
49853
19608273
421646548
1674100478
15042296
1621096939
117529717
15012486
69193833
409456907
44134773
54208274
1589473728
208655063
326440843
14552720
317807909
253345078
76348185
612117635
16187637
847999184
89289402
320891264
311178789
253372514
1330457336
34669738
106498520
1339835893
40057701
1393155566
25726636
106816456
22797378
593453044
1134764586
239603924
83932732
1093090866
26083271
346791118
29491855
17881467
5695632
41466295
109675396
115187518
466969081
29515247
855409087
72631996
22853715
120176950
15647676
18020652
2836421
13797612
83064913
15079397
14695985
286790129
54611257
24463541
761783018
255671573
22993076
385668284
348694883
61762853
49693359
282763379
22589282
19424182
14607517
44986195
20728526
15447034
36128216
350547270
104708657
183676585
386190259
36423690
22444128
18091068
23458288
47098628
50419217
58994186
73520673
74215557
22319072
30515980
17957581
93919595
22808469
26403606
18650653
40080821
31276319
15770200
19194884
72894918
26876107
18741505
16034002
27529632
61847616
24942712
95688842
18842256
42925352
127912925
18958988
28615495
33610571
15730936
17445431
45263772
5741722
16669075
20179628
86697288
24752484
14336662
272022357
262799941
558769636
91153522
221800898
91139062
190621509
582101054
147680126
50839075
190375586
19948202
7744592
234826866
21153048
31779156
18459086
212257627
156427983
14470284
14276094
218681340
214192252
71118984
22222604
71084276
487111827
18990471
198532943
158414847
16129920
92079350
38477209
524610407
138137624
18945939
14211632
39534601
213711870
153149305
442283784
567895807
16132087
510611090
100577579
28576135
26278266
31310158
21224756
10126672
19611483
15754281
14717197
85131054
244655353
221793778
15309072
104615577
11856892
41445718
271591383
21257821
43049724
14377605
22866687
224320485
78408666
8775672
6519522
19829235
35588171
89028052
20437286
72198806
258900199
26754354
462427280
239589100
69363236
455281493
47741855
60949402
83521330
31038246
135644048
325830217
61853389
234573331
21312077
31611298
33576489
108617810
111635527
85396297
33563161
153865861
20552026
148453195
80612021
70526457
150724371
30216513
161411080
23600262
162069635
153944899
156333623
242892689
246357149
227341953
240812994
234002627
236511574
199325935
208692908
249348006
29293808
245516606
38254095
234014087
263815367
153486399
73238146
267854863
239905257
373600871
310310133
305216911
404132211
432676344
479872233
442824717
155669457
40302336
385429543
384913290
384392601
92102359
153919023
312134473
227088228
82453460
317226055
292935209
292990703
164007407
43920155
192023890
348313756
33803066
22312628
40131571
243822262
19629191
18498684
17135038
49304503
61576844
136839221
23622446
195867382
213822123
236666199
46186611
16245219
31260535
14714673
83652558
30724162
18790192
432056999
501739906
111400890
36948268
18622869
263936580
19716781
136337303
20115740
14676022
260845829
216503958
107545479
77397170
168673083
43409523
103087786
21612122
160561302
83668232
159609655
14345062
15570735
59676104
12272322
274581613
409486555
435219506
370790844
15783670
15210284
396137874
11883722
254117355
235824337
71685630
234053893
85892107
5739642
48468795
16878156
113420831
70905522
83686352
216240350
111635980
48802204
85634177
381152398
29100841
15834931
68774092
5357812
54885400
48847011
28652194
102136286
55896443
339852137
83308711
223970563
229857213
166252256
28602948
21447349
28179833
34274380
85322445
61206798
74227840
44783853
73181712
78445977
77032777
11702412
21768766
106135104
15675138
51241574
2467791
22523087
232992031
17494010
19610051
30929600
222140591
233783568
22053641
15739494
16551172
6799652
221792092
29501253
75124560
48086014
193872188
248735463
132201224
14615871
66369181
10069612
115979444
24913074
242426145
29450962
16017475
158398519
40277246
50452197
288751432
108376246
193732179
15022633
28599820
235665324
260396714
102119062
30313925
9855382
7402662
1917731
247486443
9109712
15344867
176516651
22556296
33530012
38068398
17636988
34998257
186313240
70710320
16086847
102435844
86991020
17352838
37781811
35773034
14313449
22851159
18731529
167132770
19688275
26808497
17831464
44796045
19799261
22650582
61887216
15853821
89790332
20264700
16491683
18907438
18642669
18178876
55473790
41691265
104888477
15764644
58928690
125445568
14984637
46016028
115111016
18909919
15361570
205864193
16789970
161791703
30912937
210926192
56864092
17074440
25781141
137823987
20608910
15210410
112740986
24195214
16160352
137794015
39249305
8953122
14529929
24745957
249410485
22669526
18829123
28582749
14412533
138770045
31122582
17993906
84119348
759251
6395222
63169388
50325797
9624742
82649553
16583468
292495654
182515948
92186819
20002401
36686040
109025212
151963505
21406834
6017542
140519774
15918708
7356562
13491312
15922214
7004382
14511951
44177383
43963249
31128529
14135426
47412499
31801993
25128598
24827451
807095
21351688
18818789
813286
87044950
24326202
23855099
18708561
34638973
19891734
22812754
19918558
19318314
428333
24731494
88806753
188019606
133832049
46201350
26771192
18696134
21949966
119250381
80595226
26513860
271255319
235373000
22960837
237770636
77326582
163570705
80628196
22012091
18137749
22812434
61356546
110821662
24785992
34811193
37155696
294861593
88735607
44684439
39803481
10722252
181698193
271603685
123173806
81055884
91117525
44430149
26694774
34602092
24845521
9300262
24247265
15564045
52201725
15868821
224685124
16302064
20659086
211254537
243385587
16121482
21512383
15921060
14180091
21841119
77126235
17994536
5392522
250188760
2992751
17099928
14185814
15839303
29201047
15954997
32010840
36764067
252249233
52202231
242178962
18228178
69427169
14342564
