205927563
12859772
440959097
3068166670
3365047649
2798527784
402941999
3375834413
1123196299
2345448354
73238146
221375041
2915841029
57415617
18956073
17818054
16402762
22669826
164061423
2191794926
90499029
3256736699
161791703
28202784
44147422
570586925
278508894
70955628
18978553
62407876
404370559
62072387
2534937650
163267412
1589080585
193948112
1525681687
25569668
934773506
3086814071
424377912
889608655
3053260184
384380471
229868820
272501648
532628462
2720767431
381156149
200925291
75051152
70587834
364625269
898162800
299952408
49701314
2665220291
3196170777
2307633721
1327281968
2714963094
281028359
2964877294
2964222544
36357777
2264624702
1623654768
50405692
16547587
25396990
2412841944
271438569
1477949676
269445896
52503751
26257166
2853309155
11140312
19052248
375835206
119612004
14186393
463096701
225957971
2272090790
528066979
2441887884
241690593
2426186390
14836599
2993192746
30065804
18332727
69625014
1114503566
3002247133
143505435
2963445730
1736601720
15097295
1173320185
384335594
46893677
384889191
19019642
2279350106
2340681169
71157326
2815395158
544862574
696823
235190657
55004670
18788425
33420775
141347506
1613575663
413405610
18163893
1080844782
36935629
1060370282
2412042985
2978291435
47798449
40689342
394894734
537219554
335513316
92079350
2169056330
831908300
344322282
354695623
2744771781
2255002003
464904397
2599043726
91213531
2152074896
308269025
36651316
1671038042
1025107400
615396375
7177512
382787145
2413926197
276916577
2300377483
313545488
217550862
135622752
61912293
498146366
2312829909
809352228
347916035
2695719348
267768064
335567840
198196565
593360775
1525979618
2354887152
136550204
16463635
96206175
56810507
14111954
210544259
58544863
15980436
19970528
404700013
1978669795
42096674
2377634713
2604799262
539236289
2490159643
23325965
27015055
221407005
2372204322
2597498814
18916432
2792015396
255077538
40802234
18149074
217066849
1616307006
243696762
76965179
362673743
2360920921
2669633779
2412983768
85433682
143658656
331013135
198959733
9950922
451159913
168857946
539987635
2736335776
123950043
1599111523
1321455517
2196104204
69337453
261821219
1511275376
28074086
2714949278
95677712
42902945
43274920
1730327576
104199230
921580507
558274437
214653728
8775672
269064336
32441546
41605985
65106504
138809881
2337139052
1058256326
14620003
2305355246
80217329
56401482
68014009
52426212
2282455592
30281599
60956077
1873628377
1131681894
567597549
1128781184
772542475
126364703
1071840474
2485930448
265634707
2350241137
588293183
741164720
599445337
32756705
169092683
207243664
2401848990
2398066861
2298571741
425444737
587711904
156375669
28911057
1488305792
2544577236
363281882
18838315
394223948
44728467
236220226
314335929
415846148
182483676
82765338
28606102
332311307
1086643477
2151383564
339275558
2398683343
263833115
289530036
508434918
1708532648
2315671326
22809560
122425486
2255243876
170327099
858400806
19595732
893155350
102364063
214357120
196697157
467461388
52875524
18958999
2151627804
16113700
42944078
20625601
2317722708
21164418
2150198781
14461377
152897806
130936818
25643622
612861103
236218906
2233258644
65098181
52876175
15416505
385002698
292600730
1413012931
2188819687
86664694
361459983
44527722
38410512
433034412
26668729
20739187
472263579
7517882
45604374
288526809
293247094
386269472
59173803
11238462
1045148521
128246602
41728675
351988822
31649984
14898731
269578134
246016528
468669995
54965212
294762616
310082380
23531367
370441779
24685484
113980637
19340591
1424111700
279122809
557155409
190817211
14534453
19011925
35873549
254858924
144521797
815202576
31212592
20607105
153149305
863501052
347974719
301752116
58999562
41671165
82677928
1596572666
115392968
111344885
2354019325
84005967
174038778
555322552
27018021
20520554
85490845
170936265
194309773
1201579153
156975310
993157668
2289730861
2294940312
2307204372
2327545856
887529864
32515942
457200779
331076740
55025679
18393357
15114136
1338867535
1143761756
216865113
109065818
76425100
61777139
31256094
15063723
1270579226
911337241
823299073
25182814
98652677
906269989
1286581891
34311257
346051012
328990309
19368241
106849866
1198183898
18066392
109015716
236951614
417607020
99147412
457094194
498857597
360763372
701460246
17354835
399617039
23447295
28371414
47956921
216722398
467186287
108163172
1265324029
44458162
15459767
2334214081
25558751
16043406
19365217
15329723
844062990
1188475094
298190124
2331922153
14148861
423613070
2328121883
2224220640
40623989
1109632765
448238190
988911943
59141515
153486399
334291590
849239762
41386615
96831824
247420668
459279422
17522884
431983412
19268706
49518404
444274499
986106360
1897100952
890061168
163955462
40554517
2201509351
32896052
259300516
23947688
1065869268
176614899
277785297
1431493742
1349262090
19773447
15165842
298904342
17903338
20496697
171969976
36683745
22871500
102743281
22217781
124889076
92627963
256331150
17364274
19673145
70167271
847236330
15700397
27933921
7143752
402936322
259907327
15657280
1904214012
44129683
29087125
15170382
46713476
1284257707
427006220
357624148
190634159
211713345
33627213
611837844
32419911
31609555
2155402856
27724827
755679739
1117471358
45365969
40960119
30939055
191305233
115808386
398976890
22070521
282210248
54127327
222297645
1542335869
733751245
2271884777
86527713
142476163
45335298
237299871
259283033
237124874
26533160
50820691
312996730
63396669
52280423
402976231
1584146443
119228939
13315172
1531421492
316480239
254210567
154190243
163483899
66862946
362693004
62928574
369246180
1888943209
6608702
766091047
41233882
195790266
1115455706
952525668
141283047
17760849
18910530
21750185
1162940431
247005602
497258556
232988958
53534824
860907421
375898543
44128230
1169506842
79312571
216901765
77299913
404197214
863599724
570933433
28716533
50656889
21762433
106914880
863618551
270813870
938657858
1330110835
23906319
1325360094
1017982326
1031892204
1241665878
611045296
155920652
1360003400
17030902
19985319
43931927
106114561
337958749
16803490
60938552
43623734
501996059
28611914
605966639
772556797
114854440
509016610
30347876
49835989
1074798942
253791413
51639983
460532675
297382104
614281790
33293825
21065925
2192982312
2216220332
2147712428
75292739
909096770
1288421532
20683515
21753883
68146043
351105265
561501893
213383070
18343792
334100821
749850062
16814727
1732760192
2264434814
14813357
280863941
17054112
82267497
880644248
20245141
600379505
588532665
1709689400
40261871
139282317
311045879
148090844
14346715
173422195
346781532
398070895
41181291
60973332
49913414
2307412255
33724272
22929830
935192786
30357069
231340081
328276165
1321421155
729767119
253661565
615953866
1531521632
1688388494
1534661606
603751704
63159224
302170595
348295573
581140190
434996610
620431651
276742550
243471347
91622809
41723336
28637545
760168622
164298312
430415182
287243356
82691573
417599180
619640507
357765211
449948089
900981800
260283018
260439948
710108731
826454905
728641622
489915311
286758008
984081128
1120723034
959386832
171719870
31985406
17821533
364630629
209211730
890138695
365629334
266320424
566581539
462583089
259400260
630836892
304674142
248821915
23815289
249517854
1468696598
363955614
947046066
503455520
1634333982
64755924
1833897475
905155351
430443435
181715284
1056026586
65113006
58027693
34633143
2273748666
1523128585
155701749
34293245
134881895
366364872
590924095
228579059
991714320
411672806
472277962
869984594
627801196
41568816
849795188
284348983
356149343
14466876
1566007854
19471846
18983172
50745569
146153878
37798276
14847155
541898023
1401054152
36699201
18305871
233693291
16519890
703429596
500704345
16554283
19719380
44438692
586085751
32143326
430130014
1041809312
2252238980
157138475
978420140
14216438
391753350
14600012
757372008
41145089
426143111
1323337609
29393173
50002392
116341480
22891564
18697888
21431618
15741036
222622640
97625980
2194467816
2198786231
104231792
701725963
1949721877
1152279248
19477861
472407861
915594294
171697740
132235696
32412603
570129318
242035174
15908574
1957591886
331300870
20281013
612896910
18583823
1399900232
19937933
82713374
356743849
97242338
2275282837
217138779
10686682
191076340
48398480
77852581
21247250
39043814
182627613
573972193
19880772
18521094
45970002
38109656
47711800
15601204
24790919
89527828
14572312
18020907
22526014
17282363
59329474
117854203
23081737
15573154
223996802
226942827
16885538
75037567
48575941
25854664
15013533
36815337
16101215
48048210
51180366
39542768
90773725
82457140
27091353
20445888
366071764
80141926
36612159
303241246
360142354
78505055
119540563
49540065
546436141
22955251
54933705
39295587
353083517
575130676
43723599
14440394
260078890
96018016
120329857
149738158
66043135
64431010
302789914
15902990
42310748
104851268
29430343
252137767
117464822
16478061
71829812
453649812
382994130
20544487
467998727
296413522
281311249
290894597
25221003
538337981
73116085
19500037
72348170
264842517
16266236
66056991
17169823
327585986
411775630
625750933
795367111
24611949
12439502
63871166
18658792
14899541
128452979
14630222
833400870
349778263
22451023
25320247
57340681
139507252
954481488
14240241
14867313
299535458
349472297
42808239
166820362
33354905
19327925
324495672
233613123
26908860
1031664036
74787434
1327107595
55348094
18199229
22225649
372665225
375258168
384586048
505150861
417499626
53859018
24305174
522526229
36561751
269946558
1222283971
69928260
14852308
15694072
260949369
17145816
27905468
57779843
1359704239
484896381
193918516
505441147
1377619506
16266326
16504108
113793034
1152086251
278676676
87982425
45711095
160066352
1337803208
24970261
20289191
350988757
1166916624
344317410
870064093
61311357
18492940
16118817
400181654
74223348
505105086
243820245
132215786
73964620
97566489
71036272
208542153
1496486516
1622099803
21111323
23195603
25086168
34764540
27379046
17602541
23091139
874002301
174291829
18804691
27651340
20073017
534498392
143663597
733069202
449180723
108665128
165793594
18045996
1284745723
944440039
18999059
1902427388
407174681
194744637
835538858
234372174
27099428
188029180
819551238
634763282
345001664
1567404847
2153189773
26066370
16048000
353109993
15854738
54338361
15971670
630877980
187272177
430001683
45861760
115418121
55613547
15939202
31666929
17965183
90939030
20700940
135671160
2207963942
54298236
95621217
14606586
364952820
83662443
15396452
335022029
1335740935
53151746
37050654
18105898
625054122
1186889929
282857992
119859075
1068864637
451346714
1571545106
101881112
16250718
23108383
815845520
1636885046
339763663
586725000
849385645
15985025
46423483
9813802
705426650
916055215
1616220230
84754228
1276775336
1873461548
114711796
1872325176
1380543036
478857954
329493697
182145367
15485970
241203719
571164078
21398055
342728745
47749218
36368896
28927262
18149763
1320271
1305543613
177374693
1546773145
1686018954
32543084
73421873
98217945
865834646
2155385372
1016153754
71319435
293852054
1675591686
454489184
2279172709
1893855636
15986724
219032502
225988631
2253968388
16261445
995254933
164369297
59856467
948352717
1092757885
264833736
138398044
22793547
52784589
318448920
52076130
2161999064
43804180
902539478
302326235
360230602
155811389
23371161
30280739
29792877
14576237
19884634
14402403
113474113
240972700
1287280790
17132829
33485177
31218009
44276417
283181948
241688182
49704935
9843562
74329300
535428091
10860212
220835427
215832513
61708072
28148762
318032701
75864150
68131197
397250755
77831069
68777768
438109238
101309995
80404021
45620148
70818713
513642121
16204816
35347826
12794312
103948298
55106774
130913742
147676476
347989015
501398046
18402343
228857390
54609895
309909053
827548531
860580799
1881722484
1491658422
96162137
942551624
1170670813
322172018
799045742
709825170
1214330340
194855344
349195650
203356583
636319679
442381957
1885233373
1473110280
72440351
1363611535
472508233
158953639
261459703
427846339
23141246
20618764
1371996432
391456011
331251117
70766002
406068993
65779202
184043123
77772615
175531983
16680654
155255052
1967939816
766349066
18020081
42678384
615687834
17848544
137547418
261186358
2170377140
155113977
27989080
112047805
218403723
16888007
79678587
2242500792
2155175747
39155029
280841610
340336725
320490885
1950162769
57922520
21735971
954124423
1159518715
52763281
2182497102
358341772
787595803
433836591
731211300
46725405
472829432
161749468
88760640
1216799041
1028558982
19215790
15977564
16684640
1714001478
551097178
336206287
236204865
463067828
375334086
326784584
766127413
35918985
214743388
553717390
34440160
224815706
795251522
121831667
789593106
25614086
277226143
551183371
837746630
195963089
445582213
1876170835
28381600
2207692352
551271330
1674240253
370055753
57729755
354951758
14178714
37312412
377561492
185379059
1074412920
15721833
241140071
1074278209
500935072
456300007
111332093
477525334
291941733
53487798
175255610
259350349
18760460
250365695
49725600
130572009
238614442
1725344192
353730821
19513353
792278786
84894018
167621823
221388541
453717499
21973078
578535913
473494360
62336688
16111766
964958262
318256403
784875325
468759217
405207928
552848796
41751811
2166832543
20094273
74841347
303565669
894006218
474202929
259095870
63161957
51268700
21775637
17971747
20435808
53019309
1535058097
67982612
15256077
569456561
86886925
15974320
289990311
16854528
16569075
1170690000
1451526786
16186916
2151412788
33811812
1158532238
72882689
62645216
5644772
352401482
2234711
1462419804
525951564
43330802
225464976
53818826
138190051
12591732
199853191
260335091
432727221
49363704
21888595
562323802
55882303
48389713
5145071
792155928
292519466
1575877765
47787874
19110100
15480477
17582355
969876055
25766709
400559295
16611030
269437944
715044396
49224286
332261547
327715590
459892300
795680612
192913048
107980048
7597712
21680868
17788326
90999902
1147086920
1155465373
27046785
518021356
451546806
21789755
30096408
62267429
54647745
892111028
1958727554
330643630
116642061
595428630
1457402246
1254429360
780291397
176950935
875627605
898533348
5571722
463577491
753319164
478383774
307641183
433828950
132286315
21035579
21136403
7227662
4393001
105168675
1005593198
170349753
757622287
35754268
126450671
1571096438
748477502
88186553
993824616
24655516
25476011
21768343
1804829239
111056827
47382788
23485514
1360615250
790805545
1325184366
21584887
28587919
334988425
95995039
2154940484
16989130
31898223
148720003
245952706
247000146
108835897
8234132
487915990
18851004
1379288282
126373237
180030807
30313925
2213060755
288422596
271441733
1090009730
1699098206
792456152
506740195
250447277
34932854
93088579
569163929
63013144
67293615
193105676
19637934
41822025
135556071
535607356
15650882
17999966
15455893
815945342
44135635
560523300
526632149
245265141
412847272
898992114
21587082
206522478
487953217
35558100
1638625388
37532300
272187450
17453693
1643987588
54257746
601076863
188050283
27759798
497005469
19319402
28524726
25991525
248845681
233724961
112562263
61582500
339383594
1272338947
364243120
21490151
14227842
40337746
15077067
25963667
109742153
15501172
60313173
45491727
47649236
58294318
18177617
163323992
28367172
51527696
142901066
20193511
106557950
314396058
16003354
450319311
208273789
15449410
42774179
119117399
187225733
91419735
449018473
87546160
31040675
59013533
16641577
48385744
605729798
496323521
204158284
479100568
103980698
285339061
23484875
16064507
835969147
126038011
16562019
107922931
20464538
16100738
348741111
273486375
14319636
20855082
120235202
1081258555
231522038
122458235
19193935
1729674565
447662463
1323918842
137455049
240088672
90951650
51881825
284406055
380398686
18030538
354047818
465688767
509064975
1260477325
569279870
217236990
574405888
14007532
20658265
724326937
39076729
11280062
15918249
42692687
17289717
28347911
262754003
240199983
1085419105
580512064
155954102
189820446
633924423
454099919
842217397
304799251
36085260
242256735
2220694304
127256432
16125632
233366657
239909048
1581759588
1069060310
1101955470
260382918
175495076
367197022
1126016923
132672650
373938820
123642881
22771961
474232856
38787045
115497791
468513005
916938036
2205545306
2168461388
1197760315
572821239
550005819
249470656
284093532
1431873422
165203194
180888396
60215516
24222640
20392217
93655777
330503606
195526898
846408565
551078366
288040396
366622539
480064025
285370189
129883333
607666240
156343322
56744828
954537506
606882424
1687003897
604047615
380635468
482985002
1360152668
21294141
537231785
338066069
636488513
739710073
377694067
391106771
299944270
27269240
1463436534
708133370
279676201
415987148
619095007
261892903
46101762
50526336
393016612
795297289
342475716
265559976
193759500
384408332
237460752
1194363398
174377092
153988620
30774639
1366778569
1691929404
57528178
890294406
196290799
604047473
425817522
379546608
1726560643
260419014
1961848159
1923881144
1096986590
606427263
243031834
336298743
191504337
952891352
1463392249
189159732
329105238
821723766
201129833
75084558
305797509
702995419
1469828456
36645437
172005021
1014365072
799257301
9087772
986424062
362720271
197829097
222519463
54359998
216022844
609414501
393713864
46665591
259267913
44429526
18701485
31018684
125401643
459858394
2167351699
81970816
1912352094
785304157
74820404
430925630
79252729
78581294
44186262
24354879
1951869001
1655488274
1324315832
1017502124
1941571736
898859666
22295243
38081140
1143846560
1721193062
926458082
72900773
297973884
445824040
199822046
338632203
562517714
626552846
17122442
15303538
1593337057
36737855
898681722
602353787
1510628245
517462465
1355842196
18458105
189742294
216457818
710143940
28032150
1301328822
263098645
417097603
862159302
232585003
1586538536
1705333046
1702388965
34726846
88051266
404539126
21542510
1186479361
631925694
2167595221
18238550
1387256084
124789240
1422790478
2200502604
177028305
50128726
1545914628
199403833
1175760024
387979942
39092743
47657632
73913258
259349567
553549148
1216135814
43925273
123621393
546757928
1668371472
54549523
213990548
406258842
1531961400
1706352182
30585102
264461288
14337045
168512052
1504564016
18292019
1646301787
1878858554
212241672
24388970
196341304
26814251
322314065
39802713
525750541
1591800114
406508582
1735349358
224738617
285193242
328240965
459636003
19001725
25876092
70843605
277738025
382712783
49891997
134543932
141089905
1355485801
220567941
145335068
1732525153
726289970
285279723
16595550
800718805
15823438
319033650
277668415
466163772
860767340
26846228
372260151
26784426
180354579
46211704
80653169
68846613
19147690
22516786
466236687
15433333
1138759182
363951381
1559222203
793992
268423416
33206195
51989928
1730565866
1272677119
372807124
17157381
1287771690
1672289827
1952074310
179329302
1883411048
382900653
418242701
438982996
1072022695
17941768
1653691844
135352862
868592376
466117195
18809436
512273015
181770477
928671181
94864972
1692830768
862163084
28248030
415586651
1316691679
363097283
263358545
119176958
20833525
333565457
58367271
426565939
1915421762
867963300
21861371
1400006928
246560541
199928147
229442572
127118419
53527760
58596161
32135630
191922908
234906567
31264750
421953195
17652773
73062195
41846298
956395021
190395207
21657718
285917295
1726533902
47354030
45861888
727285854
498939401
114057056
80112314
45357919
17076146
151069238
114957797
399140325
38371039
172893705
155719815
111547732
397647118
534841292
355803861
823121846
22217443
339760532
827081204
16478244
21761094
241696083
487769182
14913547
1026980124
442996741
584911013
142015635
1145724890
50310958
27478843
10207502
26043187
35784576
948502490
1302283879
618214668
267243203
211445666
88370617
314834031
2164206792
898620354
244541621
139760109
885733974
148193361
1950115176
968000268
1275486852
220460019
973060375
737810892
1924293884
563840329
17503749
802360614
1615863618
469381281
345551240
148004218
1113637380
1161161858
804024020
490919058
861749072
23713170
23950266
30865013
785743682
796895119
191252035
1188147733
1001078671
147107266
993375716
374139177
1287128935
21424216
574092325
475400571
136174220
7179562
1097105120
1375512889
19611642
1137986071
52024198
1140329448
307629778
341087665
561310591
358519591
222695674
19479214
240957851
518256180
906412916
33378508
147799780
1395885950
274459696
362236432
160682917
63812478
1138036099
794401550
405721647
497221295
38589890
14108549
1964112182
621620724
754162286
915192618
66448584
15170286
34662379
52758609
1905450626
14095099
125169401
1012787599
108688171
932662676
423799125
276331592
184219573
60992130
493224156
15300388
473279639
388628354
263975503
271146912
793148808
1308980552
567930956
292263105
59878708
204339253
711007148
403406021
495422346
194947075
494372880
27228928
605635673
33336675
1598704231
1316926873
136783193
180885750
80470400
317259082
142592735
503406045
18059662
1411013328
1379501748
88494677
170025854
1869664320
17513307
1063648640
24565406
167894282
14274428
1612683307
1134934218
1370364462
260234078
292111936
23304778
364016463
1178842958
23953333
19307085
1695025350
24219344
110585225
871823742
159113107
261963480
322228163
25776509
402223132
314406552
21253826
1371396780
840686258
81049855
1014126060
24935003
66564646
844562377
898836895
1292108774
1932844638
166969179
1951376046
55720891
38566396
95187476
237928893
2181448014
21786287
535964550
97342557
264942409
171969190
760205461
12544012
116835497
272103568
408652403
207555448
332274924
130005609
346695917
887121516
2188812487
64234380
331737588
919261092
64763050
358278058
1972871330
412693609
484996246
488630060
107804993
23382168
1270241264
26899451
1458145814
151620247
598785446
477070502
275450877
155288383
1029949801
869183701
109623426
818627293
590008399
16721461
118245138
436796988
360054481
898627262
1304431908
1268422100
544839926
24721342
466519586
18595731
36414124
389034983
242894622
14113708
381867969
1289677170
473541434
448110520
25598672
1702344121
145305040
154072800
1897255015
1088140784
128184014
50427352
82116947
118190428
633843409
425537989
333489322
289995684
1337091553
930784507
488221791
15604712
19297527
1260785004
1397655162
176270121
972033860
1891813704
229914576
2165309159
1656644420
1412657076
1434278528
514952690
534883549
1729376112
921292178
1709980177
116198288
22528849
76814480
542044285
557723324
1902164917
715950483
1963658299
1965085189
1177207405
40662727
112045270
18166091
117098165
1716086210
186883492
128595132
16184557
280836945
1526130344
1375726123
15920054
27909637
270923413
1381127028
78520720
2175258907
27011585
964720946
1055352200
58685992
314216526
1029986960
987925238
44828198
400452123
1149324061
532606441
549026358
1327527962
1377230420
1279783315
1889342322
115562654
885902718
98479594
27514343
948281251
1668265830
339150717
136530754
63032931
1465344140
529555835
282224096
1499496380
33787662
803769560
530944332
989977969
372051775
93273814
24088146
48710280
342894187
875539590
2162823661
2149478460
15385365
1891356211
482273855
2161962428
32169626
65997779
1583471424
2174777305
947843994
14498920
282867128
378201844
146100596
15559134
144573491
887569722
1465596830
1705830295
510917239
547890450
30113742
15854979
558788500
864996444
363942545
91856333
412596407
24643079
2164218828
594914359
1089186284
1661123646
863082703
848040139
593360423
63793216
1612001484
88861467
1173485852
751352658
790144710
501709599
41427918
531989631
27490839
425465436
746280547
1955436932
1632066554
303328398
371590610
38983620
133507809
19795220
1792744610
14308987
574512661
414820581
539453078
789365196
236939451
196722252
1897869205
15614167
922064726
289435597
2151155724
19785811
291508954
329878334
344264079
724617318
9696732
248113252
169216584
56725219
1201484245
18294521
288184838
1011916974
49416200
549437316
395010447
278985781
506615168
14101232
297619336
1390519190
73155705
92328003
24191789
298564663
45657792
1037829992
70539198
45280408
20320753
96033630
33784641
34673718
144011405
37306380
142938766
16003214
14326097
312668301
402943911
19366941
941138474
1013783558
368918608
29527727
250684289
17547310
130662995
529762619
15721493
73427818
9482522
231350587
138624623
163731421
599594040
569270881
84505250
43229760
15143040
49476182
436347881
27928544
20512826
294832770
947819024
1110500432
366056023
917999304
752476026
759754160
361611858
815783863
569915255
343612931
1181206123
236940825
1368374184
1365051920
1195368026
26866991
368397957
36848868
1419152742
1716800154
42689303
1018044367
827270270
42154568
1028555612
522218234
137030068
169894838
21127543
1125521485
297176309
121261019
1140863262
187994598
324039905
748649462
72154074
97443771
510587153
22102603
404503273
15735963
110798061
493758762
61470843
272482055
116884826
501393612
588891690
849971202
1031852443
373122071
562059298
493691260
1438888808
474512829
1442094756
913223262
44804247
1354410067
1225072028
1551937844
23214147
802592010
1404054103
56257408
289658699
42447458
1375494330
1053040308
981650095
1279313646
755708108
1543834603
26439202
1193713658
95504617
512847753
1217023548
1405825574
723244718
1056454022
175972665
425212951
1239999914
979479518
1074671874
632615721
192218176
1462522903
625885470
1680831326
533603464
1613715151
473315253
15234162
511041418
781780526
719177234
316886270
1554080706
1832175708
415987552
1219577383
25433519
1735348500
608668227
1548288918
1270479194
501157429
1458415022
1051261868
28323966
257962624
438412616
486888216
158842057
221175357
1927565899
1470136904
2159730733
566672722
379962842
63877097
34502001
286934700
893528353
567845051
451089051
137755291
444120175
234815066
344008669
1939381628
399350345
30450231
1898302416
21762495
14572225
469779821
1058691792
549374169
377826053
1714496474
50902507
1428050490
324537259
17445614
161996661
18835885
370848606
339698691
1101981378
32962924
269954917
45132052
408517705
1691585960
369667711
32458460
26063919
1250067193
478605684
259603337
28589003
25342708
112532334
90196846
198497673
702969282
519618886
44986991
25369721
1053255870
589964135
1383200082
1380055652
39974360
68784590
1374701664
474524781
296960182
1514356345
259478391
23113096
277121306
1576910594
465201321
155575787
1728812929
40927535
97075196
402849342
1908459050
15617538
17517138
1471084094
17596484
15004833
477216171
329842134
55421512
250293210
1921163108
774381144
164923604
17060635
38465240
21779633
164711532
1543520742
1967360552
14982267
102375975
20624855
138609858
35627954
336873128
231240347
83023487
363224568
470422017
338354310
892301282
21768352
1161606294
460781512
369000579
1109309916
1441745298
634882282
1273077343
359072308
1260959240
110533223
1283381786
1180812985
480070233
1349032688
622157519
478183636
1007879768
1431911070
872617105
65652273
55247224
1272515454
1242163986
1475936580
445661113
1214121686
69981259
1528921842
1328154734
1418956860
38697192
1579150922
1581981318
1594706894
1608643711
448570013
1616284556
537345429
1646397524
827269760
1073038872
1659097592
1666433832
277178681
1696296613
1694469644
533275869
1714164157
1715917753
892369153
26493504
1715531552
43945199
892584386
525978809
73544635
1890325495
1905914352
1612760324
193521613
70729123
1912776128
539507570
278145866
1923502915
38341678
121147431
559751140
70846284
178586052
279159656
20790992
605926666
155917246
426761572
525726338
1030987464
609567058
441239596
553018306
963258583
1016572784
51362667
1147027202
954675566
137852327
343165097
158244399
448589321
362190217
1114676563
441120814
76384556
1064123172
254803029
20381381
18810387
65886805
864881161
1447421503
526812864
1771977212
454029369
139975708
14839661
329276061
28740137
305877707
807562164
293267862
20022452
329688737
25895250
573111311
573692319
155742957
42135344
1530805111
400429003
589869443
1357779576
532457531
1573789700
1113442130
743425316
33611715
1938484182
71063553
24684830
21424405
1004387720
312938622
885454746
1417004570
347011893
8086532
1664133018
368544047
54294356
307429348
578525346
546488925
36682899
377949581
121540651
468711537
57524068
189230885
93953133
58556226
47712352
75803406
62554605
36000570
62383557
415144269
318684120
34678210
60610799
19730781
186830684
31194905
19074004
16462209
174093269
19751038
7141302
43255960
227418209
44536683
55337276
351065668
22992995
54043630
29133549
25382962
152142811
124490608
19568591
25535595
110213431
41416662
371571648
17539497
20064236
288308178
1288967479
333692333
14332698
17899772
22830647
155934857
47739450
38021361
62885484
849414260
251383614
1403683958
1905848982
1858415868
125368024
52255251
2106821
516721966
209899774
19734832
130003817
123638533
1615817136
50321002
801127602
471633888
36538872
16722521
24065617
582148707
211096676
281817241
334113539
70161974
481368461
88048448
1170073116
16743093
42473442
359358183
57751453
1937895182
454491706
225868435
717169891
762454056
86129724
41410702
116836560
2232041
143798379
17168586
18300149
275171121
25347345
103081016
14763834
20076659
76041927
63631769
227402737
60915183
860220522
488944164
447410369
570123989
222953824
962400908
376404495
30719558
755313499
346303636
17762787
9862752
31127446
17760542
20046231
17949441
1926905629
588770007
187889983
793005811
1631364936
37505298
844313424
20642776
18963809
111423859
101383632
766894405
16061631
244183930
52525469
214972902
423804754
731690714
1915936110
454243257
769971685
49324978
283304440
27432747
1594875145
1529484218
17331590
751221210
264979470
1599147798
17983559
1885332650
270608421
84519893
32420474
903222422
21603879
144564284
98261746
45450902
1865956146
329670657
1284877082
259562750
222101617
483187437
1645835802
58313900
16151935
27285591
18805461
1837130893
62981355
18727763
1093266444
1005486031
703264646
1263440252
386551109
313017928
37795334
301108020
196706828
17594573
316769025
112526560
440688620
256626238
48454046
15614973
71708117
25626747
1291945848
34817173
75882186
526408100
595775304
946145268
555028043
871913618
1357969682
276332413
529583048
1496001462
759554173
554021049
17202571
317284206
118252597
402265922
115680942
507778661
258568306
417553747
909448512
484339585
513860518
400393167
177702195
186618551
44022997
42531027
18810328
1267885466
106729357
627440949
1148334116
145942291
1107859148
16634544
905972672
144570961
413491182
90093920
234922535
621821595
225630549
1700793590
340567206
466159056
53452575
263727998
31605987
738834223
818481020
836302836
329478794
48799761
1177089950
336901500
568394922
105893217
792571303
28671624
446272084
88042527
747599983
43790365
93706979
442597093
16048011
31393803
109333748
801505615
72966788
537757975
193027170
388217751
422821099
321562524
526610167
1531238594
1287138295
26652733
1434430898
33320422
87472496
189718357
534692776
18658176
134769268
777178327
93069110
242944499
211332420
7232892
117822382
17471318
406283819
74206007
18693598
24728150
1703257878
417387122
102716915
22076537
108617810
932390060
49532433
55087735
146295866
56470232
7868832
261277090
123619499
307991335
340639256
283098590
19632051
440549261
874482116
752496636
956260452
937709028
481728314
298833726
633966700
870654146
344706931
499308836
66001156
89005882
1016021198
142519489
18104563
1090447333
251306817
962991542
880786584
349946940
30966902
1146381470
29242491
18316334
17778801
196218955
1170587136
1059237650
775391719
25548067
745484792
339111965
76461278
30167637
1161026113
1254730363
1287427844
15352727
377110155
1071429800
14455403
326523684
805328677
1309181900
1322742188
609424335
19550641
460748307
57449400
865865784
313120760
946542792
580075115
132234491
981019117
30501051
168776339
25712028
34630195
17124390
21919221
280887916
1345097988
75051377
280200068
1307820385
1193594448
1049797351
1276295748
32258396
209180887
37572782
471631955
1360267604
1363065098
192752938
54229868
1374707623
384617593
627505338
42866408
97020501
18927538
815957724
1387811407
19885377
17723910
1330311762
998685787
1068988711
1388964847
77005393
1370682835
1301968218
1276584932
60444852
1413974720
163029615
1045992007
559440201
58592705
225965483
85861034
455994600
385193835
20574195
41183599
1237704769
368750056
412341974
1038913333
78727829
47160279
77245044
98537415
932209525
1411901354
26391721
866982542
852247855
935719914
115870862
874074697
374162268
324602503
209319823
304985942
13984092
1461986534
1470450392
1406691746
55155523
49750459
1487823038
19216376
770287261
572108177
631356123
36927874
16873037
406274470
1129007078
349815226
117830354
21127271
1359903498
284068601
113842205
914429610
757361311
370974696
1426152476
217137252
96018067
282134609
18491343
65146567
234361966
322173161
1527520578
1630991353
148845139
1463039076
1350124050
1148997972
116282843
106237226
1009470032
334497954
313380447
301265661
21550602
33438221
41273133
1654123304
65933640
244090730
1158181621
905146747
390561184
54987763
47822331
515573992
1526488393
1534622629
1393268005
18539631
19009994
1729819950
248419585
17577078
21318183
1857562801
478113709
16104643
1676393089
18323740
434447719
53488229
37711103
28040634
1447274257
1226389693
1551959965
1388223884
863716748
133369743
50002273
397614419
89378535
1380528751
838543914
1317758516
15706370
286841782
75976520
544726770
17502501
16742858
20608203
15308577
19661983
21428456
22049027
18382307
16476593
20535621
17370534
17707380
22639152
21128077
7439352
18272617
17724179
25408885
24726133
24252634
16971459
16647999
16455033
14335798
16452805
17878109
27126464
23115305
24034750
7746052
18498684
15336688
17769744
167621879
17274191
16798153
37954238
758922576
200910553
63796233
259074958
187028462
266646078
257593048
478652786
96627794
538259855
624857829
166266785
234887522
120916571
284718157
19711385
25540364
287933137
139824715
38734554
124662509
703568906
405792649
1412929386
1093335811
15145700
232630269
127565001
33233760
57526424
43355690
38250480
504993787
81749132
762139434
271583614
36686042
148481741
153531491
41195334
480653835
99561903
28535982
602382390
19601076
45963127
558741025
66279288
1597322442
15176823
23151376
709468550
274240408
1182484231
569671623
197075573
430011284
183305607
22961520
963784705
858013004
7893882
23814011
129302203
174393644
51664985
340252773
1902001040
1409228480
61350265
173267021
567743232
35997397
81922493
174893121
154020411
1728122132
325878445
259765193
23859161
33349177
72701241
47586577
18695891
242159258
102116949
770743248
73455602
430260927
460563074
431278306
253864978
101127351
832268136
590588558
18009671
451613150
458050146
1876364636
234865590
335732189
486057202
172579881
429458133
386720202
61734492
347516862
15998094
531479209
22059079
870968172
381036656
392283853
130167979
1849261916
937362823
14882554
380200497
15666850
129235890
180968889
137954423
26344615
481466658
20855466
235037583
561190611
143120827
513542745
50836292
74628767
20991735
347879411
299161165
553967769
76552192
202420756
1852937964
1575866546
466093921
299764235
619244197
35758787
24568660
612749413
609688392
292929271
41474891
39684472
34726326
16692057
1078367808
885265748
792995834
635172708
451082336
351311560
350422709
347532846
339298782
259001548
256732616
209278425
204835761
182883013
118575239
90208837
72961116
63277398
48109396
39551130
22643800
23839068
22239813
632466068
29215332
324095582
359647695
275738249
59869393
615675036
630422415
785894347
799003530
352757512
300539824
803545382
803256788
792043261
788164926
1201586138
85798999
564775368
156736985
747971239
33808889
591654705
552103073
58547224
141408496
532378908
898863734
1131475274
1256153060
34338840
22092093
1335315948
732910464
1340885400
1340678894
1077942158
1377774128
328929275
1547247612
562224683
1556161104
300571915
23439629
59457939
109290311
120208467
718586724
42793141
144999338
77575745
309979914
588626920
22428258
557828713
1597313274
18820392
459857066
628815402
184136149
224320485
45393855
454159132
1059240924
21426423
337932307
58516487
336919770
214258797
1711600429
476461246
162198502
19294991
983822269
21392257
40791435
546958508
423838750
490045032
346924655
21824079
74725680
16950321
20780404
105844396
763525957
165594100
245407446
247624590
515628334
944756730
527037927
1479821083
808967886
19068754
30667960
142721190
28691123
219083108
25519377
22683865
484369489
376407236
23210238
16437536
86380730
17525132
25820175
65049591
263426902
190850502
14159913
18075897
25633074
22329357
85643176
96418802
136448701
37668327
849175358
15586922
16204970
604142149
20521732
36961223
67094830
44164152
6284612
513971166
176267716
34485063
26373231
19339295
17196913
1343622692
277660829
725380874
510526745
58475589
267529083
142840853
597914097
373134823
1152513277
1470973615
271140795
1058951910
370405973
80442429
1421998471
352735911
1247598841
297093602
597066456
792271572
321579837
43259452
155652008
83902200
1301113033
1696943570
179938067
858358104
59178151
142795178
145889612
474259966
516128219
317464262
517683023
1066862112
1123968224
389205055
398657807
426804746
1027527859
130706472
1202413778
798699176
705955820
1571809670
609291012
1013861666
504511373
13284922
113727288
288995556
416422314
32225641
443302744
39609838
589346098
942111385
338843596
498127177
181974248
224461904
224667475
1387955912
540361483
1035609480
37995039
157199050
967582532
286968689
930936685
1023219266
291436851
1708707374
1535523806
473565550
818451937
403022318
1216305793
746340450
516010581
569603692
559870250
1424364883
262459467
141348261
185364364
481504776
335630159
717941166
1852811466
1857273889
419765749
24071467
224280736
245589328
1688707058
236660003
229741960
272247475
748585488
252778093
222199686
88506606
90438195
253604318
292731658
24794837
244786405
245561853
888924254
235772004
193080644
196444235
222837560
325220735
477053938
276550196
755525689
285200016
111459226
94424647
128703864
23039411
19078309
41832535
1258240430
1327126699
990193332
1222756267
89832902
451441399
591864019
215370166
329103232
1542279678
1551930272
1252991814
537724329
1167358308
22439556
1239431640
329706765
248372026
97152876
1387852393
1522487533
1149947341
26618468
481599439
1020655280
798446869
1026707586
735998252
1388293675
1447922935
776063954
111723964
1069716078
56018314
32485396
1171078381
803664816
190889540
1161795835
14520370
456081235
25877848
1710262926
182423046
1719361326
22675938
320838946
36583487
400200828
22917500
229912073
24644415
17852599
218697155
34677236
45490674
209895882
1202264959
1198725950
37098138
513895434
47418448
40542039
115198640
137728997
611953249
18315766
1625267413
259952890
255645508
302214055
1556213180
1578647808
1616241182
33218425
551188759
344523000
342856202
1640473104
356534857
15459655
1181465622
1231110486
22101735
551228650
20200780
794125248
212354436
17979604
28759666
1868644952
180505807
168761001
20630194
36660713
1345035674
340329688
19050678
17421474
111627001
297509419
15255080
26415156
605456729
887466763
407246580
14695060
224772679
489604557
261008420
389506524
1400371488
552212170
86599160
28345980
557753812
27126639
16189134
1656681169
1418934660
1146772388
1656610974
17047414
1260602342
861402456
925393867
174074585
326220200
1007983165
54725855
1110505784
264925002
557227278
377852228
1711008109
865568886
33352753
23599206
440513409
9653912
385025721
564859234
347509864
17512467
20627121
444829120
562074110
1616366095
86086167
38556999
390070069
372559556
44195372
260456583
98018563
39374092
133483667
143991239
83037525
199657217
260110835
113393048
361240879
350327018
30450580
17921769
349050849
22564903
22857860
147602417
93229821
47658571
75903186
300319405
17190443
33204628
19593834
130205100
18361595
41625350
87447089
182526755
16470068
24343083
266729129
16494269
255846553
16014438
266729730
266771109
156486150
167416237
59307230
64817845
16985679
17419007
33330892
183821362
135956641
26055629
252804358
39825606
36737650
214591318
46280418
18551648
23607281
27913733
252111838
251161634
43260001
249887059
75161264
208404599
19413640
25301906
26305357
27419711
28426541
16738582
115451449
45045898
247064909
14387943
41433442
95470784
68317248
244642437
242623637
245130160
246907909
15080346
246809953
246828773
21881127
16266203
227295262
52164334
246560456
170374476
5471752
244780081
22704422
30584784
234863747
96619143
26232587
246347680
10005282
27310535
246334897
246327459
20703053
141053749
23043955
26732204
26929105
20995324
16468612
16669895
27763756
246029646
245951819
245969500
35382576
239363952
231047196
150914858
49780377
245596766
24527767
16268010
18337093
62892450
39824159
244113804
181176354
73396250
30073314
22154259
19574434
25770761
36439884
28886693
243269138
169078651
51960594
26237256
243228938
64215597
51762952
216199967
39471985
44371371
137677110
14385111
23904981
241339772
26841370
34029453
238719221
240467713
40893976
74616311
51527832
48828085
27895902
56114628
39405851
14289723
89529683
43969648
21684649
239942404
16643849
55443681
95559996
14115754
39835227
23517533
15383880
40955726
27686943
23590251
17367364
232395936
61183379
22662247
180888990
15013252
15181711
48461040
37440508
14766533
45943551
20333818
18057985
20601358
29788212
186204470
31023102
14715996
28610770
15159913
240957258
48375423
536628128
23541816
49732867
1665251828
413519695
69598460
189542696
15739391
268641364
29751942
266045736
56760605
335660433
716573275
198634452
262401985
176413910
1202124132
346182955
888479118
774594834
745855579
55596998
1181301228
1123499935
25997252
20004517
17400653
23101860
226690324
38487936
25329410
17220785
47025855
76537296
477189086
491542871
588305167
28596234
58380046
595728918
71320010
420538880
28160461
13776792
17023518
123569559
35249823
263788298
33406113
487807422
20212273
147855564
397007825
777240714
74220358
987410196
832495314
397012266
534520642
74158255
1511228689
1535512874
302057581
1373185076
26578785
36990413
1109674572
46279122
172810024
199661659
15478576
165844405
29221044
24966457
31749950
160996956
14479299
140053033
1544837083
99302801
928453146
1311789642
18061913
63761311
231826301
1848768505
50151429
16026881
125395386
280762809
21657576
88867792
946185487
189879534
21114568
377708805
341138984
163635528
101864117
18147357
55241949
479189588
252272720
249300244
250495226
339143744
369725190
380956504
595713212
1087670996
1087803462
1242472536
1253369522
1272139182
1284141558
1334998123
1342847124
1344917784
1408503842
1467577339
1469792372
1561456591
1565879154
1566300102
1596753853
1618003147
17628481
277297925
789244177
123738314
18309196
59177426
55312717
60591114
93652097
16691493
14757938
60113766
27402828
20028189
70054226
65926155
168669204
19393245
200002241
18215973
754485
778057
1572872166
1546342026
50827378
10759992
16399949
28178127
50940533
796527032
1202153221
7651512
311137675
224351791
27671624
210179378
21343653
582310342
470329248
1011414938
65664359
19515059
244187812
1438323672
863776506
589848655
13322812
547841070
361859989
18201366
950472888
213780862
403171779
721537106
242618658
61313593
198030170
878434837
22540858
531746750
130098780
57761806
39555323
66054995
54251487
142156050
71328021
184383206
1201869050
29202852
34725096
1357216692
1485271602
1498305564
1395002228
307154654
440287004
17714851
1193210863
861625476
298045359
874752151
167305932
410189712
704843875
104874562
525633100
55381358
82937571
499453267
568385117
270973302
102079341
621035590
388513351
558124219
466130714
481298678
363748837
154759765
782649109
606864789
142272367
78070018
63493530
1406293777
595713196
158140743
260917477
16817222
23038023
23083312
552802620
254226686
613232816
22370512
632341418
71114278
1678938697
1098355004
566224425
917745888
68166416
386541602
19683460
398088661
17558702
42930296
16469463
331004401
31136822
26736476
336829000
29569951
42608496
14976283
25755336
70118472
19775510
15193856
73016997
18496709
36776888
42543498
35022147
398086240
91224855
336085411
121795745
456692346
584041305
36768493
102800191
140872610
141283241
15626014
827239770
536576391
1451491651
607289667
19343221
93288759
19699830
326377425
333543327
342285497
239244397
531565758
170873552
843670202
115433979
27090122
247374262
18107276
805757491
385221126
707652888
240532697
912598626
1083639199
175521110
21324543
50880679
287964285
36988190
50679073
583005149
1000594388
49057307
376531194
180212590
808119534
777888530
990627116
66691240
16433617
25172565
1516063496
432674236
419087706
43577172
72073705
899526444
76064527
396760688
57420781
19378957
16068485
21525509
69217723
942537536
1360535832
90386169
21771519
114484518
417515176
1376006348
1280948636
990000295
442444904
41868336
113455377
292767955
544456282
16148677
18596919
576753204
248500795
15631272
102649952
113073879
40772047
256297845
626161533
1464911863
490876876
255815582
1548743418
238251587
344751275
232649691
107237312
290317816
26034739
53505438
16882190
584140400
106162639
545721086
1216759688
15215482
248841143
863707352
621040309
23496432
122488212
15462053
1582853809
17880508
12284932
1618630170
11776352
326255267
827993324
26148927
19511717
87500030
249709488
23075831
373992671
60329634
27503607
174316096
596551178
54324070
106884993
26949563
799477532
460451960
150277306
247774067
18478188
28874419
14763087
18772897
294892027
154985728
164383046
19134975
10890372
590084816
188509457
77032777
384355221
14870670
11680962
139738464
18152308
47837269
284639726
59425403
72473481
45399148
856195111
575491879
462329463
544548451
26106957
423886992
1704675787
15031183
828170040
20073434
272488455
96631906
28390661
1644734071
424310813
1383012991
71991996
479036502
1532683519
1675706419
1357793240
361986116
878662339
223988682
587029476
140132626
342232985
335433517
513918465
48521839
131036750
114753101
32459468
17535964
551985074
45634611
227307359
5820642
232663949
394392730
82675902
462617354
410882229
800642714
803016379
1009195424
21318973
16742064
189427379
417388541
345157107
743527070
42400767
820621218
356199275
841039189
46479775
138635034
757047931
898034858
1096465837
1138549152
1135449900
1606195262
77850977
31393320
14457043
1109469626
113488773
342821167
17545624
774825306
23006862
1008060450
37039388
47808357
618172850
354631659
36564017
19114646
317967764
525637549
630717039
244781367
389471498
14791358
54306830
509370540
170432851
51452632
16068266
19425913
259492694
14666790
380511052
1468173330
440230499
14469996
169629177
1561389740
93505671
75190347
22931765
36178328
1281503318
44734898
58363352
23519688
434211929
122567777
105187267
243337600
431179457
388494658
60403024
67113606
397549256
196734895
11608952
533843517
61318348
1653621487
495473580
16455471
1180454394
205886080
452047490
1061126178
239603924
169954894
439586756
1025614039
20339983
634012810
116973665
18532343
44594328
1686709142
25237017
1687115052
50645061
1686962089
805001388
1693373094
237559482
95463815
16703058
1697315450
885864974
580551990
17186905
441405741
62734246
357080878
564226144
858646280
40931878
1696700754
548016097
590156804
1022263688
1408162200
482376303
40882725
25959172
223874068
182323176
436962820
426758623
199938797
106330587
18221356
103074779
20624559
1330307053
128234146
245649240
491820081
258526178
18229117
216855513
233601235
68888437
26800946
25542877
43811997
23276924
41856983
17118279
116319448
320538117
805669518
32461021
18981604
1128763176
18036515
68897692
16228479
25456536
360755124
256257529
84342751
21482627
487744457
22940413
30253915
52060506
15744924
47693995
774675
15669672
85982432
749726166
106934483
161034257
1382584063
442033982
89519316
78143103
1364858569
40011881
212771854
44529626
48366585
116537970
633858780
27995608
16115811
56745107
49855286
1489123262
39095957
19273332
16083346
58278439
18146481
341251022
202434686
289682124
31222915
71263866
22452980
75098975
19977599
20522345
231213589
27689265
705894774
64194057
315002750
20796822
75382418
204079463
270696561
111105433
256083436
49370599
33614600
15358303
15913018
137112281
167939711
15964988
257484605
69943867
14221435
53519025
218533881
19774888
210663919
24439049
267560004
16567567
19561069
429660359
973503684
132644939
596954246
15575139
46078524
47553531
181330055
18182408
402106381
216561239
42924141
19929362
18196597
16371006
75690416
21301933
82657929
240790556
238177562
18915145
30005269
17896154
22569588
15691217
15304856
15762819
14389132
15219929
4388251
233590633
24924235
296903483
44498071
17387589
21252385
47242873
74455838
15134782
193976920
32473363
14061583
20877333
28049266
19514166
278654482
20245031
46177325
20175865
248515137
15067551
16371887
58528442
354412754
37822955
309674226
19365820
15360275
21664938
14989516
110445334
133448051
11072912
101377674
186881077
49990915
15947806
44770583
80335962
36968838
112242274
18570258
14565254
51257833
18072798
70461418
374331041
21795901
274596432
24484212
51375060
705221179
381603450
18653708
329923532
19916238
158060289
16259228
29810999
1235618354
487636923
16045956
34343816
35120520
555307309
38231370
444940567
44209472
427799256
28918971
21282379
733478227
10638782
6527972
10284472
44224256
15317462
462508362
817209
23478246
5763262
16186995
184997446
811350
10078
41044925
60642052
113130846
14277276
19407053
1081
14278978
182055312
336914782
60772365
972651
18950712
310424310
40933275
18467691
6620762
242872360
13865472
18359756
61083476
376949684
135575282
455080677
17995040
22937104
43958971
338553588
121818407
17951850
261704678
63787812
100330153
73453532
252110905
42442665
15562948
14095706
1327675195
22797378
119466953
126702377
16686673
20078596
159302049
65453528
11651202
1430692574
15471040
20323539
15298502
24165974
868298419
66297057
234469322
249798987
373601625
294145954
16051035
1596100232
40268030
472948434
68741026
107429305
1454943638
398411515
373623608
21315898
48736109
14805903
43951442
233868302
324137855
115683803
39636135
636933563
18743710
64197283
329323059
30956943
15736874
14836546
17903977
145310639
11246242
24083602
378315034
541250444
38484359
428081159
707305604
362800632
1323586710
1695563521
260272753
403833066
26643907
73657657
15997823
263471041
45398966
15754585
309431700
467586146
15747938
45574231
14213413
18146091
331058416
42126668
727242919
261918703
18592146
27513648
45156531
18780607
16265835
8162322
26900055
58966831
264268489
53229950
315878798
18963842
15727317
16405291
104299137
16930125
20957491
96442308
140640762
1138688364
110918004
21333396
144350248
171556020
1691741592
23010592
15212187
37841185
18190143
15531670
78474104
177584156
23064098
475474772
51982954
18466375
221634221
89277004
212302405
331693829
130600206
178052949
14229113
1148946512
29878446
210589087
238620696
19147440
344183325
82928222
6999982
310730506
7515602
14925545
146415083
364492655
30229664
948742182
263184056
1359802338
231333567
27315002
149315713
16899520
104928329
35014834
17412891
403851356
593234552
94682674
211921304
38191376
16114917
16710420
466099598
21791103
417393341
22170482
33348604
1220299286
15982708
16896485
26873313
14063903
19850687
19039844
281220611
138499478
74515918
14753790
17211512
348861268
22861044
14095234
1109818621
47663118
41112903
431049342
209941571
258527170
208650694
21829541
107633302
1055213018
313719282
105230963
179159875
302908620
26730532
142334996
78964452
160915451
223506587
362668272
475258107
89980738
18235844
21092487
179202010
158349187
20791176
564828430
112396470
16650431
18468016
88756088
15727325
73191261
18309989
20092071
36359791
61513561
14305168
20132159
171713447
240788476
23443118
43314461
317380122
63618328
17632001
243033731
182108140
612764435
50631904
25134166
18109506
48517071
95225893
102462054
19921069
9478992
21839936
23821012
16241825
1323034435
414303697
115860485
282050524
15520229
49450929
201169067
17210450
105700368
15737050
19734710
33838795
171600002
89743970
19447451
131502613
19593048
1020058453
47440513
14399200
1279521343
1010360268
1355843420
23492750
26410248
1401281562
160561725
255788371
22966253
23197119
1105972124
520932812
89496720
553562402
25085383
23626138
39424828
30281406
386343661
21062652
13631252
151961600
371329139
575593546
190589983
275825889
168486243
62890739
95968926
393577394
898296218
27943433
42157663
27789999
302353072
457448375
899089340
21674448
266830495
1441402320
519739383
547969112
5695632
345057428
1247651756
85612928
57407660
19539082
41179517
16054353
55898564
31896742
21925192
81100233
246824198
65703588
258556224
126452478
246962287
198537765
18087755
469610782
211029823
62933995
903049778
240714470
14046665
46670785
119491659
798897338
19211931
97150206
1443873522
737000150
24091188
296866209
243670716
27106667
72360510
17922886
25953124
618305236
705689492
915140918
1444657832
19863559
1497136566
1534389121
44769565
21044127
712410050
11102352
290709364
146096272
33686462
79292033
44682276
15749725
192881133
20616216
29487664
15029174
78955607
317537193
118419982
333157611
109311432
33079769
553745810
17854936
114455520
483341991
1129920379
118166301
41501988
275870482
829735580
118739830
35243145
51139120
25303557
19314540
25877695
82402458
582451659
261752463
16337264
1084811892
1132384465
1109661295
732980827
334670570
14282169
26667661
1665536636
108416848
1662929678
15627208
41134787
42790918
776525514
17841033
16242309
16051808
14465607
6742412
22962633
571962978
18124830
950328072
960696949
960962340
963480595
1048784496
1058807868
1060487274
1065995022
1071900114
1072382221
1077446982
1089334250
1155212191
1305596696
1444015610
20706302
620298978
346246365
460438195
350338890
24210409
799068428
269507366
281021347
18050815
16030997
21011653
219397708
14251225
18820735
201433072
117479531
41117537
21609124
1621016852
80057840
14410707
17816420
61592630
28601516
1483067197
856490520
1247950627
222911412
1933161
14239890
33517697
22792695
393451707
309599859
1282259785
48168039
468394342
6127752
374539599
607558905
77807342
32071013
433735330
139402409
429026020
19409385
102800830
272490401
24099461
21465147
522329652
73408582
518644221
1444853400
1444446630
1336169892
20406676
1137600571
18176907
342805933
562989744
19952863
293447748
34127229
103087786
103976641
54549150
167407176
1110526310
18697188
14354476
966880874
1058345042
1058460818
1209417007
70708097
17198100
1322558402
107441863
211887629
17514024
294920573
23077947
1327133264
86127027
29209295
109073781
501832763
23130486
966442267
248021409
21126909
976969338
26777550
1045853744
1072585873
15724082
1109278428
1051446626
1113202375
1197242232
31137309
494666497
21137582
452407236
366778768
574711303
135265761
161783222
26655737
522652963
562891691
631988208
543374119
17972451
25099042
50325797
21220931
21252618
316645569
163649390
95932955
189890399
138895307
18793494
18814242
18731028
19911382
19734687
20602415
16669548
23873205
23956486
23638881
26030550
602426702
55933664
49968046
41688209
79050825
47746285
25708319
165624747
24866286
43670834
21127104
111631485
322163530
20013678
138824607
21422384
27025414
50687788
16210560
170010116
100300950
33701407
19395523
928519172
975200486
1002503960
1545676482
1092344336
1131917492
613725908
16346844
211178363
125445568
38711055
108376246
266133081
76348185
28599820
19040451
40281224
32442757
19668853
35664186
16583306
821722238
17480797
18082464
15394954
14246001
15172810
23258618
16742053
83932732
43345074
135931182
26487169
7356562
378848483
18480494
21821061
90490354
119245234
27048645
17182076
7193212
16894251
187438884
7126672
17918065
550401754
272542662
19563355
14934964
19416225
13491312
356285402
19070152
526754298
195845165
82682647
79231425
394301707
252202113
61278865
106639334
204484791
15467058
150521893
50651734
102836807
17637983
248793392
22950685
223315275
282123785
516854956
59694000
232603006
418991627
282282694
49697450
14774189
18981785
17800215
27005375
83288892
24554234
256178459
237418907
36588739
17993620
122212010
40927068
16256269
20635633
15738163
85634177
104615577
13067732
39308549
402719755
237770636
221162525
14587949
51228911
43409523
7039122
402029058
117777832
15210284
20733972
1652541
18646108
246341769
759251
17993906
21619519
51241574
17487795
15987296
14730894
190328374
239964567
90484508
27744185
22831059
46557945
33655490
5693842
13218102
455306401
15923226
235312723
90252949
14828860
47358070
234022257
256113470
21572351
15356407
8953122
30864583
78369108
224294785
36654245
237862972
18805303
20608910
15075753
16187637
14275291
124224165
17513304
23970171
19912734
15600527
213634439
233842454
237312687
242926427
224391627
244268646
233949261
110545675
76350004
249219716
28176898
23712174
14344823
37920978
24735461
17544524
237944147
240376522
234053893
61197520
20015903
229197216
252819642
233761277
1367531
11134252
60984835
234057152
234812598
137407124
20467163
161743731
37461389
54517272
278145569
217543151
258371028
17976923
8542882
18317325
24773493
19616327
235258843
246769138
240760644
47231549
114756202
23976316
41445718
236916916
235271965
248850174
240385577
211530910
234837632
35006336
15281676
5741722
14412533
5496932
237781383
154591966
18326235
237814920
26051676
239871673
201079432
46176168
85606078
221793778
234797704
237763317
17411918
19293193
24179879
240393970
18891923
39510422
7402662
5561412
15428227
807095
5357812
20192403
234822928
22508473
17068146
15445590
13224032
19447361
24033711
10168082
109280446
209792690
233557728
18166778
12788332
16102208
15675138
248699486
21678658
15160884
240363117
19739126
24220508
22509548
211420609
34340464
15207668
35829796
28337697
14095883
1917731
48115928
18953819
14738447
16095565
13804112
23703616
17044248
39587984
12120112
9300262
2467791
15922214
22528309
18731453
75367781
29766367
7713202
20059284
