32010840
558769636
15954997
7591572
723517166
106520446
123327472
18805303
80638910
92372285
15765991
85131054
136300373
243337600
78390485
12272322
18825339
266830495
21612122
18767699
39155029
445144142
19195094
16815644
11856032
115564212
407013776
59331128
17243582
16156262
13850422
27055034
16958346
33248363
164747251
119521385
22029553
19344825
71019945
29221344
3459051
13201312
16029780
17596622
20068053
18713552
42697488
133850987
89444541
1604366701
997684836
132953997
181492487
212304085
38516217
17787705
75912185
16760131
2975350155
18772897
3044993235
45399148
3047567204
807929833
15485441
21982720
15808765
43919633
275451635
222880659
174301270
168804798
23600262
787373558
36686040
221162525
171598736
486694111
242555999
250188760
29201047
323440720
19682187
231510077
153944899
210926192
60828944
3133901479
58802476
257021002
28347912
98912331
98909375
40057701
16174575
88675499
46109869
22523087
292594517
162069635
2362923030
3058885357
3095493190
15309804
622066615
135575282
248820522
3027286779
1236301081
15588657
15923226
24466276
18523575
235568733
1080509366
1339931490
19186003
2467791
19658614
43409523
1058520120
1531521632
35773039
16012783
16955991
15164565
15492359
404132211
377609596
18510860
789244177
217550862
995193054
1068499286
37291805
2413170684
59159771
136143364
19608297
292935209
252249233
234014087
278124059
150078976
235373000
140519774
50393960
93957809
132278386
14368074
18137749
1603903236
1432142671
24931730
22669526
18696134
47412499
82453460
227088228
168673083
43763852
138770045
36957404
34972633
33563161
46016028
112740986
19726613
14984637
171149542
1513725236
1499576712
19918558
241207373
111379452
18695134
74508260
31801993
212262370
216503958
199325935
248735463
267938462
245451804
479872233
303861808
38254095
385429543
7356562
381152398
153486399
80612021
239905257
156333623
168502762
63169388
25781141
22258367
16571326
2387244938
2233154425
25341604
182441611
80039675
845781432
2695663285
21921531
47652227
461720085
291192260
237446906
575472845
302900516
1864691
14561251
18783727
187306035
242584601
23450905
390828876
43375260
27487492
164369297
507624664
16568549
571214272
121566546
138479037
14327933
45730819
122490839
281593711
14538884
26183281
14246515
2340975001
758374478
19940085
234815862
83668232
422829398
16789970
115979444
14466538
14377605
15667802
757303975
1281405877
1093090866
278776049
369505837
595515713
114547989
102427541
59889118
103108640
64120012
125453969
125995316
430898202
21312077
237770636
31611298
21765244
46950374
22012091
2206805783
16117304
206346277
102496411
26628211
21313855
22061951
17842366
17471979
14293310
91478624
20562637
67358777
34713362
18949452
5988062
3108351
15754281
15012486
28785486
759251
1652541
612473
1877831
2097571
5402612
742143
2836421
205864193
254117355
18227519
184136149
89820928
14962779
21862217
54208274
409456907
45671898
475286355
42389136
364423298
91180720
18587457
4207961
158426909
59031230
15220768
880686198
15727317
15463671
21431618
21316253
13524182
9532402
79743108
1488463015
21252618
478311850
250784170
362497518
85606078
18367959
432676344
18622869
16017475
14412533
14246001
18678924
108970660
255347566
87470943
2796155975
39853442
108376246
1074129612
1090002997
612117635
20747881
26283468
309070309
71569841
463132556
24129316
22837361
300304779
1080844782
310310133
1061385474
242426145
1064206014
1128781184
26637348
776664410
442824717
155585373
1077121945
122174004
1058917562
942156122
389840566
950783972
1055730738
1037321378
1071102246
1262814457
937723303
937801969
516880804
1089859058
408816873
22650398
27048645
1055685948
594830033
239521207
56864092
17494010
84119348
16583468
258900199
119250381
1060984272
85396297
221792092
22812754
1465102206
1012006255
161791703
292990703
263815367
158398519
111635527
249410485
24913074
249348006
188019606
240812994
137794015
82649553
193732179
39249305
30216513
20545793
88806753
133832049
24745957
163570705
58928690
22812434
20552026
19318314
28096105
245479935
121524470
344955115
85401970
262461547
30142600
29764833
297510233
1051614960
49640770
17061263
32377189
467823431
34013800
95754669
271441733
2445529788
134846593
176505232
239482995
633980404
29450962
39097715
44697596
67408377
19834403
62850178
154547569
291847156
972837709
78039249
314107277
98725980
177719616
1945089829
14275291
31122582
43963249
2272531993
104229655
257302726
626575044
2218353349
435856817
48086014
54574043
18277655
831315818
24195214
97304139
17219499
8505142
305620929
14135426
1404590618
1548158070
212320989
316455342
1330457336
17112878
330592913
122169458
180097920
382161029
818152711
621213393
182503471
1051127714
115485051
21121491
160979599
1058006570
1169535714
41393531
203266852
1055907624
46139026
510877815
208718577
33919343
233368344
342803375
27901418
1331091
335946517
15172610
14861368
489011213
82689705
494583213
477180995
41589579
45069745
871872834
341612471
126629610
49204865
507724957
78408666
167040741
16669075
18781212
17313145
36771809
435236285
380286939
28309991
222666657
97053793
28585191
120428513
5741722
274588092
939091
16189318
260803616
16192197
72198806
394046454
66268552
6355882
20117313
43380331
50452197
15922214
14717197
14677919
325830217
154309049
111635980
17004139
442441080
28602948
267854863
161411080
148453195
20772763
92102359
106000441
197594920
29501253
59145948
397250950
8487622
44911272
32135510
19674502
75069067
21619519
20608910
16157855
20526733
366249582
14511951
16303106
21768766
14075928
21406834
20010519
316261430
27947999
95338595
182916018
135871323
29787193
85645397
21551945
8861182
16030899
91202207
11856892
15224867
82423741
158913287
208133682
92051064
260973480
150856382
159107483
16311464
29205600
15987296
19670226
167412391
16129920
232268199
14529929
20091013
238259855
40260612
26548315
274581613
240513688
258885469
16715398
377144067
813286
244655353
41406594
29729155
28578875
348670750
369796204
49578063
348672658
21361228
31305382
20682357
70771229
137466464
39367703
93069110
50073507
18909919
20543917
153919023
30313925
18907639
48802204
443765695
13706372
21615017
286806376
405284621
19362037
49202580
18468374
255319616
350301334
366825119
33576489
807095
51241574
17006157
14676022
9300262
50325797
331684134
31128529
300318180
164803233
164007407
132201224
242892689
16409210
367236644
369642122
312134473
23930518
339852137
72770853
155669457
266719387
119980727
75052666
193872188
318014271
40302336
23617498
16543760
22370581
41697163
21637887
306387389
383364146
252085815
373451719
20465881
14288263
37945830
288383507
44378012
399584391
229147972
54947473
15361570
142051877
396753503
21457205
364877284
328829323
108617810
305096044
15764644
147655518
250247506
127861493
80317299
19107878
428333
24619328
19358607
13491312
