22779546
255109294
19263978
342601720
153486399
15075999
105925025
189129306
2293131060
2953494478
30095477
8539242
2896274542
1058691792
47408390
432766911
1883356866
1704989844
66369181
39510422
12296312
20607098
1058520120
1089287436
180531557
49472317
602997805
582806882
171485883
252888830
141229888
316994994
2284145550
148376661
133456403
293120622
131204770
475988505
919804596
304576970
126778508
23814011
540122045
1099643539
50004938
21213276
2437606603
239905257
1323117860
1169292122
18943141
256225105
508003233
11379362
22094423
130575576
2398066861
517112861
57655127
26133847
19916680
15987296
93214597
25456536
1089334250
18036515
227343209
505910139
76955920
263529073
44960116
561489171
862067606
378032622
1531521632
90077282
10691752
380487618
45733048
469610782
18981785
743544404
555431088
705813006
22772264
21866797
505910157
126401831
19608272
106135104
223970563
19216998
248500795
103087786
589100821
27311044
2355258120
110445334
21252618
59331128
16930125
41634520
107441863
745905781
493444752
599445337
1209417007
997684836
27882000
22891564
15212187
518644221
1405337395
912608010
1137600571
19349730
1671661766
1466483503
22797378
1564057105
1430692574
203652688
987108866
33589577
296361085
115704886
15637008
229857213
211588974
21416670
223525053
85606078
52660746
23096449
15738163
488781765
15092914
317750991
7126672
114896223
67393806
84318793
14344823
82657929
292972175
386092483
275572403
551195347
234370900
104324860
301549400
233696188
132135600
56413858
114388293
14332885
153149305
107444645
262324473
51228911
84928925
21220931
211887629
11348282
16187637
15958999
257019844
26755480
399452222
14662354
21204583
16244789
77017567
10840862
20094138
15210284
21619519
309267226
314335929
235217558
295685416
249288197
19069733
198526130
20020575
33977070
23124635
57428429
17546958
15731751
19553409
284082297
26291575
275224194
65703588
26530116
19394188
209792690
14412533
17074440
15678049
20467163
807095
109280446
14572312
29503900
2704951
3135241
16827173
15281676
19726613
81191343
20444463
133439172
117537998
183310120
202623727
381036656
15087826
14142000
59553554
171221837
112423234
191613738
16097702
22508473
28176898
50152441
22831059
26778110
23712174
37920978
40318829
18805303
16056306
20209807
19407835
18030431
23970171
16102244
74198348
15356407
32010840
22527499
20088666
21329888
15856366
16424044
14275291
37007274
114756202
23103488
12788332
41445718
35829796
18811140
19658173
15751083
15600527
23976316
36654245
24773493
55235265
22545491
24183358
37094727
161743731
70756980
117777832
75367781
20192403
234573331
20053279
26424123
77250424
76452765
249339682
48117116
254082173
234906311
281540744
217543151
33655490
52503751
299883942
221447516
237418907
161791703
19139963
54412900
18746485
241207373
10102032
76350004
22055226
20879626
78369108
29725914
29230426
14107459
236479311
190328374
240393970
278145569
16242309
34337069
15013533
37623399
123032743
142321780
48115928
86141342
82959058
64940778
88058002
26038112
32037432
20073434
23989411
15293542
124374148
58794909
250710495
234797704
252819642
282093902
239964567
224391627
282735852
233695891
239561508
9532402
21307076
15931637
50325797
15160884
35218566
27744185
20733972
19417492
108110075
24679981
78708919
26051676
17490181
21769059
23635145
70974140
129375287
84620376
36081866
9624742
84927367
34817243
60984835
18967498
14767487
19291483
21909248
18317325
15997859
46124876
77512217
24544672
18767074
17295769
44516275
29492178
8006412
108322753
30887511
117633137
240790556
142334996
243670716
160329209
135727366
246824198
296866209
78300033
297784907
36127230
18997922
17163267
17301926
18148730
102757661
87732721
39286153
29286521
61339834
80011743
254118150
17489156
33736887
19617642
19295233
107194375
90704187
44203257
15021102
15715385
34141278
15571760
15183137
15210909
59695358
25687817
270536140
226284168
227047717
38679663
52377999
82631849
121158091
111083129
86114601
14293310
5988062
22650211
82632069
264261245
1652541
15954704
108617810
22692199
23029093
30295183
84690372
15918708
15922214
6017542
23054833
111628639
14437914
18487054
23951197
17513304
17800215
32506723
278671632
23259360
106522404
10716742
91253534
219067469
34295436
14686098
21788991
25590035
38516440
22644789
21813637
31156955
24769210
79846797
183445980
25538095
15675138
15923226
2467791
154591966
176888443
240700617
44961317
146569971
78408666
28576135
10126672
36681590
36771809
98364447
74741722
135931182
16028241
7402662
8775672
15368404
16669075
17409240
18058609
20436059
21014087
19658936
17045060
7152572
17629860
17074187
15587500
18528834
34274380
38320343
26810542
44777959
14803372
70765264
18990471
106895787
25552666
78669790
16616061
21783950
32062804
14074515
23459707
64822396
108958498
16669548
41134787
41171865
166690346
167512712
223988682
246826124
278651672
278088173
107429985
267847432
264401042
48456554
189149789
24083490
9803552
151485726
84450614
31482567
19613365
19660198
44524018
19002357
159160638
14270919
14297692
20102044
14363660
27863698
14601541
223487186
20117200
18053122
14328484
15461851
16537782
17354721
50118242
78964452
19926675
16256269
286736870
101562699
24179966
18217624
124224165
19769489
7768692
16960789
23783692
23324461
17293710
29483518
19996604
108608692
65223701
17133214
18910898
52828259
260237206
28466871
36214547
15138002
28102087
77236054
21966217
38463135
16616364
37796424
19308444
42927355
82196909
59350172
21925192
18087755
90424252
18773630
278085713
278090286
278088142
17904241
15745674
18981604
82629663
82662092
82646225
37203055
77010546
76367275
25534271
18436173
52488897
30030319
87494802
90483921
111792597
20026041
39486792
23691120
19466786
18218263
19365058
19908210
19539082
26825982
14046665
17815139
50048046
23132145
35664186
22509548
73474377
16186768
24091188
57403116
135137503
84670097
38657637
39490606
248812533
21109556
16628964
121434321
130652402
124575891
24459739
59793014
28471924
20957191
19615223
44687465
49746479
34424156
22931957
17480797
27935464
10680412
14199378
14084032
29481989
25574971
16741915
15931534
33912460
44383616
16577579
54935087
17328436
102079341
122419634
41368231
36352971
49987278
91384350
20202335
90422822
76019721
34596267
44439070
103074779
23032184
26730532
167098327
24692882
15516354
96831824
60911235
25766016
6519522
101832945
40243541
183202351
14332698
16667577
15081364
23873183
32401447
129821560
17213289
114332951
19152943
16408749
68271578
19863559
64044080
428333
15012486
14605192
9300262
18199105
24178187
36395921
87793175
41729421
119196226
32461021
19321965
14745080
22166171
19596240
18814785
18056236
20487767
16659647
23821060
20601358
15669705
20022774
15601204
24177252
16294929
22623140
15894654
22647963
20597016
19081254
14927933
28483235
11777302
42943322
14347328
16559135
20317918
131928173
118795150
24745308
82653915
234079933
17487196
134874658
19602537
44986137
15763558
36644733
15304100
33517296
18692730
6485082
26425627
19290448
14296157
14345492
82187140
33529614
25559260
24209004
169930139
36069736
111887161
26303584
34270080
30864069
18846918
59588099
23768875
24164958
23092890
20792010
100573734
59572193
52128017
40010656
44668355
30113754
12786982
16114917
50711587
22974248
222252522
18193924
38213357
111407706
204837253
288821595
268370377
107111910
34273196
109602965
267850381
42961754
33348604
22526014
31896742
33931475
14730894
15232374
25446308
74515918
242376736
83603750
229197216
137407124
25086658
8542882
34340464
193794406
155642785
21660348
76966145
246769138
18277655
234128524
26324609
234469322
237403203
236487888
237862972
242873057
211901075
237781383
17544524
224294785
235719973
221793778
234053893
236916916
252819323
238321369
244268646
235271965
240376522
240385577
248850174
240427862
240363117
225921757
235258843
246341769
219429281
234837632
237814920
233949261
233761277
242926427
222286905
236541422
237763317
236899846
236960387
234057152
201079432
237348797
240760644
234937222
237312687
235190657
237944147
17896154
249219716
213634439
234022257
245408102
235312723
248699486
233693291
237750442
218349372
234812598
237299871
110545675
242761889
235289157
239871673
233842454
24735461
29766367
20015903
5561412
18916432
15428227
22528309
15929890
15985455
18020081
64098343
235251868
759251
1367531
51241574
34713362
20402945
3108351
91478624
42924141
7713202
14587949
82629367
17901909
18566912
17976923
78431501
6577802
18915145
15394954
18166778
20796447
5357812
18891923
19739126
45398966
15207668
211530910
234822928
18820392
105230963
26576359
10685542
