22934648
42924141
26777550
26051412
233575823
14236327
22798758
19744005
356278148
67136001
93774590
250402748
31451472
43421744
1455549548
591072345
200138313
130579192
295495727
627471055
558018756
19945609
23844304
273464281
48144050
104934019
550369381
18951956
143603362
159153177
1158478068
26915139
594774290
1071971822
161308698
11651202
966442267
51276653
74198348
252819642
48117116
225921757
18777618
23078432
246341769
15725686
16032925
15116570
22213172
22213749
16082893
409584246
309128223
286683157
133072900
26097041
167150943
148006729
37710752
43911755
16636232
19807561
31037273
325015863
431976565
563144446
58853276
260904200
31267020
165900664
326680296
40331814
253872062
493165604
448367139
159478788
82091694
17631636
247900715
530820814
176950935
532481362
16973186
430245957
392504542
519927975
321196641
34434801
16681146
122686374
28672288
19989814
25596709
428619678
37900480
278329331
235217558
87599123
107633302
553956887
27841490
42834939
558271726
526543401
539082370
19024839
524407940
104971300
336758454
34077884
293879198
40593573
356461084
369605327
510474659
172487174
388404034
49431141
289491885
513722174
19162179
486913239
548375614
18120515
399440328
32950093
137461989
52967935
437585144
13065122
536893120
108450607
40032780
367130615
34871734
17399221
190409565
421460415
89235458
20009204
91453718
435239914
535353343
102227053
239103347
222569192
474008894
20864995
21965432
485341505
5558312
370493787
171195959
173281709
91038197
23802600
412735122
28425372
511936352
223053601
103184641
18702114
223241945
22113371
117004374
89590840
99204313
235477044
26313195
304061756
17611447
15186308
19409472
7651512
14894643
353866329
25857217
67620248
21361003
37248934
27781693
550845584
14562259
19877680
18000275
32110246
420874684
26570224
328457935
15460793
551478944
15790787
283319878
61657281
15113529
17830360
321147235
16872076
336487818
474695413
537627936
106565465
231815020
30285927
239861983
294390917
141238632
422821099
30508936
2329211
35784576
373995260
15728765
15485532
10102272
302422512
16569075
502181077
303515157
6623312
18244206
6576292
290137961
285176380
249690709
112888734
40803277
11395
127486569
128451218
1929121
14235903
32071013
14621634
187059363
534745180
14231321
30974710
14365627
35874681
481728733
27290233
208657841
368927341
120548553
18089606
33116130
56202097
498911171
463371329
96033630
366173698
34799441
17609675
54081437
14367719
461089319
16930489
18890456
14989516
15700997
68869910
83206215
518235458
339280276
46459065
39363353
8793352
523875236
303429035
18248358
374041659
27287594
256210651
47296192
528812892
481248982
25214807
490871036
121954258
74767750
147707190
148348430
534405915
20028396
22028039
378158379
17781769
101896464
533654788
40941197
320547786
19090010
357710174
533702418
462382122
24298528
15756963
59197192
256398337
44537489
138436193
44245008
456157473
224324522
179277457
26296010
544376578
29929730
551019892
102764792
444861104
22108222
555593757
139205991
55045856
552166372
274119116
148010987
268381591
267716110
251307503
234469322
234057152
252878801
17757005
21668580
514883945
256748481
415981838
299883942
22508473
36654245
562202618
225988872
562180511
222512397
17876545
22456513
145109621
447040978
17934084
237422935
76348185
405928195
422374244
218354245
172594868
436171919
182602893
282637152
450973354
56547978
33544750
283778982
48030286
390151367
476487716
343424415
480689202
193168534
481500181
171683237
192682116
525032705
527054571
57377437
137207520
26220877
536045572
27922261
535713696
185266889
32724108
153049609
15201179
7749102
29992948
80676084
68561946
242352820
22055226
240385577
76966145
217122541
235251868
209138950
226634176
237781383
15365532
276580136
278145569
221793778
233761277
296361085
236960387
193794406
44401911
15724082
89527828
24811659
20128206
89496720
123936379
18403114
125448135
44901486
16187637
164412502
146516713
16661504
94216936
24982090
28193389
18026634
113437242
118595484
210914580
142015635
279711316
29578061
58312891
300303510
17596622
18915145
221821574
33358785
28676696
245408102
70683132
16015621
291975035
147956779
85634177
10691752
197628846
272510657
237770636
21351432
187759997
31353077
63749707
240376522
213795411
216881337
246952174
61842393
321820019
410857854
90463824
360978826
123314012
553915619
427124393
16100318
317330534
557806506
457733782
341600081
408523877
143255677
54313062
402029058
561967381
783214
72547151
249339682
12788332
479920635
479069420
453486543
16519670
22435261
10168082
224285242
8542882
28712882
15614141
95509152
24560882
14744403
455278761
19739974
18293999
267332891
402170643
75939860
7126672
26533227
501041889
224294785
217543151
64534908
2704951
94139317
20245031
21619519
157147941
17546958
22271644
14904437
46176168
8216772
15867018
24731178
18636001
47382788
29466736
461292198
7597712
177183681
17540779
16296575
32740506
403036069
17877703
364324160
18803462
23121519
237403203
15394954
124224165
15428227
239871673
52503751
222286905
16256269
640893
30864583
21615519
37007274
277040040
159143990
28228617
39691572
22289571
15856366
15075999
10102072
15496979
233737858
234053893
202206694
343171266
219429281
24735461
22831059
33977070
23134068
18805303
12674922
234822928
18566912
75037263
85606078
213850358
39249305
67150806
251417152
188681841
18101925
138609858
235271965
14246001
276239802
100870255
48739572
216214819
61391072
18558029
84126669
28785486
27311044
33655490
165533941
168547709
203077831
191613738
33911073
23162064
144986277
171605031
14766869
19739126
104221436
30757332
25210363
14781738
42259293
21878635
19931057
35856476
55396775
56413858
242926427
18166778
16468012
17078632
15361570
103952733
234573331
41445718
16283432
17882405
29483720
32496392
15745368
15922214
20880212
8251132
16925437
143779492
18019121
17872997
17872952
19686644
15245652
20552026
18079984
8128442
15450996
1367531
28668804
24773493
30467694
249314086
39510422
34976869
229197216
44215945
126771455
81943278
16933756
188458203
97248544
64576818
83662443
15526287
67323033
15756268
21776552
38833974
17027102
16703058
249962732
235258843
28377419
186881077
252115520
22509548
14754469
71358042
147874521
251695923
14061562
258416604
93532608
172528161
26283896
144623406
15160884
237312687
84620376
16056306
213634439
234022257
24183358
233693291
23124635
17800215
55677432
18030431
28176898
15751083
218349372
234812598
18811140
19926675
26051676
55235265
19929362
78431501
20796447
233842454
76452765
221447516
18107400
60713593
236848479
22527499
18767699
18793575
22528309
240427862
236487888
118914594
13673392
20252855
19139963
13218102
15976697
114388293
39661097
20403421
169472184
18673531
240760644
235719973
242761889
18967498
50152441
17544524
211901075
248699486
110545675
15962264
20030252
41634520
23069428
23620606
20470513
17763693
18693598
17763776
17824265
26064408
25356517
20880041
18543098
8184102
7093172
20004839
17872511
16877550
14937028
16013365
19219242
15798813
24885055
16280229
20880383
23260578
14095216
16512271
17790608
34359177
20075636
29911112
136281777
89686722
23203100
153051779
131039788
59856467
60094089
19461291
132584411
15966651
112781983
15124448
16631997
121956129
36804447
15207668
15764395
79517010
163857728
74552263
140992936
66693073
30822314
19593572
16086446
50777555
55360231
158769098
14669951
15335534
15770273
30023735
14412533
112786039
14408648
116912096
18791763
22233289
15089331
31999918
47247336
52538769
16313592
102806255
20104506
17141766
15024479
15554922
17786785
4207961
19173787
16245927
8108972
15246892
51228911
15754281
223970563
18146481
29212726
224391627
65493023
25781141
20713061
14161555
76043920
18217624
18891923
7713202
21703263
17976923
42681616
221162525
18749667
54578940
10432052
6577802
5561412
9300262
18916432
19407835
5357812
19396272
75588359
175638897
32964917
166161888
15703546
44749064
214361152
222507818
173123682
184811490
219010139
21758521
99095270
59132205
28681327
19691570
75345332
73099200
98158642
21768232
26376733
175422389
20635633
23229063
214852995
27029454
50525396
93552356
45549366
33456186
40932661
19622198
36150764
147801139
114752673
73462509
48177361
208663829
44438692
215362751
224327328
66572003
17828331
117213736
208671734
18356322
10615232
24801554
167569476
18871191
55926025
207796492
130221279
1347161
118383164
76076931
17765120
18351093
19512273
68807455
21238440
54759742
21308831
27181317
221633509
138459524
134198957
20941934
99169192
188324973
225268487
22096602
36588739
17914437
26287372
224654258
181770665
43979220
201693197
176589375
90944717
43232530
22046785
213051445
134925103
22277955
18400385
224830780
16652884
77908248
161485856
89874298
17885419
216455549
49709611
128315927
222579429
133484445
29766367
229119864
63558520
18263297
7790202
125871691
19160709
17342632
16282011
163697123
45156531
14865174
51449593
7315022
19572884
23255392
229739067
217548189
233259623
34964000
233603118
15675138
234041467
63506775
127587958
175102610
55629060
111182927
80403646
24055334
234231905
234399349
233601235
56003896
118778563
234128524
21305855
15763535
44413144
138056525
96869063
19326390
22375126
16651921
234066303
19518542
21136403
37194117
17856804
209792690
22176735
221788983
132682664
180888396
235318234
196381946
23559506
25802590
18450964
21701510
46705928
22036838
16815644
24122912
117151630
26618468
17583430
105860187
239964750
15029174
54670992
63073834
207688934
227590457
18169437
245854316
22168877
244985138
23258618
41228046
17157883
99523081
15779125
240839950
16030518
19468243
35821561
94178441
203419690
163663628
104727439
176539869
29394062
30045475
36117128
24739879
243968282
107462611
15075753
196451506
18480494
48634621
237862972
237880304
40506540
237975133
46098264
22216085
32941980
16641691
164166350
233834849
233883183
241291785
25011842
27172954
26420906
192441406
25835522
12654802
15692717
19762048
44353878
40922363
233557728
18929551
197020705
235312723
155954102
30801705
232127685
235779807
59163123
17513304
235027785
14438670
26596727
45762728
172403395
198323147
205889882
18030711
15895015
235190657
233287999
180898332
143516139
14621637
14282169
19784264
236021925
237784477
19151741
16155503
123758324
114756202
15958741
238670666
240567773
23188115
21351447
17120599
15356407
37461389
143258569
123309919
21812698
104570561
14650810
19616327
240740528
137439289
142300344
20467163
127908221
102412552
5651322
184457357
19791567
237299871
19758326
241619268
221881509
113496872
237325663
18060563
