185721797
342590917
526630137
38254095
153322270
1169652012
384915512
16149614
19734832
114050808
16018516
7402662
19608273
9532402
138479037
21612122
14268812
8839632
11856892
20508720
21268897
85131054
18172905
14529929
243212564
80617430
15978412
15446531
21696279
52070270
342803375
224320485
259395895
4119741
14270650
14049145
42692687
1176994477
16081831
15164565
1652541
77852581
300497193
16955991
51241574
17142046
15906481
98543618
135575282
114547989
1106501
140286364
16157855
15220768
59031230
453319164
21842781
16113700
31127446
28049266
45604374
123738314
12354832
184136149
17881467
15727317
92079350
137466464
80638910
18909534
16887628
24712487
13524182
86129724
46817943
108617810
142721190
874916178
20378448
1339835893
87271106
18963809
50073507
24439201
236026761
14246001
79743108
5336752
93069110
33222598
11680962
130945778
45399148
2467791
16017475
43409523
19107878
21252618
18678924
37281592
247486443
252249233
12272322
90077282
5988062
222622640
17006157
21220931
217550862
159655293
18622869
19186003
21005767
46557945
61127668
19847765
398088661
243337600
18174520
16170253
13067732
103087786
22771961
37999041
104299137
15463671
169622633
21316253
27055034
915514734
224685124
213062205
7228682
20608910
24761580
271136938
378791881
14412533
136300373
271623157
269039410
271500902
409456907
15518969
20957191
18178604
39155029
330592913
77032777
242944499
174887592
389759292
14213413
75052666
17194562
1330457336
18767699
25122673
48802204
21619519
18227519
254117355
29598035
26270913
425476514
807095
20097362
5741722
370518790
428333
5392522
20568127
14511951
14345062
16664681
997684836
23359675
50325797
14717197
9300262
16224670
188857501
28902856
325001316
111689606
9677372
106516018
3108351
76133715
16187637
20281013
33276161
17270262
16930125
29244617
189129306
15159913
18772897
15837659
17813820
325814138
27993391
153078862
12230992
117876714
158831815
158806099
138510294
107203737
234186830
34713362
541329760
238259855
70771229
89820928
44177383
65707359
30313925
15764644
325830217
36511031
14411304
20558644
16458383
19680385
282344054
166053335
20944400
126518336
519719251
15652540
30354991
342406342
46776434
96428937
18993395
110493890
102107828
22012091
188019606
80105473
16129920
97275235
58581480
127544582
140593348
31128529
21175912
430965446
551195347
1289321
25025055
106291885
41178510
16534831
557091065
17037943
38965687
25502007
148512620
152700224
19031057
70550042
76558778
16162149
578650970
17499394
20873135
23232204
148570475
250386727
359568042
43963249
75069067
43403778
43024351
