1253476207
217550862
47195109
2933760046
2964949642
42692687
747219086
474974313
197183834
21436663
1249982359
571202103
997684836
247463857
2863210809
35218566
2975091705
2973870195
2965115199
2914163523
2964287128
430130014
21315772
2930635215
2962813893
2382685057
16129106
141084952
17061263
600148213
21870081
108810318
11771512
21431618
14870670
17881467
158447714
450941680
54885400
18805644
28587919
126401831
86176717
6742412
347589156
78623653
1060370282
1072382221
1058460818
950328072
963480595
1058807868
960696949
976969338
1058256326
935033864
1058345042
1071900114
1048784496
11651202
975200486
1137600571
19924270
57739438
49228583
18168068
103884565
38720882
140457190
383406032
1074480192
482305428
16049141
15441089
69666298
16148677
56749157
43919633
22055109
14409634
451080147
22843337
21736571
15823646
388555493
733751245
136250134
86129724
46131997
138977055
116836560
16874915
80380326
80574116
1320525572
15864671
44380442
223970563
20707966
58120509
20733972
25389194
116870314
1116717613
316375309
17289717
1065995022
296474643
1209417007
15510241
1072008757
65146567
1089334250
1353106015
15827806
16511233
489823939
1231303752
701172702
1377323798
993153006
1060487274
21619519
254117355
84360103
289007676
546844355
968650362
1051446626
562989744
36921540
44209472
20280088
16123423
234256662
19674684
22242298
1096059529
15724082
114887629
116341480
305446758
86387426
28645139
851621377
19216998
16161097
78966686
559663226
46002396
23820360
18004222
70589887
50036176
68986943
18229117
50918998
75378219
55329156
38978018
68834620
77839894
111391499
56944812
51831703
63650107
97963837
112508171
23775782
116616867
68277792
26809683
104598468
61608485
59969802
59856467
56469022
81191343
22983019
125139645
19188991
83884063
59536644
93965901
119884464
24539426
18056015
91578313
75339427
45994332
20115740
115703194
81207735
103868633
121534796
21509894
47341545
70799725
63150856
27044466
111671288
110893482
18943852
18632809
19028248
58883032
26062385
114738738
21346398
142499778
183310120
154591966
20020575
15773898
101843722
78387677
76445672
63073834
112651673
148440851
117150125
108959334
54412900
130714799
136526394
27775884
152018565
146099856
122713203
102423267
233695891
116604329
97803194
110456022
89001820
20079781
123108647
20444702
15905092
283130017
156703580
100114214
371896190
86198852
432895323
127589887
113763245
272542662
112781983
481415077
41403889
85689484
69086398
151735638
72737936
479430035
130733698
46461212
142332083
109597366
93241358
54642235
22318481
225988631
15029174
50769180
24554234
67356654
141990034
14513239
87103895
57428429
90386169
69773058
29465136
180823028
38495835
49140008
22047070
22830647
16140124
56440142
309877044
14763834
19250369
18825339
29598035
7684882
20281013
30249306
15022633
158470209
300560155
328679423
87510313
904103803
21336038
166580206
54574780
50281265
5577902
743068752
342887079
45265448
240790556
292972175
476209692
386092483
62807483
372390671
14466538
73238146
43963249
33530012
24904117
80956768
39556712
60688326
37656339
39348261
19291441
48724141
90484508
40923070
33750798
84406725
89193992
15824288
66891808
236975376
18020081
37666984
234406945
39525554
117839957
217416964
242797777
216481299
57963724
142334996
69427169
253857559
262425225
104198706
30948168
188783712
19206076
169586280
17494010
18915145
60828944
15442036
109071031
84129740
20597460
16160352
18061669
76456274
72198806
7429102
18695134
16789970
10615232
43910797
73303753
15007149
19394188
83901492
8128442
21111098
111635527
23593446
70526457
188019606
108376246
107545479
15764644
33576489
22012091
46016028
28582749
92102359
19918558
19891734
14984637
18696134
56864092
19318314
20545793
36686040
25781141
22812754
21406834
39249305
47412499
15954997
58928690
40277246
22669526
31611298
14135426
16583468
22812434
235289157
244243985
193794406
20092295
15324851
249348006
250188760
115979444
247334603
117501995
234374703
20546536
82649553
158398519
29450962
162069635
138770045
75124560
153944899
199325935
24913074
239949176
168673083
236511574
240812994
168502762
115111016
163570705
23600262
263815367
221792092
48086014
248735463
82453460
161791703
22523087
235373000
227341953
153486399
242426145
216503958
232992031
132201224
148453195
237770636
234002627
34972633
125445568
245516606
78445977
111635980
18137749
29293808
156333623
233737858
296361085
229592356
262756641
229966028
29501253
325830217
36948268
613725908
30929600
277124730
114896223
38737676
63131932
24926288
80928773
29607664
262799941
24703826
95713297
119107959
54573060
300389351
31450658
342226913
18883224
334944709
94784682
522282462
24112504
184860130
196186298
33222598
26754354
16898332
14345062
15918708
227373977
26133429
57770539
39279393
58683409
46817943
17340781
85634177
15947333
39308549
110004599
218982732
164383046
243337600
15098373
21360690
15481070
16017475
16698389
54942492
18780213
13804112
138479037
105187267
169586297
169596992
21800063
45604374
14962779
133872807
23967935
176093993
163615870
16018516
155934445
15335534
6096642
15739494
43409523
165998897
64916983
69393590
237477771
27436134
134870834
19425227
91671740
6278622
160561302
96405362
19792457
47455112
14688489
24431892
16172818
347395654
16081831
213713264
65774480
15617668
48388417
17449843
227841653
135515077
23097748
90077282
14345113
167024520
55184907
109446583
19195094
35039244
408195377
14268812
18164823
19734832
136550204
148771088
326208966
108189101
46927338
21344507
31127446
14270650
13524182
242944499
245220581
21693060
104324860
172470598
246357149
31122582
31128529
22053641
61206798
233696188
234370900
275572403
119250381
193732179
50452197
24195214
28599820
38254095
150078976
227088228
31801993
33563161
30216513
234906311
249787913
171598736
93761782
16473577
292990703
312134473
258900199
384913290
317226055
339852137
292935209
252249233
153919023
413466731
109287731
339822881
151963505
404132211
267938462
305216911
198980151
385429543
74508260
40302336
155669457
381152398
373600871
164369297
476256944
486694111
555474658
364415553
305620929
266133081
22545491
37094727
20209807
18566912
48117116
155642785
117777832
198526130
20015903
218349372
242873057
242376736
246769138
235217558
309267226
234573331
7458942
245424983
44873497
16028750
19313769
22220045
45399148
15485844
15361570
7356562
92186819
115733549
132278386
29201047
7334402
224285242
242555999
278124059
76649729
75364211
239905257
150724371
85322445
634725743
123327472
18251414
84620376
234128524
20444463
7270292
88784440
22545453
253126912
14882554
28307383
114868721
61275359
201722145
19167490
155670420
18622869
79292033
19417492
526485957
101402237
28178127
118756393
71627462
91016729
65749253
22530134
20266777
254174364
14056457
74466749
117775964
452340605
265566819
21833646
21440926
29895325
26338663
14887957
273634094
401563648
727088844
109507118
9532402
112526560
16664681
35773039
16815644
5402612
15778641
15399512
15012486
17004618
14437914
759251
14173315
19416225
15754281
69181624
15931637
22799750
27090222
15234546
21220931
102789488
59031230
27245742
15084970
18812301
14293310
136300373
14062180
59676104
14345778
87968068
14345768
14345812
16068266
18915795
14325035
85590450
28349755
28144343
28195764
28172926
18956073
37764422
16032925
44994942
21334179
16297707
21307076
27901418
34022952
80638910
15641893
21434408
50325797
16930125
21612122
18678924
47632905
12272322
12340562
14857525
8162322
16113700
47739450
16007460
20073874
14348157
6904552
16072058
41387157
27882000
16031927
15210284
93876666
48037533
15210410
17750231
164412502
50073507
196168350
15998961
158426909
10774652
22703645
14335880
85131054
147649517
115485051
68739089
48847011
110445334
108617810
26548315
21384333
18227519
17212434
28628850
14884472
87063281
30043495
35859588
13565472
14412533
26083271
14129299
41814169
15827269
16157855
15689503
24816848
37917164
33792634
17910554
21023681
158769098
27311044
27234253
14839147
56413858
15513604
31540671
19658614
14662354
24439201
12354832
74057037
37281592
20957491
15334380
15320603
47694175
19354391
12008602
18909534
9252212
7998482
14606079
16364399
179588796
15224941
15988710
5336752
140286364
93069110
142490217
15837659
15463671
103447346
15113571
114050808
7381772
242418441
142721190
19107878
21268897
15537855
21027715
17044233
31173062
21443773
15228276
157959441
16125224
17849496
15507433
61734492
83590349
21252618
1797991
93495177
30050899
19034656
16250929
133947893
19543182
51728323
9840002
47448886
7768402
47438401
326255267
15295015
31534918
18772897
19324685
166990746
233985354
213796133
53065480
46713710
456806128
17491257
386868079
451586190
21251668
308233424
28635386
15159913
342803375
39155029
65466158
23621827
79743108
24946880
222622640
52774637
18983793
26520417
64836863
17746914
380648579
54827163
203226736
159714480
7819802
15659909
17568791
138020182
22772264
42803177
120140544
70363243
21215620
45371411
24500577
376234071
251627765
112047805
21787198
439717095
26178536
16042794
15670644
7848802
98543618
58743
17060020
140289561
21518962
44401911
19867003
93905795
130945778
97091802
217454583
15728161
29323419
87498687
48029066
61318348
18637396
24196684
20182089
14216123
35027698
16399949
27055034
62636001
71002206
14251225
426802833
22267198
173925279
339790344
247530626
78688997
17847906
32156297
20175865
15525062
7836472
6608702
10388522
5484532
19989814
47799692
11783502
16193222
15496979
15954472
891991
81916048
19211550
17830360
4923811
17009637
27996915
28672288
9719842
93055977
17118279
17917072
14898452
19197093
23696410
24644495
16887628
14235903
26395193
5447242
56202097
22026825
15186308
5507542
15365985
19480011
7651512
47553531
125425490
15046662
20684228
18684636
34799441
15492842
8349572
32509422
18102933
433730553
19114646
18856701
104342107
204158284
14679644
40962212
18612289
91038197
86133628
37510311
151170990
47235369
15485532
12144232
373995260
23283299
231815020
285802493
16606300
369164871
25542877
32071013
989231
5514802
63864872
64741597
8753672
48459553
87460254
311699126
21607954
22530046
359166451
19378957
158935292
16450697
27929213
39701745
5469742
14207809
64595423
39617992
245649240
414895815
27075032
68894480
127353397
20805563
173550825
100091223
18063067
15718422
153805363
37697649
236492616
36266927
59877112
178894479
1253431
40159524
28144436
18130251
125189204
456339833
18196807
65120302
305401656
14457121
384530851
230761725
210564825
328231910
42411601
18854755
14652207
478983981
157305077
18196481
33315169
251912081
168001464
250178814
321733348
16812908
46460004
314585133
156701165
169614147
455764741
171632862
19419370
261330050
199721359
6620762
293080737
19926983
27957962
248515137
109979045
112768013
16971793
15212187
54306830
301108020
19609871
293627808
123002262
166557607
125375423
17275727
141376562
2059051
14415941
15798091
28443608
17292351
18138308
63187645
98471035
19728422
15996925
15474881
69022849
106617288
18309243
19115457
27781693
354990034
318256403
256386408
22132157
19771382
11621822
14362028
17474531
14677751
16573544
22032854
123282802
23442490
42703075
15560223
21217761
14597239
66524895
11852522
89709482
97738329
112467598
30006844
7001342
1872601
27901963
15481606
10977192
16252862
11206802
78421007
14577499
16249591
16189072
44770583
27943385
17820399
15099706
793992
16049790
15693074
31817630
393146543
441922026
134963305
245056653
19327925
295731821
15756963
250719718
19614210
18197328
19240837
19743382
19718686
7251812
26106475
18026879
39151166
23574918
55421408
264219447
82657929
294126378
701821488
382791093
83603750
237418907
30912937
76132891
207660339
20769514
76392970
163584265
143798379
168295477
69641276
380581302
17539497
897789290
16666748
249339682
237944147
245408102
240363117
219429281
222286905
241207373
14845376
24905240
47975734
202206694
211588974
21157904
216881337
212262370
238177562
19726613
22170482
120295432
256113470
223604962
108416848
381736092
32473363
39834947
239561508
14213413
26777550
194233791
18090660
23535710
249844732
447410369
21121647
20522862
716113424
308230587
22569588
18152363
13491312
157009365
209697674
86358005
26790152
368918608
21237045
39419180
47961289
14980820
349195650
14110710
50044510
41269920
15764599
342819347
2232041
342805933
4248211
138609858
540257303
20707183
17354643
48075643
21316253
361304660
159609655
245412130
47688440
138895307
721291291
567772804
392121766
23783240
349235299
14049145
218975278
14007532
250784170
122488212
247723476
191477653
15463486
106516018
26607712
254036748
15433452
80617430
266830495
15087057
151444950
44682276
213182436
48605417
19612749
73186079
15471040
833349043
135931182
435042176
473285998
364564017
747354320
26089178
245406432
114388293
393630503
281610530
24484212
390928366
592968976
276657579
252888830
426038182
402719755
52060506
89297892
571946161
550401754
494208970
308721230
352534407
291756142
23492750
523657407
394183922
224294785
21426423
214693898
113670736
15203704
16310965
59177426
188902775
176573604
21261661
48779464
35602988
296060169
63249121
137466464
282093902
116505994
148006729
237299871
16056306
20879626
234937222
22055226
17674136
21572351
236479311
252819323
33655490
70756980
237814920
237403203
234797704
236960387
235271965
240385577
211901075
249288197
17896154
114607567
250710495
377534571
281540744
584012853
369690065
76244630
20795472
213795411
342137740
16438655
22059352
600463589
352401482
183676119
466715501
15766082
247437716
41399976
46286648
60632530
242459766
510733386
138491224
204514893
176445578
20067354
217454584
26548841
462337230
20117646
269351479
193934613
595515713
36071818
31278301
1759181
17477109
237763317
59307126
47586577
52436614
15084312
38936195
349112417
13645892
16005564
57997807
14166081
18556537
35201657
110307191
22141797
28109695
280149433
290217196
15421558
20243403
385156253
133707416
475169067
375980607
17395814
7433772
326905265
79330780
194784415
19070315
14857801
227095437
190388631
17033727
84617980
18024880
39092709
28337697
80581580
130238301
263342687
18220249
28137012
141335663
145719473
21684013
112740986
86167608
208692908
18909919
74294786
36376149
14134180
27352545
126010484
143205680
69350767
57430197
81169237
348628358
424530505
15663891
191096217
92130462
442146161
288925783
11557162
27191172
20344118
111663824
208802009
47510019
18634506
120136282
218180915
216394459
70921777
102673811
21210418
67676449
16527928
96124095
65073984
29546945
34966033
56517311
15254953
46135076
139856754
37721636
16363439
70452009
549374169
169608367
15210614
47193931
282685776
456030236
152603768
138827138
19916331
159512841
159511911
405538651
34041735
34344201
16260506
126595534
233257401
15575503
78380411
354938433
40702288
493391691
41501452
41858603
438544514
21844854
22058057
267854863
137823987
76091017
133832049
63169388
88806753
34638973
85396297
54222623
2425151
115393055
235196204
53039176
208120290
16506355
21685852
31183882
236535680
127635993
248850174
65091778
336144452
551236438
19287879
381171341
102268985
532738295
258543800
369597019
100330676
582404443
586076931
80574270
77306713
78656316
78656673
430026311
16244789
473035019
107817734
23436757
41013377
94403628
17278310
48352832
45844377
174837641
46427275
20065440
18726666
298675791
369044765
115749048
210926192
109025212
84119348
20002401
551171648
20552026
465369938
65919935
44356651
402029058
97171189
38325920
357137930
146872291
146875047
146942910
146944191
146945400
146946936
146948025
310442384
219089110
262940805
147576238
18776432
212317303
212315821
44507527
55774819
55389403
156970388
15853075
29471232
106816955
37990000
57944414
310278353
263313059
290137563
267392656
143861467
358177091
369236070
349700121
460386942
18435438
563290914
185785306
369642290
471622091
47239536
254561646
122743767
135575282
35123052
272164322
19148372
17553400
196290799
193776111
15769632
18635506
18640094
19952863
118939100
32945600
20194065
17626966
22258719
72610882
82951009
73158647
112768544
216548083
91020182
152767771
22708935
16742053
33964434
235625327
172501766
188895707
20180686
280613961
26103389
115156313
16425672
459437968
577361456
29383033
343358379
189689466
207694626
490838180
25857606
426384853
21205345
487149195
354913441
350900760
232098181
239916368
570366979
279097461
462147594
34034338
21129210
288208527
94122056
308671822
217241427
419085027
17054944
223519227
77282328
267021392
188521142
37683838
306948373
154252277
34523410
15840710
28504122
227769299
31533663
56574833
37886216
31646738
46955476
448077090
18588822
467640977
131546062
14883401
45565185
15807856
122207745
246027501
357733455
290711103
429877088
151055466
185920137
240014188
324230103
18029328
266618888
188873415
18129062
276227171
16459325
110924703
297215426
189014684
466852906
14126494
182128608
41694385
382129334
47421744
249410485
66697103
14295496
20808075
144988557
49782398
24435205
16002535
385111151
433121990
49172302
398870533
568262148
97057175
133439172
40553282
85329284
8839502
42516599
46557945
245185462
56401482
221793778
237750442
237862972
242926427
244268646
224391627
239964567
314335929
18592146
235719973
233557728
19239624
25835928
475041231
87266097
7309052
73562215
29430343
479573215
244222109
164922569
94598493
574667586
156767309
538185166
413581105
16058728
316102811
28418204
141313671
30944238
73095495
60688917
24745957
82181907
375702238
58877906
25314856
268124479
360901637
34953438
24752339
116534252
300857061
240427862
16033714
263481613
26596727
17168586
20686232
333663029
14204848
53519827
78166654
16097702
171154131
33381229
18822612
17272677
181261809
269627732
16439135
19336661
52911058
61219887
234400240
20091551
240393970
21674448
18958999
239871673
242761889
254082173
211530910
33135572
15741370
15941955
122212010
185684821
28902086
18163042
21406061
21588008
20081623
31048444
285800245
15987296
218267731
91179070
238264015
182529123
165511812
192042877
43110471
294360411
15289825
26586221
244167280
22412555
16445796
292473272
43476440
289716353
25877123
33639873
21488204
19651620
190890578
106487458
201791908
291913315
295712099
65170201
58604074
21040780
296896047
14284612
234469322
28228650
85146136
19784328
251965462
297492985
17546051
301549400
45436858
72332715
35617996
42676342
197246041
25381657
243725992
265682815
257193354
285171880
24629766
18030672
27091353
291826010
23022687
295868971
115070488
284243787
38516217
2142731
104615577
21868620
234837632
23482357
23391010
18612790
36472130
24468861
242181161
41579124
298867705
31253570
56505990
146423284
260425456
60697833
75378306
240760644
28817252
7126672
20635633
22771961
274596432
249219716
246341769
14857569
252115520
16890518
14282169
25209295
295685416
115833283
299883942
233949261
235190657
121461051
25701043
234053893
14410652
19143585
17850012
71358042
30864583
66369181
110545675
21770233
244126588
22089915
110699957
69667470
17522048
14435073
151998528
22326150
201079432
16044407
48079753
107195577
43173060
13361262
67508952
16407063
67393806
88030982
16370676
16926210
44960556
163656981
17023028
49283794
17487795
21684595
27230271
217464361
35714318
236916916
115121793
18059408
49732531
195898927
218205069
248699486
271075290
237781383
235258843
252819642
15075753
233693291
238036545
36939152
19647449
278145569
23712174
233842454
161443863
17970169
143835283
108726910
201721843
4369541
4087871
15692987
14885305
15932085
16681146
14128054
14828860
20859704
252398355
252805688
5514792
17493415
17903885
18064854
12687842
221162525
240376522
237348797
217543151
65106660
235251868
18828074
66051079
23203100
86650416
109441206
119899270
235312723
124923734
26324609
233761277
44960116
39510422
18697188
77032777
104299137
4119741
20245031
227037531
39207632
17844954
17025312
189295155
26820795
208035776
208690757
229508697
23638485
235554737
112477097
51045982
234057152
229197216
213634439
211420609
221447516
236899846
15852651
236541422
234822928
230981077
234022257
238321369
19245431
24190626
26598302
40653668
17544524
64485600
225921757
234812598
237312687
15232374
22933669
8953122
89460898
15230705
21805168
19982620
88024943
125844109
15570608
82179730
145296470
13067732
130600206
151577668
19937880
33290706
178942613
114875407
15923226
171543814
16232940
83662443
16498618
32110246
20007904
62409320
188458203
101859314
54598826
16032407
27224821
124794340
29590509
15571399
17302737
97581327
19850687
221784704
15147265
22028260
34135270
10691752
60053338
19659031
229105585
230351497
25446308
85872398
29216764
16336478
21333396
42239593
74429168
45642027
27222419
14268564
16385451
19423804
121546530
193785644
19186003
18963809
16187637
18172905
50396479
44681312
25517146
3137331
16028049
55815964
15545849
5815162
14602573
16438494
19022786
15116570
21301933
26946495
27744185
15745368
15378621
15731751
11856892
19616327
17546958
26820275
50055701
18814293
37516417
28330904
201795222
193070719
36583020
103348972
202914104
40026905
17710268
52921261
45876591
19842552
135495218
14344823
71281860
18060563
84359594
163297589
36356765
22051478
36414087
147619194
111383284
21063364
57398213
56142260
154116953
7116142
23715208
92359078
15108779
41687979
41505726
111100955
20063426
26765466
43399022
34605457
112746601
19674099
41363507
15762819
43962567
24852012
35937479
13218102
18170310
11134252
20252855
14730894
11650762
26533227
14587949
5693842
42314856
52140667
21269970
76185102
23951197
17800215
60984835
20467163
55677432
14275291
20796447
19069733
21660348
19929362
55235265
26051676
19926675
15751083
18030431
19407835
20097342
15160884
18805303
16256269
24773493
40318829
37920978
15661604
10102032
19658173
18317325
19912734
15356407
15600527
23124635
18277655
52503751
37007274
76966145
75367781
76043920
50152441
20088666
26424123
33977070
42924141
29766367
20192403
41445718
76452765
26778110
22831059
23121519
23976316
34340464
15281676
12726012
17513304
25086658
16102244
19139963
23970171
22527499
18967498
21329888
32010840
16424044
23103488
35829796
22528309
51228911
24183358
20053279
18632666
78431501
78369108
76350004
114756202
77250424
113473917
22508473
10840862
124224165
19739126
161743731
109280446
15207668
18166778
46176168
15394954
15856366
5558312
14904437
28176898
17976923
22509548
8542882
74482441
16211061
139276158
178516168
18646108
48115928
17993906
18217624
18216752
17078632
90490354
10228272
3135241
31191969
5496932
66685978
14505838
17471979
11348282
15450996
7402662
17006157
15976697
51241574
1652541
428333
71294756
1367531
807095
16303106
2704951
640893
24885315
74198348
24735461
15428227
191700380
28652194
621533
11856032
15458694
13850422
4170491
3108351
12788332
27676828
45688610
18906561
78403308
137407124
36654245
6577802
52512375
16435792
18811140
32506723
22203756
18891923
5561412
15985455
18916432
18129528
30973
72726159
15416505
7713202
10168082
1947301
20608910
2467791
20713061
15922214
15675138
5741722
1917731
5357812
18791763
30313925
5988062
14529929
9508922
14669951
26792275
41634520
14246001
65493023
14159148
5392522
9300262
17074440
73181712
24752484
19553409
9855382
