22934648
191477653
28790004
171598736
2978837542
73451006
1161650778
236960387
14882554
45669384
189129306
111635980
80877016
779591220
2869746172
103087786
2914571740
128643231
2973870195
2966765501
2962813893
532610529
91230293
55584584
418991627
162069635
3222121930
16057477
16834046
18909919
19667766
368992130
125403795
42734224
34309752
48103726
7558582
987075302
1183076804
21101126
25091723
1433356862
28576135
20452755
39743569
2421295138
25159286
25930421
2444333425
28468549
24112747
253252536
2953494478
17717287
135815730
1412685446
22975123
19288807
1598633498
2493464881
569379679
59856467
474464413
71298686
41655821
452981979
440093312
2559111110
2964526557
2853309155
63775360
17881467
36442549
22799750
18227519
1134292500
15008539
18192818
14617444
16544861
1226542147
2985438850
256786548
203226736
2428796856
410216127
203152124
108416848
43955137
14955908
15769327
233663430
398088661
2964949642
19394188
234370900
161743731
14845376
229592356
16056306
229197216
237299871
237814920
84736547
1060370282
242761889
2612307559
2978291435
2862577383
2965083477
2933760046
818017662
21157904
2963445730
212262370
5558312
21111098
76452765
37755455
211530910
22545491
17513304
37094727
236899846
281540744
20467163
23970171
78431501
34340464
18811140
26778110
20209807
25086658
24183358
237312687
240427862
234469322
2953922782
234057152
249288197
235258843
249339682
84620376
2852998461
29501253
21943064
1569175279
624546110
891042680
1138688364
136550204
1712989190
455764741
15450996
36681590
2479837435
206717989
24150634
157981564
20226248
33600887
151200240
87914827
249677516
83795099
15931637
472830024
266084123
15399512
225922993
1407727147
22144393
2558852562
301549400
550401754
317777055
493830210
15742985
248442875
122425486
2337252697
2594063839
551195347
55677432
63150856
32010840
156703580
37007274
336025704
54642235
17163101
16193222
2316003960
18392095
240546824
44682276
1308317708
85606078
1209936918
447660502
2319186079
271160889
69369013
92792246
349193151
385476820
388998313
587895803
23664429
364469511
23022918
2459371
10228272
2425151
13058772
17215802
51831703
1075471182
182627613
108420787
432973716
1591400760
25202268
334715818
1710705968
1183841424
1235830999
1117060148
26596727
26777550
47417589
19027427
26668729
433791263
63650107
113758100
28587919
27234253
1444853400
342887079
48517903
15724503
268991380
8025532
112566961
1089578102
349193038
58497343
2435689370
58560108
1061533836
265626338
111021184
158831815
1673426269
196576780
94358103
128555722
19709040
20957191
20545835
93288759
33925131
319110601
1016153754
21155483
16073383
466866208
397809483
108085194
532285060
376531194
19211550
44397959
56228551
58523
16104643
26658853
14669951
405962141
18963842
235217558
1092757885
584012853
22055226
322649809
19658936
44783853
93965901
512287081
146569971
237418907
104299137
55329156
14499829
23951197
52052011
18981785
5693842
14159148
21269970
211588974
26792275
21114659
18170310
7039122
266133081
22545453
20957491
17469492
15416505
30864583
19291441
39510422
272019676
9624742
30313925
65146567
1322558402
46176168
113420831
8953122
18906561
309267226
15220768
315583388
519604527
18294521
13218102
14529929
615154475
233761277
8542882
14007532
14246001
235271965
15993122
328967731
943613845
48478726
21333396
359428392
14305039
24671555
234927299
18172905
19659231
406255275
26487169
61206798
20468251
388555493
266084180
112283476
371465104
27689907
18963809
16366471
30823468
52660746
44309594
11134252
16119129
7597712
163853853
249368015
29465136
18000662
24506246
432557320
332059021
2174852876
1131977604
420057347
316580588
29609364
153403071
1969318148
271441733
85796380
18576537
58562226
15987296
28096105
17898596
279819517
26607712
21845498
329913473
16930125
270412323
71627462
149913262
488679352
14728168
342130924
33310366
172414996
272395158
275451635
220081296
186646579
813286
184136149
16364399
21982720
1228149708
87818409
135931182
20378448
190905427
16698389
38496530
15394528
38495835
10774652
65493023
17454769
196168350
50769180
18313747
15513604
22055109
43919633
281610530
334053327
28628850
19400611
14839147
33186808
7702542
19268706
122226401
29450962
25553658
132547666
384572333
1613575663
1069422120
176905010
20336988
64701125
234906311
133379712
45890309
7380362
41363507
61592630
18029328
24358459
10840862
64401051
262425225
59589510
89175642
221779251
14248963
17491498
53282862
14412533
18622869
21619519
26585095
71294756
108617810
30043495
48459553
111400999
58120509
56749157
166990746
19805496
25101996
1487846678
14331688
36452050
29216764
14924233
23970102
16187637
223970563
15731751
107125748
201802474
48029066
228747444
14335880
112047805
16157855
21301913
47739450
69773058
129879105
11611052
204386512
16032925
103060329
110445334
238286421
44653060
20708260
19216998
300430043
2530150130
237765532
17901352
2359861410
844062990
959941951
14392252
479004831
132037522
106510708
31136855
47238678
252592692
1359737186
378848483
68724301
250221324
1479821083
14287239
1072289478
15075753
193794406
468937050
93687464
109065818
432766911
115069267
246357149
906782533
15431914
16542798
18247062
14323759
14304170
1289319271
430130014
17918065
15145034
490907105
1531234194
15113565
475988505
20600214
1355299436
32007346
26062385
16611104
176541271
1085419105
633924423
282100055
17289717
790043437
50128726
1194363398
171154131
15212187
170393291
616360824
14293310
20436059
2467791
759251
963480595
19658173
51241574
61853389
299883942
1652541
22528309
742143
2097571
18858395
77017567
234573331
5402612
428333
6577642
15731368
28195764
16202575
50123199
14199378
17088476
20179628
18776942
22930611
27027979
89714294
231898286
457984599
109280446
235190657
31540671
14730894
8841372
88784440
18949452
65713456
235312723
15745368
32359921
20562637
18773159
130600206
23022687
222286905
402719755
22501751
343171266
20094138
116467422
296245061
263758909
240385577
1059240924
254117355
91478624
19611483
143798379
17544524
237862972
234128524
83603750
108166678
15097698
407946396
18136749
22139417
1485835622
460610927
389759292
1556181073
221768911
105929549
124196924
246372265
14857525
42871498
180505807
16446177
28614262
16887628
398897775
27704781
184498495
77827708
21982017
322248024
16819840
334714858
98465556
240376522
960962340
44209472
237763317
234797704
137407124
20015903
109068219
103156176
15705830
17409240
10680632
617748306
117271777
66369181
851621377
7228682
19929362
15281676
26424123
18958999
233842454
1444015610
18317325
18805303
85310612
314335929
935368364
23124635
199450331
120176950
225921757
1072382221
17896154
309762174
1071900114
42924141
12788332
37920978
467927298
16424044
41445718
141084952
32506723
190328374
29766367
86177206
17061263
783214
1051446626
15381080
1058460818
1058807868
18805644
1060487274
14460611
18166778
51228911
1074101017
1209417007
968650362
37764422
229966028
216881337
1074480192
1137600571
1155212191
1430692574
114756202
237403203
10902452
22508473
15675138
198532943
54332517
246769138
40176139
1089334250
1065995022
1096139192
413212127
20067285
479984215
18030431
42940458
117513421
148491506
1131917492
1018301238
24295482
18207302
213513491
573929215
18956073
16907474
205266100
62610618
266830495
78369108
344710082
19154907
418173720
153149305
17539497
49140008
58379000
242873057
583875731
14266331
215021528
16256269
18919273
214037993
33655490
109920419
403093652
14587949
289374103
21416670
240393970
18217624
19926675
239949176
44104395
59526518
20088666
48510586
69337453
233737858
282093902
15584149
427168299
60984835
21252618
492616846
21220931
497387374
122473388
33696409
88957553
54885400
16311797
8775672
10126672
78408666
101802390
15647676
143812180
11348282
22170482
364564017
222196210
22831059
242926427
18566912
74198348
235251868
27676828
234053893
213634439
218349372
124224165
380581302
24773493
224294785
246283063
28585586
19598173
27048645
18754284
19207045
103018203
20685982
309679834
22783222
78965661
20678850
326767299
22180181
39506655
37737330
70593167
125328949
349223342
27879454
233543165
335502070
82957697
76760676
15240813
89001579
19997742
37969125
15294001
28404637
124248484
377002485
150341110
26996569
211148395
39903889
78114545
50363607
6519522
15726199
14282672
272542662
15976697
103561204
21427452
7126672
26393801
211901075
55316862
22712932
95509057
87246148
198526130
20952222
532298350
333692333
17288270
252819323
106921373
39308549
83636590
18277655
3135241
7402662
18646108
5988062
3108351
1367531
113763245
221447516
517940197
202206694
44401911
135523662
29606615
180090338
42430028
15756288
19354391
17093617
17800215
234022257
246341769
304013126
6708952
42719085
67378554
16669075
50055701
412223039
412225497
413253407
184839994
413244994
413184335
372500223
335075371
401989810
108102397
402029058
398894938
374642593
28176898
38194044
21431943
88240591
25282944
21688648
5864232
161031437
45708716
58445988
40891903
168542732
19665749
24800432
100103900
102451826
7511312
56753025
252819642
122212010
75367781
233693291
76350004
30906163
15923226
237781383
126697180
234822928
239561508
221379453
237348797
256178459
234837632
76392970
250719718
16099657
292923201
237750442
26051676
201791908
308563367
244268646
277811358
249219716
19983468
5496932
238269188
300566557
278057619
221793778
22055103
239964567
248850174
55235265
245419752
63796828
110545675
80336884
237770636
17377705
139820130
15600527
15356407
234812598
15160884
278145569
209792690
63790450
236916916
217543151
240853464
248699486
233949261
33977070
295685416
19616327
211420609
19407835
240760644
16926637
55581437
64465289
201079432
23712174
20192403
236541422
116588914
17813701
15210284
16031927
15858700
50325797
15207668
23121519
35829796
2704951
23134068
17078632
10168082
20713061
238321369
24735461
41634520
27744185
27311044
20861949
15918708
6577802
18967498
17976923
5636702
19739126
5741722
20294039
19035910
20733972
20796447
221162525
18952176
194564718
31951402
24725278
41587357
4541291
39800676
14275291
194233747
222574347
27629090
23976316
242376736
46662921
128422716
61887860
15856366
15019344
55259165
174349382
46116415
22527499
237944147
117777832
133439172
14344823
22509548
18791763
9300262
36069577
214037469
27884326
23499427
59022872
46161885
5636392
19792502
26533227
9508922
26946495
1917731
15922214
26055230
111321838
24391881
79263308
19241866
239871673
15428227
18891923
15985455
18916432
23222478
85634199
48115928
7152572
5357812
7713202
