241215352
43464013
3252761577
18136692
16261445
14275291
1323034435
2962813893
26306654
78033328
18740765
121208502
138849257
91578313
69568896
23111763
23365981
257517736
18391051
118770011
64635293
52596035
202231820
216001749
27675227
164743440
240818518
714696151
37974496
94104656
305019471
237392353
216918659
912740906
479805993
1206668702
482184167
103026951
631168306
216913612
216915135
364593089
57674145
119087258
474469299
159457054
108302822
164306822
361611583
92291287
145340688
337305839
1334171046
229544263
244773536
758430775
1215789583
1466540880
20815457
94395250
1706038700
493412027
1516709347
1467226332
1347285918
1854662016
621270812
262084044
284845026
325363110
118987717
1879726920
586193370
2192768312
459635358
1379746398
747165612
95250919
2170827547
2607982288
2161052824
2773051572
2289063040
2203944726
1925182736
2385290072
2696704207
1457732869
1675681255
398785359
1631034362
2420893164
2357880269
916935650
930037686
325760355
147394020
133448051
2953494478
110195330
13143682
3342895407
627799297
563958742
3232098784
170793861
726105890
1369847406
920120701
264552686
1349500574
1137600571
17877155
17997990
16911432
29407288
52293877
16083576
218741534
11877492
14179819
35778956
17498747
14495726
15248150
21021385
91087589
1209417007
7713202
19739126
20192403
74294786
41445718
17976923
11134252
5357812
15207668
15808765
18695134
1473761198
1155335864
74508260
18696134
31801993
2340948996
90484508
1382011333
613725908
960696949
1289319271
241207373
