63645727
161990260
106582286
130110750
29644951
176643815
222953824
2293634966
1526600564
25423509
33984567
73832385
18182408
1138688364
176655709
36452050
16072058
28652194
388468632
20214281
107441863
385586397
113758100
35218566
1917731
131546062
36667104
33600887
258375828
14989516
17168586
26424123
109280446
114896223
43945628
61477587
18686907
333692333
62575859
227373977
65651571
15896464
168506048
296245061
23074633
28811251
26772196
22703645
14903505
15335534
235217558
209792690
104615577
31611298
20545793
234812598
29766367
19616327
236541422
15745368
398999876
28145010
78429986
15738935
252819323
7228682
17129404
128648968
8918592
56864092
248850174
237770636
236916916
17409240
8953122
27676828
402719755
402029058
235719973
237403203
37094727
14275291
25086658
23121519
20467163
33655490
85679032
20088666
237781383
20209807
236479311
16256269
24735461
282093902
73238146
18149763
292935209
23813781
59582105
189180148
240393970
12788332
78369108
116016966
49847726
39982256
154591966
15411190
15958844
338445395
23287591
16892357
61235853
109675927
16297945
114756202
124224165
33956270
52503751
16371006
75690416
38109656
19739126
26300497
1429761
158129535
20629957
18704125
64753357
225020995
45906204
33011880
109671631
242926427
3108351
16513416
44177383
72969606
15675138
234053893
240385577
17800215
221447516
20786801
271520343
87545091
27735640
17994393
305727128
56228551
34362905
13849962
73218777
17757642
255574437
68157124
115422333
48809111
287297991
233701403
297725385
29731294
18994290
35829796
32485396
41634587
23283299
63602081
19084896
17770086
24933645
15812284
18791763
65309560
56910690
12889162
22028260
121751302
20444702
41685842
22174316
15978475
17927796
13322812
22154089
20095125
136300373
15444711
200914665
7039122
235251868
118445818
14728168
15481585
77282328
19850687
18583383
127061269
15194993
19727045
313706568
290095239
15731751
284204213
113047940
20423467
6620762
47842511
207116000
135255828
20468251
278671632
17868589
28993583
87070575
18910031
18646108
171541977
18848873
39544579
14246001
49620730
17620349
21167235
42352568
16731782
15901113
16815644
21562819
18811140
27088532
126163905
36968838
7006992
14923177
16588111
27311044
19713940
18566907
36264361
237481204
34976385
19425849
11071102
19785194
22217781
15365985
21351432
59123957
298296067
17516275
143120827
257685548
19940746
76956754
22186666
242770475
12760002
240630657
29120250
71118021
15066048
196285109
17684783
210868588
119118907
15777500
215300815
24122912
15976697
38850179
90490354
14795201
23970171
22665138
23712174
33000591
224654258
15935028
229966028
185481638
238175904
166471053
239964750
148305299
146250466
36804447
38332312
52703103
15111202
57059274
15582411
15207668
19976677
21707656
217543151
237348797
7713202
19193301
65146567
35043455
23951197
15116570
25836721
17976923
33483085
18891923
18916432
26051676
120576243
