28722356
331200887
790160468
2861616083
248798598
2460062875
3213349624
3152111108
550476469
1671875827
1191776598
2190908054
795309128
92437145
20556689
242900090
46250039
172377189
590197947
17439820
15220806
23436847
2308466593
2382532514
2469503594
76386544
23976316
314205957
322142927
23970171
1458792192
960962340
490671404
22175800
79068213
249219716
161096061
39525554
15129348
2253968388
26257166
1917731
54692429
75364211
240376522
252819642
1128514404
18030431
37535548
22830824
148207672
20791372
301549400
36147039
107514329
381152398
28848238
23477691
18891923
15207668
9300262
113756364
134871277
18958999
36471939
18916432
40318829
17976923
19556746
19980678
18163042
24904117
10168082
18217624
22528309
11134252
5496932
22946048
14528874
13265132
22882864
18058293
15397175
20713061
15416505
47975734
33977070
7713202
5357812
5561412
22203756
71281860
15985455
21111098
