2482022082
1205566242
2962891515
2951574214
2962813893
2250858631
2962868158
2933760046
111410180
29146558
39330733
2367650478
531524384
147467535
290317816
45050329
457694023
49176690
1406360180
1451382589
1149460278
15320734
2385863202
2218108844
390902400
319704631
36951443
2469703034
68266193
2424147152
17787705
87914827
69269105
472830024
1412685446
24178947
100531396
1089287436
2370699655
441369114
312183559
1499993378
74731560
156419311
135957297
1471084094
15394528
26133429
21800063
184860130
2237232467
109979045
1715501
2434623595
1421998471
29239792
444220712
22023373
2318590911
25328343
16893929
17608595
400228025
2194791362
304158388
2363197814
425069486
1413993523
134155510
1222179409
18147727
13650222
24947448
1583380656
1536697993
474974313
7381772
57926828
58492703
2413194145
14159148
35017909
26813269
46475007
25547350
27881646
17133897
15537701
74503703
6577642
26278266
188811808
18996618
58782673
22650398
80473367
41814169
15023956
2097571
18653221
19386622
17001388
18559380
18576537
18771370
32007916
14047387
45442897
34274380
26688378
130238301
74600299
143718136
23314228
252786721
321480377
105274636
253920105
117439544
31143957
185868832
39335089
361366446
22139417
107119504
107124407
42711801
31489620
31458706
24701294
56445052
22947474
78619534
100860790
67393806
83291674
414024331
89539134
1560444553
47098558
231448482
834112597
15655520
57625403
594750433
1134148494
742611619
176866356
575118133
600111963
38276121
1076943312
89220865
23911915
40315826
374541137
563947547
297590053
517777538
435279212
600097847
103893615
249090009
28350927
170349276
473254411
1249525952
460116312
22927890
634725743
20814874
235730630
18749026
563000558
551195347
472376579
1268589948
128240548
112792018
246847690
436119275
372390671
2382689360
498961017
22157400
65665570
438574801
395464373
336144991
138494644
281271418
316658983
275113599
34249399
856555658
1511454938
47442344
1858868136
243832257
117847539
15603311
776664410
937723303
364415553
18137749
43924064
289374103
21416670
442061349
2344375373
2193259544
826568473
2369774894
1961248482
174621870
16517357
369265650
426843786
498837411
27536680
714532388
223867988
231841962
34716719
316141854
460511452
170884289
597863249
742836104
104954058
47153528
1686014994
726980478
373526339
46173011
69970248
61005910
1282219914
65453528
16053503
1056281520
183643080
179572861
29260421
163502555
111416732
303512493
329997372
294752654
294760143
116452270
520888744
18230440
44776017
313084017
270755862
40304255
69171745
1706107621
71149765
321574462
19206076
273097675
260024498
113191401
325820892
18169743
242159383
37526845
30038769
1653839970
2327653784
723186151
484956452
2283617029
21016946
255207895
595026154
1927283652
28923189
21791978
14096763
23938535
609266547
2205492750
2355243376
562922098
174699637
102683752
22718322
71335727
246836844
59365190
42077087
423747322
109074367
390732508
23028507
31184536
384454397
823965895
299798272
87275826
322327088
240510080
1219267676
1130867696
1372202150
198925961
1468192136
1691488921
136296523
31168026
32853605
1399636244
15907798
573771416
17134268
952666519
47837269
64808610
102480554
48051985
190838459
72909587
330900742
368050288
51053308
201540830
42716477
303326280
348012053
187579079
820199072
19364907
82426711
46213439
266815541
467815591
565880606
1669134942
1580666136
495519021
1037481096
45429367
22663412
44913707
454584538
82697596
2278306359
1716294720
372797874
43630914
562174216
17859885
1355211168
545185523
94598493
441040701
526642620
198573171
123428380
230338297
165487085
796698883
152311372
168295477
7597712
320687386
208736091
21789369
38496530
100623333
18178979
347678760
63914435
14849562
18927436
1072285290
19560190
1955132936
1174642411
93718410
45669384
33925599
28408010
491401602
108416687
23659373
224402718
937266624
18000753
339092098
87473031
221470391
226428729
35390366
23385132
177028305
2288335590
1566275262
166553428
2275114992
2295033751
232193582
330502316
1092979962
1641366072
1080602371
274103840
2317807627
339155747
1198805312
182920743
17353658
329702630
757372008
415248876
31547313
216545351
66108919
829039422
83423517
1688909208
287294970
304093866
1190887441
1197643734
764527640
977560226
2212145318
1424457132
579231034
459426623
333462907
1553957552
774497756
459377454
39653808
794037818
378138251
847883281
89294155
373965284
61226231
1389869030
1394875741
900399950
1454569741
101254662
114216255
392745595
211934300
22684987
2291682618
309675253
1304480401
76943994
844315279
125186206
302060217
21662996
1339357320
183346738
429374623
143941143
1387661149
452607679
23496432
733526102
76118161
107433523
57072084
63189965
119588379
2274902431
17778982
277668415
52779839
224697103
101802390
906782533
218952383
312231953
1568267569
81756964
168817652
16513075
11435642
19783404
18749271
1705830168
288256736
276600787
18518025
24112504
56440142
105925025
133872807
134870834
135558864
165998897
176093993
203226736
217530311
252456072
285252127
301014412
345158526
278784587
461529170
2293189604
17341810
18465719
21338200
23126875
24901183
32478395
43388155
54576067
71792357
74489330
106216395
186518727
204837739
259778063
266699479
633023282
1704989844
975200486
16113700
18606607
470622010
19219378
272744856
559238595
70441882
12859772
435978700
34310801
622632507
351133674
34022952
109446583
273540698
12648652
246989901
776090545
26338995
475988505
2253968388
273233740
15945375
207727036
183507497
19553584
61854215
46236579
59564743
1023409969
17366486
199265020
63219177
103923004
460551509
455428250
460677016
597403298
621170122
618487725
613692593
217454584
700275060
541877473
36071818
17291393
82451567
24296023
483970346
1077095640
1143060714
148491506
1131917492
958081542
987217542
1058345042
1058460818
578456999
19674684
1060643636
69056021
23466415
733751245
112047805
21006356
19980909
29458079
22055109
27878771
41168554
14839147
620021507
24949093
269977466
540171869
593893034
141084952
107463521
125088004
48779007
573895348
63142907
1505337529
558109095
65517621
16228642
486900479
21265075
41435223
276852780
1504456658
1911110618
1311383256
2162637748
26071016
16147568
11957932
12700782
25692976
35511040
125405113
253633768
253653396
257021512
316763036
346585802
393691256
515942271
607338916
625033642
1091981766
1311645414
995793704
16370460
1316553637
1564728318
143543754
16172991
18426419
272019676
377534571
504596673
621473325
15978849
423739208
1058051748
963480595
1060370282
62734246
15086508
1173652711
15780280
18112189
481212725
1332808416
250814814
1337821159
848311686
260303842
245343918
44428676
186709850
1364847368
196290799
275136185
373061494
2169034516
612896647
758165736
986755285
1007271193
222702406
1418646308
580425515
197183834
1548489476
23097748
1954811515
1209417007
861540919
922083786
14850098
327449246
1098503005
872809508
24397747
49740343
24610833
41416286
190360266
344322798
14920720
195005166
552966984
291876209
394678523
6145452
29108022
398088661
16163121
447699083
997684836
263964491
1897708044
1029373284
487628749
588293183
38741234
24891210
70511174
1080947526
20718603
102244827
49411533
23455653
17849496
75521841
28279637
201802474
20026078
614542142
18531998
107846572
23145378
584012853
587797724
17779354
1342523676
437559016
179971182
22982523
21401086
16191051
12926172
317980134
1353115866
423804754
26015134
15563201
18175442
15741451
1643503231
59784083
19460730
222911412
240135871
221563863
78623653
15723290
19889946
42688735
27055034
24236120
442928480
1511070037
32230895
47485429
103016675
1544005794
1534718042
122226401
174338995
188857501
89201648
190905427
66680944
292935678
628319612
158790023
28628850
186646579
334053327
20566805
101053577
421643092
360568476
340997626
362510239
19035963
1550728772
943814922
1362198594
1433356862
47972355
1454304487
1070943116
242256735
196336073
930084511
552014790
97012079
18078652
52853661
1230238844
137526714
253145238
322033270
35952117
460181330
298045283
1252740560
1216087027
21786220
43172594
20415041
1072382221
260841091
1550741586
16193222
1482463549
47655467
142721190
28019628
14021902
104342107
1561021190
28677057
104222758
183130040
264279467
1111713644
124196924
913878614
312715526
21777829
70424767
54598623
19235973
14848798
220009727
14425965
164261872
59473051
190327446
73150126
186111640
48898554
484911964
158782693
325738037
562978743
519883920
145719473
269276618
334160496
584178945
39419180
348527674
630870000
827701627
164346085
757716043
223924270
16251475
34349891
17397693
22156926
39809413
833841576
40274556
23794107
757692338
818358330
35900297
778278733
414739714
351816554
394119472
159147678
14463470
104278304
1284325261
365606466
44180622
23457956
1511164393
93283939
935033864
1137600571
444184514
80592303
54914886
82693907
101015707
37112965
20733121
1358873161
473045179
117191031
14357321
627400309
240014188
21857709
1397920663
1514174389
51261818
169108126
454313925
17301080
134622419
232235048
96780563
73408582
115135139
1247558185
38371137
405721647
21213678
18694171
243236799
22233259
1247594107
25491897
121634735
1099056745
987908257
51037426
770397607
398790445
232541796
158789434
71313521
158490541
57362245
29287545
44916396
32399563
360883698
26071156
158781807
44695334
100502358
38726335
20886803
16825086
188369254
158491933
68456051
41596638
286350408
111085843
18803394
188317723
407469344
169937775
375588521
569312356
320938231
53474981
1048674372
21432249
805332745
1151240000
366932619
1327820496
1444015610
1277785284
1120298527
120852788
731364674
170374076
499157057
581222788
18138463
16186301
1246763515
564111558
1117639158
1295748355
117881700
18258224
540801855
19338715
183898020
14081659
16129106
80568825
50652364
39542662
745193748
52487389
201722145
102722975
14723235
17162499
1129443330
349131657
255347566
472298132
475269545
1074328106
243470492
44295213
165734863
586671909
217550862
241817621
22164556
360517178
353027515
74529934
519615767
89297892
22715186
17152216
159217087
15510768
245386255
1002323377
1089270650
15567780
965142457
166545476
35566561
972552638
277136754
991821667
386329361
12377962
285717433
1183049634
44951698
1080844782
1222716350
65440842
1242535147
842188915
24669185
31242111
1266086820
1267940407
263455296
1265473034
498852873
261944944
1241979098
316468335
14328023
277553942
38737676
273401647
22972427
49961516
23023441
18866898
351614398
23448056
180091895
11856592
185721797
14477880
70709534
34360193
26801483
403500479
76133715
238259855
63301441
265720628
906126888
19920609
104828677
82329554
234058529
1109656574
1011308629
25382012
218982890
34303729
569422140
1157424444
106432692
282984010
231452427
976969338
1048784496
1065995022
1060487274
960962340
851621377
1058807868
960696949
1072008757
11651202
968650362
1074412920
18773159
1071900114
1058256326
993153006
1051446626
24903546
229491462
15754107
25314856
18772897
318999759
221506533
15283908
31656667
40010208
38184967
52461655
219481669
20015188
62817034
36427328
432766911
31540671
11384102
275579447
182360370
455175845
283386225
44309594
472410588
17881467
70258299
94391895
1004216347
201886840
16187815
224798518
1069221390
68456106
487760032
146733039
375679431
357919952
117821436
372520662
628509444
21941658
633868204
10491312
15829436
20815457
122423146
53423431
15741036
237828219
255109294
347534198
26632935
123883373
21114659
726904632
19207540
17067256
266991549
23128964
613038884
156408784
75414069
362522866
202294396
257582789
394094818
19043206
45399148
18611256
534506875
30864583
44104395
213182436
313545488
41653798
459051498
731561185
437999597
39504028
378752087
171212125
95747671
16479017
159126438
36084816
115684356
577690047
59850479
118759824
628559456
75819401
620453655
374046593
33934662
707703092
358321496
506425984
562202226
19863488
410126245
522802017
293720871
40304901
36260866
33660256
50446312
27692818
299776432
571168332
449850814
187168606
25308925
8834882
279181419
15518969
632506435
633825671
19738442
343685793
633855519
561343781
153918226
28676469
461835941
605475130
249743596
22965414
133294368
26343210
89763767
15974368
71045551
62515922
343431678
356239111
407705146
377502525
14499829
460360526
542955152
65741521
389030304
13787352
183654975
376753045
519521403
126629610
593898938
535848487
201718454
347508286
55687193
584060123
618026768
342455823
312054646
574000825
611865578
419577488
158412624
31419484
14560097
595541046
194375797
16228479
506033683
461515145
230797985
18482836
519181496
534560891
138380390
239227161
611205667
86125497
93947152
453890590
33265414
46007413
119107959
519628272
32081228
199438939
40711814
133081159
110755266
224357580
28339731
580488217
592308041
86621558
47335796
305369959
40750860
32439783
28144343
545528259
265491747
19578305
492616846
207660339
36452050
17907987
14870670
104246994
576434883
27519763
98736729
579120759
524633194
127873226
15891845
550401754
274126352
518650852
543460654
116857232
419559896
545214249
343353102
567231262
23783446
38209727
66185823
78941245
78977078
84387689
242429918
567533818
9133692
18556336
135931182
20769514
394919300
38180901
119709501
211950466
322830431
262786893
160993756
92408293
84926724
20162336
61811986
78044545
91174313
213534380
356630745
352046917
364490902
50424651
80351612
172776160
167400343
324978517
153683064
201855633
211884164
274999434
222216930
368386577
53077167
478938215
53249885
510213719
288897338
52508607
551042464
50053589
11404952
175185729
102945297
107200605
240058830
449840299
342198784
257349402
456953741
487589012
16493144
118285350
158209206
356395757
16746221
64862906
127620247
206672327
19666071
355198118
338770328
15660029
396195198
20733972
454909581
111736686
28409734
340863813
43347656
181575301
94197072
348335665
59870874
15912586
42903494
21121491
538719717
123654004
463008468
38107705
24725431
415981838
28127095
371465104
243894841
158129535
227525068
17524814
378362303
19948128
547778460
137798374
26436875
199422255
211125823
9341902
28375215
15896580
330633493
8797672
189011295
497434232
561407671
18773928
47498801
224180296
23055689
351348089
14972620
438814572
209663642
29190542
170685142
35730758
21338275
218566045
486842141
478831694
23228327
362957728
36109393
16016589
15369049
33983052
15517277
74143246
126032312
69393978
470733732
10929352
537156670
23232204
259788927
414093583
391027418
547880497
540091723
472541504
553088432
296255284
33696409
525812562
491719838
90076878
556230915
509506975
156811696
534664434
382079930
233807921
544287070
14579415
557823379
317330534
16100318
256748481
170492152
457733782
44884621
43147980
173929798
16844119
18028893
15836567
45870663
69713792
135351039
19420178
543544595
24961826
18501487
360896193
17289717
151535227
17745925
117460060
352984939
18027930
137458918
280863318
255624128
390225101
92046926
154233179
48763122
59141401
40055348
87463449
20070098
371887563
36093094
135035597
100330676
537831202
266179490
50736755
66486777
375415135
56782290
209710203
460649862
540316980
191475941
284936762
45241685
39314950
487953217
207646972
19052248
1754641
16340501
529973619
46713710
103022986
26326911
44873497
18025557
526321506
313298108
21301913
68465437
259395895
43919633
17066992
37281592
72198659
256113470
17904241
208353030
115506105
151885972
22028039
111395714
19784906
367886281
45469009
33952640
273601352
22779747
211480917
369798700
509290078
526637528
234906311
309267226
333692333
292972175
94663854
517555615
474232856
11649742
506153743
108829833
354933574
20067354
482326966
21485195
16613570
258375828
144031017
142352817
17143107
394894971
461292198
339811333
454285246
459608558
153650566
387933948
443899276
405034710
325662031
22242298
430235090
388621450
172071566
99949940
15965992
317009052
513875427
27580505
393992305
19576571
374694002
471598445
43384343
245773835
8090172
29003791
14800270
14458280
17698956
19407053
117404245
461210124
122212010
15322461
95695186
372302749
14199378
16468012
176573604
65052794
153964574
52094100
14569203
5276611
167121443
364932994
18480494
14475050
17592779
15861355
38036372
41806795
17054817
20750406
372421906
260934156
239434560
90697696
39922594
213368745
316375309
227454727
15485532
434945150
22949368
59486472
21639845
338565480
194640941
39183389
47253057
255763608
416815432
370344807
243673632
123369126
18106301
18592146
85848032
344827970
48370861
33908529
196249031
17824322
361312682
495141466
237853203
486403002
455764741
131538331
51268700
266224831
130340250
479813224
81182328
16329199
104650346
277451460
20102938
256053751
215938090
22545453
389825216
19888697
16748576
40899383
34647452
34685541
34905472
41384171
380581302
120295432
151127887
486223373
19609871
321655495
20791372
482221580
489993730
228747444
274454780
21775637
131343438
236025278
65420063
396309918
279105343
259380547
407013776
14763834
56749157
164371883
329064299
16642675
89167363
18395132
417515176
55009164
6096642
30249306
475190348
54784769
205392468
15234546
19160434
41176153
179478740
208106840
443810395
18253829
429259257
430808110
425112739
23447808
231205619
18676973
18941697
123134137
255015467
85906310
15367216
15320603
115729423
20927666
22645010
14954972
24958721
16050807
22674356
85282028
172774041
58562226
325830217
156703580
265321890
245272915
188443744
15765991
18389620
30550346
67712288
80380326
92943533
22046686
62936951
216208047
19639808
336076781
139856067
19324685
175102610
17467298
27753686
138833320
6608702
20258816
18165865
357923543
179797382
19276224
20335865
200562207
126926133
99619253
1586501
39156664
333048973
115163165
327807566
19563355
53454719
323997081
151532375
48425512
337473850
43623734
30876483
76747961
412714519
17816420
50731463
23437121
19918047
15998113
22019324
16420152
15859060
19677871
82409533
14225263
32141328
54908916
20787409
62902733
166608401
40297689
1910771
27867017
20957191
266593162
282131278
20452755
36788063
52021870
292342774
237054368
26572460
142810278
211901720
242355136
448077090
148333607
469443893
471303602
125715040
47350034
398894571
414061983
21161888
99879639
36079536
382424228
24483261
303354219
31567661
32393576
38541531
456339833
324694119
476365950
52992670
103957230
21453213
165954258
47470008
67054401
97493644
31043651
466185967
25494359
90658536
27359464
23605114
21776552
15515169
21360690
55003292
105180609
256135322
30006431
204118798
16360848
21302364
243337600
296245061
17143441
82673602
456911539
326210627
70594662
64566849
148928465
469586607
144865180
320921259
44209472
402754814
4282171
22514422
18893703
464426493
97504845
255542398
441411559
359932933
126639802
30787136
107871998
43826877
108960780
377589632
375676231
375842519
18743218
337742544
34987129
71608885
21372556
334073195
465397428
234548561
258269090
23660757
226552687
22818163
22206363
184628690
467528541
235299642
43004827
19767279
296468375
448127858
464261753
149725171
342967836
281637758
450927868
80603250
21439212
39518931
257950639
357241891
369486000
62981693
106242517
179608308
126616184
36711472
311279490
267899101
167498913
34751583
279764950
40083476
45679880
14914385
319889407
19636130
439207267
20258502
157683642
47440513
107169978
28258330
390953202
217510835
249748478
21829541
184136149
18938912
185434242
379669904
22185130
436957394
161425430
381323345
179546580
249348169
23642217
70725642
29771100
297532865
174602775
242727646
197096689
23365717
378367897
24500577
22422168
16025098
340668618
117882487
103896637
19070994
248851654
9126752
25511721
51745167
377419742
82725240
252764352
17162463
420832039
325615084
29782845
148845723
147666113
61817626
392961241
266830495
138261295
16949403
15739721
408195377
41988894
50409062
22664821
83515182
278687907
188412002
294902433
78420819
23839835
16900353
19195094
17593218
254070640
14534827
150686538
430810686
18742338
11686962
45960001
222953824
54941379
326411678
13889202
378643777
351024799
376438081
201402988
394933009
393709860
393534589
39284056
382775297
387787501
308620943
322631079
131484735
227013831
24714237
44917831
418969984
333048562
426726628
192160206
129888557
30692577
370403392
44695857
4207961
246898330
26340188
298624363
14850576
425505686
26810496
281530541
257502801
12880222
15945641
30962933
373513255
423869233
419751858
424109004
29433203
15978412
245412130
103447346
104230186
49964679
18483833
22799750
18723501
15335534
17564591
26723951
16990298
107869017
65056071
19989814
14334532
283801168
164530478
180201087
242561914
340894022
385434084
786016
398402577
393812788
29338636
240965005
65421510
339822881
294126378
82657929
240790556
238177562
14728168
15134782
8453452
402719755
402029058
29205600
306012438
93935435
373992687
41124675
119048111
198876996
239630736
111689606
28366439
17066782
30370924
68762038
15972530
18549664
17798328
33201624
16049790
66450049
29244119
301628954
148792604
14892330
32858804
331177191
83901492
368992130
374116636
93926213
93761782
84380914
330579721
400521994
48693186
73194395
97503010
254117355
19324057
26006970
18659644
96195387
162826916
20154525
44731303
119881360
29816127
119070889
51151188
232890140
289526395
285186224
236688242
31927291
369844038
6708952
327493333
17220348
165749392
35134063
30970463
67358777
20545835
86636036
39880229
108636660
29613650
260401752
398640527
66229118
348859746
189267481
203990535
346038512
17848203
16562269
57741026
16790426
131263202
39686576
328966868
363610848
39328912
26121770
20814191
389950941
146265919
43331784
67783941
69705429
106326654
122793697
11923852
236530454
140201860
211160019
160520487
362080727
70015347
23864529
142498444
32576041
23818058
360656151
121243014
57768217
301634807
95970580
36089557
320841811
200204572
309680827
91156289
344381865
279214485
169596992
110541296
119073357
281610530
16299754
108987415
80989102
282677875
304696209
59865636
372807124
314282172
76615174
303844508
36126319
222721984
16667912
20793816
15225507
42915958
14307102
19624836
388555493
23518426
22026934
4261981
70476832
388468632
214693975
141335663
9864482
266927095
10433782
817268
15749983
28094792
258885469
11680962
220883191
102514784
85365067
22288490
39207632
16476596
15987296
39384517
15647676
87431232
44089820
23757495
26986497
166281051
61083476
50115087
25565646
18194898
22051241
18164420
153784150
159588456
16700729
305653987
300884653
15745368
22527499
17674136
235217558
229592356
266133081
75364211
78117854
52758395
15523018
262756641
16097702
12133382
4641021
339852137
381736092
376341511
151200240
14213413
24234881
22988010
17064466
93957541
82998105
15945324
14445542
2976781
17119431
31163383
101363092
14511383
25633319
385216452
196006061
264924050
19299333
106591943
28627970
385696081
291903997
138818961
79661482
83600197
185473971
101014741
330395149
385132799
24588159
385157543
360097696
137782328
16828352
31556676
174705291
35035643
68839395
69472838
104570700
43315409
364488155
138945721
352541598
42147668
17258910
16793251
14026422
241167397
40103717
21950198
104830746
73462509
252342195
21264779
33972882
92055121
353834752
259329306
327544262
282413431
305213088
258162452
108052620
267587635
53981431
314042077
244167280
11856832
20733756
28810040
164425558
17230113
95506425
27105334
109756379
299727253
74286565
297535301
334809340
319684001
82181907
19517762
329478423
54664781
345024643
34546779
44650233
48463769
28834673
25599265
21024997
19460132
61250271
102455692
111938493
365154785
273475760
309937733
374666611
122146840
375111610
373431124
351714439
368509638
85476251
221397417
326208966
5763262
15955754
5746452
5746402
84617980
237477771
167855068
92083044
18450025
195992166
259405936
109955674
350317427
58922658
34476095
191920757
22052510
362606756
108726910
207264778
256008469
364319564
45654949
138407522
20800747
330082022
163589845
312999670
117398892
120852063
21307916
312975963
38628901
370684712
119180410
371399588
287822774
75100780
296356043
33919623
53418648
22267198
108985543
24928825
240352121
50406326
49105997
16708882
60995964
27061115
14345812
225102729
64777426
301549400
335996055
20182089
236221098
55318210
44653060
17487585
14857525
180090338
325132539
260098340
14333957
38401099
42871498
252541115
71019945
25091723
97217537
106801405
44711806
26311983
15531304
71323944
38961973
78699094
254714347
71298686
28162211
16560489
39986021
28135853
28167086
28143425
28164923
28137012
96448005
56688305
29077741
12558072
37865281
38331797
57657732
15020143
21252385
113670736
55244226
102251724
21333396
2614131
41396547
54311326
61122731
16017996
17098159
37758226
185340210
71070614
17495472
44906689
93986267
29040833
22061737
25103967
22090282
39195685
20480549
16954241
19037859
68964818
57069861
72987180
36697110
75894889
19202772
43409466
43703350
23427951
24179525
67052124
50326595
19553544
56637351
48735100
28656692
55653276
51155155
54943431
25930421
62675193
42992331
50313443
273787769
346885718
267539225
25118904
349472297
271988795
338553588
221387193
30132272
356658987
116044713
364564017
127617309
366421074
350628738
216493021
261360828
369317216
334319104
296367503
228528793
106502664
15309804
18439771
106844547
20077276
18722932
28049266
347403267
16618522
20793378
77920769
74787188
65666971
268922339
151628455
165819699
29017777
238653576
171146028
239350199
86137290
19974645
179178993
33629558
59184319
74825576
23967935
41665925
255104264
21099169
333518132
146099226
17416707
27441662
41514351
284855277
255100592
138736739
75649786
347395654
20737676
19476815
312549511
21702539
266084180
138977055
22626920
18963842
280630251
16007460
20508720
274580643
344459865
188478027
322603418
49060827
121795745
113695348
114015870
11883722
59130623
14007532
288308178
126401831
21013096
16529160
274624592
14427403
163849632
19514166
285802493
134106084
338514756
17487820
72835598
36953006
109257354
16068266
20268412
17990916
169667921
227841653
165871055
138020182
28725171
119610949
96195724
6332292
208204400
14130784
212213104
263992082
80333929
18029328
255144901
314335929
331847868
25555034
40280643
15360275
49872564
331690801
252396862
309798935
208603590
299745400
47776907
326949607
318567208
57098844
85606078
308230587
226655186
119450237
67323898
29756321
252681042
233933608
94093747
137499729
18737768
285758834
38527998
297046834
176281411
67325576
48181411
17519586
229708112
33600887
316193821
322224951
25166998
294360411
47771556
28263009
195019882
321959159
100317893
20056111
100827714
15922521
84129740
97465323
257059940
15084390
224918538
48205730
319270033
314073172
16934076
91266198
48200207
30437387
92457883
303884682
19327925
128262488
306353519
20078009
16023201
59324246
22633025
15954997
15505053
250628030
82959058
191437382
107928664
19884305
232259374
15695513
119337537
15549302
296406484
18235216
15099017
14857413
164383046
20177607
16877032
239603924
262189336
45828171
121788510
14245378
16949386
79239138
15780044
41405896
21804792
174421336
73459293
27045084
179314658
43597480
15670644
26754354
14552725
20245775
308233424
252180901
643893
62098941
151858622
5283382
76392970
304575492
262812894
86031188
58963777
16534226
185173308
199327647
105146568
73669420
19778900
69073724
196637874
18090660
36352119
15932075
66140425
22152757
234967830
93736499
14077526
22843337
26565845
11991072
123637363
17061263
183712785
16570439
10419
5720382
23814011
51039749
59561160
97326976
287824593
284685169
303346587
135758100
14842061
135575282
91001162
18144581
18812572
33514869
15559690
15582157
48935222
303803224
303603582
16345560
95297578
28272451
39257593
4952941
97235426
15519565
33145841
85207133
14805949
22008355
94440441
14972186
45154782
14894850
15028363
25383148
21295793
15329554
54267995
15397143
15887107
28433078
12216382
62582034
78082014
137721012
28130230
25142245
62850757
30848312
152144493
26830948
155296820
199814247
200477344
216730958
172599985
242140868
48057292
79876175
173778738
237404389
40981571
8128442
19740592
289976225
111045930
239009410
248229842
225244855
164086864
21690980
158383109
52721188
69328247
109010843
275846216
55244527
124573875
33600464
192977926
260277986
108780602
254559991
22783304
109342158
22654413
292967427
293124394
64498097
172456124
63162339
92831390
16076796
16327063
56648534
86723999
159534035
271828310
300254302
117944986
111081383
302834215
19396560
23826680
122115249
14795035
3582641
115945502
112841637
85038204
217479289
223679759
220810799
124641769
121594383
291541006
268252645
20506539
206207919
102670049
248933999
301956245
284696933
299753262
28468549
28112312
87527919
249414004
15049291
15678150
14534944
23455765
21534951
15586316
115184563
47503255
106597684
15187032
151916583
15267559
17877451
28163932
119819973
191890658
228410588
234067088
281671404
93904631
119074650
20953021
127394424
110364165
55669790
18774450
109668358
11999302
19772522
54628507
18994337
19284753
87582911
62374917
15690037
19773447
37265964
22910990
17093617
15769290
85636873
147652213
778345
179607867
19186192
170694128
155912395
54886302
78352026
187959315
125789675
44449776
84249523
191547851
114490426
154264099
25993507
23149765
18994070
37569987
246894188
61195204
44494941
47701908
39816147
168691667
68864594
185631020
14437161
105276802
152663692
48374193
282197814
159310689
266644627
284199373
271036399
23355686
39974074
132618701
274849951
271402012
268344699
42811741
33378674
81503713
65792357
44239583
72194390
284043347
19632485
45190383
62509229
17846914
294177000
34334775
24707719
149586061
50037693
58836276
270522268
19991326
28822170
59462563
35002737
14764008
15894554
19720545
19679298
166182965
65070017
29193640
21496427
86972207
16986949
10098212
224449363
205563663
26285992
256799206
12144232
246409569
188523837
273519914
26107326
37009391
24103549
84149116
34695273
62531606
73175962
24223060
192724366
145255091
252016721
42465207
152008346
208061293
67012155
155399070
23095444
14420135
26213879
114822038
96858543
161449806
137834561
43107507
154302414
57396233
43955137
125444001
111141501
52681958
100745831
20814648
20179628
83882814
17689270
38009737
109943385
54400626
100050916
16933116
36894086
259045004
37900261
289499706
11578732
77717720
37943659
19078113
17425184
119166791
58496652
288061579
227837742
11679892
42318005
14115271
14126460
203653475
17877821
41115491
136088416
269620499
210848589
33234743
104549229
76815746
166993241
248752323
247338745
57675149
23092890
36232215
71636299
12466572
266772387
47400390
78814583
105706625
14700316
15824288
87071917
222194340
35781989
174381294
179870626
123921474
109516986
146135766
281282774
238264015
266452374
204886467
299581218
18369383
31997610
88830099
271023896
168017115
255743625
293048157
24171228
298522985
63493754
76945466
17218676
295526645
300474697
288629888
29211391
15689264
18809804
97585497
52758198
240393970
281540744
1125071
17215802
9015512
16262391
25505732
213069659
622543
282093902
116505994
21125929
38863001
23602328
46196208
14010882
17781847
51090278
36732853
96813794
59578562
104637610
20179775
137780726
60086785
58963190
19863977
16128601
28886436
21351987
286207019
272998330
253058373
92148541
88804774
89747167
14542590
172010100
118987704
248543501
17598934
59539431
201791085
209174231
27704735
42550446
107199576
58484851
138098814
18384467
14401607
20180281
74400041
189180763
247035870
240737740
297535770
60650329
25502100
16529358
19974666
32215148
63475996
41813485
55058753
52814368
25332656
54312079
124374148
1130271
28627202
39820738
106813265
46404443
229119882
102476242
778057
14361155
18794427
49718862
22650870
31395001
15293542
31779156
9674552
78330986
71303498
7481812
30918779
27069873
110702604
16624174
112763422
22657351
43200849
19079396
15728161
17717287
21224756
15113565
56480330
46131997
21258337
62441327
266084123
12296312
48029066
101844850
39795301
45209429
217454583
70555872
175394549
84248985
96442308
292549803
16753660
267310147
22978395
21762012
274156704
33325483
66717938
219032456
33655512
29130873
37419748
23395668
277028525
15646547
209833543
115833283
174307994
297727408
18371070
299883942
281680981
273274289
294909683
234297807
133128555
45436858
195884388
263234033
295472832
70709247
104178819
299381949
34402475
219333886
250912539
141275600
277018690
254082173
97812190
43037188
161505415
293893613
9810192
300574383
26165540
82379393
101893214
286979609
298867705
16632772
173362701
52043526
293447748
16926637
44430527
97220329
292473272
65645201
42501971
12109382
17218267
15839979
14827598
22988546
1181991
14279511
15063461
24701441
10827142
19167293
17389023
51728323
15359578
97474887
16705761
15497533
12008602
74820061
110445334
15677585
91671740
119372054
18767699
196824385
24926288
27090222
16640598
42958829
83590349
16125224
28676476
213795411
52474019
256494414
257661436
22255006
27939337
24797315
20975060
19198755
234540332
49204865
257549999
252763592
212262370
70799725
13724572
54900089
23594885
69480815
23817772
40887204
63150856
21397043
19805496
34701524
15939889
18379118
16827743
288751432
72273570
156016878
268282057
164843236
14856665
17241440
21023681
106135104
21901272
42442665
45604374
223970563
173925279
23324908
203125322
16688472
55561715
36458001
44145981
102118265
111118348
35863744
56434431
28146989
14811629
55123211
185014034
127967269
187983865
200071835
20532566
148453040
18314743
215132071
205364117
83875368
217223941
42698449
86339651
238366790
89024005
176396984
247086352
66472414
258599525
16085740
16514004
18214672
265982355
285647709
277506123
260332587
40566161
88054362
206306156
165826745
293300742
201145649
280396226
154596930
27830610
58415867
6782762
283348044
65069927
20792169
22966253
287688270
291774180
175131510
45019911
25292876
268787423
26596727
18274719
245407446
5577902
27863062
19186003
103949895
115749048
43251295
75367453
80391298
14325119
75744127
19727507
65623638
70049587
22123215
19929998
21044127
27052129
52772798
20921751
135579990
18778965
34523410
18148203
15730140
16015621
1528701
58101511
14129299
28394129
18753156
53767782
74822498
14873940
232676715
251876164
15526287
37214445
134612483
240100075
15153236
277779721
136318387
15451696
14896173
67194113
19788181
7794862
16340990
210271545
180353370
15024479
14128054
63177462
222101617
50057841
37817657
131546062
15727317
253604734
11489
38693456
49742966
67306280
78339331
67369564
71254073
30030890
16929301
59947475
45641216
39567648
14993204
142780865
17214358
95490591
50005441
16016705
240700617
24017268
17217640
46648807
160946337
15918353
22217959
126907664
15707469
14730894
153133944
18226806
123954842
54982829
17912982
57428429
22383831
223517561
16279271
15812461
299821664
102818182
227068250
295751366
78411680
60757241
196186500
118246106
222338898
194193183
21394764
17491498
59145948
126024367
32353291
17195458
188591875
221382741
63677864
14514804
89967647
14630585
153149305
202206694
264219447
110893482
24905240
47975734
73303753
296361085
54985176
67685432
11853712
134857101
172082230
16725341
25878195
22055698
35773039
59031230
119361133
242615395
248714866
259926850
14980820
19171096
14917874
262817777
14855740
17388832
17823504
24563426
18981152
18682941
44948795
43882967
43775412
107566127
57712793
789190
52173465
256064163
116353262
205023235
48413691
41410562
273700859
59987813
98420882
19206876
17841862
37999041
4517721
23000302
27551009
57363366
82643763
64916983
57751453
43581352
21768766
179588796
76707735
16491569
218542998
15826822
210628675
87498687
130274805
16118417
5416322
60919240
151106990
15450996
23466918
16459325
13919072
241201385
22830647
46927338
22924446
246789509
249384564
48125246
260790804
261918703
233999760
293856165
154664347
16521286
173851954
246405721
194114364
14882554
21119925
11616772
261389546
78599720
245907654
29450425
30949915
251627765
22846100
17904389
38498799
22528699
22610917
198602067
89772618
270101349
154934260
246076252
284800266
10033292
294449695
294705224
19989172
23918769
28127794
295685416
15888070
57725666
20725994
35242474
206428391
262741534
98565887
172858784
15769146
286259762
28349269
17758551
198555413
29238034
16581076
271192010
167760557
295864702
57435870
293315992
269895338
297498647
279964598
298666976
89731752
247191886
298904342
180514117
291941733
225962390
238989382
172796045
90866936
14114259
20295222
86141342
10228272
256178459
253929595
31067860
151552406
192042877
30205586
19037356
15029174
54581810
17918561
46180114
23596644
75207722
11107172
27681019
41087619
22192482
91169369
91163152
22064779
18060970
13404152
14191291
161414795
103955861
240409553
277165873
20522862
39800314
218546441
14323791
16550480
19912304
14768117
236026761
17131934
107441604
104237736
33497006
176527232
222140591
14153020
165511812
49224210
6385432
252296570
12733642
22129280
16364399
191613738
73166576
15485844
15164565
16746493
20486520
275572403
19038768
28627577
180524012
15739494
129360573
21662976
200542610
281320206
5120691
20786801
27025642
282380265
133864713
18361558
86308365
109384367
155084250
283708287
286363562
264926670
17590814
114301185
177262490
221162525
76649729
92526226
216835225
17139728
15723884
12814342
288521577
269157503
13256882
285819029
233713055
29468074
76381104
18646432
38626964
284498713
218267731
288637630
279771206
185684821
46403230
42518865
62557110
51781827
23618241
15909372
290724752
36845729
20924723
187255719
243291022
71358042
20109439
46681100
48497704
14202116
50011708
25709609
110974198
26249909
163538563
106878438
112441291
160948300
174256096
39879120
74130577
254136706
51462013
37718217
35002876
84104594
58379000
133439172
216881337
46807181
26539097
90506732
22262553
265966262
136318331
116836560
56413858
17603231
225799553
150724371
21059369
80913903
229207628
62387220
25945103
148771088
280967276
34249165
36571102
26924814
17957645
26459660
38264868
36696370
15681761
166990746
177812997
85666985
227202084
65707359
35517670
72984233
7309052
15108702
16664681
49304503
129825282
245939475
35060071
278185640
25409131
208387688
18947832
31801993
20597460
250784170
32761866
19145536
237418907
52466570
250256967
52465109
278145569
56443453
48075643
165204211
69393590
31464192
234493276
20237824
21842781
15919256
17423992
213302831
46119836
68182884
60320331
39279393
92183278
17819480
242418441
142896252
14141323
15481070
25436807
18213420
16456599
45640578
119074030
31569259
271689959
22248992
16184265
14086803
166456879
51191315
268442824
52038904
18813332
273583044
34271645
275825889
19517144
95736922
96662959
18323740
276953394
260710003
119152076
197163896
270548048
115666916
250311022
109919088
172129696
114840005
17173766
55609107
14185261
29990697
246964519
260786152
43117323
57955722
234869277
214330050
205299497
22192337
56482674
247627190
21797658
16529278
14677751
18778634
18159985
31273114
16724361
41196210
60125532
17316885
103022243
19608273
56223278
25333609
49986034
16222202
22107285
159120737
108746596
15166261
27938809
28113052
234370900
61285110
143798379
119250381
50683521
50055701
78231411
18136191
1303381
34287998
159362503
34704753
105152728
59848095
23265954
44014050
46131298
103814944
18112393
49054245
16260772
90206807
15699819
21945483
18292678
70788259
241764387
114854440
165395747
247578826
148393922
242970218
39489486
149315713
245419752
25990183
15735034
17924677
19786336
39510422
80336884
21787198
18208120
206522478
42608496
125497063
18190205
24743356
38926453
246957658
85332004
250755020
251906092
54645160
236265963
25381657
247935725
30182961
242944499
19701834
241424768
83658470
10368612
63650107
27513648
256841281
198242561
44185672
140896000
17740969
151519500
14845376
2884771
167024520
1314491
246491803
247416314
39249305
19918558
82649553
33576489
22812754
20545793
28599820
36948268
21406834
30216513
20552026
109025212
14135426
46016028
40277246
80612021
18909919
31611298
75124560
13491312
19891734
7004382
125445568
34638973
34972633
18696134
161411080
28819823
107545479
56864092
21312077
31128529
137794015
132201224
50452197
16583468
125095286
21684013
25781141
58928690
22669526
133832049
22812434
7356562
148453195
19318314
138770045
22192142
38712914
151963505
22053641
137823987
31122582
28582749
29501253
89028052
92186819
24913074
49639096
111635527
115111016
84119348
63169388
20002401
155724750
249348006
168673083
111635980
248735463
29293808
22523087
245516606
234014087
38254095
260845829
263815367
153486399
163570705
267854863
239905257
48086014
156333623
193732179
242892689
235373000
28602948
227341953
234002627
240812994
216503958
24745957
112740986
158398519
23600262
162069635
19716781
246357149
208692908
247486443
16901295
173648464
23796787
249339682
240363117
222286905
239964567
109280446
248850174
235190657
240760644
237944147
246769138
76966145
249219716
242926427
239871673
246341769
250710495
26901982
73279371
182482418
54398330
185376376
183667282
62657173
257038465
242836537
16198434
160561302
126719717
15791414
89681569
39834947
36686040
114388293
40059219
229966028
48398586
20655508
54561501
50326652
80387507
84103992
56971284
54294321
18379115
6519522
259381454
266853985
127617328
240983236
252819323
15460572
108080788
19549851
18772911
210929741
199295640
56024295
14412225
15118704
117775964
80000244
25387471
24178193
273654309
195852859
15896703
87798068
26083271
19082018
156714051
50374321
22700953
30719558
26607712
17466186
97239626
121566546
88784440
48809111
211588974
19085281
20468251
271412809
271532400
195898927
25197850
249457522
71036272
270975972
272549323
41228046
25163231
17992453
15891345
25354034
273577295
267881270
204487366
197628846
181200757
249501398
273706465
227589048
18742889
199325935
20166462
29450962
90456938
37094727
20086360
140289561
27058591
17871088
9793302
11618032
132193573
28330233
174686106
18071459
46417885
17869798
41634520
18097821
21010214
16555985
150110556
50769180
115745371
20776147
58869089
14616610
21696279
14660096
65448844
59947068
19409109
28811251
46662081
183310120
19419870
27245742
26604072
216299334
63877097
158780565
17810646
43963249
16214005
261289053
227037531
32071013
63796828
271160753
153944899
15361570
33563161
74305288
83603750
17896154
237348797
20879626
211530910
179783464
240385577
240376522
198526130
243797058
33655490
211901075
237862972
137407124
33701017
15903837
22922926
24468364
259994858
65548089
16531274
165592470
235312723
237750442
237299871
242761889
117809503
18683964
56708256
44771744
17087406
253599697
204881923
60329634
15416739
177974542
16425672
129879105
18983793
21536398
8859482
28264799
25101996
19268706
5507542
186187675
220081296
18944697
19500844
30892804
41189379
15683674
229613465
95807254
233714157
227038507
26805062
45846364
143839613
18906915
14354026
113531253
16982663
18679372
78110149
16305848
244268646
23258618
15759387
17583430
14934964
233711868
21570761
108376246
36572644
18163893
18958999
225116996
106441427
233834849
56747571
159462573
119120866
237366951
240246028
28587919
60680268
22956220
34810105
14745164
23016395
7702542
15669672
44783853
80628196
260396714
242795690
231876280
116971855
217205543
207688934
239949176
249410485
168502762
140519774
30912937
242426145
210926192
233783568
53970569
248699486
17487795
31476243
245766005
237770636
148761159
269282091
148878245
70745914
25110115
21645304
123289022
17783469
65450075
161329769
9130702
22774112
43330797
74808357
19667766
125462428
18455275
205740267
44614426
25971804
21213276
121655830
119166646
242872360
247312115
27027979
108148138
185268314
52062525
25159286
139817064
145663449
24304240
23942410
22770689
16176691
62826292
16255892
15009049
17136814
52417620
8756502
30155403
17190597
267719395
15281779
249288197
78445977
14335880
14805740
67378554
17602164
245408102
46126764
29450674
110545675
127316099
18686907
69773058
218975278
204599219
255523025
186578457
24635552
12917252
43786425
232287587
25261154
16698389
92544900
87063281
59331128
17004618
135515077
57124794
46557945
14949858
12340562
2232041
40172913
16558704
16451101
19136196
15913143
22012091
252819642
101846064
242376736
252115520
16187637
15837659
77032777
35829796
54215248
106738320
16172747
24448865
17469492
19249952
176609040
24773177
120129682
32207712
15012486
140286364
17243582
185360823
25104363
213713264
39155029
16285830
244166467
44638576
15199325
53127197
21228708
15570735
15092872
237403203
20017660
15147900
16192862
94241910
16336098
17115027
8357192
16223917
18794402
16246426
27009969
23773209
54891614
23563234
209444823
14412934
9684572
19826165
18444665
28119411
17518344
21525246
50044510
15137706
16509580
57914321
23844157
113531389
185852508
138132511
195546843
32757887
125619141
103594788
64412345
24867895
61022500
60610235
85801794
56345739
59485697
65336351
60363560
94433144
22835639
18846824
23948496
249830054
104942374
21717060
42702971
44195547
60407443
18754510
189236340
21963554
28265021
107704220
29106817
14946200
15935628
19367142
79817949
15524999
29216764
13850422
30060311
254063790
20949955
45911324
38491075
245892191
15941955
16572648
54667032
27006224
43984202
14493552
54915692
8861752
61734492
87469483
234797704
117928875
120176950
17658786
29508258
15446531
193430532
30167133
12670512
18148907
15075753
43318621
16027546
16018516
17845432
16437135
16244690
158130339
48029363
35292538
23847978
18029272
222622640
20402945
28175577
11014272
16334857
91478624
14749070
2735591
18949452
15110357
33792634
15208246
34713362
49706919
44615672
166252256
18481050
12
14111534
1933161
19315174
14874480
8406952
19709040
19380829
2142731
13058772
2425151
14940354
146569971
26548315
211388399
247723476
22928810
55018701
60627728
17045060
17451742
6450322
76348185
14616022
44777959
36774033
21783950
18058609
16028241
59490738
14803701
18475772
105174965
84340979
19214284
82161632
59204932
117821354
20657852
162056028
93076620
159609655
18963809
78030096
15170346
86697288
15357722
115304078
30527493
72631996
23484039
89820928
112526560
25053299
18915145
43920155
193785644
233842454
234837632
22772264
44401911
21443773
19417492
93876666
16081831
27882000
15973881
23645920
29300726
30901709
18776942
70526457
130929441
47954642
131144091
137454693
118756393
7684882
138787319
86129724
18650309
15298836
50310312
233601235
230635989
61853389
9109712
20436059
213796133
144904461
22651692
244128288
41336747
14346475
218982732
18990471
11857072
20437286
93069110
130945778
44960116
18080708
103087786
21027715
21252618
43409523
20177097
1025521
155642785
24852012
114607567
18566912
117537998
30231097
7215512
15159913
14517538
17734537
20268045
15864471
18722097
17113349
18732606
14048901
15649433
14856951
18038892
17831464
16613128
20430077
14615871
22826294
15587500
22506222
16616061
19658936
15368404
71088854
19674502
133379712
110375552
36683668
177737258
108506682
61206798
211955846
69091913
19981036
138504086
16680654
199047717
47438401
4970411
10400902
16977023
205360834
155973490
61879600
80111587
18981785
15151000
111622423
235271965
235251868
16815644
15210284
1244811
16930125
242873057
118188665
18881645
48038024
14270650
24235368
15923496
40336162
65444621
106447749
15231520
71636747
74752434
50643957
52438574
20060293
8963722
16817883
1046661
24782897
11818502
11670602
85396297
51228911
241207373
38516217
78478894
240427862
37448646
207764858
15909010
86340836
15379444
16139695
122280156
210855466
71115490
236541422
237814920
34796279
41116906
46813718
18713552
17071048
234044087
8570392
85131054
15950882
7380872
15399512
21425125
20776497
88806753
16145763
23944104
233693291
44177383
236899846
234573331
237781383
237763317
233761277
102423267
239561508
233737858
43162250
122207745
233695891
114896223
35218566
14268812
47694175
21509894
238321369
115510843
18804994
17498427
199970562
199979983
15993122
14984637
81155662
18060563
75600769
26513860
233557728
236916916
234937222
110004599
236479311
53935392
20707966
47739450
14061583
15537855
13067732
47632905
19216998
20957491
94139317
40116885
146166918
15265490
22149280
15724082
221793778
17838014
14173315
49620730
20474813
742143
5402612
6017542
130649891
3080761
190328374
27896335
237312687
158788831
140966468
14074515
20378448
11771512
21251668
191477653
16896485
56810507
236487888
15764644
193762837
16739711
112236047
22771961
235258843
236511574
119899270
32007346
224391627
234812598
217543151
18805644
234469322
193794406
236960387
224294785
235719973
201079432
235289157
225921757
213634439
234822928
234053893
234128524
211420609
218349372
233949261
21481343
221447516
17544524
224320485
21040780
21802627
22977269
209792690
13262862
219429281
234022257
229197216
161791703
234057152
169586280
21122578
174480064
72583393
78886418
172495439
41387157
71695099
80317299
15896625
18915795
211208769
128429892
9862752
48388417
21307076
22642788
69181624
173999134
7744592
47081744
80638910
172835296
43317601
17530983
24257515
16669075
14342564
16878156
27744185
7429102
40923348
18528834
21312961
180859549
120212144
195783230
18999707
65483203
16045956
95731075
60713593
133947893
22517990
188019606
20
24115763
19719579
11469852
18812301
18622869
33998183
14761795
24752484
4119741
73181712
15458694
17006157
48037533
26792275
21619519
38495835
14515799
17044233
16250929
61220477
15931637
12272322
52070270
27901418
14511951
19294991
19071682
1931631
1300601
30694631
16051808
27689907
640893
17063839
180585705
136389258
145775845
15360184
14587949
46740863
15008539
96913699
24030871
15110431
16245822
16580226
1435461
19402238
19802879
14505838
16895274
1344951
816653
13
66369206
14885549
42226885
9534522
82282572
1175221
93957809
158007643
13687102
15109378
14597239
145671165
49913368
151074763
28165440
153966545
46168387
16474156
65129258
87712431
56401482
50393960
120120773
34371118
17553701
25124390
15210603
81502941
17910554
14049145
84445191
34371126
47412499
16371887
86364947
154638016
19716630
26653324
11640472
31461776
57586856
123738314
31528187
73198063
28902856
16787084
18176907
47415772
164412502
92079350
48043084
151444950
16017475
79743108
73190286
59676104
16378486
18780213
40654867
29650732
171256398
52798095
34933352
62807483
112765894
18486746
18027450
49015544
170922427
129510413
19850687
55845533
119200689
119195641
77040885
54601825
161054961
165859431
27311044
1652541
71627462
20245031
25320005
23970102
16031927
18646108
15988710
5988062
10126672
66369181
19611483
18513241
46002396
19659031
90725320
4898091
65146567
28195764
20094138
103060329
37764422
7334712
61197654
15298979
48828085
19263381
65502117
50764706
51241574
14454432
38844621
142750903
162502223
31763199
164863272
50073507
16072058
63004503
20280088
104299137
136300373
18909534
137466464
137330069
166491459
20183126
89516233
55247926
147995906
26039345
15029270
166314223
73954428
29715291
66161612
30837762
136526394
20087493
108693975
33086137
93972169
158896378
86356697
58872421
18037907
21040094
164549024
135972788
139843106
161743731
21334815
108686283
17787079
19253485
21121455
20784074
21661643
15163978
49986081
15380919
161801448
15901113
91403710
20046015
22831866
90484508
104198706
71361844
15893937
160997848
158758547
30621351
13857392
47238678
45555255
154248195
8234132
16553505
13058232
12925072
18978553
14858000
124560631
159581677
88656009
27700636
160748415
9272862
39193773
138479037
157998241
103716556
71691335
159903201
133443445
134807695
42109537
28336415
108285328
15880302
60223057
159293644
28181835
16405291
23517712
39660906
146827827
52714526
25694221
157983615
136550204
83716559
16446177
35195892
18451200
15976697
19658614
76185102
84620376
22055226
18632666
56519740
18953266
145048014
51964801
55097013
15991355
156330634
18536734
158045563
18946929
55926722
17409240
28614550
19568273
47455112
37940492
16565260
82075935
18633493
22937901
52593821
27048645
84383825
15766082
83922884
84318793
78408666
20600214
34609255
17346287
74768410
16565399
63177818
14692385
21612122
15907720
16311797
27029537
31310158
78970915
18227519
17169556
17809507
65428066
24002724
52419540
21111896
90077282
30043495
41019773
19541375
71294756
14434063
15224867
35027698
40553282
27860702
45967789
108617810
33771702
14717197
90340062
2836421
15441965
36681590
77055330
38320343
54885400
150737366
20267484
154591966
130600206
61863624
71580626
42342417
36446627
23870788
57435183
157494202
18551418
155576303
41436776
155620446
157834281
157561625
67805689
151090313
122240991
18921929
156497603
155618679
136917045
68498034
74294786
100530267
75397432
148440851
14078808
65485548
26388811
122694236
152121251
18485106
64784531
24811308
149493798
11782382
41351252
59589963
154344046
15268490
146099856
154102894
136715494
153009817
18949053
103408534
131631395
115188509
120556883
69513348
49357767
112519014
21875834
27366338
117040707
115804930
121905148
23789790
23102936
24752187
41292079
133035332
55766013
99386572
115779217
128633736
41758974
153647649
38886935
23203100
123421771
84877964
150777151
16993648
111947289
116500406
125209079
111996100
33972044
16867375
17684783
26777550
16099612
31338746
57028939
80903695
94910410
25118088
18772468
104024871
125816192
20808855
127376408
150544798
17854820
97252054
118207636
72655776
131851191
14068794
108207351
146984704
64380091
42965839
122091369
111700177
23820501
104696426
108317003
24186110
108788543
115988007
109733964
21797269
42649465
125413292
108523595
106649019
110217626
16379892
83948528
109793150
135277455
148593021
129073018
150526850
131636056
73795930
149102996
57221477
14936771
22363460
78474137
6330762
27817316
16157656
15446520
19475281
87018725
86428515
64027252
26816589
53414028
17815585
28563397
79811082
79373901
82280034
22037129
15891841
21955942
70437456
53699395
42953944
82653511
58041024
33663774
83462693
42638402
82424914
44219965
16935936
83695489
82244909
83717374
83761254
83726637
81169738
53288764
15035484
52763281
22697371
65229898
49941639
65065606
62847435
64813956
74452613
36686069
15027796
29431831
15876673
14554287
84824347
83899278
49038014
52108410
76139849
61754782
67066842
85634199
148143641
43830523
140153808
41058100
109450034
18394443
25763891
116981397
104190581
121330428
39054167
84227683
55288944
25512685
15693599
86095833
48530263
19273332
43315437
31456783
86168737
45081884
58857124
66799868
48353677
23247996
86186063
18815765
20399765
86592135
19366401
14317862
86665019
19293749
21969829
38381682
29179862
10434542
72565500
87770070
53836753
62865817
75346250
13668892
88082941
15564815
88216639
88270671
19126314
14995561
23585474
17539988
21653533
89221696
86298641
21172128
28556811
26514231
61503009
32340002
26818986
586803
23947827
58300850
16151077
79177642
19349569
88705197
52774792
22667251
67136474
22691359
88810998
18321588
15502526
88049318
86826943
89208983
37592523
67918699
61295382
37692417
87802789
61905803
89292254
90018444
90116420
24557446
18907297
19932005
22127448
16130058
22042488
43493081
34927577
59083320
74164455
85418520
91179899
83620661
89814216
91265665
91346202
27295757
31739695
22632411
91726251
91382956
28340089
92245248
58473698
47399568
39305398
90551314
91179070
15650093
7455282
16672662
21418613
20322919
15791066
16151355
91614007
93443168
14828860
16100610
93931872
40939402
90917330
88527530
93398938
70756980
87630145
87519956
93657038
88058002
94165558
94949291
14751712
26493804
16514451
23375037
65681422
21451770
23973051
89781112
14276152
37922956
59912234
29781489
14891179
94889850
74468193
94604697
30906163
22169636
17402815
90902803
76773857
80382463
96800896
17481121
96831780
97096929
18614827
82817938
16623835
19675180
8404572
96863084
11009852
28825177
97344439
40511297
88740365
96899214
2871001
97083182
24227318
17465965
97765663
16890518
86518887
30225353
93910945
41072274
84606980
96842391
70986916
98675938
96694314
94654073
19693035
22605798
84152520
99173953
49089205
99546661
46531435
22819671
50988430
24184717
94209879
100273573
124925650
113766794
110550551
113520985
52537790
47857697
19121926
46381467
16627727
7199762
21729493
22140011
18686823
109865430
114820314
48566603
77811801
145393538
60342519
77211913
19732996
16163374
18751435
21421178
21739931
46263050
47397798
99570404
42663434
101784891
93307535
59141515
28652194
60163294
18953611
86198852
61281924
46149540
94366606
101932409
102189261
15256077
102762021
83932732
62368943
93552356
101606557
17235959
103357281
50726030
95830115
91349433
101849069
74515144
20801622
57096297
74454029
49992096
52758609
27573112
103136876
15096641
105230526
71598162
92446994
58292864
34448628
80686105
18130982
34159237
65786389
82179730
2295761
17928925
14745776
31225881
15693660
14348022
21572351
18345919
62859375
75347500
22528309
15861717
18277655
23103488
76452765
37007274
52503751
42924141
78431501
29766367
22545491
124224165
54412900
117777832
22508473
113473917
77250424
76350004
78369108
75367781
23124635
20109973
36764306
19354391
15463486
30313925
21674448
16160352
16898332
20259954
18172905
46176168
72198806
113420831
9624742
16297707
47688440
24439201
57770539
147504665
140139282
39572581
74176402
65659252
19549487
102172717
19799116
68437232
17486985
65025270
19983280
48389713
38024821
107284130
60636108
66390342
20113397
76387233
16632200
89566650
47002319
108437634
105210344
105826456
46392396
39273661
107514329
107423610
107778611
107814511
100385507
79966062
100194915
18621632
12134692
50438243
21184213
18310884
110404277
138770535
14610275
16703058
14916808
113266621
148211154
109192303
15280385
65005023
14593685
125139645
27505043
63786807
100400341
26637419
16226299
17716548
29456165
20065282
108368280
26472440
107922931
24879997
45349968
54980126
6798832
44629827
24735461
64723403
24903444
109290844
97076558
109807012
31253047
55275117
90021188
19736444
110329444
45970002
38904824
21916880
17960693
43964874
104627449
56544803
16753058
44935627
69641276
16926072
77212551
110538922
66671360
106849100
12439862
15570565
22719661
24828426
110521114
89319146
106514937
16999825
38459769
110798209
108363511
16523910
95370214
20677133
48167044
29134493
62090215
51117369
85916265
104636359
93575832
14216438
23082285
18795453
8953122
113095700
112930824
61113285
80613392
92666862
106689502
20435808
33578934
65044676
57320191
17745223
17266434
115221767
115724858
74386174
18586925
16742053
80333269
113710347
63749707
92443455
42893717
33631772
31958694
36354563
116076344
66491920
17104919
44706111
116067096
107221526
116487790
43802857
106465257
25420223
85634177
63652429
17296500
22044326
28361688
123218575
114756202
114911723
116810855
48115928
14608899
86345714
108617892
48865258
63363638
15986034
43129057
16064507
101879021
118826719
24061661
98254746
13954542
112486307
18248294
16026940
114003963
18316775
15270963
119471198
19010399
80138998
24187683
119348366
9075852
59250486
33797011
75632874
103045868
119944563
98932161
118371836
69584077
16659809
18594418
15350894
120920222
114933393
118695722
45708896
50128726
42959221
14428051
119065316
87715367
18555244
119749813
115166212
19102503
118148509
20268667
47307498
119646451
7144842
119903725
122677440
116512902
40974526
33082110
28813431
122165841
123713476
14343150
117088056
22918287
107746779
95819045
99879343
15002879
65140545
23267673
121064535
49726173
69086398
15641893
14222511
15563971
115948091
23224060
62447206
16441196
47119404
17607012
29819643
32136613
99205843
55931763
17906346
41683723
18286677
121292365
124739864
120284081
121990777
54114276
28994305
18912298
120701620
21846304
21424716
23998456
49210822
19313572
109595552
124171141
26383728
42482662
16354323
64735432
125365775
66722211
97953551
118824009
125681943
36935592
105670078
125854958
103613004
46917899
18693598
19790018
43721314
20920473
125871691
126258433
122174004
63500744
13852002
59230428
127162159
87524027
126212358
46933245
71329313
29615207
128598500
115467166
15288190
126644609
134179170
69087911
24431947
15206871
20806376
19097379
18438419
18229117
14079425
15579774
19593530
25204992
36378452
78421007
7126672
14854961
142321780
11246242
4388251
110781862
18125737
15699942
17058879
16600574
16476189
19734025
22276232
125077440
27868406
18087450
15320650
14430060
89474852
12504732
108846437
111653852
141616116
62437621
18539631
24618431
147649517
142124113
26823302
43705551
20426889
92915438
133027358
19575422
6426042
14630222
35474809
14662354
16882190
21220931
25121410
74057037
15762819
65431632
62607297
17602996
46817943
20536157
77017567
18244358
15220720
15573154
98543618
17971455
6393032
19163739
128423382
42188949
128127489
128605924
22097803
24298528
100554577
98637769
103008033
23164472
130373525
91120560
129825558
19237918
62389687
73127655
123669368
40896305
16257819
131671949
132430977
28618473
14296477
132515686
22169488
131149247
16404712
132133598
133266449
17387589
66172538
18804889
32774989
14282169
32463193
8567492
14808781
106569710
21176431
20494949
136717640
136682183
135986885
136915709
123910334
16317890
70432095
19053307
770759
75255479
17850012
146299583
9133652
104560169
18280993
86674165
16282011
1050111
4248211
14389132
19518544
118789989
137778650
47961289
16563824
56734958
17029262
18010350
117267404
12651292
61787428
124798323
30314198
42913132
45656004
138520919
85246423
50285062
132998253
22626524
133159058
46437223
76229368
24173653
137029361
17519389
121547147
117135861
90967730
50434933
128364437
140903124
141648982
15203873
135166789
15799647
20620673
108973387
95035283
63567012
143168041
22144306
39901942
47950617
16478194
144137281
15245652
135289819
143855326
54229868
25769815
142313382
76244630
98929990
135904937
48317601
141353884
39442532
32129142
72874723
64622228
21343653
16504108
95509057
16547587
18615651
19376547
63007118
38011924
4923811
80934149
15503291
14401638
46822696
50682131
15798894
18168174
62943046
16484374
20202973
86503110
21383643
109643217
48772103
34098952
56698300
57680359
85862291
51605822
27313623
34036294
34394969
15129433
130326083
45638349
69309895
17911544
74495334
19366646
32509422
16005449
19605279
25000858
29532089
18504851
23129734
18289929
14996326
40776082
29531504
18173557
118454116
22931765
14125834
110186513
52574110
47428003
37594743
56754591
34005896
96796853
91127293
95419804
48480746
66986809
82653001
15961546
22410053
61940345
114770667
56282101
20572865
23073646
44122678
41526336
12680662
39099299
15481585
48211836
45836886
122088200
16118322
55029458
29043814
65169613
40264497
63812059
61798379
15259840
99123713
73177448
42337866
136250134
16101182
19348583
22877806
16887628
24000596
40594289
16625082
49790536
55273998
56231903
39279939
53786975
18626872
18860694
45625397
59016028
58931216
60224260
42436762
78167701
22530163
27971447
20647535
38284409
7039122
24270817
78816019
81992337
16743021
31059685
21973876
16696587
18645469
77282328
37481291
102428264
19381051
18490056
21920875
16256106
29231645
22728165
24882935
41969314
32464130
122756734
16100062
51831703
16395291
93796616
96123741
15981419
19859403
123899931
17433675
62887120
7768402
113090884
10723392
98125608
17075423
22183420
125438178
28594116
16320634
53162642
78070648
19550641
78276010
16140358
18093694
5336752
58531651
24449444
47201319
28745846
15700745
44001216
96049653
18065691
74901047
116656762
15705830
14457121
14238142
15367292
15731368
31127446
5758472
76936279
50325797
15220768
48110818
14345759
15545402
26010718
31065906
16578992
17991669
117788453
21645401
131181107
18359063
23260578
36773278
116227348
16013843
125855207
18774342
133801267
22449435
37248934
71281860
81139286
21209087
5639832
131204770
14703188
9252212
16071909
3137331
17582758
41441873
21186125
25169797
8775672
28355268
116518445
18834180
25612391
17451038
15646174
24067213
25673628
24112747
16424044
128611423
25509872
19679854
134926562
23753100
14414279
133874769
16259228
17233782
22157847
125542596
28934465
20877333
15768704
21344229
57656702
48172316
57073858
16062247
114050808
119784192
19416225
13918492
49855286
19613084
28576135
12354832
21434408
33222598
16157855
21326212
17906632
35616518
76154659
15075999
26820275
50317463
64485600
22703645
39308549
1626991
21301933
104872886
22027114
14224719
15840909
14885305
14288919
16221428
35671474
34113690
76811901
55329156
15219854
19917266
36188083
55421408
22043427
32475674
48581849
64729812
74198348
76043920
32155953
40955475
16624180
29525577
9717322
23134068
20252855
28423263
18906561
36396752
38970940
20543334
23951197
50152441
26424123
36654245
41363507
40318829
55677432
55235265
20444463
21157904
19269183
18061669
21111098
26533227
20092295
20088666
15763535
55596347
60984835
17601606
15554102
15932085
26007752
31142125
19405365
14554106
18790296
15283729
56873859
14465607
21313053
15923226
27114180
26587436
41445718
16927455
22055740
24183358
32506723
37920978
26778110
23976316
23121519
15773898
18632809
34340464
33977070
32010840
15513604
14773930
17959210
16002975
48117116
21878458
17546958
25086658
14344823
11611052
15753048
14125109
14892458
18991979
14951975
21136403
21678365
36771809
34424156
20867568
15968519
18061386
15957636
23764675
27676828
22731105
17777458
20020575
16630062
7152572
26051676
19616327
23712174
18943852
21329888
11348282
17629860
17074440
22934576
22294729
17930574
11134252
15113571
19912734
19926675
18317325
20796447
18967498
14825522
15960798
15971424
14555125
14584605
14584706
18727438
16259594
28176898
12788332
28785486
22733561
16051803
14825511
16036525
17834989
4107251
19726613
19658173
19028248
22831059
19711438
20593863
20593942
23607315
20595712
23110148
29212306
16573859
18873711
18946160
19554219
21682142
22509548
24362769
20593739
13719342
20955157
15070546
26946495
23508299
20468692
18679799
18700629
20209807
20608910
16012783
14246001
12044602
18678924
18170310
19107878
15689503
14529929
15416505
2704951
16032925
19553409
18956073
24773493
23970171
19407835
972651
22650211
14293310
17227248
20015903
15985455
19069733
24904117
783214
15700171
759251
2467791
1917731
14669951
9532402
5392522
19929362
20053279
18805303
15856366
22575762
15207668
10168082
14412533
14413999
9567972
15391102
12413892
18791763
15754281
19151000
15918708
7905122
807095
13218102
15727817
10615232
7270292
19083619
11650762
15581825
21269970
15378621
18030431
17800215
16056306
16721061
17976923
14275291
19139963
15600527
18905115
19394188
14825599
18216752
20467163
18811140
12726012
18916432
16019871
9855382
20713061
15735191
17993906
17513304
16827173
10840862
16102244
19739126
15922214
19877680
21736303
16542798
17223530
18139456
18978469
14738157
17556805
18456694
21820363
19349317
11856892
8839632
11856032
14345062
5741722
15949994
17064390
14412883
15302642
14588748
19046500
15021465
14946895
16001276
14858106
15441380
18693867
15742719
17374056
16256269
15731751
21660348
19989438
14620003
21287590
20546536
19624861
15412714
15210410
20097342
20192403
15751083
15281676
15825316
17078632
15428227
18166778
18217624
18891923
14437914
15498429
14527393
15675138
15661604
14904437
7228682
5693842
5815162
3108351
428333
1367531
14897840
9508922
7713202
8251132
9300262
15394954
3135241
15116570
10102032
5558312
8542882
5357812
7402662
5496932
6577802
5561412
15160884
