2938539761
133448051
2923732354
17310417
1112736205
571202103
17469289
27477243
1920241417
612692065
67393806
1327025400
475264785
2420829439
122412564
38120609
56809821
1322558402
558769636
198567769
1072585873
52284598
334270259
95644654
1346906822
21269970
15997041
478969921
33215859
21768766
5931862
2147866206
57430197
737453995
209792690
11651202
487862237
237763317
118762247
18294427
26051412
20087888
455756607
2273358264
2353663021
28425476
2303726412
16032925
1367531
14662354
2253968388
457984599
160946337
291906283
626983614
475988505
359639580
1472321300
906782533
81114846
138092869
26808497
344176162
233693291
477500336
1095548364
10126672
18200760
12296312
25228622
233696188
26520693
114756202
39155029
888909278
6039302
15938122
1137600571
69049771
1055907624
26777550
14529929
13749282
407013776
418991627
543582293
242926427
1058520120
37128955
1335517206
1045110018
43983462
1244090364
50152441
613725908
20467163
84119348
1071900114
584012853
20053279
518644221
1074129612
114607567
1128514404
1058051748
26051676
242873057
18030431
1072008757
968650362
237299871
235190657
236916916
1080844782
213634439
19318314
31611298
1262814457
1061292174
1068499286
234906311
1135486501
234057152
29766367
229592356
1064206014
242772524
183359911
202616987
403132860
473670030
56864092
1339931490
24195214
36948268
43238795
1032996564
1705410434
80956768
22437604
78700879
310525682
358252545
529746444
129905831
34713362
39395820
38459112
19927417
432853233
23124635
1655587639
1176393698
50487520
486200820
249674727
5840532
2467791
294333877
17093617
235251868
18257134
16801155
19658173
93727275
20295222
24539426
82933323
44134662
236899846
1065995022
17976923
119166791
16874341
13829772
38711343
26774751
1479821083
8880952
234822928
108972530
77245044
27093485
19308372
18825339
1511502894
17539497
1451508398
937723303
56733836
248699486
7702542
57360176
75370286
38833974
20858691
147583065
602948407
5033381
108393912
29501253
16408152
15922214
160561302
121795745
34648965
22797378
48366585
52761190
41843959
314675773
316712622
26393059
295815228
119909959
599329617
155934857
23593446
1092757885
18811140
148006729
1038091999
233842454
437728454
419630482
15008539
950783972
22931856
15518969
331030074
1264489261
54591343
573728583
17665537
18614130
21805276
495413862
27904366
46288226
243331169
8342092
301839165
339852137
18880885
22139417
62847435
573916220
15394954
606637069
1039653806
486622947
1080509366
21815363
42303316
10318712
46014227
142843687
17495624
122047823
1069716078
124224165
37018002
1173260180
252819323
79049073
15356407
40006285
1020461678
964981015
105223236
64485916
63286082
1009269193
240376522
348728907
482244568
121312996
18874087
592161637
199930239
10028892
19599524
17038970
18699925
432766911
257507834
369162331
36564017
175415640
73869372
136337303
83650664
574614190
49263032
233689700
36383231
57365085
7402662
66442026
15007149
16841663
11371612
21901272
26596727
20852423
1129749391
1077446982
84144683
59143682
38462208
35845800
461301890
19808819
1069124515
358228646
14938339
45889655
26233640
16187637
110545675
370771310
72872728
354981337
404322535
1060370282
15467466
36081031
13604262
24772029
235165561
499788660
7313362
5561412
24046168
15837791
22816189
15675138
26516381
875480388
5496932
211927606
19033541
93950784
16828385
24735461
74245975
393562221
43920155
48236314
35829796
17667690
385966254
58876482
15745368
35769693
27676828
34057352
62102140
219429281
6577802
43197903
17596743
1071840474
1092979962
1068470480
50002763
247415162
25642720
8999792
16139049
5357812
326857567
19170271
95553876
19119864
805027038
14587949
18787979
50705139
633855519
224294785
234128524
28176898
15160884
40949961
11134252
16256269
23970171
21220931
102459369
109280446
38468522
3135241
76452765
19926675
16056306
18916432
23712174
32010840
18166778
26671291
250507331
79074517
15600291
54079832
34549185
198939871
15987296
45424010
58286928
85606078
51228911
21725866
975200486
960962340
80643040
24485710
15091022
512420056
747788934
119835703
58479641
19458472
77302287
67316585
16826147
20549189
158049926
38160029
27675545
18450876
37920978
473118604
10168082
76636317
27959419
49720839
482048332
20809529
458825200
39579772
138173294
359976906
80327786
58474805
26809199
14861641
16889018
41873654
104541194
46154017
57775464
15663103
15893733
28390516
15670006
22990962
324540983
324146535
299802435
27777737
31190309
19783661
60966270
16617094
8953122
166633594
68730426
166235477
338311854
72668126
202238386
820173752
303248734
563575876
112236901
117252101
270607198
233724961
111409690
55321133
966442267
935033864
1045853744
1048784496
1051446626
223604962
24939313
1058460818
231933290
252819642
17163643
36563018
39510422
564978492
926573419
252115520
50798417
15207668
351133674
26324609
23976316
33222598
27088987
15428227
19739126
247334603
211588974
20015903
23951197
22527499
234573331
78668547
18815385
41445718
1058807868
16164327
143798379
18891923
19075851
18165866
976969338
7713202
1917731
9300262
50325797
15600527
243731054
475115890
237814920
