2248872301
9655952
268645648
756129
13393052
188809568
378848483
15638912
40940457
31128529
2260145645
65049591
374272671
42925352
73238146
811350
292495654
550344427
14435578
1398809449
18958988
76348185
267399978
104589454
22842589
633924423
29442313
4816
106853951
586671909
47762036
36415554
60715310
277124730
17881345
1543830679
1531265618
23899556
962788082
14615871
1530850933
18679867
14282672
15008539
284742585
6576492
583111400
126373017
1170898381
32031426
602491646
850107536
1009054656
135207320
19356814
1262099252
1342861723
334162338
22589282
1061029050
47747074
7819802
18061669
628709039
84351228
18916432
22509548
240790556
8128442
222140591
70771229
2836421
51598027
34165100
22866150
211254537
78207308
252915254
14977662
184143881
122226713
51978127
273795671
18929690
248722197
28647343
178126098
100472108
277750492
19462341
9024342
15322414
104960469
15447585
159262916
252110905
157072047
14380643
22575145
4949561
285222937
284678163
197646173
4916111
253667228
146099226
268570459
13141402
281298426
115207218
212141953
17272677
166603713
204661318
66225760
18818789
17910554
15868821
17135038
37781811
14470284
45263772
32476970
20818801
5988062
174170923
156814503
16121482
103734037
19058681
190829836
278703622
20738943
239114850
14333178
20492367
261432863
279850905
78735930
252942164
14703563
210947884
11918372
19181549
23264968
256605333
33429205
16020098
18623187
14719968
5502502
1340521
15467689
14110875
19734832
57203
16861715
55098315
271130015
63497043
135051607
47228331
38215308
167024520
25382012
216882389
18183219
22047405
21069175
258096060
114773297
22942739
23926510
53847431
76299288
278423085
64524661
16190045
74757499
16675107
172470598
7591102
159569843
212262370
16041234
271115507
36128216
77017567
24918345
203925593
224059079
18810394
78024370
41952875
30802716
270185634
274057423
274122403
38478823
271255319
52530339
247529666
262779261
89790332
85251779
36463091
89302674
25128598
122196729
100408675
15978412
55646295
266132784
9484732
15603254
155973490
87105499
14294074
150110556
69427169
243797058
17070113
15941955
168295477
111544510
17494010
117928875
64082669
41691265
16675413
19799261
15093279
20728526
14607517
18842300
21841119
18228178
19412551
242178962
52202231
21414576
6332292
11232112
12733642
11382292
21696279
15834931
16018516
44438256
132318372
17146101
24769507
21634627
252249233
16355824
18172905
23999515
16149614
80111587
31276319
71089405
24900354
37999041
8548612
16491683
7380872
16160352
10615232
15164565
14270650
14049145
18915795
48144950
48115928
15210284
21768766
224320485
21982720
11857072
9862752
14412533
36764067
32010840
15954997
20545793
29201047
14293310
66725328
1917731
9300262
15922214
428333
13524182
15463671
18622869
2467791
17994536
15839303
14185814
17099928
2992751
