2273382852
1137600571
1345764546
509152382
19718195
1125600092
46221573
12670512
995934462
2471723629
104914594
127512810
2651735460
86029229
287522481
473498786
3386610669
2860854371
177412338
1140130747
14856951
19981036
15617668
78558366
77951180
18719228
59062375
195840597
157947389
48125246
78694788
78421007
207769267
390840265
3348198723
16326882
31534918
1715501
23967935
365694250
118130765
86352477
573149116
160948622
46417885
64916983
15129727
70511174
22508206
3010678560
522358413
2496366080
25091500
518746112
1390919354
910490766
176826047
83466368
2557274646
3010463518
65466158
387491436
3301956821
239718559
33547767
174793500
15570213
28414093
34113439
250188760
85892107
21842781
14790054
3178693668
150686538
3235974481
33983012
2786380261
705248191
3231209606
18090660
116469649
98185069
249227924
388578967
189321763
16124141
3041985708
2942287507
1536791610
74205212
461305248
243233036
50209953
8839632
21318061
15235602
26283307
38477874
324962560
225910061
125359805
2866657366
300360969
24622734
330576007
1157366526
23848444
62988756
81029903
298128587
1265423480
259879881
2827713080
73404789
104378326
2323985389
1169924646
2715334748
26590524
263726384
27085484
328128553
2885599077
115171825
2802494994
2747474119
2172842372
2469697824
372995700
40937037
63262233
245424983
16230239
575669567
1068499286
357606935
764165490
728180250
136340839
973364808
132496568
2358500454
20064866
823531891
231108733
2724095695
385187246
853505636
1599926384
54322823
139251037
3144326411
107420944
78988034
53114618
361657897
20852178
27638312
34328939
189180763
1635730429
83616201
105939814
776569014
17060020
15432218
22295243
317980134
423631401
18091706
1392461779
183738158
36184220
916303212
117662694
384940104
17918891
18694861
191750596
868112707
1633608487
21870322
21024997
40297195
148771088
987511344
394741838
22411875
3070714840
120233868
1135613557
61817626
63607208
1674156740
3096443551
139478204
78716886
119419711
240352908
168684891
98106155
384997661
23694543
1564728318
47098558
274581613
168674628
3095493190
109336404
16170253
15586316
92383771
792449084
134273151
333381346
2738461764
297598247
19937237
217242074
21534951
19847765
20281013
258082407
242907470
114497182
75600769
285252127
993972252
245386255
207243664
2359537176
373224072
177223358
2265346933
519430281
2181453624
2891631751
362460539
382685028
106878438
2364467947
32527636
298021332
2294931282
53125571
1007987112
263736435
323403235
255347566
156016878
334944709
348604833
242070266
115718513
25519370
20241837
135515077
28902856
35790963
301014412
14855562
305668829
2194802730
460604814
23587349
189129306
277959406
45632608
29244617
33919785
22728467
17899109
24484939
31121154
105925025
75069067
1725985022
16581604
370808273
21261381
339024811
97015619
143882282
25202055
21146733
1257442292
3044993235
150240350
41533245
22799750
414894926
3018670151
163589845
53176629
534494917
31565351
282695074
196186298
126629610
158573447
16329199
3648061
69480815
36232215
2192136197
2433737761
2319512504
54320038
581141508
17112878
2518325245
73416019
330361451
2325962143
236279233
198594006
23768237
2370996384
30043495
58683409
28722356
24797315
326208966
49699576
1539675883
27899735
119115218
345158526
63339242
64731945
570169435
16636243
15739494
19250369
46927338
408195377
16175052
24599669
18018355
745447032
1055685948
254218516
10886522
36743910
278670339
26083271
17325090
80366372
16935292
19608297
47438401
615443591
43638469
13393052
743871787
44988185
233783568
19608273
18080969
29077741
36843988
15492359
14514804
16955870
2773266312
147649517
235196204
3004168537
2303751216
65416742
8082302
132241469
26810542
6450322
188786369
136135759
18501487
80857153
282673499
18170046
95753389
70712546
16550480
70725281
232229513
29221344
16029780
17596622
3554721
38516217
36771809
370302562
436310769
76348185
240812994
1198778149
299934683
38393473
15179874
25372825
243795079
23794763
301650691
2696643955
2964351843
105242077
48388417
38530021
456835252
1323573128
2916086925
2962681881
14282672
160561302
15008539
2968007206
2975350155
2962868158
2968451607
28049266
190360266
409595334
2482638300
2863006655
2970279814
398088661
19195094
15941955
45178316
2312829909
2884328272
75964310
1002904980
2942790532
32926748
2343699164
262845555
2970462034
22077368
61320986
45059009
346197350
2966570782
78530339
195850342
351034720
59486068
1702889484
22264801
192971881
134527473
32359921
61657906
1262814457
247277788
4898091
1953988153
54309568
2966738363
18949452
127861493
3135241
91478624
19358607
67358777
20094138
82190568
15264675
249302836
242374336
244722043
78714922
14855994
2353504159
124463679
34643610
42791607
16297707
18967418
2732725092
15689503
15727317
27055034
2374041446
49761651
1704677190
2591879264
761651533
2717159473
1401913165
50073507
277154175
106514937
22771961
17910554
259395895
14688489
510516465
115564212
21307076
17028405
1058917562
404372678
1140648348
87063281
18772897
15159913
14957318
15901113
98543618
12811952
16295314
90077282
20825303
7313362
12369372
185817496
15471824
16664681
33222598
16993112
20611749
134870834
18825339
116986352
17965843
5392522
42958829
18812572
12133382
73473636
16016427
1083448909
1260172386
718739810
243236419
1440641
17471979
16200497
3459051
192942213
129051309
208120290
38146999
17463923
15497533
15384023
120181944
2528303509
41655821
2458563254
2458567464
108985543
236220226
15458181
90614279
14999172
84445191
117882437
1709884380
250912539
2898150778
2264789214
979118918
168780835
92183278
1537239396
31464192
2747093228
188509457
27225542
212558729
142896252
15987564
218542998
1947301
48075643
55896443
138774153
148529707
24431892
15135675
326665662
2793482686
34182537
17217030
36260866
18915795
37723353
14897840
21312469
267317235
46955476
142359854
2774074375
857398380
2476884157
300552750
720520254
21206818
455168881
927893851
245572815
2490247722
267333362
112526560
267328714
38496530
210684204
2325836922
35606154
81425898
17013868
106511237
26668821
14413210
109565670
267315913
576572307
116341480
21431618
902344195
402733032
326255267
244655353
155062789
14251225
16006592
38951198
267311463
15441965
59031230
250492272
409456907
15220768
97474887
1106501
54208274
47970169
183351637
89887215
41853160
49698134
122467925
295723601
155585373
243807875
93963456
227088228
258404421
23434446
1155368256
23691311
556345017
454021119
607533461
16187815
168673083
19616818
14849562
238643488
1634162179
196649968
999585546
1547273930
457235221
40960255
1109793049
798453030
555189098
240827544
466698090
135575282
546267471
1057932230
862430010
395301176
201864200
26054555
2242743450
1397356824
1714093446
2473248877
2821035892
475142036
82085715
39511166
17294950
16098007
234786485
14842061
14700316
455869849
85603861
6519522
148086041
85321499
18058609
2308621130
556131394
31058145
23717572
2609775320
16245825
15587500
95288725
479872233
21898041
110490947
21107834
2723515988
274168101
56501422
48029066
11856422
77103769
16157855
86182150
10791192
14791162
1096420230
79295663
32469566
885149478
117189136
15723971
19074134
17002395
27741349
203226736
567648350
17918663
69684767
136361303
145724592
15279429
214219483
1037321378
26077026
89820928
31198756
28397634
372564503
223626757
20177423
194554448
19674502
277296622
48110818
747876121
36890646
84459364
587828596
2305281787
19164430
29366567
286225494
249677516
15554922
432771620
369245377
31267459
14962779
2812282688
2409239300
236475957
184136149
104624358
2248872301
11348282
1022610342
2176189028
148924102
197519095
2359926157
12272322
277576590
1265553253
17837184
14049145
599284289
1675989943
1162902721
2513808787
18617939
110997049
46250763
124441128
21733924
116763916
609194684
333418525
1375145491
1051127714
285845112
62830022
35278544
2538182588
361974796
7999392
364609115
1621500241
21705181
41602160
32521584
249348006
115745371
28160998
89220865
407887107
236842868
29064518
13787352
73417517
15513604
47950380
1769551
23970102
241159376
142411478
50769180
226645391
33125742
27744185
110445334
67021240
51810559
174685521
57175268
36183434
92055121
35782455
194600341
29216764
16031927
112047805
139790901
2264315755
13557972
223970563
14788104
16116288
82935670
456999599
16069566
1120828772
63131932
1134148494
552044121
46713710
356278148
21268897
183667282
24712487
285678606
14146966
239985288
444699073
18124790
353272992
117467779
14856348
292505193
9109712
14240875
15582894
2213185310
39755247
295993418
21875625
20068679
60919240
16145763
298164141
19116438
34491489
285013655
24130824
608616316
22055361
219429281
492451159
52285675
313545488
935059482
1932565686
150085296
14632689
407497469
70454580
253792443
391411526
321494657
1880674038
261810985
407325215
213753936
28699039
41809559
384396052
297140386
29983361
240069078
403860242
136073025
27048645
324679842
466082763
596178063
334215535
404894487
404128563
404692227
404731581
17265241
404003515
407773075
451228392
406514733
220102039
57040161
407044734
471504842
347982473
33648822
2639180256
366629124
16096735
16000856
28631637
74829020
407998993
24287899
17873378
21000061
1071840474
17445944
22830647
200542610
318518392
45265448
228923088
15446531
312243603
1089695454
301550749
430939409
172492960
19734832
404175732
1045110018
21634627
2617877477
143745416
76456274
20113797
16002085
207653766
240506490
93761782
1061029050
18486243
234374703
180224405
337991938
407343524
164045545
631149564
196214026
36511031
20801235
22520127
2592023390
1673806982
14385676
849511646
18817513
15300520
712621800
633269970
27830610
106816456
9973182
185809250
69231187
2241331770
959533388
14055301
33933259
61216500
27243585
1068935221
14159148
229098935
89094773
161801527
24789175
257549999
48687888
1202033305
23269591
252531143
47448886
17004618
17243582
34371118
220009727
111689606
253765177
228370057
50406326
52825544
49105997
1074129612
15766082
18482836
330579721
183898020
456966903
50393960
1433356862
1137318110
2605069205
56440142
19038768
140286364
214936431
11527072
33660256
316375309
46557945
309680827
116880409
515604882
18978610
135952996
16285830
253596851
462143773
19075309
193803102
66369206
35110248
45971430
274031696
26538229
187993109
243754354
234826866
104324860
18005898
40990194
217808149
1084724191
309271746
2455277400
294084341
816324606
262189336
240737740
45828171
59159771
227455930
227032919
29495727
153486399
1278691560
48457203
46297166
261918703
39520317
21768766
22377889
2579397065
375662595
23272358
560301341
28637914
34279057
321797990
1564371
40272092
208121228
114771633
38211356
255546870
195840785
130363646
30740670
239846213
17929234
1101871634
1904970649
344140817
38980308
378720379
1260091734
1564565581
55334133
38051073
29753405
18587457
42389136
62605021
2562732208
14800620
313722852
98682180
273990580
23366884
80370041
138906158
227399374
153149305
71684631
314094944
70813633
17093617
1487871164
12082672
318096200
51241574
14293310
366723579
27633505
1969435140
348787408
14677919
79548134
304106875
46719463
145249988
185358831
552647425
124237063
96840521
467719961
76045571
16125224
331346957
228645198
154985728
58471583
453477821
260685140
76336208
52507843
75309531
64423065
39925753
22052036
65437213
15454247
214571654
1058520120
352400205
2450101056
449221718
792722186
94166093
24620525
772386990
136025179
142811205
9080
36602046
407431659
71405620
109361491
475002064
36955678
581064617
115041630
28197486
872539838
123565132
15797014
296341775
25372782
194590982
21316253
17881467
22891564
238262547
27105334
222622640
15769734
31609859
130945778
288751432
11771512
18935711
40966025
415215319
413221900
18963809
33681433
112445727
262465050
78975833
567706607
48939663
240451071
37699718
1198723448
66544413
108638625
18713552
214933219
16367148
70837868
291759889
126150754
25130365
87818409
138435630
36618451
5988062
14511951
23817772
65019538
16232843
34711477
333628027
14615871
24881081
199400127
454100791
216027208
24641594
631648368
2319419897
68731171
86129724
79743108
21252618
59045843
121469977
2281540974
197183834
19186003
108189101
15212187
82151660
167024520
42692687
343447627
999985153
941682008
124570624
159214976
159223677
210927606
159216545
159217769
159218471
17825891
134849548
1923956815
165204211
1393015351
31447311
234493276
249348169
179546580
77920769
110004599
39279393
109257354
950531
245983319
114887629
16072058
248735463
292935209
474232856
119166791
333451367
2174738266
751812049
728540779
15447123
137791586
1367531
37590426
14662354
18956073
8886222
95518830
46479834
354967575
227766364
78613108
19026400
305620929
364415553
45838798
58708289
19343263
2430568759
147566289
36426516
19398764
489468082
2417841265
227036687
27438376
25303349
33972882
16967845
21213276
216751132
8775672
16129106
159222308
106597684
1386720655
44615250
54885400
19611483
305115461
31310158
15113565
414331122
866202044
170456179
15784761
105182398
15152977
119450000
17689160
67300227
9907172
15649433
24752484
14625398
16613128
39384517
73181712
115749048
17629860
21902103
28113052
789244177
242067656
761654648
16898332
2284066764
15647676
9130702
66369181
25550396
124163000
17346287
83922884
78408666
28106444
19662710
46686567
122140272
115243117
174739746
159511515
26607712
19621997
191136716
31225476
882865525
1574341417
205864193
80111587
202647718
526784196
385429543
112829574
465086196
517194802
73388665
328994767
442795933
26329195
17119688
97036677
310310133
384392601
133947893
354933574
20809073
279314819
167494170
52304663
29491803
260795717
21619806
159684911
19544207
15267619
432766911
83788240
21689801
23805874
39975257
404851901
463015142
61029535
74491782
267379108
2347049341
26402448
29008249
27796165
2364606757
9954032
496368943
485747496
9627102
863867036
851106744
21837805
1630541034
408011171
213359980
14221917
29271212
15164870
237289027
1559191434
76056806
22815691
36786485
268418169
26049176
19572442
25592157
124579018
11341442
72043745
17298485
2321148500
10069612
13493302
28796289
54624571
20818801
839961548
27649741
1321452614
266830495
11702412
108993692
28484463
1531521632
305216911
19980950
872741082
1339931490
40069846
216091030
301462042
31583882
2293131060
5450402
21692297
197482930
205867949
32774989
80628196
109461015
531558229
23508882
67004637
87059766
20520618
47724438
48802204
44445991
192867657
65163785
58581348
278776049
45619885
152861525
252249233
558769636
1093090866
1281405877
1410590874
110541296
8953122
308573576
1604366701
253217032
218161463
182073999
1172823632
131144091
369246180
369238541
2169098419
112549655
109287646
23456216
28145061
23607273
67367761
165848279
36203027
48269483
14177942
292513922
17611381
10221272
142721190
1712961397
281174918
32503059
1665386791
1702571186
1665298740
1881128166
1712989040
1729062162
1601549102
20736672
25387188
47215369
47252003
188782940
25523019
223547019
1931969167
23468714
20700604
93652871
213705568
24293190
214110166
25395195
978620492
213706746
129568709
111379452
386110788
44200263
23159207
108768548
286884412
425353573
242146618
1389913958
238649532
224295578
45626810
1702759502
69620713
14463848
1334028176
25053299
1754641
11856142
115733549
17494010
437150341
247334603
843810763
110429758
1137818372
192955168
22185130
21962759
1243902714
23501907
2281152260
20582958
301628954
45577446
17918561
35928501
2289813414
783214
1871920591
27073265
180505807
1199039126
239760107
33537967
20284860
516880804
14135426
418137371
48123578
2176712888
153554238
20071903
125767077
16046535
5695032
16721621
19918353
1606535112
252692751
71051575
22812554
310455468
1262362578
32509562
114484379
1410206587
1603381488
74785281
608238751
2268173743
21040254
30795357
18560260
27891091
134759149
18252349
475988505
56413858
15110357
28140646
312558617
28164923
22149851
17064644
997684836
316399062
17551265
127716939
54276497
22675685
1543830679
247323151
1531265618
377367362
119245817
22151916
75052666
361342191
100349032
174358926
85282028
1485928500
1097305837
386127157
5402612
447410369
340374895
53943410
23484039
104446737
32995184
16367980
21456186
216299334
28162128
16369359
104851609
41405412
227837742
34310801
20522862
20109439
364896719
14560097
18097821
1009054656
92079350
36764306
21027715
114050808
21878635
103087786
26596727
300497193
237477771
85567841
312134473
208692908
1657934527
293048490
392810019
260396714
14081659
776664410
1055730738
389840566
235373000
873956412
18581544
15993122
14870670
10126672
24102242
126171100
220034716
49820753
207660339
217550862
1372599294
41161887
594752946
70135494
389759292
67360631
2180439391
44189833
42567679
123604678
17850766
116877154
717863163
67347919
172033337
207074612
2176105393
378636572
10429722
16480894
197567344
266133081
69297657
28011771
87541719
242555999
715052108
1276445784
14660362
336188151
18919259
1703299680
20015188
419693158
56788628
58503762
116832720
41729421
40302336
171598736
205437050
78669790
20436059
407848097
18813482
299995816
453407834
13168412
47270384
14275291
1915470624
242476733
66259130
15780280
1967216306
745476127
339529477
558997164
309265388
35002876
15097615
1673516432
85634177
18638502
20778387
24776576
160278788
216049430
275144200
59110369
385568535
22097803
131497030
1548158070
26953478
1631159347
528949429
17890544
23496432
858646280
1707321486
596821203
15164565
219996392
123737012
16955991
26330565
1009386482
18510860
15977275
19658614
50881533
55355654
33986037
14345113
1141563763
164759805
48876524
1877876863
426842072
250858193
41409898
407013776
23911915
34889448
36683668
282282694
104576097
69091913
14499829
152866991
209850066
1854981890
357648167
426909329
135265904
45604374
19835719
15158298
309658106
105608166
15394528
138530516
19546277
1603419038
15978412
20402945
540231217
624413
34713362
18637396
16184358
227841653
14763834
1615463502
540126854
49204865
1342861723
68690201
23674342
227024333
18395623
109614008
418988252
69361993
43409523
1614054846
203209812
562981626
19889946
114547989
1530850933
378664713
293131808
127590478
1135486501
16620216
67215899
132278386
1283671273
1405337395
17011177
109287731
463132556
614426433
78369108
381152398
453698931
113202279
1578795822
249419077
1433440226
18563796
285115756
368518892
1154099172
531867627
15706429
312189104
787373558
262781430
116565009
59331128
7768402
221563863
15439402
206487352
119784462
165145540
439281078
111334252
227118803
248719612
58619336
17539497
208736091
701725963
299877078
13524182
373483300
19551296
557151599
952833445
14046504
205802808
14552278
153558139
98957204
8036392
28227336
97274031
1206227149
246088673
103132526
144927403
214219361
17010786
61321048
543133442
29999197
44686371
238259855
1339835893
240135871
233601728
236026761
347395654
219018120
17907987
17856104
25388412
249791824
1134292500
61582966
15463671
401625957
1464778524
77852581
21619519
15731368
32628749
193872188
31127446
9532402
199325935
222554961
18172905
249410485
18678924
149982376
22162854
15950086
302060217
44169939
1027156464
384913290
499109830
1068932467
1222257180
165791468
45340763
272451302
19408552
329866683
180617011
10228272
7309052
297428020
599503354
182815759
14434063
16348549
25951078
23232204
285681923
16261445
80681990
443033172
14629262
297498647
24196684
20073434
54655707
202625355
126722715
95431448
20846760
1074518754
253215692
205392468
103130238
1330457336
20609518
126401831
103955861
32207712
14280299
33276161
541329760
16746493
18697888
146569971
268282057
46213956
52450532
3086071
407439896
164814905
124292582
15335534
24012888
101813467
11680962
31484477
12926172
12521632
1099199839
369076116
65686596
1155335864
14717197
40260612
295899118
390311089
102789488
500704345
166182965
53066602
285852662
214573177
170034104
16018516
213849798
19471123
757303975
14062180
135931182
41279603
16051471
35773039
1286312880
26548315
1080509366
338476409
20747881
20517132
1023020557
218982732
614441689
15677585
169586280
20800328
612117635
115710058
28181835
1061385474
74508260
46479416
1090002997
109446583
1071102246
213358371
16378486
37989554
1064206014
197594920
21797658
1073415901
48389225
16172747
30042670
266155777
1077121945
37291805
558003275
24933645
163598915
1080844782
57768217
404132211
785414496
937723303
15824288
76133715
57751453
80317299
38271276
6332292
18873711
950783972
255719070
33610050
11856592
1092979962
45399148
18170896
198848006
243840731
15891430
19797615
942156122
456806128
311147317
467823431
1058717720
562456722
25736778
221061994
14185317
231510077
5695632
214669154
267938462
339852137
33514869
15724082
91386979
29465136
17004139
17369431
970207298
103942996
18766459
57955878
243391689
834497642
137702760
39114551
6577642
48038024
17869798
14620003
486694111
26946495
1055907624
22650211
364423298
213706482
15664289
15754281
31143494
212503356
14677751
34274380
475286355
21901272
44960116
17487795
118188665
1060984272
442824717
16244449
167219309
112230887
37281592
18276341
21800063
24926288
14165525
70771229
16787690
292549803
214935792
15463486
16028241
104248138
17006036
15969261
159446723
40953082
136550204
330592913
23621827
88739274
303861808
87510313
123327472
297532865
166707360
87584353
117501995
7381772
87498687
65707359
528952365
123738314
1093338182
125453969
249469549
11883722
17292961
742143
25511316
26792275
46662081
282735852
19118535
242418441
15826822
182503471
88783290
83396915
294270520
453319164
69193833
164369297
214219400
128248754
258885469
50446226
163995093
24428744
12245632
16098248
225123568
369232105
15399512
14940354
112231587
44134773
21870192
57431229
46817943
91180720
242836537
16340501
14007532
13850422
57037364
20772763
272077985
159609655
558153579
13067732
254117355
300822047
236234671
16312441
122130343
339332911
476256944
14437914
23092890
93876666
190298721
24439201
7848802
69181624
74820061
52112689
77032777
110823581
15837659
108686283
22286712
164007407
17044233
18215973
297067961
525564630
232992031
45671898
15923226
81144983
308233424
104299137
15727755
201743157
163570705
16017475
258900199
52419540
21696279
97503010
168295477
16081831
20508720
15939889
11856032
263815367
14552725
51462013
234014087
82453460
30912937
369505837
432676344
80638910
93069110
138479037
14695985
12354832
73238146
156333623
16669075
14268812
18909534
108617810
15931637
18622869
28785486
4207961
20109973
216503958
237770636
155669457
23593446
5336752
4119741
2884771
14270650
21612122
578436965
111635980
9692022
56700964
395390942
15224867
61853389
14529929
86697288
342803375
171899574
52070270
613738435
18227519
9252212
7402662
27901418
1025521
72169722
22148250
16930125
66386087
78623653
46176168
14345062
19541375
20608910
11856892
16187637
5741722
136300373
59676104
595515713
158426909
85131054
21111896
15458694
15442036
14173315
216003160
137466464
21862217
209640562
15281574
42535683
44873497
243291022
15808765
30929600
224320485
15234546
389028352
47694175
15012486
82144335
71294756
39155029
21220931
9862752
150110556
322603418
20474813
19107878
50325797
78525505
1652541
267854863
29293808
252244719
242892689
24816848
329913473
20776497
239905257
171151039
243337600
352548417
409486555
16129920
17171111
270067927
388354776
37469127
14597239
165998897
12733642
325830217
23092247
234141596
18137749
221792092
102747668
344870222
170111219
292990703
38254095
278124059
193732179
246357149
210926192
14384907
161791703
161411080
30216513
119250381
80612021
49639096
150688795
239949176
107545479
48086014
242426145
24195214
137823987
72198806
84388888
168502762
162069635
28602948
148453195
153944899
29501253
108376246
20437286
28819823
43920155
88806753
9624742
21406834
112740986
58928690
19918558
18829123
22669526
36686040
14984637
22812434
47412499
40277246
21312077
34638973
20552026
39249305
46016028
22812754
20545793
18909919
33563161
33576489
75124560
125445568
137794015
111635527
21789463
132201224
158398519
29450962
115111016
122174004
89028052
28599820
38712914
103922067
19891734
56864092
15022633
24745957
34972633
36948268
28582749
70526457
92186819
19318314
44177383
82649553
138770045
25781141
16583468
187638946
188019606
113420831
15954997
115979444
29442313
24913074
25496823
151879279
18696134
59860197
15311268
153865861
119898824
47207043
17368500
38507478
15174710
35013862
19068885
19719380
428333
34956062
22784136
14412533
16326549
23997755
14678968
50183754
15210410
2467791
807095
3108351
9300262
15210284
15922521
2836421
759251
17006157
20002401
21690931
13491312
63169388
14246001
80111837
43910797
109071031
7334402
15007149
19269183
16160352
18695134
7152572
14708814
15918708
15675138
15267663
19201818
48388653
14262811
139123512
90438475
82512057
15922214
16233170
1917731
20809513
109025212
114950151
17074440
84119348
29201047
20597460
16789970
14125897
8128442
60828944
7429102
83901492
133832049
150724371
22192142
23600262
31801993
15361570
22053641
21684013
74294786
61206798
31122582
31128529
48706233
131290943
116505994
20179628
120176950
33530012
76091017
39311638
44783853
151963505
153083172
813286
43963249
7004382
7356562
30313925
22012091
15764644
150078976
50452197
85396297
31611298
84129740
16317406
