109961797
1249982359
2847221717
2929491549
26307302
1337672527
586671909
259925559
42220353
14857290
14123683
369505837
14275562
110213431
249368015
14870670
114887629
15647676
1093090866
44209472
406255275
184860130
454119389
624413
432766911
186881077
17214683
14849562
131204770
475988505
361342191
135541985
148936255
16930125
119003138
9855382
15918708
7402662
15922214
48115928
349195650
20243128
331255016
1077446982
26424123
19084128
16072058
22033805
19024627
1060487274
57221416
1560444553
97503010
26596727
476256944
14007532
16656350
16797303
250912539
19785811
245272915
33653195
499179924
75690416
18915145
217550862
42692687
107441863
17881467
223349618
486900479
49729058
13804112
196290799
21875757
59425403
103927659
75364211
296361085
291756142
824014742
812332261
278145569
193785644
80136311
62888286
45445240
398088661
5357812
823993891
20776147
23011749
90252949
29088219
240393970
95687597
43425975
2255182597
57740527
44478236
2194467816
15335534
69773058
71627462
15075999
125358141
16081831
115718513
23555906
18384302
19417492
17163101
28614262
17454769
469194846
10774652
15210284
25630016
237944147
86126371
532465322
41387157
25916881
34713362
227790723
36776808
138020182
15676944
62595469
82689705
20809530
21826591
40116885
16031927
36260866
16193222
173925279
10168082
21220931
67373092
22185437
127337295
10878852
213501060
42090132
8940342
20015188
17198100
238234326
19394188
16113700
131144091
15463671
17143313
16439471
216881337
20546536
18216752
16887628
2836421
88784440
18812572
58550415
15012486
76133715
202409095
14377605
168531961
14251225
184136149
89820928
17074440
20608910
50325797
16006592
13524182
9532402
326255267
11771512
20281013
18963809
20494730
14803522
90484508
997684836
13262862
355906128
244655353
30313925
113420831
20733972
20015903
18277655
18956073
37094727
1603419038
7768402
15764644
14529929
16547587
16789970
27689907
17539497
21316253
22509548
64723403
61318348
18266688
18247062
250492272
233484761
114756202
20378448
16068266
73303753
16413730
269375709
254117355
21619519
45399148
36452050
27311044
319689712
16250929
20508720
39155029
16125224
19186003
51241574
377534571
43409523
46681100
50313443
21252618
14345062
3135241
136250134
71294756
400984106
14410652
5534492
71048726
21301933
180044219
91478624
14412533
9624742
66369181
23970102
75367781
39308549
110445334
34369632
5283382
38495835
19674502
334053327
17546958
146166918
410096653
45840174
35548003
86177206
14213413
1405337395
16097702
31127446
356278148
640893
11856892
86129724
47739450
14246001
17078632
18791763
16032925
16187637
18646108
9252212
108617810
22517990
171154131
333692333
18557258
44513878
339822881
1137600571
4898091
2467791
15458694
3108351
90651198
1917731
9300262
95488307
212708176
40532337
50769180
11134252
733751245
142721190
104299137
246341769
33919343
109446583
106135104
236336591
249339682
16102244
912608010
54412900
13067732
43993601
1246763515
19611483
15755974
28565276
113047940
19291441
15985455
1074480192
14884201
51206947
772525399
26777550
932800454
34718145
41380733
39626131
34709901
295685416
15675138
15751083
37107454
42694660
20730021
95973441
38491160
386767657
357105137
137689284
28013266
14319762
35876449
35879259
8725052
161743731
20053279
1059240924
1154894353
111635527
74198348
24252117
43159584
17366974
90653608
197157777
15694286
15679641
15933690
416500878
219561876
36391088
23029976
97171189
237862972
509726800
555593757
379403679
92483539
272542662
18217624
234022257
88750092
402029058
28238988
498327739
470958963
501243630
217925831
570150134
561518947
27557391
17983739
34605824
20600991
459629718
16397030
56482796
60132108
17896154
28176898
14803701
10228272
32506723
33977070
27676828
15160884
85606078
22528309
23970171
15281676
193794406
14662354
21329888
41445718
17976923
22055226
78369108
211530910
15356407
237312687
17544524
14904437
52503751
12788332
18906561
15856366
15207668
23976316
15428227
5561412
6577802
24735461
18566912
18030431
19929362
19926675
133439172
13218102
34340464
7684882
19739126
18891923
18916432
7713202
235312723
