823413354
2364330535
904518781
3034892963
82151660
838199106
1522289870
1620339236
19693661
15586316
19824430
135991437
138774153
3167605927
16352947
21316253
28358250
293327809
262671965
2302604749
2329796636
1605091742
3242339546
83498849
18159306
153149305
2485930448
432797602
930640554
172858784
1099199839
26159450
2344558476
105939814
1460699100
28583597
3087516629
18158096
245858916
3167563778
476390447
528949429
196867038
633367070
28414093
1119316969
21797658
21608414
3006258669
11856892
261289053
215156332
1901283312
228019505
54903378
188199231
1202210624
147826175
462848762
47819405
18169053
2921065140
2325759180
2893518844
905184308
564680097
2821340141
40031581
2174618556
1335143214
59157393
14940354
17006157
18622869
164412502
15731368
52070270
17291393
47694175
17074440
89820928
14529929
14270650
31127446
20242981
1068481578
2532912954
2927758254
142896252
2280754134
7848802
1880385378
90712166
242836537
33721661
277462234
486694111
276994979
169586280
92186819
405032307
23247996
124539711
556038938
2998953006
733557918
18345986
86088922
47404357
3041245203
71323944
90725320
197423425
158802394
270484039
40093078
22032260
29479859
57111966
2897965208
232438586
2599874856
360308870
539091359
950531
33563810
1307895865
2946607435
2743443781
104905298
202206694
225921757
1146888684
1942071625
223354901
1369883683
240390782
2955485182
71340290
163598915
582676313
216503958
1951662204
18061669
39564433
147649517
95270375
37978457
171547343
15433452
1300729746
47448886
45604374
78735995
425126788
17759597
54877809
24443284
22981009
772431157
148083870
2770912356
1901034710
2241030626
916991324
404422077
126369849
105187267
2854951483
15965292
123327472
188056033
459523684
1547056399
1566867001
303046514
213528206
545506610
5336752
2695663285
19948202
201753473
1702571186
75393683
2332922058
67215899
987563353
234177710
56484843
156732990
310374952
589244564
17826587
17114911
18817351
19546942
15646547
15483390
1488002394
612172509
82657929
16303106
158414847
8839632
282735852
1948539451
15808765
71023061
69576090
89222289
56223278
17890544
36178328
31179862
449494714
18963809
2654291262
729177876
1411263492
53181875
109302025
172746577
386138275
361313270
133002740
171504932
19727255
243808128
342330158
236017119
17870903
217633903
393747259
735711686
28031353
18332915
16018516
16149614
38232102
2518793269
1228180633
142393556
2411010846
2400371430
2420935580
11621822
1090922622
48075643
49336122
11771512
943814922
2377829004
77530645
43920155
128360328
102778565
59331128
19940085
71294756
2362692631
226595853
108617810
14849562
279117992
275704766
1319405180
624747653
166855149
289459291
105189678
1109038862
27261634
2285560218
206721200
61263431
2157198914
168780835
19734832
20393108
61100846
50665594
109071031
132278386
209330934
1588518104
78403308
103130238
84387689
61226587
73303753
857039270
115718513
320837515
553036368
33792634
60763047
135575282
50325797
257661436
80617430
242763001
52521572
130945778
7381772
39155029
86129724
626983614
92079350
17910554
59676104
15931637
33222598
21307076
970207298
15891430
14412533
30980068
18678924
189129306
294084341
16017475
259395895
19863977
393596432
247886879
16930125
1205571876
1403842638
84614572
224320485
250792007
887964222
23875549
20742907
26829585
633866897
20454896
1380546457
23612312
28471924
36191963
22435294
205899018
109679814
64837807
168936233
63808061
111126978
334778182
313416397
356264783
61853389
408973578
227046073
107210575
110525930
64781315
50006892
50674272
25121786
20167340
16811888
85885154
209636904
461280365
536922295
543805524
120222810
1355151092
23977393
361469182
41376225
21653602
30543272
25954710
217283093
1056481650
759684074
15105081
256302951
13315272
355673476
109033551
26829708
459533330
331861512
468658887
109654925
627866520
29239764
126108160
270453630
115710058
321439366
413223602
92183278
38441030
1393155566
124255015
28389621
119445563
103883063
18079519
22737651
256686699
237352366
100052461
352548882
193409636
19312262
300349761
80636472
259918701
93069110
234826866
247334603
1531204513
136300373
137466464
997684836
292549803
151444950
15159913
140286364
16081831
56440142
43409523
14246001
407013776
242944499
217550862
15993122
16441088
138479037
33919343
21768766
21220931
114887629
15946752
16369359
13524182
15463671
16170253
108985543
105925025
221563863
103087786
98912540
15724082
222622640
9532402
85131054
15507433
110004599
77920769
165204211
69454389
39279393
109257354
289534571
179546580
584139171
164045545
20459403
121469977
234467536
59603406
37721930
22444670
18915508
762162194
26283587
455047965
66055721
451686407
22983028
26065730
59828156
35824238
35790375
41371943
226971754
151628880
30139506
25387471
18743414
1048784496
19598173
135237333
40114242
382791093
21111896
33537967
19726613
59481520
39436511
369697377
76456274
145788116
72198806
121795745
246478084
58545880
14602924
76348185
39141437
21385591
33818820
158945065
172817479
338840500
23527035
38833974
587752751
23846422
18257077
24295890
19446193
15647676
277124730
97683500
275149069
104324860
15675138
233696188
73238146
9855382
21703165
256563353
257128993
22877448
105228034
57533124
30335064
15427899
15428069
631379984
505961601
849942606
17810394
19403006
51241574
15172870
