20867568
1118125297
2955485182
2964174789
15900167
231841962
49641979
225921757
18217182
1349113512
18921495
32640726
19033743
17367797
24109240
17325677
1482571538
15053533
17368841
15163855
17025469
272464589
18957452
15150841
212289337
15151876
12726172
62173133
82108478
18478307
17387359
26082923
16806352
30755419
2710412551
21992035
254869396
336855639
21343015
38244746
253849296
19041958
24776950
316832383
293614088
23897689
34309824
1400542267
84162101
21790466
14764240
292083207
68467109
816653
972651
15492359
16896485
208903571
603702083
176489763
97357837
499352451
16258384
14074683
82167518
17313899
573882989
201390820
1368181244
19719380
571156685
163224458
17807877
707294276
237774782
2615977280
535525706
39594222
24663179
20625506
2303849155
85171927
85173581
39796295
42965000
365037084
84145318
498809890
80111587
103950007
90309830
16815644
11856032
13850422
15780280
11651202
1652541
15754281
266830495
64916983
1330457336
20562637
2467791
80617430
114050808
19674502
3086975121
2735591
1392282998
3281853858
316146694
222666657
3247889729
132928600
36129908
143614013
237942492
44463114
464094384
46194519
176474136
2615589637
311080265
19731577
65466158
47656425
288307321
24715433
138137745
16314645
1024618770
44688778
2696411137
226319809
236864888
53156689
54662401
367857886
24731693
2279759473
16045268
320338274
16046535
73181712
17629860
394106281
76679137
15647676
15113565
20600214
56744139
21314814
87934022
135575282
17409240
392866925
15815876
16129106
31310158
66369181
19611483
10126672
124163000
902110915
28624563
54885400
8775672
148878245
9130702
78408666
17346287
15946841
22139417
14692385
22650398
36681590
33600887
27048645
16303106
58816162
61605255
31395001
45573874
83922884
18949452
85365067
27086783
114785533
3108351
87818409
20536157
14511951
3067106365
14515799
193794406
30973
10228272
14677919
50446226
20609518
35773039
62513246
19777398
500704345
15485441
15846407
26565946
1536791610
37605443
930061
15187965
2888895350
994705358
16365839
2824050570
18810140
38959080
2814524920
2336973236
18319953
2752836522
174759664
132992826
3263781
16408708
228474571
9484732
476390447
14335586
58612437
439485110
292090197
15174710
507529506
53176629
28796289
14695985
10069612
406013931
30913636
31122582
48103098
787373558
183767243
28153442
17033908
140964213
78074074
1473005953
920077704
19165082
3214772548
2975350155
80612021
268255848
989397451
161411080
720504404
109444115
18228898
20961822
13484442
2308621784
193732179
1912685455
239905257
242416632
67138579
2469461995
21601236
2936652269
121862753
452725007
56857281
2766816304
510404116
201857470
479001720
82649553
7004382
555226214
486911495
22225301
108619944
323392744
2429787522
1007059952
48075902
2250579284
164759805
22086120
557843567
52765234
15429807
1613223313
993721842
27864285
91628690
47502515
128291664
54296939
169079242
25726884
15347970
394462624
68921387
737514654
40302336
23797086
27027979
2978184104
482385901
23648179
29547860
93925831
289540610
22807807
588305393
2511408984
33633403
44542178
735100344
113387825
112471133
123310100
2426122140
244132525
1693871694
68702991
98948784
11379362
18217961
154571411
49733381
67215899
2458563254
18874870
2461821548
17025399
2249002010
729094964
85442316
48132847
2252467392
2774050860
19122737
33394651
40057701
98909375
2161080270
78714922
483945013
75052666
571202103
21406834
317522590
410199318
87086673
113692424
1965401473
2747093228
23848444
15681524
21619519
15164565
20109973
21111896
46176168
19107878
17291393
30043495
20608910
12193342
18227519
15224867
14049145
27901418
18622869
4207961
16017475
14412533
47632905
13524182
15764644
15463671
26083271
163589845
89820928
52070270
17006157
15446531
16012783
106135104
21252618
158426909
20508720
23621827
9532402
20733972
130997057
244212645
17171111
21696279
18510860
21268897
69181624
46817943
33750798
12272322
55355654
14717197
20281013
16006592
15220768
14066024
24196684
4119741
22138357
14251225
59031230
184136149
23967935
9855382
16157855
20776497
19734832
352548417
97474887
21844854
44215023
18587457
48802204
14173315
19940085
51241574
140286364
125453969
173999134
21862217
15159913
14007532
103087786
15724082
369232105
21612122
18174520
15906481
138895307
11771512
91386979
409486555
5336752
15826822
47694175
16072058
16125224
222622640
132332780
77852581
522282462
15399512
5392522
21234528
939091
5695632
227841653
20109439
14870670
453319164
116341480
595515713
16228479
331816614
17503180
733751245
70771229
22891564
426802833
46662081
16297707
18276341
14962779
123327472
16340501
49620730
24439201
28113052
1106501
43409523
17910554
18097821
21307076
63004503
80638910
90077282
61285110
112526560
409456907
15458694
59676104
210862000
19792457
245220581
14552725
93069110
21027715
92079350
14688489
14620003
14270650
136300373
59331128
163995093
15441965
759251
9252212
18678924
17074440
88975905
121489431
14115926
28049266
247033019
236026761
271476647
21251668
37932056
14190948
217550862
14940354
615443591
610922415
46955476
151444950
61734492
233985354
91180720
11856892
21316253
6332292
309937733
126401831
106514937
76133715
17112878
57768217
14293310
15012486
71294756
5741722
20818801
19608273
8839632
130945778
45671898
35027698
14345062
31127446
16930125
7848802
224320485
16686144
614542142
169586280
114887629
242418441
450941680
15689503
15507433
19186003
15481070
87584353
160561302
108985543
115710058
23232204
250492272
54208274
56700964
20800328
163598915
843876602
269314519
18772897
166219963
16326882
27055034
20474813
369246180
154985728
109446583
18812572
83462293
273097675
435978700
783214
7860902
17881467
30231097
108617810
44134773
19506790
171171584
19847765
62823393
114670081
587725632
16441088
33919343
52774637
14062180
242944499
21657051
45399148
18967418
153181367
56501671
16459325
24464743
18873711
14207809
93876666
19914257
14560097
997684836
1281405877
435080682
28181835
19618184
346197350
159655293
18697888
17004139
234186830
224045953
18852393
15369355
17907987
1339835893
33972882
18521094
42692687
17243582
407013776
743585142
150078976
56440142
21200171
1603381488
18778634
15865042
1603419038
1615463502
17291452
1283558792
34713362
1729062162
164412502
50011708
380648579
86129724
70511174
19889946
244265058
1854981890
21837101
1178700896
399507448
7309052
19371141
38496530
13784322
1548489476
16893929
36000570
17060020
15692086
20117790
73190286
227037531
18125710
25375836
13367172
37291805
17766477
17006036
745797770
15483390
1712989040
19658936
208736091
76348185
24594836
41272328
353225544
7998482
24112504
24965555
19247844
258885469
12296312
86141342
282735852
1630896181
2382117350
1135388684
23482952
18963809
16566133
346603302
77517639
374277869
2347049341
68801460
2504452635
204599219
22996985
15126873
366606110
215694545
206721200
16378093
26607712
87761810
14849562
29372259
31464192
16547587
20658469
268637163
93963456
69004966
267915933
108710418
892219807
18776942
16018516
128733097
807975026
63796828
238259855
15675138
15922214
15210284
19608297
32774989
22162854
95493980
53929374
16129920
15727317
59159771
142721190
14246001
9300262
1025521
16081831
12354832
150240350
705706292
1262099252
136550204
167623637
1286312880
436999188
2259259550
22076537
260009967
18888306
389759292
125212215
71286461
46128729
20832374
1665514478
196207196
394986254
46557945
272087231
19981371
551243976
103022986
89222289
140208986
1020058453
26596727
17136310
16187637
28623166
16898332
8162322
861944574
926280474
1267940407
21878635
20259954
18324262
18028893
75600769
243212564
17011177
295219983
28902856
16031927
121305860
270017791
105162100
15808765
84141253
153558139
15901113
15908429
494263580
587805681
18124790
2194529533
41879033
475294870
16349037
21244303
204789953
309070309
3924211
8905622
9444062
15162954
15529359
16673528
17377427
18781854
28350100
25207295
34549185
35853141
43783107
54441907
71277067
87203875
105176483
120190345
204401430
210941132
254633034
267358705
288017451
357795920
435961823
553063436
716151607
1155261757
86099890
15763818
39261830
31153345
167037793
61277386
2468065242
257614760
357648167
14499829
15134240
146569971
39155029
9512982
16250929
86697288
44783853
19406163
1389798692
35865630
305023595
23608779
336178140
19925191
19410511
17251182
34753498
97503010
21220931
130251668
45006831
85131054
50073507
50325797
14529929
21768766
18172905
15931637
429339180
138479037
534317553
104904945
22646279
17631193
893496121
153530206
188900216
20789737
26299951
8229182
17976396
17388478
18056520
21228708
580385556
14049235
244655353
1702571186
253114974
72931773
23832308
186480906
113410142
1694568223
26778595
2836421
19544398
14840030
14875771
44432556
17007671
33575662
17091637
20695670
6444092
28391880
61292348
250305365
27863429
14215934
41354474
1347189026
461616778
25087685
15837659
36946426
1206227149
18022008
607347210
219550905
898911319
111128816
195766432
16121006
45731000
16460993
14148668
121237537
2480183299
17323546
134296355
226444702
221637650
23828400
1140684337
492417356
348539088
370264640
310330192
312882136
67134020
80381745
49697450
18024812
16743256
1242115524
2374394749
16364222
34685944
2330442584
104524102
1228029762
17900063
36104874
48123972
16349125
40043352
19357358
30955586
26597015
2205238867
177575989
1927844546
58503762
302182986
2359937696
272080601
14266331
138906158
140519774
20284860
541931280
456978048
40653560
16967845
254217041
409261792
863501052
2330816016
20999272
30035090
234399791
28652197
337742544
728570616
16426694
9109712
42871498
26746958
16660680
44170925
132220776
45126805
40265917
41672929
33662052
123913517
360690162
347260090
31416459
1604366701
21319189
22815383
2323994490
1176545538
389757150
404910613
49519447
389665013
16423442
915941281
98786561
1646199937
457265628
1472602148
344371389
1237074074
195926361
491350825
50310311
331681951
885190436
15680246
42246150
633859725
49764746
26835770
62951113
27708702
95511150
9232292
210235686
1423948225
50915521
180062935
150121709
586671909
475988505
20437286
22789766
119133458
21870081
78648493
16026940
46668191
6450322
564955223
1694355426
23487456
28359028
94152004
180505807
52779839
1428441589
20463418
109025212
36108406
94583152
1022863572
20521204
148078415
15933632
88746920
26502641
165097255
49988522
45595707
273222121
124207903
58875918
71343544
29545077
36175409
102748292
393752415
30597494
84387008
34453756
115467989
14434424
250886182
256961952
32608975
6519522
1249418526
1093338182
146597881
42658483
20179628
1231811341
52824038
21312281
19936565
295840537
454226041
36680162
25249798
19774478
19679561
104224672
19598173
807253855
16544024
15752446
15324851
24430658
39540699
34400375
22813666
160726477
49463843
22127526
64448571
17975184
39274254
14935643
21547139
19773583
17161586
18813355
34978859
49649427
15845694
26301588
29612613
576199159
15137097
63262233
78523434
466519303
381157893
186045114
78168550
334393738
203785835
20925784
21099756
75274615
249279773
19738517
16782140
22034448
17769274
15385717
19774465
23828118
19604157
18456335
76453806
18719880
18720099
16365768
34399950
22736351
17443274
34388463
167148421
32256522
20796192
20410847
17136273
16458470
28635395
24233711
20252482
1917731
24490706
15312292
15928094
14555303
3888351
14525878
9624742
20092721
16796483
18365574
21243668
25371684
43337457
18298190
15649616
35725810
19917537
26552910
17668645
21311422
19072146
16699451
14184651
23484039
807095
49304503
18730191
17137987
16456004
113420831
36124043
198614401
524746581
19777405
28635386
1137501769
26078159
140480873
605650945
399644950
38444843
87944490
18637003
564798409
43133908
374692787
117864755
102159247
1117755500
1079942431
369722103
253707431
977598242
361956693
549308461
222532585
29895343
548110812
404269766
540973577
803287508
499262656
164555798
750102828
383914254
156772551
168755239
261325652
61878975
237010321
38470841
402905504
234132941
258618079
54635428
254666884
36726020
1092803100
524733591
27078238
222953824
16160352
15745368
7334402
33537967
47747074
346637907
19028248
1071402577
20113797
172858784
538185166
1004891731
16742806
46709062
453425764
90423929
93440753
213795411
234053893
234022257
851621377
333692333
18916432
22669526
112740986
813286
1093090866
234370900
329761746
275572403
172470598
1096059529
292972175
233696188
352534407
82657929
104324860
628709039
245891006
234826866
72198806
325830217
30313925
13218102
221162525
229592356
29201047
7429102
292495654
15007149
1061029050
92186819
1068481578
1151590614
73238146
16789970
76649729
202206694
83901492
224285242
278124059
21269970
5558312
15442036
43910797
21157904
117501995
109071031
78403308
249787913
171598736
212262370
18170310
18216752
555474658
19726613
435500714
18061669
73303753
600463589
1074480192
216503958
247334603
291756142
476256944
16056306
14845376
10615232
115733549
262756641
1099199839
266133081
382791093
20546536
233737858
244243985
211588974
413466731
135297032
242836537
88784440
93761782
234374703
19394188
57065141
339822881
18695134
132278386
18632666
293131808
20597460
216881337
18915145
486694111
75364211
229966028
29442313
17494010
217543151
47975734
109287731
21111098
76456274
296361085
8128442
60828944
242555999
264219447
250188760
970207298
