21328656
2962923040
2955485182
2856787757
2863210809
2964174789
235217558
15808765
1068481578
243420983
33513318
16875261
1393155566
413223602
154625922
16343374
37652009
727472528
13524182
16686144
17121146
224285242
23082808
23480621
21031034
16045268
121216491
20788656
52089472
2194529533
1180379185
20259954
1004726360
573149116
17070689
1002000578
52850190
505460403
1920976124
316580588
97275619
19250369
146595788
82657929
21313053
23019018
840127759
14369443
1606535112
310455468
15416505
14587949
38496530
50715793
15744490
96405362
9335362
281610530
62034302
90691891
15085627
31240609
384915512
21795874
18146481
103295124
97503010
292972175
291756142
271007828
119372054
404422077
843876602
721291291
15624169
134599719
254155914
856549532
373545909
16425672
83500579
63150856
18025557
15309804
141780345
262747745
22033028
254117355
382791093
18622869
16555985
73238146
20378448
20180686
12639402
69085853
21394764
250784170
234540332
188895707
19226982
56440142
172501766
18029328
46557945
28652194
21878458
120129682
16032925
15012486
14335880
69667470
77537626
14775752
214216108
403032269
184136149
19354391
17910554
16887628
16371887
33222598
15537855
53675813
32359921
12612432
21111098
35027698
78403308
76350004
266133081
7848802
23232204
243291022
21434408
305137139
324230103
26235267
38680612
10722372
38724491
7429102
27901418
24703826
114916322
257104267
247723476
21307076
18217624
19268706
14844867
22523087
46662081
18280993
16787084
28178127
21286108
18686907
16045956
15976697
22703645
27311044
94139317
50769180
109034782
130684893
218975278
21301933
15075999
4923811
138977055
15954704
80940214
27689907
55329156
136250134
254036748
36047098
36985238
9840002
23484039
305189255
30864583
21768766
12788332
26837501
28150008
11246242
80617430
258885469
16687344
213182436
314585133
16187637
15731751
59130623
27225542
69497103
90484508
16639736
138479037
71627462
15335534
86129724
53606937
97006234
240014188
249219716
296361085
5392522
5496932
16378486
807095
30005269
19608273
15433452
20245031
63004503
813286
19739126
16013365
22517990
171154131
20402945
32007346
163589845
15664289
39279393
26487169
114896223
224320485
233949261
240760644
32506723
278145569
264219447
262756641
3885851
40901712
16424044
47739450
15731368
9252212
5741722
21612122
23977891
16898332
14268812
12272322
21800063
12354832
14552725
22772264
17112878
20713061
50055701
20252855
59676104
7270292
14345062
40116885
23134068
10102142
108416848
10168082
5988062
18559380
11856932
21111896
8839632
16012783
6017542
14270650
20776497
4119741
16157855
16081831
69773058
71294756
16311797
25088519
18791763
40553282
20733972
18678924
19028248
5561412
39308549
17074440
21619519
15931637
46176168
11856892
18916432
52070270
15513604
3108351
759251
14293310
1652541
15675138
30313925
1917731
19029580
14529929
22642871
31127446
20608910
35474809
16031927
2704951
15745368
26533227
5357812
113420831
18170310
168780835
161813561
15007122
41634520
223970563
110445334
7228682
27744185
135108504
11650762
221162525
243797058
47975734
229966028
75364211
18915145
216881337
18061669
18632666
9855382
9508922
20444463
88784440
24905240
211588974
233737858
20546536
133439172
10615232
14845376
13218102
19726613
18216752
212262370
21157904
117537998
19394188
5558312
21269970
229592356
14590775
18149763
19128954
22945481
54655169
52503751
26103389
14715573
28391594
15918708
18807633
235190657
14412533
44401911
9532402
50325797
15741370
14246001
202206694
19185897
235312723
39155029
18646108
110004599
110545675
255952990
15207668
46002396
19417492
17546958
1367531
428333
9300262
15922214
14669951
5693842
16300576
2467791
51241574
18891923
7713202
248322550
20008214
12039612
9971552
16118412
23782016
29218765
16028049
19735080
1018921
14344823
73303753
