18244358
484991854
20813926
73181712
194191528
2942226411
22053725
18810634
14496886
16312540
39389304
39542611
69297657
205392468
394209465
21121491
140519774
299743215
873861104
74825576
970207298
59787642
939523964
2245969550
15048627
23871652
434940789
562071938
17088738
18180336
17836558
31310158
15113565
17409240
10126672
19611483
54885400
8775672
749523404
960962340
15764644
17494010
16789970
22012091
82649553
937723303
305620929
364415553
787373558
18137749
54994166
16129880
860334187
1074518754
1262099252
15324851
29201047
109287731
60828944
515822213
486694111
247334603
476256944
293131808
242836537
352534407
388469209
222107569
18917699
16999795
411246048
22146282
1096059529
150078976
238286421
22650398
27048645
78677709
85365067
22139417
1339835893
16160352
109328493
39575290
153869519
36098062
15824288
109071031
