131144091
2860639065
533361215
18035523
234374703
3281853858
2535167472
59184319
74454029
15923226
124196924
1020915620
376097854
171598736
23433825
3290070855
74176997
31277613
69742890
2962868158
388469209
960962340
31310158
115402211
1536791610
76456274
2290232292
11856892
2402350159
2182694306
116589820
27756540
12811862
1598979864
2833029232
69625014
175397774
73303753
74508260
2927758254
1884361104
1329545508
549579841
743292565
44931767
36771809
7334402
33537967
15794057
18490288
10389902
117501995
15599873
18713552
1166690726
238315997
2987671552
28817015
103004707
236511574
15302596
14768117
1433652877
218982890
950531
43963249
1947265657
494502298
351704053
21406834
89256736
2834385621
2695663285
7429102
161791703
14135426
23600262
15808765
432676344
20226248
42700240
1302505867
78909785
245571881
18947754
325830217
14766917
20463418
539173785
18018782
14615871
17451742
278124059
628709039
2654291262
29769998
31138753
264332977
46647072
1410322550
181302855
26756955
15764644
428333
246088673
192955168
33530012
125984385
224320485
41608251
85341683
2416275830
369238541
34113439
2479224200
108985543
150078976
253152109
35549780
247334603
104576097
58503762
13393052
20707070
749523404
72198806
15675351
15844989
1586014255
241142787
807253855
18695134
15007149
456806128
52052011
116341480
182000140
86697288
14700316
43910797
242555999
249787913
54626407
67215899
15324851
250188760
1102161270
17902389
245891006
1068481578
16150687
39155029
47402168
1020058453
91416716
498538104
233783568
77285681
407013776
564813207
131497030
813286
19608297
133022865
14377605
15974645
38516217
16977023
115733549
1604366701
17466132
293131808
259736125
253284469
138770045
19394188
14466538
14803559
19824430
17539497
14434063
29442313
288308178
5392522
17316879
20060293
235196204
15635891
978620492
729177876
113420831
16312540
68484786
25085215
16930125
16129880
20517132
348774571
16999795
87914827
446138615
14226882
22828333
39575290
17346287
937723303
16017475
73238146
167518667
270361579
27694585
21431618
14062180
5741722
9624742
44988185
14695985
15918708
742143
33600887
15675138
807095
19608273
39279393
20058011
174744715
18938912
124529561
355577408
787373558
190890578
31195469
20697830
15973881
34303729
9855382
15442036
17494010
16789970
26458435
18197409
38689870
115769727
14511951
1917731
436730442
22640712
11695602
109328493
24920395
80579719
159249403
364400667
389028352
15963598
59676104
129834485
20438137
127974109
222107569
16228479
6519522
51241574
80113196
71047638
264257996
106447749
16573859
15231520
257993631
16439779
22197119
22146282
39389304
36683668
132278386
364415553
18137749
305620929
82649553
242836537
106514937
14897840
20818801
18917699
31127446
22012091
15824288
18172905
9532402
19107878
20608910
14246001
108617810
14270650
30313925
16785032
23618466
27706099
24362769
26000876
19075173
18081913
22952419
52443555
59863421
78908249
14412533
9300262
20180101
8861752
2467791
15922214
20100423
