128969769
1650386016
354564189
42536914
73872801
96396817
36972997
84129453
1581892651
3387624784
418291412
39481002
33760017
365694250
394109343
2253968388
12503712
374049514
20259954
407013776
960962340
398786662
935033864
30008617
432766911
14870670
455764741
975200486
262709009
229633414
61734492
108985543
15901113
75600769
142490217
17759597
34310801
16705761
95573246
11883722
234014087
2966758114
2310430843
211016708
145557775
240827573
1069012670
729476448
1175435611
1134454518
27744501
2953713339
2962891515
2953494478
2978291435
1686812502
59031230
1205322793
2329203560
164702019
123327472
28464122
103087786
2847134819
747441085
49067535
15433452
275250148
24913074
18313747
49698134
2752937024
846347712
902160031
34797216
262715230
39117372
130707614
2686238562
789512809
252147685
52949817
377468147
50204895
2450495838
636337684
1729277106
16676597
223008886
235004459
158950178
194635717
121877952
3110940240
3173485239
885151662
300984688
972495073
1070507802
27147401
1414815498
559996759
629736525
448435462
321678314
2331295799
37110967
2165426278
1932343988
3088041369
382462340
318116100
57092631
612320208
620352060
26156690
16696986
19364290
2432386425
3066079354
199303612
1551355291
304611820
32133117
102533649
218468577
25101996
2382685057
2965083477
2966205003
2932401927
18810140
2929491549
18963809
1480852568
144595613
590517322
35616518
388297236
76601805
709497356
2375533844
231819250
2861616083
2988130703
3028264102
3165336217
3060313257
833573462
85345229
39278333
284633360
2958592696
133043395
197673731
105925025
185680080
1883356866
235803474
700077252
111667126
285215390
22574110
2573531347
45216071
45214994
174788610
267854863
247501335
254866018
1586268696
2446011120
217550862
32403653
21878635
2420876767
90989511
275269465
346886896
369841113
2375894010
99144939
471625345
263473924
103030225
296439197
796917019
2772982685
1180613300
317176953
20081623
16434028
442933007
330493766
2881345157
2352726741
255241034
149136844
446796796
3240020125
40481481
1011890714
351206865
101778275
190360266
1233030648
557987499
375267561
1056230004
2718294941
824288250
478302439
482486517
41419096
421632708
177450917
2764278681
1528682796
1075107276
3252920255
581307818
2384190904
232947069
1051723760
495274219
1539179114
2551211196
462341019
1360693554
17356367
2771347405
359740052
461625149
14240980
16823809
829105050
463012640
50493922
724988508
447064466
891936745
381291828
1040785284
238443053
1932725256
628220420
149319643
1041373741
295909820
2202560680
3066095122
3097778141
1118134092
553907930
230462808
26283307
18083797
130570599
294184038
18915240
3219646511
301250342
14263318
2632423786
16741290
37757496
30228503
1339360201
170112175
366087378
123732780
3213266039
18421483
318601384
347354291
139886174
427744853
1035353126
257235575
2978150277
167623637
469988888
47954642
180505807
18521094
3291639544
345501893
134911918
102455692
2770545788
1394889396
340390755
317980134
498430251
382501101
2429031383
601262118
291513364
81172502
18534951
3081645916
175089771
2964174789
2891210047
2856787757
1262099252
515822213
435500714
236511574
235217558
57065141
21406834
250652092
28696635
1555120358
441309907
15754008
18465392
3187170803
109004666
90298784
92483539
21599816
516092605
1032916706
29717697
469282552
269558785
29786986
466362374
2916524447
3044964552
2815147389
2875632083
761574348
28134453
338551617
369820241
41405412
143548593
118698745
549201256
28913001
128658514
739190364
3094691859
378618539
2601660986
139387340
2316590758
64736207
72842431
2359638284
460123791
1061292174
334292490
2992233567
2975712131
1375289149
33310366
109328493
78075849
2808612308
57340243
549640269
20997254
451000250
26085025
535778389
2913721776
20560725
2581567838
1555727798
102216730
24487318
519710683
198895677
233629952
15482138
1707527090
23032307
117445602
1904329130
24775556
140289523
1225814641
2754989191
404107312
539510827
3131885545
303930546
183243084
2325875142
52969775
100286203
1024696561
16102608
2537896354
2373393879
19451196
2541826963
366241996
331136992
19378531
272182483
29099632
2209646659
466027986
30210790
53293254
2916366286
534619286
3031615987
15738530
2259617372
14385778
37981710
243677626
1553290885
488082096
605939885
39931070
242944499
131269470
66396956
69971122
1339223814
615419836
300594915
272052972
21608574
361628917
108022907
236682383
2561728724
45858012
126673654
476487874
439579676
589594398
23585453
14841069
832202845
85110658
476194188
21669743
317319541
252391030
260592579
16018516
29063310
2339308276
481713041
301022872
430240753
154709971
1307937331
188446530
1556648588
135108504
394235389
297805414
3028454280
2932903291
514832366
1560643568
36949847
54549904
283127053
396825142
809552311
316676472
18699613
2910800399
554518849
19929458
13024782
3063938657
934487516
19195094
26015134
15852861
378765795
733484738
2927758254
197247443
538733113
26129269
406637061
324169666
860231892
95330683
346019577
549463476
1006984736
224919158
230332404
33204949
15961895
293830733
19455982
39943123
58418514
287438698
611267917
2340345615
83476452
789413420
275745206
174105488
2773494490
240403430
2966466644
243913699
2332367442
12859772
1452192300
66710606
843017317
278650474
21308157
47434398
371571648
133094518
166235477
89492950
775993218
436882032
2376194748
3092380245
2470064492
314521988
494676722
194054865
78366054
348853099
1357575878
2350661702
3060083960
28759416
14786239
357671879
2339759193
331636915
700053674
164001832
203680765
18883414
15778584
15181677
245013395
161443863
374077438
50505651
1482831872
1928491544
35286713
205392468
2953974395
3057895606
1909271552
457113792
19548586
1673388012
133496245
20721086
16297707
398009197
237532664
14356053
480896517
90896200
312695915
378920127
3073993402
2788485931
128606029
2797182985
19008129
924489546
355543551
50690120
2405163079
372594431
18450477
115758875
3056774212
153829615
1052998105
529029442
17288964
23149936
26765107
60391883
195885430
1904003083
107514329
60963695
33513175
50128260
417059876
226787973
246358433
47721243
143144909
117760299
23493588
159191168
112819526
481596423
3017933279
168256981
2880946531
57398299
392283853
29271691
2489053081
449233404
63216086
887264594
1324968739
241665946
700351320
520499371
318393568
13524182
2755354269
499359058
6478182
377518214
20915069
327128341
610518147
17079392
574090123
437154276
3065981667
3056800076
258629557
482555978
972509286
23619431
2186891391
3053911490
2382840965
2514412597
548923335
400472106
2598910152
326255267
42800791
309296794
537516800
169197597
537503521
26548315
105187267
254181506
887549533
94382337
150503860
406031709
22993289
18026731
40145950
1059402120
2149003846
18244206
374269607
3002705322
834487567
55728239
18840026
1856112919
86388460
26084425
17135243
377634077
18963371
499735241
2950081425
2339292374
2981474357
359615912
1074574628
3028834497
213182436
260892531
1249982359
13832182
602033670
2294098198
38451732
2319279192
340906369
2196923407
18544610
231401702
369709033
319447410
370971062
2968463776
109346012
1053342672
255176841
44661555
43241261
28681355
125408420
17521124
16034713
492230576
86943801
36420509
34049572
1406089944
16314945
2332622845
53921440
2493631579
2874117411
720683307
49503527
3033141706
60666278
610084431
2925395201
2947983315
1936046084
385356434
849034854
1938596006
124344335
316183401
429151636
28599659
377568392
221068485
716542388
358386138
1945108609
515115892
169947442
26157904
1618718768
2984870337
17843439
61491576
484830352
44994942
25599958
117780676
30317864
273083937
2935440925
129619278
82627658
108764706
1611220076
494051685
1655877529
36976825
221543326
50077786
186099410
3020565868
578644491
486950482
333175688
437147973
310433563
631555036
346003877
506854965
2634211789
578057475
427940519
275879031
407996168
320507227
74255694
2374402725
601238873
117945952
68819550
632420442
816262436
575030155
468861293
705997075
865209534
102407855
907218320
1665978330
304135910
112753780
110153895
248841862
73170204
2242732489
1656384290
201815638
873700308
315631139
16545263
502383207
53101375
632226475
447496268
176320542
717285224
502653078
351942173
442959221
368524551
259010767
560098911
194964866
373439924
27679830
484386294
49350135
1257880945
360766511
380067817
804960758
442339213
432157696
2830895780
772146451
2975787574
1653403220
191469176
515501024
50632292
310323598
178928679
69046916
1160841818
620894578
191187383
2993344900
227627755
161008875
111074974
575705670
2723222644
2981488262
586077298
287383003
416526331
602075177
989851849
2399875872
16930489
73032567
65228322
1375786158
389206332
223142204
316135796
476489779
1226805756
830240502
22685753
2990258607
12667652
831686592
24905286
30706064
27147528
28140707
206919729
24336692
560741267
294085726
24935590
182196468
17491498
1242040290
109991420
3003898325
137903549
313531825
473331671
2251795153
2873162831
2801858528
1045853744
85608019
1437150816
26521594
27255071
363808024
18333859
273589475
1505508523
2533225712
429120171
2983265724
34666589
2779816804
253818725
2249363724
2747477662
273634094
1396114897
2970659552
16405372
18883747
2233439437
2432959686
83856032
588586174
553746878
2344320891
320928091
66923871
22170482
17918065
14790432
17202780
29059079
339679000
1366880965
105781777
177427007
300997089
1137600571
103087230
2806419658
535502179
1667666330
1410541224
2963445730
2955485182
532810815
455089338
1484976896
20973145
86653631
300370894
446510687
1661182598
76618584
266079826
529788746
223842617
2749030688
250912539
701789671
327721028
10886522
26745998
68453664
171733309
2962923040
27791309
27753686
1442299285
39207632
2966161985
968650362
2863210809
2937434200
234518570
218708335
152223005
197277244
96791923
2274727795
249629747
2401974157
438754754
66201148
2891129693
428742280
555688860
387639066
1973338266
262756968
335471584
1561077758
167511780
2252090803
2312829909
15570213
393596432
227790723
39155029
105939814
347395654
134870834
61830422
51825063
295265756
36249051
2321067742
25727691
249775623
518923574
505101486
711271878
473574718
357999837
611987179
1370284003
529752386
1367925236
981245647
834016273
187336511
190770807
448527160
565840602
624822539
839784602
857065344
1213413150
911386236
943416607
1368211363
2903304875
395410208
904687550
51646419
607672031
168502762
2777284000
2158812872
18320840
358482180
1269100550
28640833
135866857
1049268871
1494326786
2550633108
1333016772
286550844
291981692
40964703
187709387
15808765
261022322
451105806
22392036
2429312846
70449732
1454474605
619299246
200216243
43216410
2813185506
969327186
2355664849
382778913
251433918
2579272513
77326048
1600900838
1348076804
1403723569
140066874
344179664
303345164
2834562539
1020455988
288355271
2194529533
26636710
185623814
272942835
17949783
555221255
2889410609
83897154
561625017
106100869
919218272
18035061
27082990
399172758
370469805
109579534
16139649
460226581
320140450
43412564
26875718
532675149
266050476
324670115
1896067856
17967596
18753503
16051471
101124003
27320868
49271327
302380575
481811027
484318031
312793042
572854327
19147690
52804634
89120565
97274778
327531597
325810983
2320911287
50400417
505196311
2736931839
1903831063
205527555
48518994
154576088
29093663
515693440
81510580
558124219
551471153
2319105211
380561103
1252872596
546180699
284765649
339925628
129654913
457597418
164330929
29734891
37731615
104985029
41041801
377770044
126333419
48099750
1433362452
77123178
250181909
836412960
22549062
345143635
2473377794
363280112
118489957
16248413
279889390
15926135
289524523
104553361
17418337
543505814
359734216
1554360355
139880913
160166070
727047686
147011090
577669101
259283033
282178904
993418490
539333375
238619887
27952027
2495474035
1657974362
49465695
1317733742
208155240
1557191864
580035052
2277849668
145043545
1039919251
274471614
2564551298
2261267751
33093877
710107595
24874976
2804031402
103734663
42068515
22218388
363145943
278221495
67010612
2202300175
1398710516
115431501
21229378
322232972
18370707
1398336961
279291324
208303612
2452053890
318812894
150023005
857390892
2426071346
434570078
2830367635
806132701
45916440
390406855
39648794
181689594
34376639
909226838
834656665
776810684
239022500
281610530
244607338
16073416
36719252
67092251
891793440
185331757
2591750024
19301867
41167927
38992631
39611529
526631980
521920720
15707257
242881611
571027573
19199291
16332540
15917926
50003215
334162338
191570638
276289622
32545197
15658740
52161696
15159913
30946816
18177001
67882820
85383521
1051446626
18915740
27913371
18457118
222622640
321013165
23097123
151908338
71259486
56749157
36424976
179994457
963480595
48380662
16137389
19611220
57017317
12354832
26596727
67034564
22183854
38685171
44626981
66369181
134625963
29291829
21213276
16129106
402029058
193012503
14191383
1209417007
16187637
388555493
269151092
20957491
16930125
17074822
18172905
15113565
19611483
191228496
1355699012
37307384
295424059
54885400
251105718
49698027
26020706
36681590
48868879
1269793255
20928254
916025652
17973135
2373285465
384616428
207553732
16157043
914808696
508351746
61751334
75084603
24015835
231516564
315534774
612931368
82901787
2171906868
424672002
838782120
24148027
465667198
59129474
262768876
1703217924
582372210
182411602
399785087
180607900
38249247
823449859
746113471
68887973
19726474
481686717
195519192
300065743
2734573934
2377735362
48857941
340350440
28327017
59233951
24963858
263486661
340684963
563097139
351297482
1119265177
359733242
368111765
377726561
366722227
2485683942
19302335
289374103
29551240
176244670
2392055483
21868272
557724649
932180268
1161213516
288944486
2734671469
479818903
89207200
2751262878
2321000898
64461787
247573943
2749245566
2365942735
294049160
1454157763
2723008655
635515557
47366088
450941680
262181113
25338778
229539398
887818159
731167584
1944218826
272759239
17487795
30455263
316551101
159513434
14767329
18020706
49235491
593782681
252243086
342745627
1263421224
18586880
893856362
36068185
44459554
2255567535
65106293
1636702268
904132304
29707271
555971762
23191154
423765175
370148161
2485872078
31288732
227072002
567697318
247104369
21866516
34819760
279781895
15221612
562192325
26416851
17387823
20415909
30765689
472513286
1475984052
266799330
170826805
2617968406
91637695
2504648727
290317554
2260249984
516846902
21669905
460408190
2267126992
461646881
296060169
342819347
305345194
338079271
404316933
26863755
66735383
16450588
1347870595
195882901
17379398
50123108
1584014898
369568400
73975180
576781829
33931693
421233069
2168799039
264529217
419560510
66751497
113139244
1578462980
1928970410
526446322
443974483
602041535
385484965
47340124
27766918
29845901
6128652
624797494
359500210
16090297
516601646
224453552
153121214
2216795149
108059280
972651253
219185084
359322280
368721516
105228687
358959117
266767202
49946436
396913034
562365648
140286364
18873711
701777135
408603270
556396763
1908143071
1332568579
246577813
869818051
1590822320
963480763
2533070157
2412627589
527019065
327998328
59215470
805775563
1926877087
110578028
357064230
308272720
1334297756
2252396706
32536026
66170398
2476854492
2337249588
277285289
413159072
336196057
432846442
15054586
920032297
331222364
555424329
22685638
1548561079
1045477070
116873757
747687570
17878240
377774592
287533898
1673775878
274639048
602179379
22185380
128072794
310907311
1004094678
15876150
603319533
425363186
16558089
122693928
52212881
2483936336
574075211
89742172
464830309
115745371
22695254
44105886
170618342
2432506351
12912282
1579263403
1746142891
2387709816
623058940
52291792
996270426
1613816132
22869766
27384709
331383408
703061459
2343223918
104524102
493360918
365799046
50379075
860778296
1129150686
35370305
542157213
30085587
2456249112
44622281
18253799
959368346
131199350
10203162
50378444
25096289
41664997
20441204
20063188
121545868
144955326
1026544184
503628431
59511805
119876082
397613712
112504845
264016509
630792039
519740106
238310433
118531871
153590460
2277935579
18805644
12046402
165099960
2168302784
50100148
28677540
226299107
906782533
135931182
807253855
14678070
956484504
701821488
757653692
796355684
164336339
582918339
247349504
364740516
233484761
321478001
382281165
447337685
1375851456
211901551
633991815
1917017376
29534928
326468102
1603381424
16411096
137915864
319530960
28161251
14072605
99105699
923566915
2340571714
256023805
381309739
23380273
322710621
282207163
240430619
2292826107
28399464
255112574
212342589
14787774
1835119028
2315194060
317895236
385019084
25348174
257091615
69469543
14617026
167485564
14589088
18642647
118245138
72350809
364378392
320974571
452465726
41647979
2369845592
443127389
382139242
15212187
13849402
2291963088
14849562
151192336
2199636207
561492867
44634496
240500622
2358601680
335991793
2351939186
16116288
60919240
25562002
13850422
259074538
236044880
51265351
732977390
276206150
1487654024
84890239
83410317
85641633
45003649
49190906
123913752
1004453552
482298376
22524504
108039194
263498919
2339427232
469660441
191527418
2309141593
182347444
79815672
59250050
2255604753
388845623
631474000
228747444
262197594
772339416
74370876
33254205
2331861769
39996484
219067088
575658149
1058192966
1881150625
816529434
586671909
29234887
1143384308
148152409
146099195
16560657
335104222
191907251
238979803
285962772
106652300
461400034
5928082
41654524
523844333
42712806
19354822
16364545
48713108
17350019
20287656
2298545179
1042407806
21059181
1568556103
183673999
867336522
211311662
866612438
18087749
146869371
714525524
1220338434
403539338
2317823562
1331497524
1449026696
1016250319
252245035
249128143
443073645
1474340671
16334178
23442090
17296853
338474932
2314373101
2255182597
12804832
49707934
14584467
61157508
243762919
79011908
950975864
37106411
30896785
44528277
1401281562
1390686607
17260393
258551101
1402986818
1380035438
111713289
107254252
1284783876
47577353
253485304
217669800
122169795
1670686340
241152694
223959813
27278612
115489153
59790652
67806858
15786046
599494656
2173228424
121878965
2290060868
33666864
2268037092
131169196
336925912
601327196
550657945
20975060
19767799
17771097
25439043
190401318
819761780
18118244
237048219
40653377
19075796
16484684
161356961
628709039
153652041
1640991349
152359047
356328060
506650546
186622162
321995067
84839876
23017889
364379584
15018866
704091378
375709314
29167573
962781612
1963969308
67443207
201595116
120168959
2154238489
760501999
260037163
20266050
1324532624
47372579
15693025
1712653190
522568261
35075912
2203673275
292972175
196299986
151969558
1876687706
1300604360
224686131
41402223
463925616
1283403600
805078243
72931112
309686284
196610062
101840078
349700172
1386048926
109173236
1920887318
1244693107
394257655
1581086653
1227844170
36772213
1865956146
930573847
293206780
107154848
30330016
27193439
28561844
1689983036
78086044
31172792
98740902
1690872096
567328727
24887407
1237107709
17970734
1778905980
337872001
372575989
1289677170
391753321
105374561
989817732
75896584
282636424
1954322144
466020403
44679921
743307570
52745924
1942227613
1685524860
1318987927
42022705
783214
420694365
595452776
540360276
13361042
16138559
25998954
18917594
24995679
6479532
99586721
18963692
18402410
458960710
186673727
237461674
41387157
235739113
400849604
860729449
29248267
260905828
405660413
1804677680
18541275
182842784
283175964
1687263919
16263674
16649528
361260083
394400555
57759965
37755228
145058999
16545178
28401740
22676026
37722293
18294521
718705266
61789761
29583571
26993249
962748776
326998003
121930264
967305710
973101770
22536169
120629040
245038752
606826231
166263516
386092483
107154292
24416605
434477835
17231829
454369274
36968065
17601347
89221663
342165191
313475924
238418527
75795176
429346893
225073403
170032330
196707692
40883366
309267226
332407802
67131159
49044962
55093452
466143472
1617676026
298230179
313008413
586239976
564002597
442154136
558127366
303418267
443126919
360880322
908565818
7227042
16612865
39591922
151158277
19116826
22521287
36671504
573679930
48193464
16613181
599515857
467914548
874723333
130582349
103137855
118927730
179162771
1244450131
829203036
54751456
16813752
760118425
15109904
20630658
16111534
16098322
1604906544
34711340
262903463
28112312
749836446
91856333
1140956712
14614018
32207633
803552875
27622173
235870581
98554447
35252676
120617987
387207430
58854397
595954592
21050255
1201912064
31308159
1583203238
17877451
282328315
20244125
16783478
18222379
426612452
19373632
232948247
491972953
28178127
42519438
374715239
22425656
749848842
29440596
74781364
234922535
18512717
59926003
15122655
565023154
33317596
50213608
79769939
804471314
102433448
44097496
1434748910
522395423
21298863
1534184172
1086683892
1559416320
249004423
306463842
1554192145
50197019
1546878752
253376153
343171266
238323330
51980344
285693463
48462266
292697887
312443694
1550783412
61206078
978620492
15442036
175871077
35485617
14477790
14758854
15951499
16026476
1537177770
308628539
16317394
320376913
73238146
242836537
93761782
115733549
132278386
476256944
15939889
293131808
250188760
247334603
486694111
17494010
20597460
249787913
76456274
117501995
538185166
18695134
109071031
29442313
43910797
171598736
16160352
33537967
242555999
16473577
60828944
109287731
7429102
224285242
72198806
234374703
15324851
278124059
47747074
1074518754
216503958
150078976
92186819
1099199839
1068481578
172858784
970207298
1151590614
8128442
15560653
20621763
29201047
156703580
213795411
382791093
266133081
1061029050
1535498875
158581873
16228479
288938183
610430417
834591128
1428441589
56461065
112446640
350482090
384320062
1514163732
88947094
242098934
218348522
460372576
1511502894
804861259
35032062
415669992
1510037845
282204951
1500255151
1499993378
192099347
180829213
470565544
23609856
54702073
1498523768
186976056
932447784
144227448
297184362
6655422
348784960
101403392
167776165
14936771
381365455
1358461608
946806012
874397544
537858279
273407673
268359827
517202035
345935190
84333309
1394657935
569203468
534895460
32477596
42293487
717282252
223158373
391557714
20335940
61222781
238994163
136268670
625554155
220131416
396793138
101257205
17890693
501996059
754927418
523552349
321594219
50568420
28534205
387189476
279266102
27438773
137753932
89162754
889606172
17312284
47523262
246624014
1281458995
379490850
95103323
1401429554
330345252
340061768
1144033710
1346991799
570911869
1140813601
850239415
400362705
65685592
108823440
125162244
14408130
862163084
437714573
1406226415
562024306
880432099
195899101
18892022
955882524
313699909
21164721
559904297
343477647
31448867
1223093910
637168166
28359719
62684404
1377482287
46866000
350303979
869015012
121182080
88596401
499329344
1367776454
45557645
31393320
555589804
24887527
1167828475
145732922
14809189
220181900
22236737
31457503
66815995
926594700
896437094
1410675458
1410506323
79283429
30968436
27617389
21960850
474482133
19718291
398404674
555354645
412499496
946292498
17534492
335953707
616965232
176495669
179757857
574917441
185206202
341871203
959717904
290337002
1413599510
1157337187
390944368
17898056
30440261
90219161
346179891
135671340
196482525
266725565
16206378
1112776652
375940972
274463756
824017658
252606674
21654544
339350758
46001053
21331369
79555668
89051305
749854074
232352841
67242855
35550700
283242588
854992056
28980383
1413974720
1416566802
24477294
118721158
38915052
1337812308
1414373479
17119688
16474630
532664440
1231877641
898935950
239244397
14326222
23868952
100118888
248746432
124597345
20081908
946418802
237422935
40324185
1419472298
1419210638
613132047
29469997
1232548392
63310334
999877254
284914001
1103731093
1420614715
751966374
573935794
19742346
53963139
271943456
1421834382
1350889250
61104746
21098365
19884634
30909846
183823477
1422522252
568151409
613545168
16661504
20732398
1423779506
115224860
1340639269
161884065
49535250
487115876
452345989
327606656
1380386162
421356054
21752916
1360615250
16320885
372588732
731202438
119371965
1287220346
16661275
459018431
720599455
33286059
579197401
450266884
1426561080
1220360485
518235458
402382893
452340605
331948464
30202122
355200875
321632766
317936771
806844883
260078890
621421173
344485737
1379778721
1415594875
28394079
15694204
341073304
59004469
11651202
862367791
165782135
576485602
22542677
441251850
458028252
1428464731
32137014
14610186
406434502
1325357256
410407262
19894206
57781117
505186211
986834570
1429129657
1428414697
367870787
386986414
54209173
717209616
109192273
557160127
1429893217
279766660
73649756
197948812
107654634
24798754
182131540
1431262614
224097503
150866363
29493567
60995937
45982224
1289342869
40791424
106428624
1359903498
206480674
230103371
352049878
1431986809
111505805
1400958852
1071900114
60923186
534692776
48075643
1425639486
551935724
14335774
319265497
150813360
32455277
88051266
861625476
47537606
34330593
19925750
1426806840
122567777
938256734
1393877221
1360688594
743816714
215010810
705359490
506409798
568915647
492175321
314761332
361668712
27939465
29558724
262349987
23987951
53309455
571447573
215502146
221602908
188608544
77353585
477211674
49996135
41124856
201091720
28796046
24779614
417388541
35062313
850198088
246101364
1096059529
76814480
705695624
7651512
783488396
24189998
15909406
305349356
15826580
1411628509
36111343
1154665964
16260533
831209202
210928673
464618945
1381883216
240076272
83424217
1292452904
165916622
531506617
18137075
1439929327
311839610
622456161
231668525
376322501
266812040
49853695
73735433
44085236
37214445
18583055
331050843
49102372
191123923
1395681978
1146349951
863344681
413257033
458880971
258921256
28523380
1431939169
351238915
18152308
43527947
1457720394
20627995
1397192076
1275440550
34831021
1447590067
1429480808
1382783617
13491312
24186319
25880626
27956439
333170128
235768743
1148372244
36208023
1468309657
78772932
1244720202
1488634502
16220325
54786485
1255362036
218150364
62016867
1046687461
72661594
39100536
604898834
14173440
514394760
224834462
42834939
913529467
400898166
59891978
1488759014
514892564
80619799
68766108
232999841
41445525
1345758930
16887628
76649729
262756641
50769180
51241574
14335880
17896154
28614262
38495835
244243985
295685416
211588974
43409523
19417492
8775672
30043495
21346939
16721061
30864583
23970102
108617810
15075753
112047805
15754281
4923811
40116885
71627462
339822881
69773058
47739450
7702542
76438819
15421412
331073322
991997365
379375045
424474226
138277839
17345959
576492230
187721378
751994797
16612853
358261728
1377842965
36707431
57382321
155182282
16439941
1370819880
528528393
176406752
155303110
42786989
18569124
1445567840
21388041
370771820
47753455
15210284
23267982
772779186
237088088
59210322
58869220
1433943116
82616432
634184276
204364205
569425957
37624228
51836627
109287646
538473837
512736819
415657610
252865662
15372589
279898945
1444569792
49365084
785323782
40875530
110059682
154953925
128917511
18107276
498351854
328214064
483301157
22273321
550784516
47688440
1444015610
840026882
318721919
141405735
108768511
89589068
18669246
1146717236
18034923
977402472
793778936
1421710543
87522962
49873812
1450504915
580595922
495501287
706583599
327779912
274050800
68599458
27078197
64733210
146181311
21980181
198032213
1153878013
42320053
49696584
17158001
28450445
27179969
549507803
553244506
16583171
1365917090
50873595
137048278
1425523170
1272256760
61295191
191162512
24567327
18883902
393656675
18190205
827101190
705772502
18002955
82944319
367366383
1273232202
788049661
301200144
11283872
1036198021
20941025
15424449
1033268906
931289130
525628493
40871043
426676360
74558378
635190772
622849430
341516503
156660120
28703964
21496382
1242727080
466564906
372564654
911549732
1072022695
398294650
165924109
24789638
1281839485
537619958
22134126
531606733
113039126
336696369
221278672
48595094
87769330
22255387
47815070
266878936
48043980
112905096
30496101
1449289063
217395723
1287791142
22655700
97005511
1463508092
1289215682
219084220
372564012
894575761
751774129
30927899
439270457
28961888
41750998
1036544750
26080844
1159039254
123694443
874887492
108711180
541715127
1366052394
214209081
562213195
25950891
394811537
38264255
298746910
389698539
1077761520
516928956
1433665734
30437038
89920713
40518234
23079544
135667201
537757975
74482441
22152170
33612258
16143986
233732925
431253839
17000329
352665664
930572449
30349866
1135353998
60598988
936080822
290970570
529551094
1026596701
432039670
1460931152
211553299
586045941
1468433840
386315267
321708469
1465165862
267557571
15077881
81435434
31771280
1434384020
1471084094
21423744
796400718
44832407
125104031
23445502
88951664
555537197
1473461132
58590963
632602353
414486149
61153399
297853114
1441338372
770926704
539135317
607197790
506853018
351304834
531558027
1254926924
51460452
272069800
1477356590
706067882
20939168
446626967
570115053
1477464818
614666882
19572188
843921272
26259932
21566849
449184930
633144023
43927096
1067209832
104368329
17726384
21337115
931024693
22890054
18035760
25068473
525873688
858646280
1173231780
1452749414
373797239
67923302
179398887
758013800
87221163
19792980
39482293
1366858741
360548350
700245570
332939318
917317351
1459850479
548532140
402398568
199327905
174847410
392757743
306154361
37685181
323351715
19108890
784925023
369538844
1454829278
435877117
1446678577
33483461
948106842
862652264
566731876
48627275
266567142
1080845412
61076148
1462625593
613976328
171685797
46129982
260419014
25683222
169559775
1470450392
1455540942
49034599
360217894
1379584350
178082389
21932297
17728295
40139031
1294932812
29821605
618212123
21368402
229671461
21538466
39924649
38036372
39414608
1347674623
20815457
21692054
119635462
59475012
524159710
125249358
14787210
18323740
92902205
619560015
57399519
18889697
209787354
46549663
325770743
1486447818
1247749201
1486023762
113130918
53238864
42314856
935212483
23703160
21799696
27744185
110445334
299883942
237418907
136300373
5392522
1065995022
813286
223970563
1058345042
21010214
166990746
83901492
233557728
16311797
143798379
7334402
86129724
20546536
733751245
16789970
16007481
53401994
15985390
997750212
15893535
36454495
16960812
41834268
53952452
40061315
17164488
16404646
47756355
152408896
32673051
22830824
212262370
14055970
1304082152
20711173
19596075
264260714
30802977
14365078
712814592
67328093
36482475
15583586
148062893
34939401
600463589
47975734
216881337
233737858
21157904
78403308
264219447
555474658
291756142
221162525
18061669
21111098
75364211
73303753
18915145
229592356
1071402577
202206694
254082173
1074480192
296361085
88784440
19934937
114896223
476209692
325588387
14517693
471550782
60680268
38737676
312736210
210926373
816066355
392810019
7684882
17539497
316706792
40553282
563848112
422827850
55329156
50128726
29450962
8953122
19366401
17340781
36477784
275488453
14872149
250710495
21301933
20879626
138774153
93739287
126063621
20776497
26487169
31127446
85849661
376408213
248515137
25138194
198941190
14587949
84893115
91671740
66386087
26073429
56413858
29216764
14110710
288308178
226633929
364564017
193374081
74161330
59602642
40745568
14845376
22090282
25104363
25103967
19662920
28576135
19726613
150737366
7270292
278145569
240760644
224391627
19028248
137407124
39274679
37094727
239561508
237862972
193794406
14268812
428333
46016028
18909919
240393970
282093902
19614210
110340480
237750442
242873057
252819642
246769138
198526130
248850174
241207373
237944147
211901075
245408102
233761277
236479311
249219716
246341769
244268646
240363117
281540744
242926427
234797704
248699486
16032925
37764422
15931637
21674448
46176168
9252212
104299137
15988710
20252855
240427862
17993906
18678924
235289157
211420609
117777832
249339682
234837632
237299871
240376522
239871673
18905115
22055226
11856892
22703645
235719973
113420831
9855382
236541422
110545675
22545491
76350004
209792690
236899846
51228911
222286905
17078632
54412900
235312723
211530910
29766367
18632666
109280446
15923226
234469322
22508473
10615232
235190657
236960387
234053893
237403203
234812598
235258843
37007274
10840862
6017542
15513604
146583898
75367781
23103488
237814920
20053279
237763317
9532402
16827173
247723476
18170310
77250424
84620376
237781383
26533227
236916916
39308549
42924141
5693842
218349372
13218102
190328374
20020575
142321780
161743731
20608910
41363507
27311044
50152441
233949261
234128524
114756202
154591966
18216752
41445718
60984835
124224165
12788332
18317325
19616327
14345062
201079432
35829796
15210410
18277655
236487888
16424044
5558312
234022257
14344823
19912734
20097342
1367531
3108351
10102032
20467163
20192403
18805303
21660348
23134068
7126672
10691752
273992516
22318481
39834947
15745368
2704951
65493023
17454769
233693291
104615577
234822928
78369108
18967498
24735461
15856366
26051676
15160884
8542882
18566912
19139963
48117116
19407835
15661604
22527499
18030431
24183358
34340464
19658173
22831059
23712174
15281676
15356407
15116570
17800215
18166778
14904437
22509548
15394954
20545835
14662354
15918708
9300262
14529929
30313925
50325797
14412533
25086658
37920978
21269970
55677432
17513304
21329888
26778110
20088666
55235265
16102244
74198348
15675138
12726012
14275291
15600527
16056306
22528309
15922214
14246001
24802436
242761889
78431501
20796447
233842454
33611084
23444864
80366822
16192206
19021036
40927496
17093617
26424123
76452765
40318829
27676828
6577802
5496932
19926675
18811140
24773493
33977070
52503751
23970171
33655490
27031183
14693499
11134252
229966028
233695891
17544524
76966145
235251868
17976923
15428227
18916432
18217624
18791763
21619519
19553409
1917731
15416505
20713061
19394188
17074440
41634520
5988062
2467791
14110743
12482872
15255400
98739790
11968652
16031927
54407577
15976697
3135241
14410652
17819471
32506723
16256269
71281860
237348797
213634439
104598468
21048033
23124635
19929362
15751083
59482886
221447516
52470438
640893
15207668
23951197
19739126
224294785
20015903
76043920
234057152
225921757
36654245
229197216
122207745
18646108
18233057
23976316
238321369
237312687
246504690
37666984
23121519
20209807
32010840
17166210
219429281
15912009
63650107
28176898
221793778
72976759
37990660
17230832
21612122
65377675
15357193
12831882
29722241
14186287
111704438
21874459
71172490
25961939
18199003
16045956
14745164
14730894
20635633
15985455
5561412
18891923
7713202
14669951
5357812
9508922
15731751
17546958
10168082
81191343
