3019316668
114547606
19347884
46002396
21027715
50769180
450941680
735575808
425268743
13218102
17455392
21333396
36471939
54885400
17409240
10126672
1367531
18172905
14529929
21010214
19417492
47739450
110445334
18983793
90484508
18916432
102238997
27744185
7039122
69773058
18513241
40116885
15922214
7684882
14465607
15731751
16157855
22978395
27311044
18646108
14344823
15976697
10168082
37764422
8775672
44401911
28848238
107125748
14662354
31620282
247723476
16031927
9893842
36406095
18949107
21845346
14528874
29216764
42442665
197496309
177706730
193785644
66369181
16180004
249674727
16148677
20109439
14730894
18956073
224294785
46681100
158769098
5693842
173925279
312800783
71294756
47694175
15075753
129879105
380648579
455764741
15075999
339822881
248467449
122207745
245406432
16441088
112047805
467640977
21111098
215021528
263758909
214693898
22055109
50055701
733751245
28785486
759251
234370900
19658614
26946495
11611052
40296265
