2315233619
50326595
581062893
15310749
2891165960
1536791610
252882302
3172215300
183372239
3001665106
2375533844
40553282
1249982359
3006258669
2992440550
59818326
47747074
15163577
16405564
82657929
2955485182
515822213
15808765
1074518754
21406834
19028248
253252536
33537967
236511574
2964174789
2962923040
2964351843
225921757
20879626
2856787757
11651202
968650362
55677432
193794406
2863210809
1262099252
7963772
17528931
14344823
20713061
16809032
243366276
116871109
15025049
39784977
18317325
18805303
204599219
729177876
90484508
407013776
18215973
57065141
352534407
637342380
807253855
135931182
1055515873
15745368
296245061
1061029050
432854654
325231436
240790556
382791093
20546536
435500714
171598736
250188760
264219447
242555999
970207298
7429102
60828944
221162525
296361085
76456274
21111098
229966028
109287731
47975734
217543151
17494010
29442313
75364211
1096059529
16789970
486694111
18915145
216881337
20597460
293131808
150078976
18061669
18632666
132278386
29201047
18695134
339822881
16160352
19394188
234374703
88784440
242836537
135297032
211588974
1068481578
172858784
233737858
7270292
92186819
266133081
1099199839
262756641
10615232
14845376
72198806
16056306
476256944
291756142
247334603
216503958
1074480192
600463589
13218102
73303753
15324851
19726613
555474658
212262370
249787913
109071031
117501995
21157904
43910797
15442036
5558312
21269970
278124059
224285242
202206694
229592356
76649729
