1056928861
221260532
15896464
16233017
35187768
386103621
14247572
15750898
15138087
23820899
17308428
16743886
216739413
365005868
110736262
21457504
11054902
16513416
16028382
18082466
15782216
17365337
295637671
14642816
20530177
224078788
15111202
16001789
18766727
20604725
19935836
70863806
168506048
62575859
24232525
21407253
19772618
108617810
89820928
18776942
110445334
16724361
8283082
34022952
74241914
15436633
50325797
14529929
48847011
16031927
14304462
64184612
31779156
17409240
8775672
16878156
20437286
20436059
21186125
9624742
18528834
14615871
20179628
15649433
16669075
14616022
44615672
43920155
61762853
76348185
76936279
78408666
61853389
18058609
63726308
113420831
44783853
15224867
30313925
15641893
21619519
49715850
21207355
19344401
14089276
15736836
15572679
15745798
11348282
17001533
15746041
21306514
12699932
6942422
15822299
17159134
16297945
14085040
1429761
428333
15742350
