30351387
1531928802
14154491
139790901
488097479
15928686
14940842
2303536106
205189092
2617615003
1586766774
91734976
262754003
95713803
88777506
17275727
2389584138
125373627
20105935
30304320
523398379
18347559
29043909
27637730
16132612
15625986
1080602371
73321104
262388975
26628211
119153666
848382072
1268688577
308794407
24660164
57673909
54410259
185479189
42634480
1523713603
25326963
11866582
403004765
80385937
1523544289
18697888
22000141
916935650
121516876
341811281
16030076
27347950
19615832
21011811
15824967
59020790
599329617
59199114
196370955
17759597
242939330
63240797
16329577
1173668330
30313925
21012092
724518733
39308373
19411520
39252063
15808765
