282673499
16543775
126629610
16463786
15946841
18990471
27908572
28140646
74519287
1754641
15855331
2634710139
18781212
253765177
17066729
352400205
1933042237
195841391
16660725
27347950
28927312
31953422
22286712
363463858
1536791610
1433810677
2955485182
16044589
27055034
164774931
361342191
3221801607
78694788
205769575
108968664
166717991
17233573
135287925
431171357
15811955
55117855
46593413
912478788
27928145
151595062
29461708
545625585
2780827776
162114001
378883822
197567344
144927403
3068102708
1373441167
2778680864
2334242371
57431229
14055301
21509532
454100791
22139417
14585013
8042922
17291452
153558139
242761889
119898824
913204567
16124141
362939835
242785840
132496568
39416218
1503192678
2530478948
53176629
2992233567
18458203
614339215
258338711
18164272
501879185
1884709878
248719612
1683894756
171532086
1053470611
1461852691
66369206
2260619350
2260197309
49733381
495314678
285772181
104938186
34828750
1392339330
2375533844
358203222
108620647
21196759
158006058
2801107696
308573576
15504284
236511574
16930378
1018883376
17064644
14333518
15164565
2330712260
27011185
124163000
19403608
24277551
138609690
141223563
301658508
16645321
406306961
588008395
14240875
97036677
77525513
49992459
20554825
226335474
153486399
15941955
703020547
2238166291
523921137
1286298163
1691481204
215694545
18695891
17768938
172319568
2969777025
568311929
52282776
35331412
716564185
20696334
2232469585
16187637
25736778
816324606
20113797
93761782
136025179
103132526
159223677
389759292
109025212
414331122
39384517
136135759
893496121
18023868
747876121
325162736
61636488
97274031
109461200
109270338
16583845
34711477
17769598
1148468052
266975216
1129029661
16930125
831846590
23605102
36191978
109431937
382791093
21406834
1061029050
234374703
249787913
250188760
217543151
19394188
216881337
94166093
866202044
43412697
31859316
16547587
2706910842
234812598
2817651834
31464192
2730222072
73206956
344885704
2398613540
2881468624
461720085
208442526
2686521
8442372
142849883
408011171
1979085014
248441880
57734560
17368500
508249806
29775564
2786380261
67360631
14856348
470564217
2493054620
20714166
407013776
93953908
26668729
1848021811
25844225
1548252848
151521581
33235771
119498815
48876524
1357454714
85961526
266352128
14849562
2458567464
110997049
1607072881
6717192
16200497
2491639616
2596694492
601290096
2438374542
37699718
17357118
245529876
1362368612
2282903965
20487659
399665046
41809559
14678968
21816011
18878010
460287723
101496295
19186003
250492272
106135104
15554163
182118984
12629172
19835719
2571662634
156333623
463132556
15361570
132201224
193732179
231510077
18061669
479872233
2446261508
1219824320
14412101
32774989
24768721
36980848
410249471
177427007
141328285
23600262
250386727
1017637447
433440220
22410539
2589662876
318692762
257592414
7563792
50310311
258615545
23648179
15443890
58503762
14888467
474974313
29598035
517282844
4388251
19089116
20512928
25430081
335996055
21065267
18677951
15689319
2578871605
2505000423
14949858
2577010676
575958975
776569014
575766234
28348670
64420220
295899118
928531398
2255182597
19107878
142721190
21962759
46467078
729177876
23117553
37989554
52374453
188019606
203541550
50430107
1900540129
29999197
600463589
18172905
18395623
823738296
46557945
357601960
262325441
22444123
53185613
41440237
74449274
9080
67004637
1007987112
1711400132
95218816
2340558698
16955870
2303751216
159214976
523864691
160278788
2347049341
151106990
394741838
274291562
13918492
581064617
18170896
67445795
14165525
54655632
115203598
41502572
253217032
33986037
54311364
15446531
45545206
2557071584
475002064
20508720
92383771
295325513
2510912006
22167996
2359926157
41662642
115740215
2250579284
1009054656
85634177
369238541
115733549
267379108
596178063
46176168
14629262
103130238
12193342
14636374
14081659
373437924
19624222
22258367
888621
198245788
20463418
171203091
56346444
161683568
428333
33588988
53929374
38928015
63262233
21870192
851106744
14098960
20825303
86129724
133832049
17539497
81144983
236475957
48388653
135931182
272019676
26792275
717863163
17469492
1057864920
134292794
57037364
45838798
471504842
38516217
2296557738
23607273
31128529
216797015
182073999
15727317
1072320895
15220768
266133081
78525505
18510860
91180720
76456274
49796942
17006157
4207961
16311797
18622869
711699096
402729784
172492960
14345759
1024854955
145042199
15978412
89534245
402957663
31180790
531558229
16312441
242146618
300822047
282093902
31121154
309271746
344414162
290010135
20154745
337991938
1917731
113103041
84386211
287835320
214110166
17815649
15289021
93652871
23073586
28699039
321494657
159446723
216751132
213705568
27887109
26717329
92186819
31527045
1155368256
1465809889
266106000
17698956
26283307
16160352
116861846
1097305837
2359937696
57065141
970207298
224320485
40966025
1967216306
1074518754
124292582
53749231
122138683
212558729
22151916
2382117350
187993109
1603419038
8938742
1543428866
46122873
14345113
16392600
16213646
1069517304
23017236
16721621
113420831
376946297
96167996
14849725
556051103
17906632
506033683
2304330488
16233170
21746623
192867657
213359980
214110161
14466538
27796165
17298485
2343699164
68848005
119423215
14377605
214571654
50393960
15764644
813286
14159148
1330457336
19674502
1337504706
205802808
322254150
1615463502
159684911
249722522
355737304
1613223313
29008249
127716939
369245377
242476733
21542518
19608297
242944499
1604366701
27649741
1912432406
343398362
98957204
1270746139
19781206
19980950
19259102
393562221
21431618
316389142
22162854
5695632
456806128
9532402
355906128
66389211
101803450
94129050
161023696
807253855
70771229
174685521
1339835893
49746494
13393052
67300227
14282672
182503471
1157366526
28363841
62286648
409456907
54208274
1028472589
12296312
18632666
368518892
62605021
408461924
25249798
584198802
195074196
90952620
325830217
278093318
14717197
262425225
31310158
86819147
76707735
16581604
251000898
1032290077
389229444
74829020
21228708
22197119
44177383
587536673
279813634
18695134
14845376
33972882
20685982
21124442
27602545
19948202
226282312
20678286
9567972
16051471
172858784
578436965
1060984272
1020880675
11762572
238259855
476256944
16440762
21111098
56413858
223970563
17899109
5746402
13218102
15442036
16380122
25516425
245891006
73181712
309679834
388408372
9624742
50343263
116565009
77010117
151089164
34826472
44988185
5490392
611956032
46306646
18915145
46220319
78060290
22650870
43383705
158414847
19697415
27090222
91118168
278144816
44189833
112231587
123737012
78425397
333628027
19933146
16028241
18486243
127590478
15647676
67378554
140286364
2836421
89820928
14434753
45626810
15007149
21669123
33571177
424532026
17599655
234826866
423610904
19918047
61583656
357606935
5695032
15808765
65446953
222196210
338581254
267399199
153478650
19670226
23969851
12133382
385161075
15134782
76348185
431011015
78408666
19611483
29495727
21217372
33898911
139817433
16033375
20179628
237869145
44891413
784769136
91478624
570799921
214219400
18244358
153149305
500156043
743538714
472364504
237590404
18363918
28160952
406604865
10069612
348632490
209831158
94410278
220034716
43920155
25496823
133089824
45460765
385508195
624644819
205097210
229857213
26548315
24742196
17011177
390282017
409486555
36719281
72169722
69304018
22695018
14342564
30313925
15304392
19312262
229080335
240823246
34310801
71294756
19847765
30150211
9627102
226561689
246432744
443019426
41853160
21689801
35567751
19719380
494583213
96840521
55584584
15113565
222518495
35391464
159218471
13404292
211588974
34917540
543133442
362067650
17948831
15987296
26759755
110541296
67347919
22650398
18688579
15726199
196850513
14293310
44783853
18812301
8775672
43963249
60919240
15922214
2884771
15210284
14412533
15458694
15267663
27901418
11856892
29323419
15923226
102455692
54885400
106597684
465123413
274131441
33606835
31437099
80349611
14262811
33610050
132194595
20809513
10126672
59187261
25951078
20437286
26623392
61582966
11348282
15012486
3108351
14615871
59676104
9855382
16017475
21619519
66369181
166252256
14676022
26278266
15174710
259873788
18713552
334889455
34113439
15769327
208120290
132278386
16129920
9300262
20002401
14511951
85252259
183729526
9229672
130363646
27048645
486694111
60828944
389028352
135297032
33537967
293131808
222953824
21425125
73238146
413466731
15324851
171598736
14708814
242836537
109071031
115979444
109287731
29442313
29201047
7334402
242555999
19201818
247334603
51241574
1652541
759251
15675138
14246001
50325797
11856032
2467791
807095
34956062
29271212
234141596
150078976
31611298
140519774
85396297
50452197
17494010
43910797
16789970
20597460
8128442
7429102
28576135
22012091
72198806
84129740
