127147940
2371024465
352534407
15808765
132330752
150078976
970207298
476256944
1096059529
1267940407
1074518754
92186819
1151590614
1061029050
98554447
217543151
323490669
16056306
23022687
17881345
202206694
600463589
486694111
14125897
242555999
7429102
57065141
89476689
44783853
277124730
59771400
142393896
233737858
20546536
18216752
18915145
382791093
21157904
262756641
133439172
73303753
76649729
296361085
229592356
266133081
221162525
21269970
264219447
117537998
243797058
19726613
339822881
75364211
5558312
18632666
19394188
24905240
10615232
18061669
20444463
212262370
21111098
402868909
47356175
38224088
102480507
16665921
73238146
211588974
171598736
250188760
292495654
29201047
293131808
234374703
43910797
117501995
162113704
29442313
242836537
17494010
72198806
18695134
135297032
109287731
244243985
16789970
247334603
308721230
76456274
93761782
229966028
20597460
132278386
109071031
84129740
278124059
8128442
224285242
413466731
15442036
115733549
83901492
48724141
237770636
253132497
249787913
15324851
