461733708
2518341456
212262370
126688490
429105093
20685982
701821488
1517927108
245546394
124291988
81108014
65108864
164388343
2992440550
266133081
264332977
18956073
2253938034
119897487
49706919
807253855
474974313
26740273
25999653
41503225
13525542
400238624
15987296
73175990
540998923
58541611
140628376
2389761932
110004599
48075643
593753383
1055515873
27225542
2615595667
1202370086
293592153
258831459
594843477
935409102
109579534
295685416
301728429
1005020442
451018246
15721963
607332953
1206227149
2590044542
330684752
26757562
1137600571
34402366
16930125
34274380
1051446626
211420609
2200215769
24164958
128287907
103018203
1048784496
2308860415
27048645
56188640
19808819
229575933
88806753
18967498
240393970
240363117
2329092852
51462013
2340523938
299505155
68722245
614542142
1863738026
2168506338
2253968388
313404809
97064290
114509946
53069222
18486746
1089645278
1635375612
2251020037
1222669986
733751245
86227950
1155212191
589377638
710864023
135108504
16491845
343041182
1488009835
1638529158
25287586
18915145
968650362
235217558
229592356
474221733
247426815
733566612
28178127
19687923
459659418
469479557
23970171
210668820
251314451
520715763
23134068
85408168
373023576
22076537
84077400
139782438
389759292
615154475
478733284
20632796
17622723
22703645
145805900
15212187
326255267
1020058453
5695632
14663955
28204769
41265813
1287457602
141990034
89893510
259918701
402719755
58495096
733508804
224294785
18949452
218975278
14620003
27689907
16887628
550401754
847904257
386838126
166186704
718837712
76403083
16722167
235683143
366161148
549374169
1065995022
20536157
402683128
39308549
427168299
43173060
39333433
843520795
123711463
18456975
196168350
1120103360
22012091
21305855
285761177
65502117
217995550
307612383
250933156
16194691
47654582
417518314
486827232
19568591
121795745
26487169
113047940
233842454
16031927
52733868
237741677
211530910
17291393
333692333
563216854
21674448
23840585
385008348
21912428
110371258
23363572
17177663
98758917
422799846
21524075
82470114
35827328
274596432
63877097
19782981
138895307
422827850
24439201
116836560
39155029
227767527
15773191
112047805
404422077
111441302
193785644
90484508
15731751
35218566
7819802
16160352
250188760
249787913
317226055
16491569
86129724
232290669
14007532
17168586
56413858
29216764
26755480
60193104
168549364
16653290
6332292
23785096
243231470
21684013
58498428
234374703
293213318
28454890
104914594
64762695
22055226
16102244
46439328
269898073
274233100
156644222
14838763
50345670
145228253
152002081
26497548
47228998
47044842
78384267
22229449
15211162
23645946
23122140
161733560
18691019
252110905
252145693
18162611
41698349
16410454
37215614
50425043
198963603
16672265
69964467
27872334
44941332
8292622
60984835
5815162
18963842
78387677
15745368
225921757
211588974
181162255
278294763
284004427
21461625
58938582
288751432
253604734
201079432
95740980
237312687
233737858
163589845
54664781
96442308
21426423
52474019
35027698
23642217
24797315
117188363
59031230
147649517
21901272
28023334
93434344
71294756
15234546
18277655
50152441
52503751
64491635
7231332
20166674
15741208
16157855
40116885
22799750
21844854
23480093
15892011
25844225
259395895
16666909
15731368
236916916
16424044
15856366
5558312
242873057
245408102
26424123
240760644
23976316
234128524
235251868
41634520
35474809
158769098
21536398
26092563
17872744
14331688
129879105
47694175
169207084
13218102
18805644
234767974
19553409
10680632
14323759
221162525
237299871
77250424
17629860
239871673
156355446
151546694
23203100
74198348
17493415
18097821
23839835
27851262
165204211
121208305
22772264
19167293
640893
3135241
17993906
23466918
20283059
136550204
26826499
142896252
25317724
19948202
16451013
17518524
21343261
16451932
14216123
119372054
106498703
138797084
106119641
26595196
28107909
21507976
58825035
17119284
234717853
14108579
58524142
53965152
21620791
47777118
102424766
16163445
17416221
16668236
140529541
285252127
249384564
108189101
243337600
15753553
14949858
47632905
18909534
140286364
15931637
18172905
85131054
105187267
155973490
160674277
15947333
12340562
213713264
11384102
158565222
28279637
21612122
46176168
169596992
22185130
18518025
142490217
21800063
26333685
96195724
23097748
20769514
151444950
20295222
19792457
13067732
16198434
48388417
19425227
15689503
87498687
160561302
16459325
167024520
246769138
163570705
244243985
37917164
47448886
16076032
33310871
10425202
84620376
43409523
15985455
3137331
2557521
11856592
19354391
16371887
74057037
18811140
120129682
5336752
26078152
107441863
14400385
2960221
18776942
21774546
41374504
270508448
30241898
18812572
813286
59325665
24266406
78699094
29515247
103087049
70987052
114782468
100351634
19803365
1797991
138182116
98912540
208155240
222177693
191250884
53680074
227065692
21785699
183367527
36074927
21778391
16732770
21147846
16266992
25300308
30313925
33451842
4898091
21619519
9534522
19962813
227070376
93736499
89820928
16263673
23484039
28008058
91478624
130649891
234744365
16827173
12925072
60627728
16311797
102480261
21328752
252763592
133439172
140863851
11856032
30295180
111045930
111060879
20776497
270013816
268437332
17028306
118188665
9508922
63796828
25360971
14292717
16085390
48802719
16789970
23605114
116559622
277165873
231660649
73303753
183367295
4823611
15473574
207507805
23077866
15764644
18170310
22677427
93761782
17470779
98542911
14277276
123183758
19846387
16294929
28576135
112907328
20546536
254082173
18061669
47975734
21313053
37920978
26778110
55235265
234057152
55677432
20097342
25086658
40318829
20796447
22831059
17544524
15661604
48117116
37762395
221447516
240376522
17292351
14845376
65707359
15210410
106625234
110541296
15433666
15993122
3803171
20246842
19891637
168295477
169583933
15462053
69019032
21010214
76350004
263936580
121788510
20192403
19107878
11856892
8775672
10126672
18646108
31395001
173999134
294069836
181239325
44401911
63749707
70938405
66355647
100040512
47941475
187359617
61208587
196717235
2840351
2884771
33584794
19740592
2836421
18812301
31127446
37353155
21269970
79292033
783214
256198997
18678924
5357812
21301933
20468251
234044087
19394188
31522400
14888467
68435322
121469977
234826866
242518427
15633653
18481050
260539179
257019844
22508473
17075423
21768766
15399512
114916322
27080739
26748158
113425681
32506723
80628196
7228682
156015475
161743731
18981785
93069110
16300786
16249259
34739408
31779156
18126845
21422478
18313747
20466215
16456599
21228708
22055109
16529278
20480549
16378486
49715850
80638910
26513860
19419870
10840862
21630507
13436432
13850422
16350977
21421178
28162128
24448865
18468610
198523967
92079350
44960116
1025521
20957491
15852651
235719973
20067354
14173315
8839632
11857072
15754281
14707048
24825060
7744592
44973396
21162600
27246107
16143986
96580639
18009532
31171238
759251
1652541
91087040
18401085
14750424
22194428
8965512
15882807
14755250
20109973
14856846
19925980
57379266
233345779
44412954
85884206
259314379
15714370
31540093
207635736
22924060
28397181
24030386
20165946
22294228
39527461
15235909
17666615
16097702
25324521
17475144
45255843
18034072
28287421
18640872
17914526
4119741
17074440
15224867
48038024
14335880
46662081
150110556
82643763
34036358
18028893
18780213
22928810
223970563
136300373
21027715
50073507
65448844
18028981
80039905
57991137
9480572
69497103
29255194
21844323
48115928
140060120
242926427
16256269
234837632
24773493
18166778
14344823
15394954
18566912
78431501
16056306
229197216
23951197
41445718
20280088
19616327
234822928
83636590
15766082
28902856
21969829
22288009
15844989
28164923
20402945
85606078
14659350
15600527
64492144
19926675
30043495
15116570
15160884
19929362
14904437
15281676
17800215
25903919
18227519
52070270
21111896
20177097
110445334
27311044
8542882
115979444
137466464
28652194
143798379
296361085
12726012
19658173
237348797
16187637
15356407
113420831
6017542
17139736
10168082
1917731
50325797
9252212
14662354
21270032
14412533
15159913
11702412
28176898
8953122
21509894
26533227
83603750
218349372
233695891
21434408
278145569
82657929
22527499
43920155
14615871
46417885
22664051
16636428
35829796
42924141
124224165
237763317
114756202
115718513
59603406
21220931
219429281
132196606
32444366
21660348
58504073
64491233
249288197
240427862
20608910
234022257
15918708
15922521
5561412
18916432
15922214
119784192
224320485
16261445
21312469
59045843
14669951
37721930
14246001
3108351
2467791
108617810
9532402
33222598
15210284
51241574
14529929
18622869
26946495
16032925
188783712
78369108
39279393
21252618
12788332
26596727
86141342
15207668
15428227
9300262
15675138
15513604
44177383
28785486
1367531
238321369
233949261
236541422
34340464
27676828
24735461
238321025
15901113
39788821
22509548
20015903
19739126
51221295
39308751
15088192
57712793
20994777
14799689
14314090
154591966
224391627
17976923
16259734
19773907
20027851
8854622
7713202
209792690
204540648
18891923
17962391
17944171
16641194
