97371315
22484884
9855382
217543151
66768858
807253855
1071402577
1074480192
600463589
968650362
555474658
291756142
382791093
339822881
296361085
236511574
229966028
233737858
229592356
225921757
5558312
221162525
10615232
13218102
14845376
16056306
18061669
18915145
18632666
19028248
20546536
21111098
19726613
19394188
21157904
21269970
47975734
73303753
75364211
78403308
76649729
193794406
202206694
211588974
212262370
88784440
2863210809
11651202
2964174789
2856787757
2962923040
2862577383
515822213
1963162166
217550862
137813639
5660532
222622640
142425485
48029066
16371006
20883703
153181367
288308178
107441863
254117355
18963842
184136149
9532402
19107878
160561302
16081831
21316253
218975278
56440142
15742985
252296570
16068266
44397959
581112334
96699263
352211941
238259855
8775672
362510239
285252127
476209692
296060169
16018516
28178127
384910109
258885469
93069110
18513241
18915795
10126672
188857501
455869849
23578274
407013776
105925025
233484761
17539497
242944499
284742585
49457533
469194846
16129106
19611483
31310158
28652194
81155662
84614572
485018010
168531961
450941680
432766911
24965555
15741036
346197350
159655293
727472528
259300516
1400294809
443297726
15780280
14007532
18963809
27882000
16630062
26596727
18805644
61734492
136550204
22528309
20957491
39155029
42442665
54885400
44401911
15159913
269375709
24926288
14344823
22771961
16491569
11771512
15463486
14465607
16097702
32521584
97503010
69773058
40116885
35474809
15677585
21220931
18916432
15931637
85131054
20776497
22772264
108617810
31127446
71294756
16297707
89820928
30043495
173999134
11856892
15245652
22703645
7228682
39308549
8839632
15689503
5484532
297532865
17907987
22848739
17545624
376234071
203226736
77920769
2467791
14662354
9300262
28614262
9252212
219429281
21768766
18646108
223970563
112047805
40553282
27744185
113758100
23951197
14213413
22508473
14989516
50769180
16157855
16031927
22055109
23970102
43919633
20378448
15224867
15513604
14268812
46557945
21612122
33222598
104299137
33919343
19138934
15745368
326208966
16193222
129879105
47739450
19694304
86129724
1245258060
1209417007
1143015696
15976697
97467609
155680896
12837932
189129306
29766367
17152216
18523090
39522848
91386979
224320485
579481320
1469996449
1564728318
266830495
19636130
1613935920
43000606
351938592
141341662
118914594
1191574687
1511313956
97257018
458007813
1340248135
1417233338
1418937470
179756203
161308698
275332854
51221105
20877403
267332891
21426423
81435434
478912299
86364947
932493776
122178007
5695632
1330457336
137407124
28193389
24982090
279711316
58312891
213634439
16206218
21277665
1137600571
86988897
22699467
110445334
136250134
75931627
58253405
279266102
74760102
15137359
25514627
108424611
39592425
235271965
24122912
272510657
237770636
187759997
142300344
213795411
218349372
216881337
61842393
321820019
56878013
404132211
104558313
540122045
21619519
172858784
18216752
26637348
263779836
48604363
19268706
715437787
22692686
17993465
24885055
25356517
25895621
17217914
17897472
24223439
29363448
17885813
19461291
48859835
18183082
263745339
26882531
121956129
403036069
94216936
29578061
48085974
166009848
486913239
262751114
519911258
995717970
636698120
753978763
40994740
18192238
22435261
18067171
18777302
234399349
15701185
18678924
389084965
15725686
51096511
108720589
15907921
107479444
176572070
175182440
460362674
75037263
62895009
141040344
551177211
17914526
276907403
455278761
718365109
628600243
523874457
114009456
46823174
15455893
18079984
31413572
43979220
32496392
20030252
76454460
253233152
538671723
41865080
18172905
15731751
351949856
550401754
15399512
151713485
1917731
59197192
14744403
121243855
147211609
18803462
18566912
14529929
15867018
77851299
161969197
16283432
56413858
16411699
428333
23274387
18891923
21999704
733751245
25341828
44954969
20109359
455764741
64534908
35760967
402170643
98663446
18777618
8251132
436910833
29483720
76386268
16017475
115216149
705320294
79743108
20879626
54900089
35218566
15466988
46016028
14377605
10168082
402029058
244268646
27311044
47803973
25236833
12272322
136300373
117839957
119438028
704202954
41445718
230611723
143798379
141084952
117200263
15614141
15918708
15922214
209138950
14855994
20609518
50055701
17763776
584012853
90895219
16045956
27964066
16228479
8216772
3135241
14246001
17511789
14587949
23346442
278145569
17976923
85606078
5561412
599379835
243601097
389028352
553110219
317817201
144986277
18098232
48739572
49078102
25033680
18317325
406625439
24942788
44266660
249219716
237781383
281540744
463132556
18322512
31611298
298857834
224391627
24298912
491923292
45653696
213182436
246341769
18263297
15966651
233761277
357710174
84119348
15756963
237862972
205889882
444861104
29466736
142821302
159143990
19755959
479920635
95509152
21252618
15675138
50325797
15361570
224285242
28599820
287919579
5357812
188045648
19807561
18309196
17172819
250861910
321581275
93774590
113420831
81430045
33911073
226634176
97248544
15756268
281688924
18293999
16187637
196764214
196264627
39595013
38308927
209792690
176589375
197496309
15826822
14766869
267399199
197546231
242926427
201079432
224294785
234822928
339852137
216455549
54295598
19576571
46605026
19560605
17872997
255668430
235251868
20608910
242873057
17882405
28668804
44960116
29911112
1367531
15302774
104221436
103952733
85469308
20552026
19777276
234022257
3108351
19722881
30313925
277040040
20864995
19739974
8731312
8128442
19686644
230912234
124224165
114756202
19160709
15869080
16683560
12674922
17459517
319407961
18693598
17763693
17824265
26768952
23620606
20470513
7093172
20004839
16877550
14937028
17872511
16013365
16512271
15798813
19219242
60094089
20880383
17546958
19407835
112781983
15764395
79517010
66693073
15207668
30822314
9508922
19593572
16086446
50777555
55360231
158769098
14669951
14408648
15770273
14412533
41634520
15089331
18791763
31999918
16313592
15962264
102806255
20104506
17141766
238670666
19739126
18101925
16280229
7713202
18060563
16636232
