2195421254
464471094
557351616
3193459096
3132892298
474237835
493640363
2316497426
1887713834
37554922
62382682
123012033
55462858
581167534
390974817
263489189
15853312
366867543
2196900030
2176790424
2372292786
2426172416
721901298
71437973
2438889774
117692797
1002400639
2332289918
168781748
944760367
729096205
36124967
870155376
733411525
166717683
978780553
243696050
100671749
168899981
240469661
66036202
33785399
1105212931
2571927164
2900007853
1061806362
34085979
82434130
80993953
106775577
1096481070
1451765240
37353387
85632235
3070221944
544505443
288436721
2955381469
1205964804
266149741
979070010
259397372
826172809
30291253
67048365
9934342
16194553
124801886
212357509
175634169
151215055
86241625
145414752
74331044
301809254
2330764681
90499342
512402203
87781938
107234299
68736678
262483363
204075721
431975671
23406969
508074800
1912481479
900054403
3237228010
2989187404
477156952
2430715069
117846755
50957788
249415583
19410428
18028856
211339515
48105370
23539653
987975354
2415929923
2951736476
1695209269
2338809120
2330742228
2293192495
1155041706
3194515002
3281824578
391224410
379899157
22965846
101441757
1586289810
3229031376
2305195388
34063938
1247733216
75939860
969203312
1668177566
807996978
17158123
3258487376
1965643177
579264471
707684762
107827969
846685567
123419370
271084916
2346408962
2815169196
2437369242
372632108
2870470069
116932356
2935535622
2828339131
2870141308
2464091882
2402769912
2734011709
2150037475
1671336492
2706701623
2448900260
82382082
161446233
2703171
313555816
155670763
29826747
59911646
61601290
26865976
92546333
51138795
42284283
224836865
187766663
353231243
584494192
109291863
358227000
38004527
98165104
154566797
30715408
305278381
55142651
253408673
321689994
31350902
302737644
19744279
1707713785
50079052
1246758374
76446591
222357100
165862646
22023471
30075306
49987428
78997533
213797347
237594295
305332220
44029300
29157659
20347193
21071749
17519510
238063559
26296071
28060352
82425521
22860910
88991366
16186037
2471633870
2174412488
551095174
1634035850
217257813
346774820
1674017041
1873186802
847681981
498339962
17303173
16138024
259345232
226660863
223970191
29919063
2963286352
2940482609
764230632
781780310
1651835696
2339937596
94257903
430332397
56413907
74925655
831667848
379944319
29589307
284154572
225872041
1002719546
593996866
271082619
115794173
22154268
29562952
1107652375
85625566
247443614
83893804
442077378
515853488
1500076650
2457541404
2925682287
2856427855
3185603988
456898916
159167893
610544565
1022530518
1210156488
1210225747
2801902171
2849336263
979096302
2898294171
512285992
2600120677
2491993172
1002151501
2305382792
1433486868
307498955
1716356287
25217113
2903218632
862246879
16476376
384063066
36216022
2180782051
92695080
519762735
2272561460
2975790370
2402229277
2402174918
2651500652
2674852440
2293634322
2575578354
1702574964
331336922
1098986449
2413272925
15705092
2216134376
2214743551
1733126058
2422606741
2526830521
83980561
3169013724
2818624248
3167758153
3013974877
481357401
993900464
36275110
199972220
215660062
263250363
1244481722
30323618
32976259
2861374118
2859242291
271777561
461532065
270967815
2917965229
2979321827
2574944611
2909582611
288013182
91157956
260959535
16028750
16243405
44136028
37564255
1393118712
3058045526
3063705066
326385990
3075901322
2865707058
1621846388
2997339415
3153347329
3008586506
2818002259
471411227
1539277243
177260994
15893354
539071768
541928956
1202281321
520905337
367566505
1734207655
330597283
1372734504
2490480457
2361090552
148082972
1293339210
1020491274
2859373616
22125944
56847287
2396662357
2554405842
2882382530
221548415
64187717
2496909834
2645945647
2451853879
46314270
1390043118
72636428
133399454
114991178
41652795
255658393
41755799
49335561
62971828
1231781810
43383876
2693436350
2986286850
30702084
44811555
295265381
912548532
131552659
2440498909
34371118
227682918
233484761
15741263
15146659
627652655
24750519
23397958
14566428
26199179
26122743
94007268
416075663
614681333
16241878
233559026
537312973
2652747900
2804486875
2902102927
111981934
275217447
223741203
913148984
2296356998
2841000526
3073691755
1637306137
2876002174
760334059
2904292491
3032311849
2979063105
3256863564
726555180
2722328002
537601538
2282781956
130031265
2757973288
889824078
2218747273
22450134
1347738674
90320576
1469152237
815525168
179631020
336110538
98504605
161020320
206433179
336125403
373610738
1514060546
2680297969
2455731134
2384353488
37243748
145784817
1587131334
17074457
284797292
360082204
1918502514
633405119
33459805
2236641974
968749080
1302592621
1463819946
2324689680
3186292122
278777891
451080617
349422250
328174091
385580556
575773332
849562316
1198261400
909261392
585357745
578164913
603816949
325205566
271962373
316255580
247979553
148830304
213901814
15484788
332961050
2580862184
734095196
743656566
559334266
921632641
972350492
972797125
1311808266
206363057
313511846
313522297
313520982
130224655
241282494
55458750
23837074
131272258
226233408
365704152
976909062
529215792
381166308
600522201
102790359
248510688
252287327
774767456
534631314
378837614
1398911010
3012826268
2823441269
2900664050
3169005102
3024358281
225653473
2828017007
16244449
21212087
7563792
2191373755
102737852
355838324
977013770
1537334461
892395571
1267462034
2818860682
3184645688
133448051
592538909
723262160
3192354442
2877732127
3075652561
3222020930
2423922584
3059222768
3255992646
3252817380
3224640192
2444550426
3038815080
3087382933
613107274
583565235
3119916285
3168024530
3098301816
3105194078
3047566560
3026893399
3094543320
2790020984
3111796229
1625047189
608861985
182646259
595093709
45522645
1611041454
2618731534
1958020447
608991336
1618982766
1595494598
1928832451
1422146101
1285103330
341126920
2204275112
3028789553
2942229553
3192844796
3183855132
117483459
2955650242
3244382466
3246941376
216069324
272401303
33424431
40023357
57770362
1965393235
3183012896
858569664
2901100412
2979175395
3225628195
3035907671
2166841868
794729790
17398402
40599948
291548731
3190114208
1947797528
18658343
54554089
18698714
56847581
19868856
583982926
2439568393
184154213
2338645021
3098399486
118148408
118250092
1587186037
1450349719
2514360030
253844745
15526362
327492554
134537428
1544715486
2263685982
263400432
468870042
734162299
472600498
1278136849
3080009607
2379498205
2558098910
2909599693
3031707072
822587005
73766756
1433861130
2834281254
3020085310
1431972379
2903038447
2899716830
1428225146
2165099287
450760749
928473138
15195592
289722730
10171322
3014991529
1270714110
8959042
14369214
14280791
14370934
25028262
17933897
8505482
32478563
72397191
586643909
17341710
249748817
1972274419
1135798166
294889896
323254452
816835
18813647
439423096
100876377
17031363
2389829485
1858080805
541235027
435560835
262322685
255829528
27531378
316766896
14710340
17395118
16894667
281754590
52643564
1365793928
2482513488
1538654359
119276845
2999048359
1880808884
2999676332
14530423
2610491574
3005980602
2989870588
307169626
534226010
2765256441
2706895753
2230149985
2366172054
2767045350
88605066
2761312094
2453261838
2875907275
148085120
2592756191
93534459
979666862
1947401504
2340753985
3190392775
157407514
2290096472
2850502256
2807860724
867182287
17037285
48278202
1011663518
389766721
3040005870
299345004
584335545
2874371188
2542399524
146583032
561727818
136138844
25222209
10682082
14400049
28752306
855601
85913809
111740732
148498744
113515270
37673757
159534559
340050653
816673099
2999031048
48398347
207638170
115547032
122171019
13121072
15263950
207667503
372911972
415740466
27075120
257990019
262267087
15374528
294267486
23018172
116594927
275853551
264975513
34719690
17969952
30090523
192466304
18771704
16031124
102812214
74654085
172922677
162181886
119845569
133043947
87486337
21444866
25118088
57093781
599809212
349192306
79244163
1134880476
17518787
19410732
36146769
19411963
19570262
18653454
300028865
158465784
19747012
213407840
959606364
2179407356
148431215
1230573038
222532871
1490906214
623121019
1143594745
1096098505
1143592633
17492651
2336277474
330360186
179626858
562479996
57475486
10418662
1318775419
7832572
331123083
378004784
121875799
14163745
408764910
24458679
275522950
31670205
89229032
17545050
273796045
905330636
183931795
476900310
2337354637
358609632
868960519
19479200
42728837
243453939
322694835
16580806
17824718
134912572
67294478
3061682132
109305870
18463371
600730403
26337959
336382705
307474207
14851577
161095008
43387037
19935393
777310346
518141324
25895693
117047559
2855246895
154740108
2253996396
1483435262
365690890
26623872
149212216
22518845
128384349
120285512
119810452
90037011
80938243
36666396
57430559
38238655
37997580
37993679
20004609
3023704379
213417178
78649105
594214922
237477453
389927372
278925816
490821782
91274568
208667649
157092438
268028504
381404235
62442079
202798481
171553203
29795065
28375600
80934172
69640672
205513745
97070653
97066992
28654167
30050112
22393559
76288535
90519698
1119399594
1927793725
2537763911
15497952
454100672
14276218
258885469
2922928743
222554961
118758998
19034656
2593370684
77300526
108189101
115718513
301073375
227790723
41410702
16207270
12853032
1614094429
18157854
11538632
27028029
3235641493
2547083364
61655506
15212661
126334018
973781
1723648435
1517376301
1293916838
376992689
229725261
454526437
19837088
15810442
389701872
76771726
836228802
191574178
242924064
307210721
182920345
21656779
23707743
28341137
32325465
34865693
26335229
20481668
307581564
25026893
20461421
20868413
20824731
15654187
21254682
71041566
63323448
43370736
182986846
331282970
239616891
39014141
2975537145
82699093
2535834564
3020228828
22891564
2800410600
937599889
547158240
2321454014
552951099
95740980
143558682
365694250
2561726047
382256647
114670081
14690416
89220865
474974313
119115218
20237824
74820404
244578780
52565928
301745039
519102918
15101179
59617165
104650634
129918776
478993121
55655924
3172606099
47765217
22740969
50060618
40151695
193738551
421171977
1301444227
861456541
17219016
15445110
134929830
3185858996
412593236
353200128
488035995
43958701
2784910042
526074743
2737021078
3051956172
2903128564
28446204
2804593602
995818273
3214559794
3167541941
2915884824
609269397
3246102624
284117972
2901247184
2760732603
17824922
2374131416
2916977701
2782384322
753017108
1846697522
43796704
2919036384
3160061341
569161114
169526267
1668452814
29077741
188376042
62734246
2375680736
1671024336
870942499
3244403994
1447098866
1393906783
3082575091
2180730324
2871640546
57997582
42438896
755148986
729080018
2580948787
2337255883
1400884777
3234837985
3052956403
2989441470
16084219
17445864
21274119
474178584
2926176032
357571828
89305341
1055721246
2730483954
2522971046
1400552221
232021769
2273677026
378086269
191237954
158852588
221255021
97167760
153086886
369160257
1102603806
1589587063
845853726
215150085
805670444
556234918
51148530
801170322
815901300
259070050
1447475162
2445734935
522592875
2813122639
2848077662
2927684468
417936186
2649870187
3219780864
28006085
21029189
3031397501
550898669
17553288
467270959
17479910
21174771
47443228
612236367
1301552353
22526827
500055521
300011687
239187928
1393451072
415064265
2793559839
3041754451
805395776
1558848656
2948883055
2329747886
3164374351
2381208906
1448027022
278649303
1202385462
121155063
299291363
523415235
18013285
1255829226
3139285362
3148916695
324626558
2304017702
14828860
203226736
2361224263
3234341271
2965203875
2274069152
39198885
919529640
2269864436
389782388
160311073
1463663869
1945040497
2269801044
159671493
345454484
635834152
332064650
350729164
2620023756
154216015
3133607486
1708736155
3023030884
2740746294
520115739
2307529232
1734242888
2373010560
1516598305
72741680
1380190351
2439163285
2730811574
1931860111
374683203
838435310
20012408
389276966
298070806
365112577
211718128
366402949
197158100
25086168
15234546
48029066
68901522
342720228
68501435
37510311
17770086
26585804
18950712
410392791
431180329
135870781
34265417
130563022
33613726
26623334
126946608
25140900
330602430
116242495
431002561
309822757
22017602
15982125
3070423371
44438922
1071580286
1167599336
85605195
254374668
3063524946
3024470370
81197316
599376632
2872281950
3198833249
3160560320
3047462018
3164463656
2817587010
2445718615
3293337023
3236262661
469490230
3107888898
3129544145
3092670164
1578008522
3031083876
2902190047
3015448037
2998615002
2760778216
3229131618
23736539
482388457
133062657
16747109
75576557
56838983
250003325
121207397
1205417100
3064867371
3243842844
95494819
1924378086
2460795660
2757311498
2571706926
567302374
87392356
63751478
103036465
827836039
10284472
43076572
2404873099
117481624
622450497
365880378
1160896879
244806167
842552988
3178347372
2864424315
506853904
885741284
285834233
2494358851
1570603740
16973137
533498252
189221781
1360635854
101576797
252004792
2400396590
69050390
479227750
972487669
3221095651
14376149
2293419188
2295109117
2817362780
559244572
2770006413
2786452872
3119318751
1720805761
365148121
295881785
154261531
18335849
379476932
3110265074
2697175111
27076277
30475044
57220426
100231655
134979706
1682219318
2209376484
2259123535
2732044662
2960182843
402501972
2961721897
3194502006
498144170
915537378
300552750
378209566
18777902
1175221
88260598
132066982
1851805963
22728467
245572815
300425859
21331369
11125672
185738688
1362690541
23519943
2717492814
2851323710
19693661
18107015
2342371519
19817778
1337931404
69004966
39448218
21100400
2266002360
2396531010
44520064
18967418
215694545
190890578
26168938
119515943
2883522315
234409558
36047098
36498692
3063821966
11488362
156016878
289462808
59045843
12859772
47596039
3096784764
297690193
11545652
426690566
104914594
2414815032
1392606924
355563959
16026783
42313640
11864732
2329759266
125362852
50779025
62543839
158802394
618439177
211688190
2690183462
621665235
230681466
63131932
13262862
2786011167
24692390
34771939
757832485
70424767
56701775
16164032
35317460
496648238
19757002
3185602555
2979248079
3075654438
16910688
64320126
116953703
23247996
568565386
2157198914
14357700
300425161
100802089
15921559
73145792
23642217
63347727
3031901333
3008565350
20573990
109698498
111204034
29527884
15832215
29166552
103084814
37723572
131099395
25684226
3224970997
2183338898
24196748
39608271
52837006
19418271
173919208
932870516
85954871
2932767925
453509874
2451621284
2492114508
95772596
43583332
2342310416
20908490
2337102127
35591164
3219675138
3112460207
2942110248
2956443745
2304699553
2591471365
391017031
301619126
385115091
312282573
2379125420
556468971
2494241166
3236404348
3065293608
2879010096
314217349
153575358
1169619540
3044979110
35514232
2979006970
835996652
18959684
15618319
213085134
2508636697
339984381
1898930250
500269640
18057450
249876763
167464827
263407713
3111475769
86221258
1282221684
52164780
73239016
56660664
2299873758
45499651
15368938
134918286
41207697
804647713
202728994
380169062
240737573
1726959618
33501516
15220768
16800722
218325695
17995040
18164272
33938700
65466158
19980950
27814795
44688778
15201076
45876240
174338995
2981958838
1112155610
1963012556
37832473
118245138
2557293252
2493545354
82167518
190298721
87250704
449275798
43629240
40109762
22078621
829670299
252251567
2889146996
46258936
3167206251
378221547
36828343
271585326
1467874982
15191059
98812747
2531862134
253324111
91419731
2760642812
264047894
932545429
227139877
82467079
48488561
271130230
348590880
516963863
280992438
485831157
2932169578
130932459
393661882
1151644207
109068600
164528815
22040073
2305677379
612197538
45688295
2891662779
2395259845
398491489
1969419942
1689394662
3188122471
2471796734
3038532750
502543795
3002355594
2463816464
3292152279
3074545033
3305919855
2416254386
362201684
509125609
2956581661
1053236226
455764741
3309342784
16560489
774222613
38370519
250966338
26006232
2881225135
522309447
2986249839
19787825
21915158
32008653
29643399
365484053
2588368292
259785826
2307795992
106897915
803154883
177371860
18695251
22229001
634684199
2781845968
3027524925
3040402092
3196734385
243787666
3171006164
26541301
2238631885
17058247
19947379
27176935
35010195
16572249
176513574
29506298
41718709
1343163571
84137454
154554233
298374126
2812669037
2813739026
2869581348
2953708673
114518329
2312981598
3121987198
222885867
2259774984
2366576322
2443233840
561583007
24077628
2562684707
180859174
3062201708
1904897293
2887209171
1674723290
43219011
3096769627
1431774919
2709941814
764186558
2586424675
2227590740
2830112220
881599686
1862613534
2305473998
202265259
2444871146
55971203
163928882
163917075
31254476
357017633
319414270
27391933
620329895
3048019075
600211363
1392743971
1421684737
78040453
41667023
31982791
96044194
117228043
43567164
234124608
2957491530
59975093
3168130279
2604662659
2209632510
2776863385
250490865
1290743564
3098151696
3158030623
505006784
143679364
3017775848
2922822746
164754567
487270610
743258965
15086334
394483057
88115567
180071560
18072119
343137131
501290827
843913748
111068133
3047281518
34830183
291193320
95468809
59705589
388547610
499214153
136423937
474262377
463690742
988118995
17061263
36730584
141084952
177989689
30131061
18028893
2267241
23911915
54573060
16439882
426802833
14940354
1020058453
64141011
17614726
7764332
24512235
41655668
17124559
463028527
506033683
1650444744
224798518
15463486
21495954
29260421
2578090869
2598076226
46557945
69022849
79316710
82509878
100531396
118130765
131538331
259300516
2347049341
310455468
454119389
1407789990
1900694785
1031276924
906554713
128986160
76388664
2176960538
389647972
2417978444
433584334
2241952957
133929829
346197350
284154025
103022243
3221190907
1497447344
141958696
27055034
832541750
2482771165
117326562
2793084701
245458093
127014908
487883514
259025089
19302840
728928300
1152271652
75360185
1309125799
1638274292
2309070956
32269654
14945544
2352791108
1152587935
2689306214
2784069221
2901059664
1228506193
2728218056
52986206
2268400489
118461217
2477327576
23466745
161023696
91355798
29599598
2359926157
45854669
20708861
214553173
26574283
32259137
40711814
366629301
538445138
2456607632
2804647225
423515256
1286640294
83637564
2242816112
1686014994
24233902
39633235
275149069
96828828
85839993
177716773
552851321
36623013
69020299
15740818
15637319
16313045
85603861
68592951
104827711
106198120
113440497
119543635
121857220
131977300
132476518
133947893
146157638
154084426
183802609
190860440
244770087
246460967
247530626
257798575
262325462
272566480
306326228
309354920
323478636
329768150
330400536
337910035
342330158
362302852
452521774
485829317
544473754
584139171
792449084
921818388
902816209
1055911357
1585964245
2375990671
2438839411
2610240044
950531
7380872
14703188
15765991
16252199
16753660
16909907
17270262
17759597
18939358
19541375
20472454
21443773
22313347
22465250
24933645
26754354
32698959
102789488
206487352
242907470
262799941
278687907
774449653
21312469
89332644
151600623
224417377
236092175
236937673
257513690
314815792
395069899
486533877
601288494
1629016368
1639484922
15433320
17468904
30341170
35682088
91224381
121190288
165644312
946308955
2372226824
926601
3648061
7138532
82689705
8162322
11179192
14021902
15674801
16170253
17075423
17449843
18881645
19250369
21787198
22978395
23072299
23967935
24965555
25710150
26668729
26792275
36260866
36890646
38497702
39527404
42259293
43581352
48075214
61285110
81168795
82116947
87498687
89237846
98712107
103447346
110517478
132992832
139478204
153181367
207243664
232235048
236044880
272016697
308233424
437019753
497455568
56700964
20658469
29788083
59031230
17018840
376234071
38317061
43996908
45128645
45265448
45371411
46122873
47498801
47758416
48110818
48125246
49986034
52070270
53832621
55261443
55756399
57768217
57770539
60611573
61384123
62032351
66444033
68542372
70511174
72069680
72389498
72473481
82151660
83462293
85201778
85647547
89887215
96074197
101336261
101348982
101449897
103022986
103927659
104938186
459277523
108710418
110302086
111622423
112597035
113199229
113436947
113544433
119235497
119491006
119784462
122735017
123655512
123724903
131630960
134849548
134870834
137734165
69329527
138261295
142359854
142393556
146252766
146585071
147666390
151548026
154145174
154909422
157089828
159159588
159655293
161030327
161715155
162088517
164383046
167024520
167411876
167511780
171212125
171565750
172482310
176087928
176684677
177336591
180524012
182839127
183484341
184476275
185680080
188509457
188826996
189726903
191469176
200918990
204599219
208725869
208736091
216549433
217083195
222153558
227418209
233985354
238252964
239616380
240328784
248849591
250302118
250912539
251496437
257549999
260314736
261289053
272991363
277296622
279162316
282636424
18510860
294246919
302081837
305708460
309282144
314161602
321799506
620136960
370489880
423804754
468499741
492293655
515562132
524529774
550762459
552044121
564887349
571149683
705706292
749375898
769641584
774510134
867504295
1064535738
1868300024
2251001292
3165394301
472298132
84318793
63177818
107124407
816043032
61811986
102514784
59482017
109614001
28241956
59156817
108676640
42731742
206391467
51160474
28468549
15909372
31395001
25673628
234599294
119893229
129613658
1534147452
1886565596
540084285
27114180
54953085
2174122441
1247590105
3100767001
316375309
30471414
150686538
2732036586
3140585121
526840585
262034065
2427703160
194797099
135558864
52566135
293314203
44205959
787641073
3133034360
1376567856
18991439
16228326
3145241861
27469757
73163159
1615420753
14515799
19458757
20818801
14590775
109623228
625546219
325581008
377016559
557587981
1075255052
1120121720
1549468968
857524411
2884919206
198587138
1950834132
779081942
779096900
741484687
2588171024
21929304
21893244
807975026
2667665294
39313314
90614279
65559499
24069323
50716553
206051680
2964486709
199766113
295731821
15129727
2931586680
72993543
814034676
2413259172
20813198
55896443
22508206
3145606277
190360266
1255568624
26625781
87233951
287811184
346800305
3240355631
2575044338
24786083
2338755568
160564879
237794003
249323385
364513567
594306883
2304362828
2923193180
2458449288
2836941830
560017432
283542727
2380742442
863490966
2330808140
589490665
195538329
49686679
310330192
1665531
21034324
280693341
14553853
2729380848
3017640962
16971101
93348963
1849355185
14788900
49812665
506038952
26256690
316723391
166168355
18677951
18001786
453664934
313120760
112533514
34954281
21041169
8849102
15610600
113080892
21888326
18026148
1048446804
19884634
19433939
243333917
59827454
17238812
407986227
18648150
19983468
16186675
19002255
5815162
26420738
133801267
81178931
15738163
34523410
18444665
3006258669
43202874
55005987
1045763298
21001022
464679296
19269183
97223142
81139286
32673051
1288967479
15839947
33288015
1858233420
16113700
16061946
547093661
167922524
242969683
2559970441
34741740
128658514
20094138
2600542200
11883722
14662354
15988710
18993741
52789108
59486472
39305398
78330986
21975415
138977055
93241358
108686283
14803522
47961289
21434408
14347972
109034782
35218566
6393032
19160643
94139317
16297707
15485532
11783502
22703645
15762819
47739450
24212955
17546958
16103326
75690416
146166918
164467866
80940214
15515169
15537855
333692333
312800783
20883703
5526202
154252277
204630989
22181836
39207632
56149176
245185462
6999982
614577580
457984599
13262872
148376661
18182408
860490444
1337835596
32724108
21878732
356487165
44384728
42812812
2494246068
51530349
893953040
252888830
59969802
169633181
1961323788
19405492
2329156807
249706317
304139821
119232471
260303705
174139799
2376732745
19074871
2906129326
2149678861
956963700
29582262
764139164
935773508
904238407
222229609
96023196
154285547
17911340
534620747
197241374
100266569
928414902
21542141
86661243
2571774211
2360580392
2853372583
2882388216
488031565
2938770605
1152436424
2699190895
2432353526
20638273
2743353649
229583889
2428365530
20949803
2372524736
26571670
398889446
2353721881
2363658138
191322484
51064935
613140150
47491879
267388419
18362424
112576212
246674788
381876631
569621562
824686772
1020579553
1237682664
1265078689
2278596306
863482292
87769920
142080658
294332088
615314945
1472951490
1596354211
17216627
18814646
20173026
24272125
41949262
42365398
47017607
64211753
67231673
102442545
166762668
171372694
210532182
221607415
284235258
290623923
442247957
448159103
516139895
552340107
557021360
754441423
779201148
785794963
834672612
836115362
1039657776
1190005585
1395156650
2287047126
2311597921
20402035
90008826
336627749
1883724624
14062669
28279464
36772585
41647122
41653219
45896915
46258409
47756270
53389406
71049146
71050484
74214890
85679946
117185806
123379659
123743383
132335664
139609365
142971408
208806289
222264239
234542822
348142612
365107330
373469921
385562586
429401864
444059601
475338487
494430532
498951019
501106169
569088378
614353070
712855184
713081178
874041870
889994834
1011279866
1392651061
1578127231
1578238136
23641577
80664206
169622601
274104860
278292617
281728489
313346420
403036345
554782820
1308249745
1921023420
2327893986
14650543
15299042
25379324
30941649
35884620
84009939
91240176
91458241
92883625
93547043
97069080
97071943
97786861
107167825
136061946
126774394
147819593
171323973
171548953
193768821
193875702
206441246
224505598
224592042
228873082
243455686
244295593
267870044
271009636
289446352
296618800
297236814
319251045
345613825
362685455
376358139
377135053
381542614
384529102
394167361
411057315
411977711
417494269
482494488
493588580
494396178
519915831
531628430
533010135
540401333
612093208
614527790
615437686
615693975
628157441
631729174
633231741
730004425
731677598
801348853
809135480
843043567
858841556
873969228
915403825
962478272
1007805570
1013541481
1062085801
1063318706
1072129182
1344149478
1090492590
1166486390
1323076657
1365581532
1395771656
1401067460
1433873312
1445461878
1526050171
1528793430
1537697114
1578746592
1650632214
1724715816
1883755104
1884685950
1942988390
2178653768
2230467619
2298744464
2333836345
711030151
786358038
1348083386
1442323052
2269529142
15108955
23629827
39451739
42412317
53415912
57672263
64835647
119816101
128698369
196020351
208753874
264384636
343705712
351855395
351976304
468055511
472252146
479953091
565631938
602068268
618805666
767448876
774317394
983156454
987711775
1226631062
1312829353
1358467837
1462964790
1514400240
1643240166
2187280124
2301681037
30809782
33020810
23872473
1935477734
438578075
618788298
19920439
29508981
30052387
42139566
47708292
52797443
47747871
55623087
76810698
81970238
92204890
97724297
103095082
103762606
109431205
129213683
139588863
145134185
149213854
151065687
153493796
165911104
166219823
172491516
183639326
184655732
199904199
223039783
231280049
251939818
272657219
272760567
273297456
287931438
315558420
335517658
340132857
347468836
349096713
366963173
374624789
377508210
384324218
442933276
454458909
455547811
469049649
488674231
497464210
516621072
526081714
529989081
557113407
581462052
705904579
709610407
778411447
818743808
994529522
1009979934
1116594703
1134814807
1226604510
1296606246
1365510571
1373351462
1409224058
1411066958
1411176115
1602087523
1618459662
1726409364
1961404164
2187998010
2191324554
2310737306
2341042382
192305713
255888173
1072149782
531284542
15297718
2458319538
1395565826
476546870
2548779452
612896910
28164923
16334857
382286976
1260343969
1377987692
1364851230
88985450
774546854
15037852
75042355
2844839508
2881065752
2865871942
3142035683
87567777
240322057
16497853
1153367778
327062785
128449030
2422763730
151973541
212119300
155760637
45511682
478975948
331182593
158803701
1129287032
104237279
492607710
270473255
25723686
366132349
97953848
26554384
67204363
2857434894
2427836996
34323617
111400999
26297176
192938017
2279382018
193138276
193746572
361055976
84387188
758012870
1437037159
1697479376
402360909
54278338
29337702
16461435
17880546
28160652
48515321
96028353
145357932
16877611
17866834
71023061
176535528
14885860
11856342
57100687
2925282818
84652560
503922256
468809944
17816682
63283115
211000282
222249351
104935291
224439129
26880366
45512384
47774251
234264427
254222667
320863111
582589839
586802138
590269390
755820126
762283357
14411304
15050354
36511031
20266206
177616383
76191321
1337721630
48610587
20099430
1702675872
1869992424
579289157
54320191
42440708
286731762
65584798
30489733
370811028
318708459
1480157665
1738792441
1581005744
155638542
602156610
2598612386
102685260
353978836
838749336
38543618
18589717
2532030859
1431302407
149151250
267264735
223950664
262415871
2550598255
169331468
115717698
68216386
279139100
1131714890
44006126
40257139
57274654
138909641
330638529
177797280
359774986
21333725
842204868
561304539
1539971474
33800636
47007466
205012816
189256919
370442710
349328726
1357340442
18234516
20030938
71703222
33289477
78135549
335306141
1507561800
454676246
24794466
108098416
612374316
2263298238
580170052
584273834
476398979
153882465
2495294954
381967972
2359209607
1588592552
17738095
232692656
260499946
1488251256
1160638952
26171173
441032036
85193891
2419215919
80173448
1053043002
2444778450
2340875250
75141164
59037269
19207938
296632359
108811457
14480186
309416652
205312072
30981773
1462978885
404431801
2437245764
1005545286
46276996
348069357
477401672
454286046
236277984
415734011
512833949
1643650872
39565340
56873910
219052690
2727305658
17945982
17299376
2280945564
22460457
182589269
24454212
47734428
456076388
16943510
18481585
2393379343
2161179894
948436578
55986747
567496591
597715707
152033431
54317572
2314673759
2281653678
830367224
537554646
2590250389
1228810854
32399563
21803333
82007271
17542042
5741722
10228272
205437050
239760107
586671909
14850819
2803511
352740820
72578499
212273257
20921261
2319400910
1545902322
37196700
20953321
1102322683
57092479
423708733
37296570
1849159512
164781375
258217639
47396378
260467903
38527241
17532232
342524590
322156977
2691299612
186894262
20087888
115525083
21946625
62910494
516826426
50703368
205919296
378031834
69011444
21668293
45183427
15690243
16211434
119838619
31570500
48194891
14237440
510125983
18642310
1466394086
256825879
278145136
1393289792
171153431
48402001
2492103482
2905555046
466843130
51504561
76692788
824083172
1149267444
1242812389
2597442361
1774391
6577642
6860232
9676212
15108530
17469289
20071863
21258337
24016767
33584794
36184220
27998230
28830568
123965318
201803389
244337973
284236533
948166476
182538316
1884171336
21735186
2174220528
9589252
2213402966
38513550
365090932
19373565
23501907
278895111
366979853
69930528
258981227
23091694
1920542568
361518867
527451382
872638158
46266523
462426849
404472251
488809213
115722166
1152450006
248501532
1658304985
1945439550
757718593
1542636235
537667538
2924140938
3127954315
389242624
2652225978
1551122862
41602160
13787352
28160998
384445331
9567972
1769551
28423263
516005848
2178681566
555609803
1651032206
1662088669
1899555547
605668195
136146711
1375078820
1658613696
2314103490
2424073129
2378028247
2898015330
2793170387
297648778
29845916
14955908
15769327
19808819
26653478
20064236
2353850029
731364674
20910227
21886024
42658124
100555628
111103718
135633311
140965646
156753070
202747142
267341822
558018756
829615795
17717287
18144581
27860702
81155662
151445989
1018222248
350980419
123655048
119407077
115684356
51039749
27881646
26572460
18749026
36697110
40754397
36848725
271615347
1531637682
33884545
61028650
66381193
505202121
2977023785
477434465
52208467
154230985
435332865
596072298
601701816
2966952378
3145735852
6817362
23524453
1405672848
15638756
16253519
23148516
23230845
37969393
174747786
184100111
272787842
1410753824
2432763667
2461797745
2571518689
2799918536
2263802124
234163199
260907612
28535982
22536055
21662482
11856482
5920532
18462551
73177674
188531616
310530934
781451725
836619529
16824791
21982962
22067808
23399097
28066116
29538603
29963779
35772287
35744187
35753904
36677141
37836604
39175114
39684395
41885795
80367900
114591312
143061920
143281821
153095264
169978831
186313492
187292424
192976122
199586465
244569784
257164930
275143916
278164189
40298388
339165494
339982477
930627756
407369781
405051962
1308252211
1226245735
1226212088
29329761
217140263
2238102073
3044971132
2189625402
24002673
85691810
85930949
21937074
158288305
3011508894
67156970
104597849
67747153
1098923078
24058580
173957674
785161777
116040999
382242784
613660457
59578596
63219456
1953057908
1136473429
2437575331
1947208794
2710321008
3047629675
570321375
30967663
70473282
98254917
32472374
315449371
21322177
116810941
60671254
60731057
927896863
631322761
218587197
202843563
182918581
160951326
71693069
58901930
45888515
533247793
18726942
70497129
94416514
256239692
324600127
488872134
74474936
49044634
26338465
223330960
20794090
16546193
423723193
428057426
35302073
46708223
1166618166
37518380
780415742
154685297
1556578345
1633925635
602157293
52415633
2620360136
18311260
23654118
63011152
81010249
119930637
145075221
249826185
503081778
872275928
1648374024
1925727403
2242845044
18339230
38804959
128753684
234524091
237788282
557461252
2329421479
182046686
1343045467
1638693930
2837308923
80447463
151574869
17907987
9538352
17810970
42976207
43893942
110799596
241551076
242840990
68870282
463053212
2446112017
2710398264
18697888
16012783
15816595
2927284486
1126863955
216776631
24570684
17410403
11388972
16673102
14679911
20322956
24569387
29313218
16686729
6519522
56875017
35856650
64509265
61352385
71699681
86632496
83666721
67177750
19771248
17523169
23730646
125397137
127653880
9411482
112391041
142423931
180524650
36979373
55070555
61824637
423694660
805063436
239887492
211172269
66836478
356934206
239579936
2368343586
20087525
142862156
2828234893
2447453474
78370328
70855902
253252536
1388361662
74820061
250784170
235226282
3131137912
2965364275
60814031
3045376191
446829585
544378056
2242838708
158007643
146099226
22835289
2992440550
3078314186
65647594
18501487
179632780
36006900
25003964
189230885
28519897
18645342
373490841
35785401
91488267
64748609
989643553
6819732
3010990521
46131997
56480330
335996055
368992130
374116636
381772290
2339455734
1871821496
227506488
47752415
248280713
16451587
47837269
83917200
67115232
868654430
43164132
11856422
257616992
2512531255
273787769
64808610
2890056978
110521236
2200163390
97371315
1636148071
129575861
2692957634
1190229518
169821228
3053870383
3071764374
55004670
17695016
14857739
383906575
56023222
551324510
38718004
517984098
32520787
1668594564
705944322
3079211570
22745722
93288759
2485855188
2574674872
115125517
87026997
248841143
81863567
3047010071
15570213
64082669
11702412
2242731228
476390447
2375533844
193131934
2337310838
26281322
2428082120
78694788
24969208
41379006
352620756
311596398
27259435
2511549822
1183310418
1198113206
48740557
161102140
26301308
47444258
37058864
111675623
18082737
41465011
232451547
77011280
216430716
185799192
82563832
204990721
915257654
271073592
426081052
80568825
39542662
50652364
17869798
58869089
2405268074
17788008
16097702
16802146
126401831
48478571
30280518
12670512
237477771
1759181
234186830
593970374
238020901
598661031
2300105299
292479763
22242298
373950170
33082951
268141671
252750161
513260198
540026920
257540693
50062272
177445336
164491757
26427145
30430197
414988395
221099320
34015073
319159262
103944637
32172939
55249320
597870765
86159623
377636255
139468622
432865687
55607077
197595276
23289977
57740527
2307030721
468989586
21872782
298008264
509030649
239193784
569441702
568722647
611272638
2193246324
69359090
1270695726
2214407570
112450107
2234540917
2235233503
1426612502
2562126925
109371809
14955353
2800444602
2291590542
302855524
156515235
624344523
571225181
2462057449
36664840
1322558402
1325256631
475988505
122567777
74313566
71281860
223506587
211741721
119401490
620618811
81191343
183062944
259079896
94154021
106288227
775233102
107259865
1564383463
334270488
1859004067
249356631
2849147726
2871468816
1671632922
2843930259
451030793
2920379429
2677350368
34682128
69231187
1362739466
241314050
50078958
292505193
23219325
247441640
161356025
26805062
61083476
16686673
378834608
1884111516
39824409
2913891185
19300170
2743135620
2913864845
240700617
27860681
26083271
2480087918
161838991
25098482
21312961
718819878
21333396
59486068
13832182
11856142
423801961
18949452
32359921
621523
19706851
2409710077
742143
16184358
1877831
1198803061
1628926242
2355175039
2385519086
2858673594
232133004
114301185
23621827
245649240
2577357391
2291761753
118756393
26054340
228747444
63249121
52992670
384422445
381108914
64596478
2180801216
846079729
718569794
39701745
2360558010
2859502761
73920111
2903461851
2586452995
110491053
64887199
2355884125
582448319
323396259
54686699
128218634
14327663
1249982359
39627369
34370816
21225908
62138006
86874814
128427391
142703780
30514839
94813364
78967423
772331005
62140046
14936378
193513839
217248421
2415045469
101848502
2747368471
16667912
3017012088
469796041
2826701130
884960934
1945493257
2901399207
442527517
2414942622
52282776
117467779
28595152
302069015
986106360
24607872
369758406
20957191
18528834
17831464
16613128
18481050
17045060
17967675
17968875
8487622
15460572
15649433
6450322
16116713
14091091
21783950
54546430
105174965
18990471
47279525
72631996
413223602
19112923
127539363
481439919
564106953
472830024
461515145
2983206962
455024343
18592146
15739494
4898091
19407053
67358777
125775026
20562637
28337697
214620546
188813989
1374626371
96206175
394223948
197137764
24012274
2978291435
56810507
703548192
1433356862
19038768
49105997
330579721
42125824
2253905628
2253894907
29032085
258930377
583914180
35573015
260990130
79292033
85612928
1022524009
47406150
22937104
16815644
22650211
18767699
86141342
25562002
33310366
101802390
119107959
21026508
2278262912
35567751
175814957
318018062
70282425
18805644
122207745
14839147
22650588
2826992389
278776049
16869771
271441733
2897712578
2382772867
2651801940
589304873
16906785
378235536
76707735
7684882
139832064
71349174
16228479
15580384
1180379185
20646711
14499829
33933259
9109712
232193350
17816420
541144296
2305558286
1596583926
47350034
18956073
980923122
169586280
1238181170
57100996
1712989190
216871585
16129106
115749048
1020602628
24213168
244128288
46644822
21322255
39510422
69773058
431100994
469479657
427062917
506737952
28111061
224774306
19260024
133849887
75306892
192978857
1169397440
213466282
575684422
44135635
24811973
1004892080
200847959
587561107
543631933
97549691
146087091
142092032
43198775
15361570
21059255
26637348
41533245
75785294
132204008
462143773
587100576
831483464
2340948996
44873497
249677516
308573576
1393155566
1530850933
1604366701
1615463502
1854981890
1861751828
2207588833
2328937074
2458567464
2485930448
2695663285
20217019
240778059
269992801
280121510
607332953
1004855106
1321432124
2303719598
2666591852
2891165960
2916915026
14354476
22700145
55192727
393135724
86358005
2915095729
243420983
305189255
2499687776
26021583
177427007
369238541
1603419038
1375294188
2575317738
393596432
16431311
24060592
243280541
2841469978
25294855
1587143948
2736631869
292551076
977026831
26107606
2839250008
631895182
2775893582
1405337395
2494736924
23677534
31273361
35797331
41765556
43157318
45855168
61232061
73488032
90500349
95779969
104960929
106776440
133087707
181661077
183018517
258858837
261301423
270449063
274568888
284234938
281778985
351021354
570157683
2163793472
16405320
22591876
25908891
36053811
28625627
76117423
47268897
122488668
71624518
400244737
413361687
412033474
182919573
400445050
117835041
362011974
377642597
88520068
369998451
234086439
338562102
199527531
370551365
367519381
109586282
188775036
129281571
257171303
343830715
300351213
337459366
228859480
322344514
318748178
309203889
299463861
198658606
275194474
273558039
373826499
621307047
70445747
1242428552
2332373028
1339749384
52459349
15091978
2545034784
22521285
26257166
15164565
1112576220
21248379
21249970
1579437938
1175958156
1385425051
380411943
36146917
109240528
104028302
262710987
39268099
17495597
18342476
80840068
165102177
172038583
494125143
802817720
27347950
38349184
97981384
369308703
524855895
586764736
634683016
977232146
987219080
1134655339
1314399120
1665976716
2214814266
2279475805
2495183619
17718497
861815322
887462142
1209028050
1390413776
1563445236
1900953674
1700964918
2195010637
370826509
369702866
2586106770
2713648789
627653263
1454753737
2328903512
1646712175
198764723
238759470
237033815
235669055
268792812
362154136
394337931
419183347
482450269
488115336
520733125
520991987
525600088
546222600
553687687
1075358773
254231610
1244335712
1255296384
1339269157
1416099692
1520072504
1546662308
1566066888
1671314940
1929159529
2148310040
2156098776
2159527074
2291804678
2339512135
2342509705
2355413030
2597120083
34012866
1281156709
915486529
443349903
216727528
30063861
59499900
25227863
611398653
872247372
172568569
587271585
593854772
599551782
599680019
602506434
1687062577
2348984396
35831449
13578382
17876008
117609787
23792394
21520775
23665519
26607242
28152510
49700624
70778108
119643883
175209609
180861938
234836789
235619260
263852222
14430596
17237450
19955268
28296712
38929722
39310593
41707084
48223459
60937954
63257789
65686302
75896438
86463688
110891260
113399451
198419565
202865659
475302858
249502585
364093613
43024102
160967561
979472444
1228200144
2303829841
2355639248
2648711210
349921132
369245377
2413527589
2376770509
2285422184
2202445327
1952510636
1873081328
1864351100
1707569780
1613681130
1464882348
1413995599
1360615250
1287334873
1284467173
833349043
432895323
409719505
233368344
223166587
141036249
117450157
24618431
22229397
15572155
14354562
2230142371
349131657
220009727
50406326
41196210
15978412
19291441
20252855
21827185
39348261
89781370
142334996
253857559
183667282
1134148494
24926288
2432952828
2364258930
2361650234
2343686814
2327941633
2296943622
2282437802
2279592954
2249022318
2196360306
1740229652
1499184547
1635375612
1491350114
1473761198
1458792192
1406691746
1283359081
1268220421
1177437224
586191770
562893156
482450423
385111151
342677019
248495200
145292853
130003817
127941167
109579534
82423741
72431423
54300515
49217025
41198239
37945547
37481291
35870854
34959770
24532904
15874918
38285038
231108733
236279233
344972339
584912320
789244177
1009269193
1382011333
1880674038
1883356866
1908143071
2433737761
2482022082
2560169238
2730150631
2750127259
2863006655
2863210809
2951574214
2955485182
2964877294
2966758114
2973870195
2975091705
2976606250
173925279
2366045648
40510515
46700454
787601335
2453625187
123642881
18825339
425160858
373106021
14989516
49457533
19805496
56749157
27044466
2963445730
342130924
2332354080
43919633
275451635
220081296
23970102
16045956
29386498
15075753
334053327
7702542
186646579
36452050
25101996
112047805
21010214
46681100
18983793
129879105
260537964
7998482
1138688364
24002724
314730093
432766911
16125224
19416225
17006157
41814169
158573447
16378486
22799750
23768237
16329199
534494917
80638910
20109439
69480815
8735572
46817943
57751453
37721930
60763047
14659350
301014412
138479037
53114618
106465257
29448734
27638312
526784196
83616201
20852178
19554219
19216998
15896464
74241914
19616327
30864583
18083519
2612307559
410216127
54622050
61734492
103087786
109446583
138609690
264025526
292549803
317980134
360080772
482301201
2369447994
2399022182
2444325812
2508955159
2571392761
2426112752
77307153
393166134
2394599778
28443544
2844248619
632984299
500220192
33955908
848450048
13298072
930835338
1395569918
2447450762
2882959685
16664681
20402945
26585095
26813101
27867017
28134618
103060329
2325960290
58955339
452612116
106151520
124078127
159605877
174715313
174716336
522801008
528147584
2247907926
2281242187
2381478368
2803957161
22053641
48706233
116505994
196324920
247486443
123327472
564111558
19048491
17265327
460376288
2312829909
78716886
91671740
21138770
1499993378
2916086925
2968007206
2968451607
2966570782
1531521632
63150856
18829123
2382685057
976735243
2962868158
314205957
2975350155
2964351843
2970462034
2962681881
59884592
114002089
2976598347
935368364
2970279814
89028052
2966765501
22192142
21690931
521731529
30252303
176512266
18907463
20747881
486895422
272004287
2724095695
1134292500
17871144
169198625
1325842705
892233667
23848444
319238938
219350591
42692687
135515077
18097821
87063281
18252293
153542101
172979014
333667269
154985728
12926172
163598915
32521584
16261513
242418441
9862752
109431937
126722715
747876121
1581330194
527741791
22302678
19195094
466809775
44401911
139738464
2359937696
1223129173
24824450
26803739
44196397
11680962
19847765
27101698
158831815
2429189172
237129112
38961250
121469977
1262362578
30231097
22129280
23232204
34022952
2882939272
231247547
47798449
236960387
436192442
834069080
1324891934
2696643955
2847221717
2852998461
2853309155
2861616083
2862577383
2864384387
2869746172
2914163523
2914515430
2914571740
2929491549
2930635215
2932617195
2933760046
2953494478
2953713339
2953922782
2953974395
2962813893
2962891515
2962994194
2964287128
2964526557
2964949642
2965083477
2966205003
245408102
2964174789
2962923040
163589845
2856787757
2891210047
460246990
11650762
18632809
1648117711
14217044
21301933
29326599
121312996
432955294
762918901
20879626
22195441
70739402
136250134
158890005
214767677
343041182
978029858
1383059977
1397501864
1480852568
1869975300
2964222544
105939814
51263592
874916178
16459325
104615577
15724082
8539242
56891751
33960482
29546945
475286355
18587457
108985543
10886522
89787662
25333609
21768766
6332292
266830495
1362709800
119771348
55334133
16017475
2097571
21251668
335482277
80628196
16681542
16116288
16145763
20508720
60919240
17469492
21323268
184136149
16157855
327871665
27734969
14620003
16051471
83932732
86364947
93876666
47694175
26548315
82959058
243291022
71294756
15731751
17487795
474232856
20245031
18029328
288308178
1222943462
30043495
7768402
262970655
112243365
112236047
816653
22771961
972651
14677919
1428441589
45564482
16955991
87818409
18640821
15321096
20776497
14870670
997684836
28652194
906782533
35773039
2255635626
76670508
217550862
18978553
15450996
45399148
46177695
17545624
1873380788
28558205
16072058
14465607
15518446
106520446
70708097
2189162767
116341480
18963809
2372256078
74768410
141229888
26487169
52954222
18873711
2381503532
2436203412
15212187
242127334
93505671
138895307
449995038
29216764
281610530
1040282600
2482874185
935241684
62928574
114889732
386507775
22271049
244722043
2398309554
640893
27689907
321583618
743649247
81687948
226854762
197504128
37245811
234354238
160697962
15536998
159241654
1712264455
27133351
46459669
348784467
1286965100
71094249
55005763
21685979
114124988
128669321
56477694
41689651
403531167
41242766
1346961186
726719335
49529026
65480677
98403100
16579934
217598364
1128942296
1379987089
17144154
50397214
1584056228
554377448
45528439
26266511
426825989
65138584
430878904
17134268
27311044
15976697
110445334
196168350
21674448
50769180
16068266
60680268
16007460
14962779
453319164
209792690
22956220
8953122
19608273
136550204
20378448
27999938
17846613
15914058
106135104
142721190
20281013
40097187
27023556
96192211
467651673
2332357597
190699396
44629097
2434982257
2432420282
1236793111
2339774263
2450955433
2439232495
2458409840
720833617
2447809249
2447266722
21800063
364706409
763879273
494536162
204177210
25701956
73193225
49790328
20026297
493698908
114365196
311532036
405204371
44720333
62588893
61290564
469587030
185508969
61866851
15122420
111166490
117874627
18173669
16149003
158563801
112865243
33319259
120201762
114782468
148878245
16088967
16224666
93687723
1542036282
2215075910
409456907
15441965
37764422
49698134
97474887
158426909
54208274
44134773
4207961
2389902288
91386979
21862217
16698389
123738314
11384102
21431618
297532865
20957491
28113052
18909534
63004503
1025521
17698956
222177693
135575282
66923578
236026761
2432200706
233410248
2347485540
277649790
43409523
21252618
17881467
77032777
21316253
292799521
17910554
15931637
19107878
9532402
506793551
93069110
35027698
14268812
18678924
384501974
19214284
500532208
5336752
15159913
86129724
21612122
15689503
105186242
1545328650
23367271
1305706381
147649517
14074515
398088661
510301970
222622640
18622574
573172939
495400862
243337600
33222598
23152035
171204643
14213413
65502117
16081831
18772243
13067732
245412130
6449282
384587314
14172570
13192972
20600543
17450037
56440142
124163000
151444950
617382180
241235374
1578441199
2252323885
338601496
17077093
18688579
27027979
344338339
1389453972
223617421
635138433
1252821192
26917592
122504657
49706919
30284662
14802885
21778391
49316833
40922465
16636428
18063381
214565239
30450996
31464100
26283307
245420528
550492049
2332686745
242445815
69485883
581294228
28417043
16547587
2362692631
1912432406
884426167
104622623
182999284
156975310
2253968388
457146981
1137693854
989111906
561865461
1279497630
558308518
14788044
304536500
633898761
51225748
94147675
412776452
1638951122
571058013
582050368
96853850
199543584
272696512
1110281784
34739673
49992051
26618077
1963092078
60666363
464233266
23804773
1129127827
1604501364
1412872800
2163257281
1437404911
1887309098
1911751369
1116088465
437835337
749665657
803583457
1009956458
2272109905
1051032006
2350674487
1911790050
460648434
1187714546
519267472
2353794978
2271100374
426868907
212836122
26128513
191989158
2353646018
83677084
822671006
38495355
414607302
15031183
77875662
618316655
721034754
256836203
1548158070
2175059850
563483313
27645048
211388399
367544079
1726963015
309070309
98678638
84711401
30929600
343553237
630771717
2201607889
294426395
106020585
477245526
515101154
1862064751
353832932
27733732
343171266
25581439
2216675940
584236481
131497030
19268706
65163785
1463543340
19566473
1737274574
228616511
1111604516
425185073
2326109180
222289065
59603406
34312300
8834412
189129306
105925025
2324929928
217530311
2311921
21845498
23664429
2192931146
25296541
14857801
545532788
20474624
1715501
31534918
19999626
2157523997
92092938
18482836
273401647
2255182597
240794248
25741022
2167228938
943814922
375355337
2293131060
2305315345
2295033751
2307225126
2303792689
2254938559
2306940306
14081659
182435992
2314152211
277723732
454947269
21981680
473507887
19311787
911466014
18222503
93017385
28614550
19069222
20531929
1216566817
71209709
23840634
95266584
41521440
35134063
121161830
1140897457
29598035
20336988
16705761
61880713
42675061
256163301
491991157
621760159
208198751
112886485
161768953
36402897
425242677
98482736
44203446
23999515
14498274
111402209
283247299
749636660
381103653
16369343
14754469
22076537
259395895
85131054
164412502
277352432
18128956
19914257
12354832
14270650
59676104
51922862
59331128
126387805
4937191
303963948
249720419
229248547
622563555
247913397
329166788
415307376
23274140
147280343
581217138
17861719
63182536
65152730
22051974
34536566
22068941
42589137
48209820
33100891
42995746
17640326
89017036
25958309
20650393
14572902
78152547
78687183
14901105
74912443
104573014
94201209
93432556
88742521
87283637
2293366578
235802840
2293608092
15375142
226334380
893949078
258021307
259341329
18299237
41189107
66715629
19668491
358209653
491561184
835942825
831181380
820173858
104198706
78733169
946542792
141990034
39308549
7039122
21313053
72899128
333533135
117633137
31591773
545107258
1087628484
61220477
69663100
291708427
19417492
751305158
1129388910
193785644
15416505
7074742
7116142
14704131
15963598
16425672
19035510
20025352
20866918
21110718
21678365
23137849
41266395
54279581
63783555
74580345
78762595
266012753
19658614
353317531
353318308
907234080
113243231
1532304758
1468415480
1510831670
1921496389
1231441230
24439201
61605255
326208966
1325332124
14575708
23496432
78623653
313107787
177028305
130617778
1421304656
34571468
258082407
58683409
233999760
15635604
22061951
16438248
8283082
17842366
18244358
17471979
37711103
41019773
273682839
347395654
145227381
22692199
341929740
1322887284
155989759
564798277
322743355
19195516
257769063
555406517
404824179
190778321
136123839
27145240
34279130
628771630
90077282
194161764
108416435
135931182
17149120
601486721
175240122
387372231
17609930
64469001
259848494
1547164519
77027969
211930847
1516508688
429443694
2279947903
27091757
737692261
2147740423
55879223
32995350
354125170
355419753
263717340
90675355
60133820
424195042
14476083
17550959
137579438
32511761
106598106
19146556
39922782
268133312
342902952
31652076
166371861
570270247
287552422
35958932
36782767
318506478
37957647
378768397
14709346
204952086
7121052
241986617
339241074
410531294
1153419492
1627390602
265062296
17193625
38533288
595779538
19736174
1901402996
253183427
215057688
334446637
253267785
15725243
2277746294
33756605
902435143
21414262
182911334
613149983
22399553
28096660
182910841
106804357
236223024
1380798079
17725445
17331247
1246913972
2233445616
420471339
1425823292
30902247
41439466
322217657
853831339
214334149
21752437
1237654784
459620955
459612975
292303041
459607868
459592139
49417668
459564847
47765337
50453868
88831890
1684640323
65452360
459572997
38276762
227095732
55692453
14391497
22945189
21822877
48908369
43214917
1563509324
1109158758
14298464
249922472
400166389
448297014
61916104
56415193
27626634
23453892
12831332
151764042
107152640
50444468
48874475
50196572
48464188
62888533
48479700
48557723
732160567
67111055
48414922
36760838
2250339787
18654217
69165576
459613869
185781312
234066523
21173922
50040750
745710348
66538513
264946980
746463228
235670972
30281467
15728919
20266149
60799246
18703023
20264409
728483881
407013776
21439715
106174915
203214305
22562437
25339271
47947898
342819347
123350717
29235589
342805933
246393374
472256083
1531980092
746287124
16691493
16930125
1599547574
101966401
363990957
28510338
24484212
25197428
614542142
28627318
25343525
242797777
479574222
1586504138
28004697
20541685
182930618
62871108
148414732
188869982
56802497
197489162
21783479
19477524
48470066
22695408
624509120
55317586
15953340
39590344
19250372
56431295
461496473
74922217
208294755
626408085
70518596
23805605
71438107
75159950
606044488
46965548
64617716
56506316
1360017660
37995710
133986458
71668639
958157076
40965633
304645397
436960611
45681116
104391702
20989990
866778032
64097328
27914472
18844428
36729777
311855099
1218778585
259041382
224929472
298084068
22434535
120207964
329516704
301847990
730165848
128638955
469764125
233950381
30596962
205950079
141090757
321822802
173359979
477315338
427560947
307100414
533514015
637385357
563926225
315486248
259773031
35677120
233688498
608200055
362704974
560681774
518999161
284698630
372108331
150030379
303512476
972030450
322876293
82539750
635164514
261532019
631665199
278267756
32509910
468749109
45679100
2273536674
19394580
37988004
86938456
278664287
349246690
560379467
400335692
13830342
374757981
374779660
762397956
76788525
268089469
398115426
2151830580
249511917
1658725742
26530982
864868038
508255049
158432735
1666845847
28048265
57484396
296646036
284213142
40169153
40093218
63726601
338132632
338106381
487203620
1909863138
392888112
548763270
2257104547
251871321
250782606
44179718
462623136
198625930
108182884
16726590
30996635
240682491
278825608
169171692
542971686
477965152
23678636
356289580
19782452
280384935
270131703
619557304
987682124
279753309
151530365
274635247
1160795473
44622340
289771404
311695106
1226180474
165284566
633556626
1539394819
1543937988
31256852
1713757705
1735888392
1884297396
26614541
580070774
48178607
330743122
148992297
16902915
245048274
747949837
1613612570
1308820453
427140932
56472290
42440896
59530903
558960966
579109136
393173009
331789284
365270837
246624535
154037594
342585856
902156606
628034796
363319311
1635963782
760784520
381675597
247555314
1328000904
355366531
369790583
347530272
620214985
2200786272
235620267
393853882
321174106
1329128431
606452919
25877310
51293575
40287046
247974269
27573939
106014922
415877482
23817772
257582789
200002241
202841524
216534474
2254186386
2215400534
20124872
16984657
118837027
91651876
41883299
200630866
117340300
1701303253
239593744
84662571
556455060
1631184686
43576241
290097255
22830647
114050808
21600922
31285973
156703580
15116570
130945778
522282462
1137600571
16555555
41634520
15923226
215021528
263758909
46832792
409486555
16031927
23508439
393543787
79519417
21111525
100857920
27434982
14844867
111932970
30793542
2557521
18646108
91478624
25053299
227414293
939621458
1077081510
616911452
55786276
284542517
58928960
590735383
18637156
257533511
593614350
214985327
262232235
299173780
24969433
17639713
191722049
27928821
106855330
18247062
27744185
46002396
218975278
19553409
7228682
16032925
440578066
1215660601
538711499
272172028
1170886272
271076779
55104031
36245336
19426551
1301969604
26548841
887494014
107104912
1542007550
163582786
113127789
133564185
2230617972
1979395855
348306230
188990111
114666501
186881077
2227460096
24823987
2224718522
155665742
2198191076
65742379
20471506
299798272
7152572
14505838
18023140
33998183
36875829
36771809
56255599
76733474
140457196
281530541
373526339
807576864
189236384
74222189
145662820
516715026
15777512
491511349
22695018
24708917
19621250
69198705
95291021
131267828
147735293
194602213
241683415
231285968
290000117
331605723
371586179
462432735
630696352
1244074314
22553169
256621566
2209305630
66887246
272578234
904507237
66774713
1332469556
555215636
1133351336
101580574
707471022
19130897
2178247230
45915756
69297657
21878635
913409119
26111775
20465881
220744833
405880248
69427501
14575853
21418281
26376385
26852414
34411121
34622704
42782322
153891834
263793924
263850140
297688084
16972671
45044215
45859373
106962663
131586306
149308566
170424259
188001657
190326451
17047682
17296103
17847007
19476859
27268795
36518868
42942262
119113197
119115628
148260222
157821809
177845951
182593530
217886996
225874898
227769567
232079003
32518475
70562537
529212528
42292043
225487474
168874277
219565002
29808567
125880341
19607400
21436663
23043294
30008146
28603812
31164229
35006336
37837907
37947138
39367703
39389304
39392910
39397148
39419180
39682297
40918816
40927173
41144996
41468683
41488578
43024351
52803520
52824038
52847728
52861612
52863923
53178109
53197137
159143990
14007532
16187637
21702539
119784192
143798379
224320485
423739208
182911401
128696062
760514077
76498239
129163004
250888847
180856535
352043900
59389050
605693860
260598798
716235024
114580773
2163367855
1381231
1141608906
180548249
582541327
1135101096
66285014
106838858
19946209
140876572
822039337
43451256
256214746
287907567
433457959
14735240
18828288
26692528
36712657
121881510
191201126
221090761
243524860
281233218
459981500
863267701
1145704838
124619760
281236170
339382000
19661294
603087282
15434139
30510213
275288278
297450578
302234242
17094385
15698286
29740132
31565409
37051377
43774895
46828345
123312374
164764476
303473619
788103834
1375292821
15869250
21431199
322933758
323338567
374788856
33565025
98497915
104620208
171374192
16438430
38101451
104956626
122383695
172332200
313028288
14173315
94622698
15090259
16645699
19261766
40099867
49109733
96187732
227083583
298079992
312217697
10850192
15398724
15676492
17999497
18697846
19079547
21351198
22213638
25570970
26787673
37958077
41003348
41376430
44207128
45661875
50687788
66395780
68744282
71342107
82687656
97533310
103027518
126447648
157075479
151706393
158414455
168196147
247007504
339301583
370900674
34052834
41675868
84743467
1105089890
23151352
18634992
54318925
18176328
156680398
409420001
16827458
16687035
72474517
896838966
570100512
556295132
95340402
278216154
108386870
115442398
1057191
158882250
46939084
56798326
262295133
76509137
50401258
17526123
122527877
594845451
274817346
632155244
494384122
745431738
490968947
52207311
366222183
288592530
1165490804
1059858014
853411141
15012352
726401330
95440461
93141230
1585903176
270044243
271599856
45941053
538295339
46339958
414566189
1638336834
16028241
34971946
22831866
18320349
40987072
1854644233
128025300
389778493
268438959
470886800
731200082
228732765
1222612946
138548697
706542739
54211164
1651421695
172593518
172136649
17218473
15290936
667563
6395222
7117962
11026952
14992591
15900167
16201775
16212685
17292143
18139461
18360370
18481113
18552281
19077044
19263978
19409270
19537303
19564719
20196159
20265254
20346956
21308488
22185437
24903350
24925573
26074296
26270913
73406718
18164425
18167574
18647679
18939563
20265395
19924520
22047250
28672101
29779226
37085464
42517286
57977462
17487307
17824464
19007440
21663311
22958178
25564838
25373502
25697833
29896771
32452614
32884173
83301049
320871638
494530927
58843127
301318718
69540187
443680219
544443952
589433710
789429338
793861356
837452114
1058167862
1388642136
11856892
55694092
89820928
106291885
18772897
13838562
50317463
61263431
17622723
342803375
459396759
80617430
56223278
326255267
405758647
27103112
128269764
146849197
209755142
78183672
144612867
21677283
524400294
142490217
381791750
10252572
107441863
279319647
21401160
60403024
20474813
30144366
55474472
37603514
56292880
104606207
1141236907
23974310
25555552
44569879
19073775
885529628
82470899
16680260
552950191
531627880
260116102
287873642
286310261
8176352
1328298343
758224160
1129433737
870644162
472510029
454484988
35552452
22772264
16192333
16898332
14335880
19698519
6943872
18146481
25073877
7040932
16193222
10790612
6096642
20776147
24924235
55329156
455306401
20713061
18791763
58379000
65493023
9234352
16303106
287413569
107820427
529648439
184153602
18622869
237403203
14730894
1158788040
256113470
297778294
590450944
1862035806
14413010
228824253
242490748
364651197
16495680
14669951
19275393
1599206065
382960544
42822396
234492456
10168082
1631003965
6996632
9915942
10102142
12765522
14335435
15182074
15274064
15444711
15724066
15937190
15951223
15966258
16088285
17235172
17813701
17819471
17997990
18915709
18978469
19245431
19539739
22029476
22251316
22946048
23795692
24190626
26598302
29063765
30253471
30875418
31524003
37760670
40653668
42742144
44170811
48722401
49853083
50777555
50798417
51374505
55043152
62379598
62932775
67356654
74482441
87278897
90386169
100550240
117165632
15766754
1217005316
23402313
412381875
1450526228
1733002316
2178520601
14063426
21520791
15112692
474215761
1418516808
974254760
526028821
1202097744
40269471
1429039140
1569850532
492893269
1257702211
36825377
413454447
1179907008
12244912
884875472
19405365
17049258
20620737
979008242
16630062
1566489350
821897832
631378887
605663436
34498590
308260404
1236514632
1658097494
1203618842
44648117
1488277766
70343872
1666079108
526104679
50928446
33597136
459698855
1637372695
399071339
1594023133
1025651462
244272436
51196355
808307178
1282667372
370363113
1369758276
472283449
28214518
14587949
47787874
367006413
51816656
23852841
18351799
19521842
158874831
16292116
29266376
17547003
30927280
36410687
783214
15131310
19844114
19305795
19303419
18680279
14216352
12044602
18345200
11700462
18726666
43970862
49997792
54246944
87729110
90072076
123862119
167797168
173980917
199475133
200969056
202270507
217581134
224482610
234424062
386765698
392299902
55639689
19677443
30203494
46666816
54634406
88032682
147767464
1000590205
1000609718
19518542
26603141
24976018
37936794
48691780
926848064
16692154
28367173
14804295
111211597
42817643
368082619
275746864
46423356
16927167
57065364
24385480
23590891
72873708
108358026
21734069
79827831
1171080769
121253149
518143193
523289548
202004623
732403746
188427403
239476189
372426290
61515103
461310621
737787156
955894760
471318850
171235342
735201452
1542089137
412625600
116901815
1102960171
997626536
779130445
62900756
99595788
103997196
29647791
54372385
65378164
479852260
395954180
117529345
91195372
1310607152
89209991
1089746280
1149924392
125511875
157331906
74665474
608437809
564725862
778957896
200156245
299786831
70284586
52477022
202748210
557007679
75091290
84115280
58937142
57870761
374756108
25335271
110552114
211908265
89825735
42961964
63805776
41682948
27972759
1126626182
1212601434
502563282
1546688082
281738762
485798704
441387520
82169696
723662658
1267626583
312902219
1528893636
555718527
87029114
1702083817
978571526
57993064
76983275
962877002
600356571
461596041
733404150
30743994
43047846
952724202
1118014464
1592200981
53582169
219308280
460846627
1676843431
1299739171
1534286899
44454874
11857072
14278708
17142742
17568791
18058609
18487522
20436059
23484039
29357112
29509437
43903158
44719884
62940235
72691385
102213262
98491806
111662267
156038780
116826015
57625403
11175592
11243802
11810572
15458596
15533986
16546180
17239174
17844641
17937358
18921900
19164027
23130962
25176394
26273343
34080751
34708626
42169541
47655467
52847033
127094176
170586406
206497051
267019240
381187110
437981282
15976044
552106205
29300726
23166374
41909059
14428289
28114096
506821688
21435325
315310817
979089385
2184113978
1490785903
366043880
2181155557
61592630
15562948
790043437
278086078
533487151
61017613
111627001
15770165
63787812
413468104
1152381656
1905289514
282100055
11280062
381603450
1534231585
8542882
12726012
15661604
19069733
19912734
20020575
20088666
20097342
21660348
23121519
55235265
60984835
76043920
77250424
113473917
142321780
148440851
150737366
154591966
17469807
18132032
18183455
19310821
20192411
20598586
20610026
22440699
23994797
25001700
25535699
28938763
30771953
31313944
31462230
31617994
32030308
32950792
34138253
34855729
40756537
43275829
44340677
46141059
48223433
51035829
53941625
55042530
56186139
55457727
57153106
62669552
64910582
65657377
66243316
66500750
69641766
76726946
97237564
99781424
101892655
104166292
108382631
109438834
111753537
112299095
113417020
114521312
114919979
120672437
125483033
129875444
130845058
136102968
136269631
139136643
145308016
158872434
171268830
178183525
185221070
195874648
205023958
213792349
239596041
242753842
243588040
267824534
290116740
295414686
308793499
333088304
342444190
345799570
347938921
359500984
360368366
411926615
395633366
404406796
465955458
506842487
25298289
45002832
88014010
257150292
418036191
477950250
593037338
43426938
41607639
40864634
30685936
29509050
23924409
122520535
129077995
258888655
271687346
282836027
411625613
478660664
621405992
21870772
20862686
17052328
17105161
20847350
22269582
23965218
26553278
38423170
39797450
43154167
56467787
87006884
156022101
172853954
238253940
249349929
271507702
277246109
287398916
320993669
397284869
461496891
510258628
557460627
11527072
14904437
16317406
17198100
18197328
18468374
21572351
23593446
26097041
33655490
36676406
41017380
55677432
87510313
114607567
119250381
221447516
239561508
242772524
254082173
261852987
305620929
334894942
364415553
377534571
510516465
787373558
912608010
944917346
1061292174
1154894353
1155335864
1209417007
1262814457
1305596696
1444015610
13850422
14246001
14345062
15731368
18172905
18451200
21307076
27901418
46176168
52419540
137466464
136300373
112526560
108617810
17281861
111548097
135313892
153842806
209767534
226957252
12426372
14083936
18519710
22016963
22182011
26687888
27279558
38467765
40991907
61230546
83905039
184592351
208246140
232373690
260062769
278286351
290139804
312732705
322937317
333746181
343444884
369033079
471475880
487976585
519758813
549560173
575495432
714973730
1232796176
1276485684
448210403
1861516434
1043370985
405174995
36146709
2176700833
1132529341
546324700
519008673
1112862720
1187528568
475946604
63843122
1262766979
608374865
266758514
121238909
620405222
35419378
20071932
1257792564
183028485
299779792
161319475
14245002
142438021
1442123672
952351430
37019039
1854844843
326295454
34369953
20266065
28224505
33532259
35474809
65707359
486838853
207857734
131204770
11134252
5693842
294728278
154826243
34066406
5496932
30005269
72717049
576569747
31540671
113047940
345985168
242795526
304443130
15901113
525759782
621344502
5357812
21305065
246660479
18051034
733751245
799776054
702151213
101091884
561506930
450279074
537732375
221298491
104299137
20260047
61557454
365530059
831328404
265019978
401846971
1099019670
1158195403
289726854
43767425
20560436
19362341
14412533
19619259
33752010
31426679
296060169
68776881
483479947
1358494686
1330457336
1439079120
555357209
240104799
35031392
48898251
255888696
14578068
45653696
22203498
352473147
610493032
10451212
1429448216
1016775229
12272322
134538895
320298298
118740781
1102629906
860555190
18963842
1947265657
1250211182
1589149501
1969180482
1618580396
15000261
180077435
248851637
22507908
43920155
16311983
17138634
17992497
18080565
21909248
25430081
33600887
37776633
36946294
39779166
39780367
44435893
57096208
61788156
67393806
75322719
78391328
80379443
82394105
84383825
85291054
100631330
102747793
109375982
114785533
118804039
10326832
15824288
18023868
18640872
19418459
34308692
37656339
39556712
48724141
69427169
111721601
117839957
125920631
141223563
216481299
231854033
232268199
234141596
243271477
946549322
1077214808
15678117
26007752
54990588
69393419
90651198
1320470095
1347285918
1563402026
14738157
15985455
17078632
18020081
18906561
19396002
26103389
33750798
36396752
37666984
39525554
40923070
54359015
57963724
60688326
66602794
84406725
89193992
90484508
113036476
131546062
194233791
231592153
213795411
217416964
234406945
236975376
262425225
637143497
21878458
31128529
7004382
21684013
74294786
31122582
61206798
31801993
153865861
151519500
33530012
233783568
246357149
151963505
30912937
19716781
192955168
164007407
312134473
1068470480
1058520120
303861808
1074129612
785414496
1071102246
1083448909
1071840474
1089859058
1080509366
1128781184
1140648348
1243902714
1222257180
1410590874
432771620
1339931490
761783018
463132556
1206227149
1260172386
1135486501
7356562
13491312
14135426
14984637
15954997
16583468
18137749
18696134
18909919
19318314
20002401
20552026
21312077
22012091
22669526
22812754
23600262
24195214
24913074
25781141
28479007
28582749
28599820
28602948
29450962
29501253
30216513
31611298
33563161
33576489
34638973
34972633
36686040
36948268
38254095
38712914
39249305
40277246
40302336
44251742
47412499
48086014
50452197
56864092
63169388
70526457
74508260
75124560
78445977
80612021
82453460
82649553
84119348
85322445
85396297
92102359
107545479
108376246
109025212
111635527
111635980
112740986
125445568
115111016
126171100
132201224
133832049
137794015
137823987
138770045
140519774
148453195
150724371
153486399
153919023
153944899
155669457
156333623
158398519
161411080
161791703
162069635
163570705
164369297
168502762
168673083
188019606
193732179
193872188
199325935
208692908
221792092
227341953
231510077
232992031
234002627
234014087
236511574
239905257
237770636
239949176
240812994
242426145
242892689
245451804
245516606
248735463
249348006
249410485
252249233
258900199
263815367
267938462
267854863
291903997
292935209
305216911
310310133
317226055
339852137
373600871
381152398
384392601
384913290
385429543
404132211
432676344
442824717
467823431
479872233
516880804
558769636
581141508
612117635
776664410
937723303
942156122
950783972
995193054
1027156464
1037321378
1045110018
1051127714
1055685948
1055730738
1055907624
1058717720
1058917562
1060984272
1061385474
1064206014
1068499286
1072453910
1072467470
1077121945
1080844782
1090002997
1092979962
1623308912
14466538
55421408
172470598
233696188
329761746
346637907
275572403
476209692
1055515873
15727817
17266198
18041063
19623550
23255392
43626012
49615301
83953327
85348458
92079350
167165577
246646712
274648448
284160244
321641645
18350831
72641592
76150411
86159944
413438240
21920151
23098630
24035169
39832880
82454435
85689484
87046301
110810822
149269179
151169486
154368343
253343423
253872858
285222374
346389650
430063414
431909815
516217244
729073970
1120246284
1262936000
1428802333
1344951
50393960
91163152
110004599
39279393
48075643
142053410
39564433
92572677
57111966
21122578
27225542
109257354
21774229
37208326
84445191
83636590
13304022
36764306
15993122
46417885
234906311
63796828
31464192
21842781
68182884
15458181
236220226
256126425
207660339
390306479
226595853
142896252
364564017
31971343
312876319
29205600
249348169
114896223
31447311
92183278
15997083
89912294
165204211
234493276
95656064
73410119
221563863
53127197
176609040
179546580
400171041
211205079
77920769
127727270
285744541
16259973
50055701
168780835
46275302
974554009
28140646
729094964
88806753
701821488
26089178
40093078
22032260
22033028
112482759
232177822
197423425
5976482
326301436
90658621
15711656
17600083
573149116
36764623
469612967
15210284
109280446
289534571
172343542
18780213
15918708
27688281
15507433
15497533
118747545
14999172
245983319
90725320
272019676
61306771
20867568
105267145
1427797710
47632905
200542610
24112747
26847645
169596992
16624174
11771512
15210410
83795099
84380914
19568273
35017909
22826294
21186125
48086221
242872360
28576135
25159286
15113565
21224756
19667766
9130702
54645160
117821354
120120773
292972175
128676665
252194648
309883487
227037531
48043084
44935627
119048111
284742585
440518140
122260829
118688572
111757158
97793316
89737529
75376436
62493830
59136972
47673768
45472004
43967804
43701219
42772641
41139304
39509876
38538397
34466175
32209335
30110782
27866299
25415355
284295462
224809313
97487366
42900685
30274273
10629182
9968192
525616283
170775294
156419312
127878777
114621697
107320119
106845822
80721189
63497326
57349521
34459513
25417360
17923624
178941902
45833617
21734298
117093671
69637427
40745276
31463883
31442900
24216103
496570781
78385842
71573059
356128994
112992517
69346969
61306156
32677990
18029746
472032417
234097254
113398118
108499750
107904103
22777734
262542077
104203516
22450947
31516577
60778417
52757166
31442497
18738716
38954906
35148310
31204113
479727198
366106907
74469703
40955703
430744802
261930465
36144233
34365670
22199141
84466455
51204568
265483421
21255118
47720230
21046818
14920785
41265813
6577802
14275291
15160884
15281676
15356407
15600527
15856366
16102244
16256269
17513304
17896154
18166778
18030431
18217624
18277655
18317325
18805303
18916432
19139963
19926675
19929362
20053279
20209807
20467163
20796447
22055226
22527499
22545491
23124635
23712174
23951197
23976316
24183358
24735461
25086658
26051676
26424123
27676828
32506723
33977070
37007274
37094727
37920978
50152441
51228911
52503751
74198348
76350004
76452765
78431501
84620376
117777832
124224165
137407124
155642785
161743731
190328374
193794406
198526130
211420609
211530910
211901075
213634439
219429281
224294785
225921757
233761277
233842454
233949261
234022257
234057152
234128524
234469322
234797704
234812598
234822928
234937222
235190657
236479311
236899846
236916916
237299871
237312687
237348797
237418907
237750442
237763317
237814920
237862972
239871673
240363117
240376522
240385577
240427862
241207373
242376736
242926427
246769138
248850174
249219716
249339682
252819323
252819642
281540744
299883942
550401754
613725908
960696949
1289319271
1849261916
10840862
16424044
20192403
22508473
23103488
29766367
35829796
41445718
42924141
75367781
78369108
114756202
224391627
234573331
239964567
282093902
301549400
551195347
1131917492
18773159
518644221
935033864
950328072
963480595
966442267
968650362
975200486
976969338
1048784496
1051446626
1058051748
1058256326
1058460818
1059240924
1060370282
1060487274
1065995022
1069124515
1071900114
1072382221
1074101017
1074412920
1077446982
1089334250
1092757885
1128514404
1155212191
22528309
15207668
393562221
43963249
20437286
115979444
20733972
15808765
24752484
14159148
939091
222953824
14224719
11348282
22587869
20608910
20109973
17074440
69181624
14437914
15675138
18812301
33514869
22685200
34713362
21982720
2884771
14293310
12133382
15224867
17629860
51241574
6017542
22411875
5392522
7744592
14511951
28785486
16129920
1652541
5988062
18665800
1367531
5402612
873948254
21125760
206961463
72194262
1138153226
256163995
960962340
1045853744
314335929
512464631
1058807868
274187837
555261181
320127095
43429350
1449502716
309267226
439619040
411725302
16836939
1058345042
143906884
113104621
566511947
206808619
84641912
20782371
356917496
113420831
13524182
21220931
1093090866
14529929
208263090
773083722
15764644
31127446
17078067
114547989
131144091
15463671
18215973
266808650
486039125
526116858
16662178
475114023
493477221
309838339
64062571
868200416
300378037
397573067
1317566329
207171637
26960905
248873768
2148167880
18454808
22950696
21836380
1392907694
21502834
89770011
142425209
26809683
84103305
246685048
114851014
32071013
21042197
1179933254
993153006
625054122
791033726
161838701
2151852240
135352862
851621377
12195
1140245293
428333
5561412
11651202
15428227
15751083
15773898
17800215
18811140
18967498
19658173
22831059
24773493
26778110
34340464
54412900
76132891
148006729
229197216
235217558
235251868
235271965
240393970
240760644
242873057
244268646
246341769
248699486
295685416
296245061
584012853
231549941
113122300
30984071
244787292
138960485
30028178
124591512
20929096
240579819
74832893
188114345
1206197112
1380317376
22509548
844911439
32546817
426885158
39155029
815769936
64827363
1310867150
82960134
373480766
457988482
1528021758
344369705
584231631
53565543
112912336
309861549
482450600
318807715
1965708092
16172747
61817626
13404292
109377487
19125732
78693573
65483026
27438376
117543420
14165170
228768266
14115912
30970039
16623443
545528259
64916983
46927338
15945809
22072481
37865281
16317567
15935628
19089116
23466918
91156486
17289717
119610949
14597239
96195724
18580432
329913473
165998897
17272677
119737639
20601037
24016019
16248895
19030602
257077309
71043175
41653465
87267860
35807646
41639890
22982328
59649180
14629092
179882765
150415082
138858200
82504071
15398780
67649842
39334971
308727279
80082225
21019241
105263460
50784574
50717371
50800615
50793838
85365495
45631294
469748853
50763356
50788774
50796198
19119937
50694848
50699373
50720530
88047296
30316738
72954045
15398794
138526099
15430614
14675685
56514154
31240434
15398806
31346330
74296039
45974564
11722042
45887947
38238856
46984243
20072666
95729504
22428365
21817257
17026616
78023289
51293908
23065554
912924355
96060438
344340889
40553282
161476550
13529632
15939889
20092295
20113797
26533227
102477372
158470209
229966028
240790556
238177562
292495654
294126378
308794407
628709039
1095504170
1267940407
1550836628
1848942470
1872999342
20546536
586730005
1071402577
1074480192
277124730
9855382
49304503
308721230
117501995
14125897
807253855
1068481578
970207298
21406834
9624742
110541296
20179628
61853389
73181712
36683668
166252256
44783853
337742544
34274380
234826866
44615672
19948202
171968009
1074518754
1262099252
279764229
66512350
44011727
36456426
16637856
101815751
16259833
61569848
34662162
63518291
472639602
155069389
104659872
250373093
23460165
1286531245
133402421
436904549
193005902
58048817
97012651
112843198
32534010
34345897
55354357
62629214
460768322
17907578
51241698
870508872
102192639
117548293
225298719
58947113
82042891
438539748
43358860
306302049
34327923
14629759
69372869
14862197
54691976
28383742
8039772
1606806014
305802112
987720846
1433487577
1499446968
90944863
1645624879
16032900
14370514
19357486
1024904126
113196720
469668448
58353084
16876163
25121521
58859262
53123208
26049864
114533763
136304795
276130007
818439685
632314541
82897325
9680182
45897304
112846686
19258761
266237404
85367589
50772508
480810533
605695013
22545990
58014525
21435194
1553193648
16685127
357946584
42385702
214225457
172241781
18810895
18364195
87970183
274610839
68841485
50739257
217617168
17295828
314165873
67065673
21444762
27086783
374071873
30313925
28738151
56937821
61594015
168872447
30278586
43907057
935096220
52126257
1169683927
325830217
38516159
40924038
620185037
80579719
18918698
246907236
372864877
36681590
174016637
58562226
21142831
86970155
390229294
79743108
196457498
201766091
500577001
461403403
256757744
160561302
119521469
20967206
17977219
100658187
811750028
83914441
22679629
102179067
15941822
435500714
413466731
57065141
310998065
398446281
274841062
431193565
398228706
73238146
1342861723
65210010
17496290
101965987
29108260
117133506
20829514
21071347
15725492
111063618
142818910
246478393
242414778
250331306
74753973
74833559
50117326
107829314
70459493
249814921
17929529
90282879
56504775
62932779
21332950
32476656
16163937
292505409
307665470
36862950
267918244
590445392
273656573
107483934
594376322
29825057
22790412
623288336
17821215
436243289
92854623
495107228
185480713
1489077540
1472962208
707980140
39538169
349337676
1700983088
1607686746
281789543
97540285
56610754
165954598
112763422
397621909
492802081
164063530
240282772
55020182
1491281426
40538274
529523025
553303591
2147986884
252248052
47782123
66891808
30472791
66466250
347554772
25580902
602215458
124051615
329981400
52504158
33920789
590697402
15518477
280162371
40268530
107251563
80397988
28011042
1702472515
928657670
109105431
243770803
16887628
1072008757
54898680
23092890
16380122
39275181
102178242
1152727298
234075370
17822941
64465025
140286364
15780280
1241702388
39580052
257531660
1121524860
7402662
18227519
15647676
20793816
946251548
19923144
246176492
7313362
9300262
1061029050
515822213
247048493
17007608
1205853211
318495662
38734554
18371803
269552973
516891397
139878063
153149305
318036549
17394793
577690047
14692385
22139417
156387488
18359909
47473766
162508991
21213276
325709222
258875709
180394021
67193738
12296312
1259950116
21542518
1242040290
235373000
306224197
321574462
59602063
63895081
351945308
18695134
14199378
158397501
1312665499
619341130
61193131
272022357
36429302
1089418225
19616718
11058482
813286
106489193
156771786
21870081
83922884
174377718
112892612
565116471
73188074
19425947
41363507
66369206
104324860
1099199839
346759998
12788332
130665723
19186003
26538229
180032621
1077780230
532633666
705228997
1027521734
17400244
90424954
256881576
843876602
61325697
196733890
191965157
49620730
76348185
231928278
15922214
224449457
1244984930
1164345853
44673415
594089389
263791833
1096059529
26303146
78408666
25066678
45055696
959370662
100202460
10668202
144986277
21727876
389840566
122174004
293131808
172858784
7429102
29442313
242836537
18170310
23022687
244243985
242555999
486694111
171598736
29201047
250188760
382791093
72198806
17494010
60828944
407039290
135297032
109287731
16473577
16160352
7334402
33537967
357606935
15007149
109071031
132278386
115733549
216503958
247334603
600463589
92186819
47747074
20597460
15324851
249787913
150078976
278124059
224285242
8128442
15442036
476256944
16056306
83901492
500167605
1009054656
217543151
25127070
741837630
20600214
462155325
476000064
90419752
396058132
981145448
823858806
150695314
1017743443
59612634
28464786
58928690
93761782
114608210
247946139
39384517
17328076
30042580
587826955
14342564
80492244
78939274
15225261
19786723
14219877
29796093
94415819
18812572
16789970
187993109
74286565
134887156
179664235
408587215
586685898
18462364
158129535
26777550
499919860
202227019
52779839
365761203
45651157
14282672
44785963
46262480
34676866
52171525
7212562
174531827
83650344
28652197
42711801
14625398
83871389
595730961
88771293
15515919
713397019
89495806
180895379
776049583
25360324
44735507
17599655
41650737
287841320
316866527
32518381
75116881
23982692
366703564
282753968
26834339
15939119
41202994
21829466
175488813
22650398
52060506
16164520
239902186
32213272
57113066
19312262
291756142
35796374
71045141
11611052
561448167
19900778
19302184
122162424
66369181
25867286
124196924
25117278
14615871
564294632
145682886
36965231
807095
15012486
73453532
76338222
41650021
207676034
40931019
208357558
75600769
1917731
3108351
264980273
30213997
21329888
137768451
22050529
28464656
85606078
21619519
254117355
18479513
16669075
305713673
43910797
18038277
46472354
76403083
334162338
267399199
234374703
234053893
221793778
17544524
23970171
20545793
237781383
10102032
46016028
19918558
227088228
76966145
235312723
237944147
201079432
234837632
24745957
48117116
36654245
19891734
29293808
292990703
19407835
233693291
210926192
260845829
22812434
110545675
242761889
32429074
95331036
14544571
106597684
111498204
21121491
70416028
26336959
29738476
252230516
20523695
122233255
69337453
330506764
19918047
85365067
30229228
17076146
17539497
120176950
14848513
26534068
61318613
158774959
84129740
22523087
48039573
82657929
80765504
43225154
42905190
54060157
39128572
97305191
31442061
249254770
15112070
114966196
49070781
63180039
351616830
168681472
19809471
135959346
114388293
278145569
17976923
18566912
15394954
402029058
7713202
28176898
18891923
19739126
20015903
249288197
486814821
17346287
364324160
36725909
16898725
108416848
57136451
163914103
57241376
16339312
42958829
16671080
57363366
53218512
432854654
38516217
30678054
2467791
235196204
2836421
8839632
76456274
21927612
104556909
136365955
18480494
94130217
15946841
474112204
322603418
759251
52596376
186540325
136337303
340606107
49153854
44209472
17759897
15387329
44684547
23126875
15987296
22647246
18086683
31310158
25249798
23244842
23238471
29487664
82794018
166760281
31225986
21315510
17292110
15754281
87962641
34875946
26553646
18170046
46490052
31565487
85982432
97503010
50325797
309250577
18085974
44177383
56413858
223970563
217156850
32010840
183302644
154167479
15513604
17218406
27048645
32007916
17409240
10126672
54885400
19611483
8775672
16827173
386092483
234370900
14344823
202206694
264219447
19028248
221162525
296361085
243797058
21111098
47975734
15745368
75364211
18915145
216881337
18061669
18632666
19394188
20444463
88784440
24905240
211588974
233737858
78403308
7270292
133439172
262756641
10615232
14845376
9508922
13218102
73303753
19726613
555474658
18216752
212262370
538185166
21157904
117537998
5558312
21269970
229592356
76649729
339822881
82155684
206320896
14413466
46737822
17637692
20552442
115705376
17605914
19193016
43166907
132400269
102773721
130314166
18453262
17668660
34099535
6116542
44078025
109643179
40384403
95735307
245630545
34047942
46447090
151180047
50722130
21021326
15593696
16099922
16396368
16568530
20265551
57058327
65073193
17602680
3135241
74659416
46447972
63799920
9690012
12055942
15358759
69014314
38456605
211934537
3243001
17489914
55944740
260835197
324739597
193198072
33601080
13056572
14945465
19073628
111402567
517139164
254210737
97306684
250272501
486108990
476124534
309681578
278069320
60132200
231901887
185224453
222286905
402719755
208931294
290039431
