40553282
3078205938
2412738884
701821488
455764741
1249982359
594351447
21212299
43381418
872596987
18156714
1077446982
374279367
76133161
1151725262
50395272
1039653806
1731454231
599585136
17080541
103294432
21782431
1119798144
25897466
102054537
458717914
95511150
41621505
3039973197
112047805
138821285
705505910
1337271
271143276
115718513
105925025
82116947
235217558
968650362
193794406
2962923040
2856787757
225921757
65664531
794880721
316647643
14981365
94568548
466585735
41430287
23362152
914795304
271476647
1564728318
80039905
31476089
33357659
2696276738
191053208
2557521
2330415198
2432322229
989231
33984744
16013053
359413060
135108504
20563513
126629610
558211057
258167031
921236071
457116858
40362026
75118946
44653060
150078976
50434933
22170482
605521409
48098677
73399452
22650142
26942499
2483587724
159655293
18956073
14081659
17346120
208116135
2161386072
21421784
342724172
1876580928
47127897
1876279291
129879105
1855165387
87299367
1923950298
208667872
15923226
208155240
150686538
126401831
277641260
177427007
28902856
44401911
353797506
48582584
588512877
127907578
105015975
333700457
1513903442
24716554
301649556
34907868
16187637
261918703
741007128
27672316
293048332
36920083
16157640
467793021
77197582
25127854
1228646155
16007460
34034170
58886669
353193586
11442512
1531114608
328698237
56704119
22197041
86110212
23796815
92375695
412412975
357679155
49955930
1071402577
382791093
555474658
236481275
138152026
997684836
153181367
281610530
1433227584
29496229
69773058
27744185
1482621686
1487846678
1197242232
1129320055
126416534
16203508
16440677
83858948
324028039
20267772
60394967
140967299
69666298
18873711
39344610
14982083
744110652
364977815
459621192
116519736
1648165614
458440520
27689907
882999872
733076671
248868747
18683964
38481659
106889063
271647733
71294756
1377281334
36410927
15446424
348604848
18458348
29985938
20163184
27245742
17345959
74793319
14981817
437048841
18776960
466538826
15836922
16135106
17433272
7313362
246063599
39572791
19409270
17074440
16119129
17167828
385466170
557085829
450941680
39384517
115749048
17629860
1074480192
110893482
58166411
23194886
109280446
633980404
465624910
1096059529
47739450
366059486
38488158
17930635
16747286
21307076
90077282
190885143
1087628484
1074101017
1065995022
216503958
1045853744
23022687
217543151
16056306
252228068
31256094
362055175
29739264
417411139
104299137
361434318
15367858
18646108
32007346
601188656
374116636
180884045
145826279
6519522
18197642
324655209
361342191
322603418
27519763
54885400
807019476
35777497
592968976
18005415
52412783
81499633
21328737
18916432
36484419
216890205
28170885
64533011
392477154
27311044
36744396
17653735
47503774
246393374
291756142
339822881
238259855
15113565
16134525
61197546
82895854
38536357
90743050
538185166
35673815
92611744
600463589
542947864
165939990
71594250
178763731
11775782
96984500
15394954
57019402
8775672
117523713
170532282
210897165
59986919
19641476
13820672
221868589
51241574
18909534
44609264
20402945
132513730
114896223
20528760
287822090
314149528
301856650
20624714
158216203
474092174
365008246
44899813
106182349
97740251
252246659
243756920
226222147
10910072
18980795
18358633
388555493
16472929
41688209
19317140
524409922
364967265
246843442
118850657
110445334
21922584
19910847
140286364
15483453
217218184
305937327
43362959
48213517
525629389
12558072
22783222
21603833
228772249
22548614
1652541
17397638
101966401
304469767
19633113
18733970
18999197
21316821
50463350
20695186
34372074
18562065
20810741
22547261
17998717
20851006
78403308
218975278
21768766
16635505
19726613
14980787
18061669
20717689
27901418
46176168
239561508
65026794
301669535
18672742
32127835
16241824
16949561
266133081
238706098
108727604
476256944
193872188
190890578
476209692
14408705
21921231
32135704
344885639
90934547
249787913
28674163
17153947
28046556
223970563
14614786
93900030
46557945
57366701
50073507
18172905
15931637
14669951
179404998
292495654
17466186
243797058
85606078
69397283
56413858
20776497
7270292
21220931
21316024
214944184
21612122
183318041
296361085
82657929
85131054
48109396
126989062
13524182
823124
10168082
250188760
16491569
18170310
159569843
223711193
72400885
264219447
47975734
229966028
75364211
216881337
18632666
88784440
24905240
211588974
20546536
133439172
262756641
14845376
125746882
21157904
117537998
5558312
229592356
76649729
15745368
18143040
33222598
48115928
19553409
73303753
26533227
21863787
48075643
13218102
224320485
21901272
16932240
19659031
2232041
22186148
19427811
21435658
16640775
35027698
79743108
16032925
15918708
136300373
19028248
58641061
14529929
16193222
73206697
202206694
59425403
1917731
39394526
171154131
18791763
30043495
89967647
130844286
18200518
235675169
15754281
107106796
8685652
108985543
22978395
150110556
50325797
43409523
39155029
3108351
14836282
19351669
18805644
127878462
21394764
35474809
2467791
201475138
103087786
108617810
14246001
25999070
15947333
23607000
209036391
69181624
112695376
250469386
18776942
11856892
205392468
17112878
240790556
29349698
14412533
48077759
14521985
14176902
18060355
5508672
29849245
34810105
96040607
14980284
24539426
8128442
234374703
9532402
9300262
19394188
194246661
12673222
136801185
199325935
15020143
10615232
18891923
15948397
28834058
19243316
20692197
233737858
21269970
221162525
18216752
18915145
23704378
217099888
9508922
242464091
92449229
16550142
16394222
15675138
183667282
15703576
99169192
7713202
211901075
17544524
30005269
236541735
234812598
24710700
23099009
15922214
20707741
19510645
14344823
161137772
180888396
20444463
234128524
58639241
35038762
122259804
52296830
16285710
15381715
19392245
20025352
40653668
45756551
17391442
67729483
15753699
45883745
67771614
68796344
2704951
36065700
16874104
18991321
77230469
15383439
118702592
39144179
783214
26655290
37269037
45724718
14844462
21343058
35766445
144881418
162799238
15985455
102716915
21664938
14388909
47626580
15400618
174300791
5416322
151878216
134914770
22494441
22861410
15572998
15530144
14475481
31338395
15875472
59551092
99443812
54322823
29021664
