378752087
1536791610
29501253
344972339
21157904
1099199839
7744592
1405956853
40302336
92186819
7334402
970207298
1074518754
1068481578
202790178
1017637447
34310801
18776942
150078976
352534407
182503471
150724371
1093090866
224320485
164412502
44177383
65707359
14437914
48802204
216299334
11856892
28785486
282735852
44783853
9624742
2836421
108617810
10716292
369505837
8249162
19802879
19631946
109287731
166252256
14411304
15473958
36511031
75069067
14335880
117501995
14148802
2467791
807095
110541296
8775672
17112878
18805644
205392468
34743251
11348282
44196397
19608297
125732512
23359675
27901418
27978179
486694111
38254095
234489403
71294756
10615232
538185166
76649729
15007149
249787913
7429102
171598736
72198806
29442313
93761782
250188760
60828944
19674502
59771400
18695134
242555999
115979444
234374703
244243985
109071031
115733549
83901492
84129740
20597460
16789970
8128442
57065141
242836537
278124059
43910797
66369181
29201047
247334603
17494010
224285242
325830217
135297032
229592356
18061669
413466731
19726613
132278386
76456274
16160352
133439172
15324851
73238146
293131808
243797058
292990703
9677372
16664681
89820928
15764644
30313925
18036441
43024351
43403778
15442036
19418459
