3232812487
43996908
1089334250
193794406
33602366
490859038
216503958
2359982887
131365612
2964174789
361342191
23244842
1096500620
1055515873
2412738884
2992440550
19555512
17061263
254117355
1262099252
126629610
20720255
572678155
3058920569
37067554
3059636885
48029066
1249982359
571202103
442842830
2361224263
69061044
252230516
17870903
2955485182
968650362
235217558
515822213
18695134
18209334
76348185
277124730
11651202
60828944
14802885
20009055
34328135
21010253
2812345274
566930241
320410227
2319175698
52848990
21328656
19264111
183296261
401625957
19001855
103997196
61322257
2434317636
372837125
171598736
205392468
55045856
612303844
2404413974
253369950
1061029050
509083356
398771767
1887356148
2303719598
220081296
2178937507
20957191
236480864
238259855
1068481578
133052366
39279393
382791093
91478624
27245742
525785643
2273647622
425362054
455764741
15007149
33972882
169203819
41207697
272172091
17021844
131497030
482403268
1428441589
332373764
92572677
51241574
537596489
18873711
14345062
460618806
450941680
86129724
167122787
20182089
284742585
191613738
1487846678
224320485
217543151
240135871
615443591
1358199960
21778391
208155240
263197731
16113700
125377853
288855920
211205079
15839947
377658379
336664037
743648240
331697381
314242899
615639534
47747074
59156687
30864583
50393960
429105093
102488708
843876602
997684836
1288967479
48075643
35566561
476209692
5392522
16072058
140538008
69454389
57385401
26820795
67730063
1071402577
1096059529
15210284
404422077
117445602
35773039
51228911
12788332
481326300
18227519
138479037
150240350
48205983
222177693
354948782
103022986
9567972
17134268
40887204
8251132
25389194
19541375
23387224
103949895
289901241
281610530
8859482
20545835
33600887
264874505
316580588
50055701
25086658
109287731
600463589
15394954
291756142
29515247
112047805
87703618
14434063
243186921
16097702
20571797
238177562
292972175
60984835
229966028
234370900
262756641
229592356
21157904
555474658
27951009
144986277
22517990
266133081
18805644
166990746
7228682
384910109
329761746
332007527
15739391
158769098
339822881
538185166
245406432
34023198
56700964
120140544
54900089
264219447
85606078
21307076
65407587
129879105
29216764
19186003
216881337
90484508
5988062
82657929
114756202
243797058
78403308
171154131
212262370
235271965
122207745
432854654
424427064
233737858
199852173
11611052
43919633
79282286
18061669
114782468
14141323
42352386
18776942
58379000
21313053
293863716
305189255
25330246
16045956
49140008
50044510
286339472
56383989
89023284
197496309
95869752
44401911
309883487
64229716
57145894
20713061
59157393
14962779
91882544
113047940
28178127
118756393
135108504
234540332
15731751
136389258
162106899
59676104
85131054
191477653
57772600
312800783
41445718
42442665
26487169
107125748
16827173
21434408
18317325
221162525
19739126
296361085
108416848
17112878
99421743
28148994
18029328
21269970
46681100
234374703
259395895
23594885
28785486
15754281
16261445
20252855
223970563
15923226
33936298
27520861
121552852
15148014
67979502
16032925
44274514
49204865
759251
30021450
78992984
21254683
27742909
188491595
18513241
98912540
183367527
20402945
14465607
136250134
90500533
222601890
15416505
23970102
84129740
46002396
19417492
16456599
11771512
211588974
16180004
17454769
14437914
164412502
39525027
87234149
56413858
18915145
142332083
88784440
18943852
15745368
18632666
39834947
106733567
110893482
26062385
5558312
46176168
31127446
54885400
31310158
19611483
66369181
10126672
1367531
28576135
3135241
47739450
113758100
126343807
20444463
27311044
21425125
21111896
15922214
40553282
14669951
113420831
15918708
17491498
39308549
21220931
76707735
7684882
9532402
89820928
7744592
11856592
22138357
17291393
19610051
18916432
2704951
119784192
75364211
47975734
114896223
19269183
27744185
9855382
11856892
80677503
20608910
14845376
18216752
38495835
15513604
14662354
22703645
3108351
69773058
30043495
71294756
117177789
14344823
17074440
10615232
18891923
18791763
7713202
14246001
9508922
1917731
7270292
19394188
19001949
21536398
19805496
16031927
18228308
807095
2467791
5357812
19553409
15166261
20546536
30895248
55421408
11650762
50325797
21619519
87578672
26820275
5561412
44696928
110445334
27901418
108617810
18983793
133020762
18170310
15985455
40116885
41634520
9300262
15727817
35474809
133439172
125746882
117537998
19029580
19028248
13218102
73303753
76649729
26533227
99146492
21010214
24905240
19726613
34353217
78712932
88937378
50769180
133006781
82942851
26600398
15973122
77085985
3830061
117165632
55447263
39582174
44110040
22831059
