49104160
62734246
221563863
128658514
407013776
129879105
29752603
405032307
142896252
48075643
97276781
108985543
3286059752
2329796636
1522289870
15129727
460246990
361974796
61216500
312307132
17679229
2871526394
2493547111
207718180
2727172742
2690200178
1869598704
29119548
271066804
449494714
1431358279
25387471
3117241273
1852183609
111161347
148237027
158945065
2519029141
228474571
250218421
291880135
71880099
451140051
26076899
263960730
268407714
25954710
2302604749
20710655
468021025
327027461
2284782366
268450988
39279393
105925025
16081831
100052461
22435294
2285560218
226595853
2411010846
217633903
172746577
82657929
612172509
213528206
459523684
1307895865
539091359
476390447
3167563778
37739658
2890295282
2241030626
1901034710
2770912356
1228180633
18943852
633367070
35824238
17021844
3008328734
2955485182
18805644
15324851
211588974
83901492
21157904
33818820
49733381
225921757
55677432
968650362
2863210809
2403209811
243808128
35790375
2548762656
109724344
62194063
28414093
212262370
112726509
47638837
209636904
221162525
17163620
213543722
126032312
17810394
1467602034
92380090
329761746
2194529533
165204211
296047859
229592356
110004599
20054770
50665594
1249470728
114896223
30139506
406612142
25053299
12329652
1652541
34713362
56413858
256686699
15764136
214620546
85606078
28337697
153149305
14587949
49661271
37678900
18915508
28389621
426714089
1858195591
1599341023
17539497
67358777
35002876
11856142
49320349
20402945
43383833
91478624
26777550
28140646
23484039
16788944
75057022
29239764
50674272
52848805
90712166
16352947
18956073
14061161
2359586011
34613951
459277523
64837807
1278468260
23527035
78735995
78124949
1377348667
21670811
18348169
1653198044
65152421
65058976
543805524
39436511
997463209
1137996006
233290047
266740099
205899018
34032584
21626186
217283093
1909347722
57533124
381395598
267388515
1547056399
1566867001
104356275
303046514
75393683
102778565
256563353
105228034
18811634
31524003
1689145400
22877448
1686902011
1942071625
16470908
459533330
1897446990
1369883683
16219502
109679814
65127833
2239844402
293325995
39875854
1380546457
27114654
20742907
1056481650
633866897
733557918
237503834
240390782
64338898
268278168
192056702
27790361
522867980
872125560
109654925
1090922622
15105081
26829585
1403842638
1365960883
51303245
30204115
347609766
341096576
20061338
388117056
554167203
545616569
1056117000
981332635
18332915
180469368
109033551
26176718
30022940
380754350
250222082
22737651
26805480
262705753
393747259
735711686
898363896
355673476
21608414
21703165
19040296
1042912471
174308491
23977393
256302951
53181875
128360328
55377175
274215112
126043116
26283587
209330934
13315272
1059857066
21385591
186185547
15427773
86088922
1194890239
27042188
1488543996
754043773
1277688396
2217155360
1955379788
20022126
20104213
295490128
145788116
1606920618
1947262081
25121786
1968089894
333075321
61100846
116617270
1951662204
1947872334
28409874
1309143127
33721661
16631406
115223948
19403006
762162194
19446193
451686407
15428069
24295890
227046073
36191963
58545880
1437912600
1685763589
112482759
16161384
545506610
40709052
104023370
211289209
1221209761
18079519
455047965
180493675
179653548
306252276
82908875
759684074
18028266
20600214
50006892
1390240988
132278386
320837515
428333
166990746
113758100
15976697
40116885
300349761
46002396
3135241
22703645
19417492
39308549
18743414
1205571876
15427899
44184539
246478084
14602924
28031353
76061856
5561412
16811888
16051471
7713202
15207668
212320989
322603418
12788332
234370900
216299334
227837742
15224867
1355151092
108617810
11856892
34310801
71294756
89820928
14529929
20608910
27901418
30043495
1337511152
468658887
9567972
21619519
13850422
119445563
9252212
254117355
9300262
19002357
50325797
14345062
15210284
321439366
295770373
933602448
124255015
887964222
20562637
621523
21653602
26829708
207842430
624413
15110357
16334857
54877809
5402612
2467791
247723476
32359921
51241574
193409636
81924998
3108351
232438586
457984599
759251
807095
85885154
1367531
16031927
15416505
5988062
50769180
5392522
23970102
47739450
35773039
112047805
16012783
39155029
544469157
224320485
110445334
223970563
334053327
27311044
25101996
233737858
538185166
16930125
216881337
291756142
20167340
20546536
229966028
7270292
22444670
18216752
76456274
93761782
47975734
217543151
73303753
331861512
555473643
432854654
14344823
33537967
1068481578
970207298
277124730
1071402577
78403308
18632666
1048784496
18646108
266133081
1074480192
26065730
1096059529
16187637
5558312
13218102
234374703
133439172
555474658
15745368
264219447
76649729
50055701
9855382
352534407
296361085
21269970
75364211
701821488
600463589
202206694
14845376
19394188
19726613
18915145
18061669
