85867670
51520631
3108351
807095
14293310
33514869
15224867
22799750
14342564
986755285
330900742
287860543
14615871
110541296
166252256
22642788
217633006
303895492
153149305
22012091
91355505
86373964
17601606
64729812
15552773
86240588
15726324
86129724
29097819
76035930
43010499
295438649
65666255
1623173684
42891240
286234486
500704345
275534799
201733703
113120733
185349940
15522884
244655353
62639813
70837868
18991979
62640737
1531265618
392542060
41533816
1230532404
112540253
15460572
205392468
14159148
2097571
9624742
8775672
2167097881
66369181
39308631
16426694
20595712
57077248
1685775764
205299497
16930125
15554922
17171111
4207961
48802204
205864193
385001156
576862630
285222374
20517132
15675138
119074030
1561513992
14824411
364421211
339059582
92428465
58468390
15247163
2179587895
1278963042
59184319
67685432
65069927
247416314
10126672
42500897
15662133
26311983
18680323
151532375
15742719
2533235731
759251
39502238
114785533
22650398
14437914
17011177
146099195
240790556
36771809
76348185
620298978
15302642
112529875
33982105
1613465604
13719342
20179628
15635684
1604366701
35773039
117445602
172858784
30258963
12296312
14738157
15324851
249787913
253132497
83901492
115733549
15442036
413466731
224285242
8128442
278124059
109071031
132278386
20597460
229966028
93761782
76456274
247334603
16789970
244243985
109287731
135297032
18695134
72198806
17494010
242836537
29442313
117501995
43910797
234374703
293131808
29201047
292495654
171598736
211588974
73238146
212262370
18061669
10615232
19394188
18632666
5558312
75364211
339822881
19726613
117537998
264219447
21269970
221162525
266133081
229592356
296361085
76649729
73303753
133439172
262756641
21157904
382791093
18915145
18216752
20546536
233737858
59771400
57065141
242555999
486694111
600463589
16056306
23022687
202206694
217543151
1061029050
1151590614
92186819
1074518754
250188760
435500714
172470598
7429102
78445977
237418907
234057152
47412499
5561412
37920978
234837632
15160884
161791703
221793778
15356407
