32056006
36935647
475988505
2485421389
52147300
104893583
52398718
56501671
65464774
86129724
240790556
32562930
19211931
1382584063
480017048
161034257
97236509
46306646
278124059
378902984
214693898
110924703
17781224
56606401
16083346
498478590
71060342
151952692
18343148
58030757
27274632
28176898
124224165
18566912
202206694
56598958
44401911
22628716
18061669
82657929
221162525
233737858
76051668
59177426
22103968
158609072
17856656
7089702
40742107
80119582
78300493
97762137
96612485
36857985
94161481
57405029
20407129
16333424
19555172
46698869
104544914
19087309
34993057
83904955
42756249
22341948
19151548
27971447
5798832
14529929
158722543
18036065
18111089
24439049
183466596
188504782
146516713
63615980
16989130
132369007
174372007
73198063
91896228
17906001
168745192
46300251
26889030
156753500
17859008
84984677
9571132
54598826
190850502
42679746
21668382
21308157
44479776
22383327
54668300
25085911
15492842
49247581
32461021
106285005
75864150
29503798
14245881
20533352
114898200
55693402
127333124
23162952
15533504
143556895
174036746
101334380
118798853
18825344
7819212
16998595
15294551
32272710
17264634
83206834
31563456
109300351
3497941
14295976
17141349
22931765
44201249
48388417
21110718
96737922
10720622
164743536
16915247
45869942
132482991
93035126
25471127
15046662
26730532
24179966
15918708
24164958
18592146
16827173
36837132
15445590
40519997
42866408
114028634
19578858
3108351
17480797
39510422
32442757
126477829
111186722
111460725
137893761
146415083
19989665
151736298
119245234
160329209
119924346
20746220
32030357
154607588
77749989
14964429
15335534
19770271
16519890
17998249
20026041
17922886
16787084
14191075
52727847
18047695
14728168
19674867
17351088
20076882
16887628
7143752
158169824
54594181
10925662
56509282
25521516
15013533
50521935
35797467
20786079
14836546
14150613
137064710
23967578
14261617
14107459
21525509
40772047
78964452
52198005
16114917
15232374
33931475
18401723
81207735
117633137
18728374
19466786
24692882
22871500
16233732
18393616
20015903
17301926
15685932
19241777
50325797
62847052
15831279
27231813
17025700
15737050
19769489
24972204
34112190
20268980
19737034
40358743
32138463
23783692
98553551
45081880
169660328
16196433
31749950
33210170
23080786
23032184
14084032
41652130
15931534
18056976
22037961
18359352
23324461
19040451
14538721
40010656
27873453
36783460
22655658
74207566
18846918
17388662
17790352
31665317
15360135
158079284
15352727
25618660
14465607
113660379
45884962
94356943
60713593
20565220
12043372
54324070
151063535
41112903
23940383
36378123
131359472
13058232
12925072
16054353
15075999
127782017
31055707
76462445
51597791
27335600
34296189
138059195
16960789
7563792
85633543
33271844
29556011
31488375
2467791
9300262
21550602
40797209
88820292
29230426
64889026
35911247
98952413
108779641
44971471
70698737
18351093
14189016
17354835
119088127
21465147
66566516
5232941
50631904
23818287
44710739
70695661
28367172
108301095
25082055
50434933
108351678
17971455
14415941
25525099
19006750
49146054
25338079
136490991
105181623
29708119
104921182
73029287
27309459
48058518
38279314
20054757
89455007
43931927
4205881
132171327
27501121
27419711
51194422
18127411
44911001
24411916
30145586
82661664
71035008
15987296
17469492
18213960
83902692
80929907
104876976
60376937
68717130
16727535
18216752
24905240
117756539
68889659
77801757
43274257
16712361
75098975
19603180
29725914
19263978
40296822
47504127
52861612
35006336
19553409
53101745
121188907
18461227
91271577
21919221
103428322
61921021
63745761
49522363
82883896
35653973
24691474
12591732
53266837
115676489
43964874
23777346
20440309
18722161
74036350
24028506
16893035
31245427
50393191
16278310
96195332
18163646
23455920
70529790
34252794
104889562
36683252
27939110
103055154
20219619
41861710
123986515
115109943
92124862
9813802
63304302
15854400
19795438
19905732
26873378
107846501
124906726
123738314
24102918
61113285
18299073
28796395
20769870
17448282
19095633
13356672
44434904
36700535
28031946
116910403
125717990
23317539
41143567
14129299
33270281
123996381
28101589
126118867
91038197
125576654
21004866
121183236
18779898
22270753
126353252
22811489
92742050
126934193
26335837
88956405
17931458
26604624
127352223
19417549
115331124
90453673
127518368
31253570
28609367
24298528
21083785
125818045
126062898
123619499
34751839
108033470
20514093
81988652
25336187
18036515
18937199
35640007
14576237
19855461
129638208
26533227
19739126
13218102
27311044
23134068
10615232
14344823
17078632
50055701
23970102
51228911
59536644
123108647
20796447
28813431
43981480
24179879
71868349
32259137
14669951
84457849
41634520
1367531
25446308
22036718
17610122
64027252
22456881
18021586
26866991
31896742
22170482
109022830
61219147
63346478
21630507
23218076
38005062
104381166
66281920
9309432
17524724
14925545
52263404
104565035
56167383
18314471
18726257
25990591
23894420
20113397
17572244
25802674
85458161
20610124
94361992
98124641
27846369
71313887
105549347
100883148
96642476
27856660
41021572
52487389
678183
66806050
96176261
115816487
71134997
9548382
116004910
87566177
16480751
118060513
48828085
55951676
32799633
58916876
33229285
111328008
33611437
117867918
94885595
19863559
15808765
76929035
102713586
16244542
15588575
120109058
21829908
18155408
14276152
83613487
48389713
25770408
19413813
21305855
21867876
81955894
22801448
23619177
21345941
68271578
61487093
14154518
72552976
93508039
114749081
116282843
117061128
107811645
33251217
40888794
15827274
16175983
37443634
19129381
19661006
54704188
66498400
19709747
19875704
40745688
19411467
17346162
16011804
69553221
55262497
35781761
17815139
102792771
87739932
20366894
26231753
85201116
99732178
57225348
107993606
14533992
15365532
17999243
18824359
9275732
35103030
62369674
43263397
88176624
36552547
55287336
34705974
51527696
26820563
21907887
41349797
19932313
19726585
20597714
39979367
15927802
15739968
8006412
21791103
22507972
10691752
19975592
20572150
57407660
16635604
15383880
30460219
38483134
23081737
58294318
23753685
57806275
43961854
24482127
24191393
25315546
20989982
17412891
23691120
46209409
101136902
22131727
19911382
17238885
15634953
19822366
47961289
17366345
21343058
45426401
14429106
14046665
11423952
17723910
16371006
17091888
13284922
14088218
16860329
16216327
15031183
14838878
19343221
42955076
21789755
14809833
15029174
55337235
32473363
20028189
56263671
20252025
34589792
18981547
52106276
29809344
21951240
19237918
22660137
59341692
8184102
29047828
59628005
18020907
16602995
36820544
60061349
67649955
14753790
18896251
42473442
30253915
51184098
58601435
17909736
59692748
38833974
13981912
24002724
16262581
17611391
19885322
20073017
60735396
48674915
60786656
18170310
60591114
4393001
2232041
60926102
14184045
21734354
19239962
43110142
12814702
26873313
15207198
21810121
22745722
21920807
18082622
32780032
9156922
21065925
44001170
23002488
14572312
61222630
61252034
25080109
27451292
13804112
53193674
51648715
18172905
34386827
14915412
47490678
19310345
25034859
45248666
17769201
20843315
15971670
28236290
16570928
30229664
61842393
20116716
45631477
33056470
62276416
25614235
36088215
22960846
50365212
52113851
15506100
62461431
55068442
27226587
7370892
18873691
30045475
18203300
21829125
38769433
19686924
15234162
63168321
27315002
63260022
14526194
60770979
42689303
19291483
60660643
27328713
44702959
18104563
23612713
17394728
38433502
63796828
33330985
42995121
64330454
24169322
17394862
38530979
25700197
85214514
69055296
15146659
38199143
106440343
14215574
20216374
57110791
41112457
21791746
71035071
24787194
28983952
21322887
18939694
23325223
64175204
57331899
14707865
15172810
59209028
14200059
63823360
20245031
20175865
20729667
51596668
22704422
22534409
64734223
64755924
64457629
37925461
36047706
65060001
22106079
37212382
60685135
64607419
19597935
44393200
27389725
44671335
30316495
44753396
21163774
53109702
18293767
37558242
65907016
58284596
65377264
44117023
66339684
67425318
65945540
66394613
26913834
58856146
66698130
21179303
5515202
33254996
16215222
26316100
67074282
15165842
23363387
47353532
60984835
64446699
67466322
16120273
22278349
22026825
64508432
20017624
17869171
34692534
52112689
28371414
67712561
44777475
56343182
68034517
37299624
43625964
22624697
60464028
35049803
68133794
16562019
22144306
25890573
24816045
15749725
43742675
39680468
22776851
36958661
25001940
68336531
60909069
22151476
50745143
43954568
14267944
19464788
26814617
22259326
14192541
28564573
69352679
69387236
17870872
22971137
22068041
19084896
23718424
54649470
47649236
41363507
33755232
23807706
69563105
54296277
21570329
21837370
45861760
49060721
40923049
63813290
55349764
67332488
21392257
22299703
70054226
17558702
71660092
20172411
23882260
36127230
20407645
51425443
16046815
33797011
20145383
45862743
73132025
56001005
17201402
24109474
73116085
73102369
19784264
23318138
18110799
24659525
24784480
18469338
27947659
43148312
26596727
14825418
16661603
31224914
19076104
27853752
27621738
63533226
73788374
37203954
65502117
74898018
20025833
75037567
17951850
75020235
17002496
16408108
19114986
58278439
21888326
20907995
19638751
22225988
74596026
18501583
75732678
72235739
75606439
19419870
17295555
76539654
23564948
76682596
23775782
21638609
30875411
74666674
23948217
51166957
76711296
32589620
23144981
28587967
39586644
5336752
71171771
42127871
25727751
17814579
78786756
18392798
21255523
26045833
14436634
19950470
40656683
13805602
55484467
21793981
70447550
54594147
47688440
25091307
45264214
58961216
75055254
68456693
78957670
29476311
14815591
34829284
53272235
39259630
19776812
81100233
21269970
81210101
55455838
23392824
28462350
57976073
43099167
82418932
47376165
45356625
82513754
28807143
22313414
30706106
34384591
15849752
82643763
82880346
14352941
18496709
72120758
78914790
29898014
19100948
54628678
36946148
17143076
15973881
31469086
81662073
48353677
45483649
24972005
84473747
20809904
18750325
49062500
85904953
36971532
15743527
44374081
65130545
20694543
86368460
74820803
18462914
19775312
37678193
17839969
15657280
84406725
15491840
14916293
21060491
87536737
37907293
18793546
87947361
20576776
82141401
88108523
14511951
22108023
77092819
17069964
87385483
22456366
66053367
61023618
25195530
83693823
87719635
15460517
17290311
37922956
76188685
51801079
89229217
26582786
76745725
23976316
39279939
89527828
6980622
88241313
89031083
20209857
36436664
44874955
20322919
48566603
14194019
89098224
18244428
23862629
90199689
21404194
19834701
17471318
29154582
35027698
19757883
30532394
15451696
24963898
18743710
17854935
16654201
60625265
15689503
21857709
23709191
43249891
86826943
47521512
21930338
86537960
31056296
90939030
55290057
52760174
91135339
22141124
87849313
91185221
5416322
14377396
90751411
22526014
51196834
75788790
91264561
29002699
19339617
18337093
41019773
91701080
43179457
82219217
79825121
92627963
21725017
31152583
61385096
81289312
88142324
93443168
29087251
24957615
41900216
19818364
4785741
21482627
24184717
22883776
19520802
18999059
86582236
10697522
94360009
94398472
22498836
20542542
30326731
26493804
26535140
18148439
10860212
16072058
23791946
86801739
91905817
48575941
16597855
14526918
63525634
17884446
10307212
36927074
42528432
77143479
17784174
27016874
27689907
71162854
96188008
85663226
43155375
83932732
24186110
16003664
95486270
16409248
16095565
16778993
20440427
15449253
28288899
97700006
11268872
21022855
24825328
33728218
87429132
37135732
91211223
28179285
39392415
17517158
14246001
30225353
17602541
61556747
53692344
46653687
16494269
37291428
26390539
23027134
96290240
72769806
30478407
100222302
100271127
47467955
29818132
80356835
49620730
4369541
41436776
14806872
34537273
101629024
15812284
100793885
55076952
14238675
17841033
102079341
57402038
45898250
41702656
33576078
33259899
21986438
62407876
29235589
58041190
21432130
33222598
32433584
16000767
30887511
52373176
18847484
75132069
12120112
24187399
20088226
58784217
80098860
104241209
68897692
24699240
94424647
16672662
18146764
93661140
62919284
18568504
104602106
22684233
33210067
72744526
17997831
19771581
74476959
104889564
20707198
71150976
21631487
74165970
31172624
23661513
105031650
60913007
22040193
49324978
105177291
58966831
92446994
80639990
33645096
82439559
80686105
50438243
73069446
106197906
11106442
71415215
54358945
49207292
19114646
16474192
74774650
37084274
65926155
93288147
43127472
14815378
43970400
19992657
20706302
39697803
16843704
18521295
79747449
53229950
21048033
17822620
17800397
19457981
19189710
106851592
106640368
103943096
107316475
15428227
74848579
57028023
47172011
27491403
37087551
103706850
107804993
17918869
7126672
24091188
59293091
106485559
104511822
14079007
108322753
49669535
17924677
108619125
17921854
108163172
43238388
25495675
14474873
18170356
94368150
40243541
20059284
37222728
41728675
109149466
49855286
109278331
107922931
18910530
51838032
97020501
84833919
15680092
41580276
109411366
22137799
15826514
19994611
15332699
98018563
109743402
36259440
105060717
15314880
47836428
49275477
26620907
109065818
18208987
19505844
16489831
11678552
24627193
109665242
18947084
25910039
15901113
38355753
48704010
102774963
28772434
89226258
26681519
14608899
23550984
5144511
18340926
40856975
111114503
24557446
88335997
22581467
38356978
111996121
104917718
109742153
19847810
25345883
18660521
112541613
110918004
47831965
108437634
109570973
24219344
112781476
106116684
94388720
15763092
6428532
71918006
93575832
112937888
21428685
17915624
113102999
45469134
112924723
24727699
22643800
15646189
82179730
20347310
22812044
25367293
105187267
53200500
48929769
38196876
34768140
109051409
39571021
23381664
108519121
114051230
99507878
100319055
16404293
21685946
100243513
113073879
14498920
82901266
15893912
64098343
49750459
18891923
9508922
2704951
15513604
17015011
15731751
16045956
1050111
21674448
14738157
640893
89386092
3252871
3135241
52789108
11134252
55329156
74825169
78884975
18001786
14410652
18146481
17546958
5693842
21878458
90484508
10168082
15449410
26820275
23973806
77839894
74515918
50896647
58831437
55987310
12666802
21925192
18159033
18232083
63020156
26777550
19394188
7713202
32942068
48191397
33348604
19938655
10685542
25293856
15304100
14686098
18916432
41371303
15631272
20713061
17454769
15985455
18127091
21771519
15416505
5561412
5357812
19539082
17993620
19908210
16134261
25620973
19339295
16559455
14694116
19977868
17779539
19674684
52750457
55312717
15771482
13984092
15394954
16002484
18166778
19668853
19365058
24338735
18284266
19071759
47158271
19729568
17754573
17411918
18020081
35664186
45398966
15738163
