60684098
33633403
46215632
17070715
2511339770
18990627
16806352
334370014
2927758254
1249982359
588609936
47975734
18061669
19726613
1074480192
13218102
432895323
14845376
5558312
21157904
296361085
229592356
76649729
555474658
73303753
600463589
291756142
16731365
27744185
2255182597
991909225
1074518754
41189107
19358947
343171266
108807556
575658149
836586444
21777600
254117355
62249431
404422077
18166778
11134252
21010214
23231964
9508922
90746809
21328656
20402945
223970563
234540332
42442665
16473779
16458470
18456335
25371684
56771684
17769274
21792879
18720099
49792104
18719880
24490706
202206694
18170310
18915145
221162525
45862743
19636130
263809696
263936580
47739450
135108504
26508278
202300307
35474809
28178127
45861760
193785644
50769180
12925072
17546958
213795411
95463107
5357812
22703645
18172905
21343015
20733972
26267040
45891550
130997057
21252618
43409523
69773058
18646108
86129724
27311044
16827173
20015903
101846064
640893
14246001
9300262
15985455
15745368
18916432
16031927
30043495
15754281
18216752
3135241
39308549
44401911
3108351
