36686040
15808765
29450962
140519774
31122582
3091316093
787373558
22159841
30313925
1131824444
2359937696
2293131060
15365401
111116382
1614054846
1618986259
16145750
274153743
27824798
114490264
8861452
15361185
18672012
15513778
22055291
17041374
7542802
2488541
16264003
6519522
23595586
93673775
18486243
98554447
15736416
17519427
25352088
18256822
18242076
97021713
16032913
101272306
109345484
26262890
108348597
16626603
77130030
18776869
15610400
241231537
17847135
101571948
91374978
19455868
8861262
15005770
89271025
166294586
21329520
18807864
19400588
79186359
105187378
19303275
19777553
171946254
165869074
17350589
210862462
82103906
313045596
18480451
40309270
20258346
8754832
17238367
14857525
106230747
20258912
16381061
14278568
9043022
140853836
24745038
44155214
145248436
9907172
2996801
15985218
95431448
26322920
117743669
16113639
32914273
129350395
84070700
158593165
51640140
384021868
289645076
424398852
23201727
337798064
285264704
414344543
82518318
402096310
304134137
140651307
114002089
160246973
410121512
73417804
25565673
28401770
157011694
32194151
69108417
37412624
283970869
30042951
368945781
45832210
234785973
23314469
55609946
123133557
77764733
292989996
21142386
56595468
391498908
159493967
367489108
38405174
178424568
23546469
114944050
24086346
139593662
367740644
142368496
84640336
339886905
73003844
35952917
88671683
317957729
128619998
124850387
54279581
54806531
31013444
40267916
813286
33719856
357606935
250188760
264219447
242555999
7429102
60828944
8128442
221162525
296361085
76456274
21111098
109287731
47975734
217543151
17494010
29442313
229966028
75364211
486694111
18915145
216881337
20597460
293131808
18061669
18632666
132278386
29201047
18695134
339822881
16160352
57065141
19394188
234374703
93761782
88784440
242836537
135297032
413466731
211588974
1068481578
244243985
233737858
20546536
382791093
266133081
1099199839
262756641
115733549
10615232
14845376
16056306
476256944
291756142
247334603
216503958
1074480192
600463589
73303753
435500714
19726613
555474658
18216752
212262370
171598736
249787913
109071031
117501995
21157904
43910797
15442036
5558312
21269970
278124059
224285242
83901492
202206694
76649729
234826866
104324860
232992031
442824717
310310133
384392601
21406834
1055907624
242892689
242426145
18023868
15007149
16789970
73238146
