213169509
74845132
7837632
631401325
47798449
2879719370
1532327862
2826834662
72873606
22584849
1616796158
2244231541
20940623
121249288
280537252
20460796
38469343
426371418
14629301
17885423
97285573
635793592
2734713482
50683788
95297779
1677452204
590302232
2896067040
1138688364
42825369
7234682
45867602
35934609
1280762137
858672044
59942584
72701764
593754710
2153626681
2377974836
2510602742
121135509
1405337395
462169232
1128514404
376819015
301628954
19808819
44196397
26076570
1102809030
253872062
21276743
25595559
22797378
2978291435
114054776
128645212
2196104204
2930996543
1693124623
14848513
2734381938
18510489
41825321
76427794
83690139
359990742
1173162504
109703064
55768715
29860128
61583752
25104363
343691123
63231644
18746547
2832001824
2882476208
55310063
274151347
53175445
397734734
906607759
83697602
588431356
121667144
992194406
467876064
556600158
96387561
22090282
2327941633
451782930
251707526
49143633
275843369
2726510880
294328932
1884598944
633092282
480651136
239670865
36676406
87803865
22053641
15856366
19739126
15428227
188046098
189253902
159588456
2228734814
33602654
2914163523
2861616083
2930635215
2431984819
242727646
48370582
15160884
2966758114
24447032
761926454
764119381
158868116
66428805
34317969
6603662
25565646
2919988650
17175893
25103967
15840909
42871498
44369634
2744944531
2820082340
1451773004
34743251
224391627
42702102
55590104
574935599
399103989
193595507
243276380
212337973
271490382
339939788
71189413
2365651
263308932
550483906
34438597
26548841
394351710
7152572
330519669
282758217
11348282
16876667
22862023
22573757
35188464
1713391008
43939883
126060041
76748512
142561374
61267711
48126072
44372436
1373247955
1327470408
1232163086
2353640581
18314587
23821897
396395609
46470122
34724038
15292065
2339600544
472491616
2793637385
420874684
344470725
115705583
31310158
17409240
54885400
8775672
19611483
314889863
136340465
17902804
156402523
534504010
16882281
78149272
544645420
26874043
16224452
97488800
1135596589
563440622
1056860042
137507653
102526569
23457192
2771190108
885505724
15207668
20192403
23103488
