237403203
48459553
7702542
24295482
20823648
1383059977
2467791
252398355
179245596
1591400760
1628841380
449588356
25073877
189427379
14344823
1135163264
44397959
18087749
118845216
6742412
112047805
333663029
19161570
18566907
85865259
177564016
88784440
1074480192
15745368
18247062
16887628
246341769
18166778
118756393
15856366
47975734
9508922
22055226
473071822
64534908
342887079
166990746
16117242
38495835
50769180
19563355
196168350
15039632
17078632
2704951
65493023
17463211
20713061
58379000
31627923
16509580
15116570
17454769
15976697
6577802
47739450
36484147
26487169
17871700
19739126
15923226
15236181
7713202
32010840
34155697
36473880
37692162
15664289
18915709
18891923
14016182
22509548
21925787
19829266
17800215
15394954
24773493
10102032
18067335
40877023
18805303
18217624
10615232
15985455
