292990703
2964949642
2914515430
1074412920
233761277
1623308912
19658173
244268646
235217558
114607567
281540744
234906311
242873057
1071900114
550401754
248699486
1058807868
1089334250
1128514404
78369108
52554306
2214890978
35773039
807095
9300262
93898319
15210284
2932617195
184826835
372932977
61598032
16057606
38007447
16013053
19243316
37029151
2214931718
318424111
259918701
1048784496
935033864
216503958
2953922782
12889162
1915470624
326929954
234469322
17513304
10840862
33655490
23944163
54980640
1077121945
11125672
20565591
16472929
419022239
17545808
35830540
87299367
357121004
16031927
46506454
368953049
7936772
1539168072
141084952
43247239
151878216
17857700
26596727
914795304
102420760
18042484
36559068
534418964
2750127259
26143624
109579534
103018203
2469604452
1927624897
211530910
24594836
458717914
353193586
2840692980
482450423
2933760046
2962813893
51866008
11442512
14408705
348665835
33598659
95511150
365028027
17491498
1071402577
278145569
103375051
1399627946
63796828
584069282
96497966
202375456
1717571972
1849921136
259300516
252819323
1387300796
316664406
1157442133
899952685
850107536
334874450
68487841
165847742
17993457
180505807
6519522
35233955
7563792
16516063
18156714
43595290
2359926157
85606078
106220134
22186148
35816920
110871885
16669075
15647676
137407124
252819642
52389727
2401579711
36145871
39272440
342724172
190699396
247566124
320483921
21457289
1399712851
313509894
48377252
16830781
316447224
137150910
70789586
83858948
1947722316
41881333
106135104
209036391
1858241983
190885143
304043565
757465698
45377749
75017032
17836817
2253968388
950485620
15212187
52186577
626983614
24484212
329514189
303619951
2467791
1217229918
305620929
762204487
209792690
479856992
132513730
15393488
1920564408
14285633
301467503
344201516
14173315
365008246
364977815
169757942
588512877
17498103
18060355
572343927
224294785
57736918
21654052
23935072
17543210
123883572
1962899658
60394967
120931726
97740251
21222739
179404998
154233179
1712989190
300566557
19611483
389944636
217550862
16135106
19498091
164759588
26942499
64800805
68417262
1653186608
20849764
1020058453
86058113
17198100
586671909
1092757885
16129106
463132556
15361570
733751245
106176252
11134252
14323846
21927612
48098677
1134148494
195322883
190776664
30238792
199325935
17391442
34713362
46788675
39155029
29849245
15530144
16158049
18020081
14614786
347160044
74182289
115435421
1209417007
379445996
86129724
73399452
41457591
601188656
6680762
37269037
46055710
326208966
20015903
12354832
1322558402
18773159
27311044
65626531
18916432
1197493976
90484508
849585422
15675138
461404659
462061005
461742914
214337290
56413858
21781503
14345062
242926427
14662354
147029860
15931637
50152441
41620321
17544524
20733972
246769138
219429281
234812598
234022257
76350004
256356860
35474809
90784579
17309685
26424123
21619519
52070270
1119798144
35218566
248850174
114756202
15754281
328698237
1087628484
39482914
33222598
23951197
2425151
20536157
180884045
15923226
333783078
28672101
370435297
1202236015
19553409
18678924
213634439
105227702
39985597
82146004
11856892
21462484
246905236
16424044
16256269
238706098
59932570
19392245
64533011
51241574
18562065
19351669
5561412
17976923
22548614
19409270
3108351
15922214
302893402
15207668
1917731
73022308
432766911
608420511
20025352
1051446626
49995864
15985455
1030940690
1045853744
22528309
272542662
16187637
239964567
212262370
459621192
364967265
417411139
744110652
361434318
17466186
19910847
255689004
102716915
16635505
16550142
24710700
12673222
16440677
14521985
16285710
16640775
1065995022
19739126
234128524
18891923
7713202
211901075
40653668
