34232027
2861616083
91426983
1917731
1735899985
37381846
1092248911
174752321
63004444
571893947
2596349928
40553282
252398355
558839811
141084952
15646547
18566912
19929362
24183358
234374703
193794406
240427862
1128514404
124224165
960696949
1155212191
1382011333
613725908
1289319271
361460084
13850422
26596727
2932617195
14662354
2963445730
242822343
43919633
36452050
28628850
15513604
37764422
34927577
45190383
334053327
25101996
469194846
27311044
48459553
16031927
15976697
2336823235
47341545
2279098645
153180731
18020081
16494919
25159286
17144063
2217181338
73163878
30014492
763003662
42924141
21344507
14849562
31261317
15377478
245649240
405085229
21426423
22517990
1487846678
457984599
249368015
212262370
19139963
50152441
22545491
249339682
84620376
18772406
37760670
90651198
19291441
18906561
13218102
19407835
229592356
21269970
242873057
17544524
1074101017
584012853
1051446626
355132574
110445334
50769180
7702542
562989744
246341769
16118432
234906311
2285407189
28096105
234128524
1045853744
993153006
10774652
17454769
65493023
237403203
237348797
240393970
1089334250
1058345042
236916916
234053893
235271965
240363117
237944147
18967498
198526130
236899846
246769138
252819323
1058807868
1058256326
136300373
309267226
241207373
249219716
110545675
235312723
235190657
52503751
32506723
18811140
88784440
14845376
20467163
23970171
7270292
26051676
20209807
18216752
237781383
16056306
11651202
1072008757
229197216
211530910
237750442
240760644
1060370282
518644221
1072382221
242772524
28123142
322259108
950328072
1048784496
1083448909
963480595
237862972
975200486
966442267
137407124
1060487274
935033864
249288197
201079432
968650362
48117116
1069124515
1058460818
17896154
1065995022
282695161
398088661
243337600
108617810
261096461
2409664195
34402366
20562637
17918065
93288759
2254104464
2264874913
15212187
288308178
1080602371
21021891
381678556
41980930
18163893
18958999
2253968388
17061263
140132626
144986277
244268646
35829796
1154894353
184860130
58966831
234812598
18166778
234937222
217543151
237814920
237763317
25086658
71089130
24773493
216881337
14730894
15745368
22527499
234022257
20053279
9508922
5357812
78369108
224294785
19658173
5561412
1305596696
17976923
79292033
239871673
3108351
16032925
31540671
455764741
85606078
1367531
24735461
14587949
1681397467
23484039
29766367
1316491106
27744185
18424289
1854981890
189129306
215765726
1209417007
45445747
15922214
18317325
14246001
231444363
63235603
27024280
114756202
19739126
12788332
887529697
196750049
76692861
28614262
17539497
6577802
1636973443
1077446982
248850174
14669951
18277655
17800215
22055226
18773159
22528309
22509548
27583598
1020058453
239603924
211901075
1071900114
26120980
89017031
1137600571
81139286
117777832
32010840
74198348
24882415
549862794
19658614
44513878
17563655
1074480192
23022687
86335087
62580617
1138688364
1059240924
16256269
14275291
52477355
48029691
762329143
16666748
115462350
253667610
202780199
109280446
15207668
15751083
23976316
12726012
15856366
34340464
237312687
377534571
161743731
295685416
26424123
18881102
16247383
10168082
75367781
2467791
15647676
15232843
60329634
19627223
18646108
50325797
20733972
287413569
14412533
19268706
21431618
354933574
9855382
27702749
72961116
575130676
1759181
14281853
17093617
7402662
73181712
24752484
14224719
9624742
30313925
11134252
7713202
18891923
19926675
373586796
