15650573
218325695
109041907
1296513900
21131654
3651981
759993181
26429230
19901303
34107745
455381773
1372827932
2847048221
1551557622
2768048809
2352289536
271984404
950420376
75034793
3290132836
165637489
60971225
2332220468
1711913407
27145545
185680080
568805237
36146108
360138446
334286925
23246636
194411227
414893742
1413238586
37721714
2906922131
22674622
330762821
427077360
498224524
498457531
517009512
517862396
519797984
2370768271
2913315503
14184206
16306618
19102703
50045806
71374535
290848557
355927105
580187963
607611514
613182980
1123648056
3081653194
14221712
14933158
14966216
14990052
15007263
15481285
15716509
15936172
16040560
16155177
16550102
16917663
16953635
17140727
17344728
17539077
17601441
17602105
18056741
18907886
18917634
19043934
19572681
19612828
19630069
19735639
19753116
19777462
19940347
19993788
20203667
20697186
21312627
21316519
21405381
21954543
22377408
23082371
23290408
23654002
23914484
24837745
24940050
25309862
25312245
26070403
26835895
27106153
27108301
27643338
31618109
37730699
38329239
38736437
40317375
40334364
40963434
42695843
42816363
45485234
48200565
50321644
50633388
52731682
54260007
54354157
54674782
54918596
54933341
55267154
58126875
67356177
70548480
71125560
76458215
76970688
76987473
77019011
77023456
77027746
77028784
80370892
82089031
82467773
83551291
97768783
102562581
105275248
109352951
126460056
132400269
138873410
140906686
142406930
147261087
151102949
151722554
161363686
164827964
165899777
166610424
166624068
166727666
172788180
173920517
182068929
184657834
195598638
224154702
224720455
233956663
233587840
239913842
234517312
236900512
239914685
246471993
253098298
253226223
253660734
257623224
260419448
260440779
260791817
271067988
274042313
281250731
290046040
291942710
296292762
306225467
309357965
309829396
314117495
334098819
358221587
360792806
362659491
364498447
369031157
380229923
381791750
386723497
414274960
559067660
613048070
634723287
701557640
731230638
802988324
829568652
872936359
901380096
1255538227
1468136438
1636576886
2149783622
2681014454
2774364618
2831782122
2966354292
32878011
38662810
47704085
107519694
225210154
261365881
267388515
360644540
606696386
622055089
1339491961
1477836877
1606439323
1950062768
2254001617
374137730
505079765
15428984
140887644
2450355967
255550825
45634832
194351775
1510905066
398088661
148529707
913147634
142721190
243337600
42930296
2914515430
74508260
1400007925
2927757120
500389435
63049396
384913290
1657983643
2171603850
70672152
480064954
115676070
226229116
23457956
159221370
19780355
69027629
22438734
342355068
96198867
165476883
389028352
245251676
258828716
176589375
31310158
377578077
15113565
884424180
1650568368
60956766
21615999
153919023
74653343
20999272
1902799584
15212187
256086809
5743162
2325804884
9130702
15633299
759701946
29205600
50898014
85689961
115733549
61853389
147945368
44615672
124177347
1020772286
25149628
118511796
138774153
2163360396
235251868
114388293
1061029050
64467360
15620255
44149216
82933637
15309804
188857501
432771620
85634177
20015188
260419014
19719380
82167518
1327466815
197134056
1438661119
581103847
175449241
471689474
27947640
86357113
173936905
22831757
15837659
2194516802
76350004
152908024
1155117464
1262814457
384027247
86697288
500834151
1023020557
111379452
57110501
397421451
20114974
66430922
22931957
388468632
22564654
93970649
1130039840
153245004
28374839
86129724
16491569
155636287
1042428055
18939563
25726636
1336773938
204905640
166331148
281626422
110799416
202297807
37999041
1232115498
981220008
615443591
807253855
234915766
78714922
48932930
140286364
10069612
162141718
858646280
18191927
287850629
176444123
107164113
34740140
35829796
109440184
80672916
97286436
17144765
185684821
754312458
40024095
27027330
20268045
1707321486
20689236
17289432
267818961
78341314
54885400
174306525
437730777
14496627
36681590
26439887
18970657
17799686
14377605
364036631
19753610
16196911
613614455
65111095
56372844
25360971
14552720
136300373
288277167
30043495
108617810
27901418
107564573
40024222
7917922
38287817
103950007
146152602
1226350646
25273590
39589561
614801476
153149305
539110912
57625403
22931856
17539662
19979670
74324245
480495502
71265365
16244449
234022257
107106598
61226587
52133835
41869753
23077071
26637348
57024517
86141342
14400829
48423333
1089303715
15032297
89482915
136550204
15600527
1286312880
407013776
1155096332
432676344
77032777
11348282
74198348
1222257180
15234407
32372834
19722699
26748475
101804918
27729848
236916916
15724082
151519500
580173919
211420609
233693291
80593904
80890381
234812598
237781383
153865861
236899846
12133382
166184958
233698422
943831502
14956242
76348185
757303975
16930125
41445718
18817081
512352048
1564371
18695891
106816456
15923226
86143399
66369181
20600214
1382868421
8775672
148878245
224789036
167267249
47154128
234937222
159526077
136021099
17539497
494363905
787373558
46176168
20609518
91358228
155704541
63749707
21303427
68761966
25236245
140558452
26777550
25513372
54329002
15458694
217550862
39155029
19186003
17171111
155669457
159229565
915319428
10102032
563065640
18805303
233761277
36969886
15281676
19658173
22930648
64744527
43409523
17513304
28837638
233783568
1137600571
14482396
35637055
23398688
18085328
172847712
39270505
352548417
32774989
36739488
15647676
19600217
75052666
163876555
18587457
48754975
131188246
234826866
69181624
466519303
60952204
31219459
16035350
1280785364
76353107
412807754
288751432
389759292
63762872
21612122
34145605
237299871
25490509
90938377
16187637
381152398
127964483
18891923
158434687
390790018
148453195
301175614
39249305
44943033
48086014
36686040
40863280
18696134
1157477838
6577802
50452197
599329617
290641644
1244727859
783159246
29293808
1455331003
213503989
27882034
26257197
481367200
18917572
80395580
113992707
66558329
209134299
80291325
532349749
809485226
1157585167
30018014
151880862
393634826
366095198
1444451448
59609286
961075555
701106980
441956540
335919090
76659035
182503471
26549623
115513883
19726613
172858784
289246422
1461270319
25688332
36973541
355906128
599629150
16583468
463132556
32332771
78408666
20508720
45671898
18692955
14962779
80886503
59031230
13493302
44134773
16695552
4207961
141697394
15463671
32151236
141332043
87486126
16303106
13524182
29189538
44414947
518644221
80889502
16380351
47724293
31226292
22996281
14270650
16089186
114552552
1048784496
64809157
93069110
104614415
15443282
32474693
19107878
59676104
98543618
37052689
1488399842
79743108
21252618
476256944
11856032
15442036
34844710
16955991
14717197
55337142
19983965
63270136
184136149
1947301
15675138
279338221
18510860
248735463
24913074
384392601
460349284
320837515
19674502
291903997
55355654
518563610
17737025
21228708
278124059
193732179
24195214
235373000
15727317
312134473
150078976
267938462
18137749
33537967
14275291
330592913
57540655
88806753
153944899
40302336
32163401
239949176
14293310
14437914
13775902
80698005
179993806
14921945
16498840
512954789
137823987
143349914
369505837
27581219
131144091
372903539
16398389
107207846
36742686
233985354
837928700
22812434
154327650
36169202
1531669280
243896198
244128288
22830647
208736091
701725963
18536530
373993464
91180720
33713210
62545966
7235642
50325797
69193833
151611709
269057361
205864193
48802204
34402366
17298881
53903663
58228306
21268897
9567972
242426145
948407377
19256607
50381055
242836537
14173315
1140648348
193872188
913586352
78369108
785414496
88989964
53096619
31127446
20179628
22017113
247486443
21572498
211150584
126122735
396399850
16264395
17326124
21146733
46414140
41670820
369697377
22842421
17374906
62889983
17058614
18217624
39397148
25545388
260396714
166675759
16017475
16160352
170095777
14586858
25123485
115979444
40787132
432797602
37954966
29442313
131279295
16718131
382239718
72750421
14708901
15012486
14695985
21982720
89820928
331638029
1405337395
17596622
30228125
14335380
246088673
14135426
7334402
305216911
803704171
13000872
11856892
2726631
88906321
9229732
21634627
13001192
15926431
17278675
36246939
18227519
158426909
254117355
21619519
14529929
14412533
15738250
85726335
132219599
89095982
516880804
15427899
17910020
72198806
18622869
15427388
15427417
1134148494
512387061
29723272
249845334
331696739
15900384
759251
16129920
5392522
9300262
23593446
1074412920
108376246
25781141
3108351
310310133
80612021
51241574
227088228
239905257
7356562
33576489
558769636
15954997
56864092
133832049
404132211
164007407
116505994
111635980
252249233
125445568
22812754
138770045
82649553
258900199
132201224
20545793
22669526
111635527
199325935
221792092
240812994
581141508
158398519
211728861
208692908
161411080
1058256326
1917731
112740986
163570705
137794015
1037321378
339852137
188019606
21312077
92186819
479872233
58928690
156333623
84119348
385429543
7004382
109025212
20002401
325830217
30216513
15918708
85396297
242892689
267854863
14984637
15922214
263815367
249348006
1058460818
234014087
63169388
30912937
18196619
29501253
24745957
292990703
7402662
2467791
153486399
5741722
510516465
28599820
156395674
38254095
161791703
31801993
168502762
65664369
15163255
21685295
28602948
36948268
168673083
87347073
20535707
216481299
19730151
24260392
193024210
242894391
20159838
50686725
14801219
266763680
17348525
633217791
15603311
34113439
94152004
254190829
136337303
455349363
20189287
1058520120
1055730738
1027156464
1051127714
942156122
122174004
389840566
1045110018
950783972
1060984272
1058717720
776664410
937723303
1064206014
1072453910
1068499286
467823431
1055907624
1058917562
1072467470
126171100
1092979962
303861808
1093090866
1080509366
1090002997
1071840474
1089859058
1083448909
1071102246
231510077
1128781184
1134292500
1135486501
1155335864
392810019
19608297
1009269193
1068470480
1074129612
1330457336
1410590874
234573331
21684013
246357149
19716781
31122582
151963505
16789970
31128529
43963249
20733972
14344823
7713202
5561412
5357812
22012091
30313925
15965292
15427561
365051475
15361570
140519774
1206227149
15764644
309070309
1077121945
1061385474
1080844782
