2968451607
2962994194
297053549
239620395
365487717
2343580758
27051573
423564565
36508339
1209417007
81902030
467634485
2335851510
237961949
313313540
57466111
926393232
1161262687
405709642
16463873
2396727787
599252687
474064477
15808765
8953122
121220263
111693211
111073776
111687522
34291036
78033328
1137600571
1094817080
223970563
19318231
85365067
46732954
46688030
27048645
22650398
16028241
170793861
46105795
25372418
33600887
106597684
31310158
10126672
54885400
19611483
8775672
146569971
14662354
17976923
19739126
301549400
66369181
19609379
32009466
1132055449
78408666
43464013
95713803
18695134
198937399
16669075
845745685
15647676
20071361
174294161
18136692
2467791
18740765
27675227
52077282
14179819
3108351
9300262
15207668
90484508
18917882
17997990
15248150
39520162
198980530
11877492
51241574
15675138
1367531
5988062
807095
7713202
111379452
1155335864
18696134
31801993
1289319271
960696949
613725908
309267226
74508260
241207373
