761783018
286337674
571202103
234374703
2557507771
1137600571
14849562
227682918
35123052
2834385621
1947265657
950531
1433652877
117501995
44931767
1884361104
27756540
2182694306
2290232292
2402350159
1536791610
115402211
23433825
601979254
237183588
574720014
2305343550
2875967630
1725911844
2559398437
870287911
34070351
314160294
448236835
281282774
75893701
291085919
1582128271
1926565668
307561090
262799941
29607664
19206876
52392666
45632608
22728467
34643610
86129724
463765807
50446226
97370449
16326882
27511061
18276341
45931428
18164272
55376380
217064621
67061866
375230959
1350966122
33960482
771525061
149689797
325316168
3240494247
75334052
196706473
383733061
2313755861
19568273
28558205
31395001
28614550
124163000
359169330
22139417
177427007
45265448
1539675883
207243664
23555025
21669123
40112750
531627880
142721190
23461838
2915841029
2511408984
616547768
222666657
297586307
1135388684
1861751828
1979039203
1613223313
1603381488
78138151
2328937074
1854981890
1604366701
253218181
1392282998
3018910586
495149176
3027286779
137514668
18345986
66768858
1393155566
14499829
14266331
2293131060
14543569
1603419038
23534104
1129029661
1880674038
2860639065
1307544762
1586014255
210236090
31583882
70709534
17738678
114878028
15741036
14515799
21693060
3018670151
16929600
2724095695
1074518754
109287731
77517639
264478824
18738694
231108733
2964351843
54300515
2970279814
2975350155
2962681881
236279233
21059255
41533245
2968007206
2966570782
2970462034
2962868158
2968451607
194347409
49733381
231094495
2916086925
130545305
22545453
2207588833
264311797
242893326
54244175
58562226
2613691501
2458567464
16033549
463132556
2695663285
28096105
1373441167
92188907
1104635388
33919343
2903882167
2230533374
18825339
19195094
268637163
121795745
25367195
217550862
22218344
266719387
398088661
243337600
248495200
36292704
18577789
2649355088
153861648
48827616
60667856
2461821548
351963426
724521750
861770432
221484024
2303751216
906104850
393005076
69373202
603313499
47837269
15570213
139536424
370778596
810202969
385702678
212252163
19739126
2575303201
369602017
15811955
1340093874
84606191
16673982
2484632473
68783970
245891006
32559417
906782533
252891973
45669384
19316531
25760863
1614054846
242035798
404137465
162784542
242944499
937801969
549439418
1080672710
1531265618
887853860
1046657701
393955238
363259295
56243259
15852644
16545084
293856165
415851069
21370484
89781370
38500966
18816166
17142046
48132847
270956213
52089472
823905
321706170
12263542
190871709
1300729746
1119667508
240716637
441938188
1307891894
11647082
151688952
134852853
590152667
480678403
1337424146
1095315812
272435791
182086025
1385406126
1467673213
1543664064
724818308
335363522
322620425
119771348
275063348
476256944
211955846
317650146
172814396
289099943
44499925
398289794
489252863
216625028
498663728
216832649
817133173
271024433
1430868084
1562759204
229592356
382791093
18020081
18915145
473008244
552687872
17066992
36474796
21224756
82412928
90860604
123679428
50313443
17525535
17519586
17648905
16479017
151445989
381772290
19416225
18865214
524540989
19667766
15781032
4371971
23955199
18166849
22533619
15728161
18738646
25001953
23369139
18137013
23657714
8955512
26078060
10709972
18368343
19831016
28138284
26572460
14947948
32858804
44891463
19202772
21886024
16630062
23022515
15337192
463637167
247035870
55926722
103249909
28656692
25971804
55653276
102722975
168891447
21347908
178701313
374541137
600097847
731364674
17096043
236221098
236534665
14421133
19632485
822328100
38168333
227767527
1392658543
784604082
48821786
25599265
24234881
173835037
16584443
263465594
56315666
18978862
81155662
70487025
720499093
25091723
390225101
822074906
368992130
249844732
604793770
92865362
21902930
1111233559
15580384
86206737
105707045
14692385
792106272
106597684
486976175
313737803
88402673
20646524
39802613
24028681
12212
1071334304
38072555
28932659
33968709
23152699
35402664
15358651
21370475
14194108
5610682
42717708
22843337
20002475
86537404
87768088
42487860
69295996
288515819
25896607
90936528
17583031
61409422
15117083
71429385
925858910
333191168
74057037
15464697
404272127
95297779
93646309
306488302
39132222
378213080
20597090
79320096
65261570
299702047
80374332
25546865
34658493
243952694
38690137
478980158
524496473
743661439
383285385
11307052
72740377
18394692
461301890
80734751
15898362
77832056
70244805
29237302
36451810
17410438
22390872
46672838
97716449
16118322
16130058
43572699
561219783
54037690
17809431
758435527
17131934
398105054
473385747
85906310
282245814
206141203
28160998
36451219
568392403
771656568
1769551
250256967
243300739
944886829
17918663
1483452302
14592723
43984202
41903059
11141732
77212551
167154696
27006224
137499729
351708588
29331255
133819524
158570217
119245817
18144581
19337489
263197731
16642888
1545607255
22053966
22481727
9245812
456806128
75364211
140912249
16565260
14276189
14292717
553036368
277140228
16732770
114782468
404422077
222177693
44401911
351574423
20280088
103087049
77412601
35134063
234744365
160983113
227070376
93687723
30043148
111045930
117527145
900930570
227065692
227392869
24112747
16319022
51945158
157959441
18633493
23999515
500042487
155823836
336116660
502281810
22732517
475761645
16304004
31773185
1430931523
236508340
390381901
36375662
23967959
23248875
608825592
68699827
60650420
950090929
891255403
70188601
22132334
33658922
332817280
352318494
456787887
1170861877
25524398
525679545
1117107836
138499441
52875852
15697325
151274219
42424471
33625769
818586175
438004288
130158647
98543618
276104863
1590229424
20468251
378273940
266830495
1408858718
38496530
51160105
22263217
284830534
325057390
140947360
961204020
103072721
1176994477
415005373
260396714
255620328
241481855
221162525
989140184
14402027
11148742
58926235
15682352
62607297
481397503
216799530
904097503
14327793
25222394
25150861
93957809
1070101
37570179
18059898
27814665
304185316
14834340
1586501
29337274
57295940
1186
19661363
1039531
16879093
10454572
78421007
19430233
14097951
60642052
222316793
348503880
577122602
120267021
56764425
81114222
14885549
22255654
15533709
14085740
818340
28646919
54222784
633
6114752
36823
930061
2893971
16892481
12454882
46241234
19280591
40974333
7301572
21245863
56505125
16223667
81961201
1835411
14800270
23188724
24737919
1045751
223841171
177137867
15084873
46575796
2065521
16186995
32356101
32359545
14763721
14208982
5959342
15804774
35146779
23863969
20173468
19478716
7900362
4934171
195633751
16896679
30779877
54752520
17997789
27010483
8584
810129
1021631
15136193
1318301
14858088
64694137
5746452
228199663
16026783
243291022
59880071
300378623
248858493
278208769
11666142
275686563
2195241
11107172
770729
288000259
635013792
17267391
5746402
901651
28172926
18910579
15865878
174870251
50374439
91478624
4898091
67358777
18949452
16379018
28140646
32359921
1652541
15110357
25300308
342803375
34713362
607289206
117662694
148474439
633980404
33975283
26087378
30244377
17071048
78716886
14352556
179699448
91910696
369713171
17998609
21056670
20150502
250628030
233813795
38560785
19618184
20811261
67415806
287497601
38189413
37947269
160946337
363368593
61349535
29232480
1347285918
16890261
64643056
14980903
13598262
31997610
14142441
6680762
43797909
228403233
15472068
41668297
14165170
21518962
225313528
117543420
15765991
127443339
20747881
21572351
584139171
36972997
5694822
30231097
792449084
14677751
21701757
155990453
29455548
211950466
88591332
41129876
220009727
543733563
371419323
458287908
2097571
993972252
68156183
116496709
19084128
25181339
44513878
320938715
16045981
47399805
16102460
224349647
36934173
340613443
564735028
16807520
15652540
15573613
1522906376
39527404
778798705
17137891
1522464770
1522468057
16076032
13194
18580432
387348851
83404274
78406420
842286362
15996830
613833717
120181944
1583465437
379997466
716544710
17181265
292495654
223166587
302060217
340997626
249787913
72617356
197466753
307642337
289475697
90455058
574670197
269984227
1117698578
29248476
148374341
22797378
18935711
32840323
108638625
265807609
22185130
26915509
47686352
65177395
48177456
28365586
345982944
88309377
17574773
362654346
68407722
46751965
518957087
19849635
196186298
18125063
370489880
258480113
1342591298
14614615
12655722
18057077
18943132
59307423
997684836
393615360
171145489
259536311
358296480
222469377
338441243
18992437
80887633
252846417
137430674
42051556
115195592
70416028
15056226
95973441
20250920
44970026
43907062
23432348
86091264
21704184
24016336
50672177
313562350
280121510
17133444
20746515
180032621
22107372
20562918
491332294
568784692
68285607
609309336
110463043
833824045
27889248
60646940
386365364
16201819
63735374
1267570153
49764976
76707553
212135283
583134922
14074673
280393561
78665213
26375456
39571271
56699878
1375137366
997285801
91137301
76943994
373956035
126333777
80348822
316452555
615442503
342447080
80108000
113697746
64174642
72566962
80660205
246930289
24757417
745348728
340051292
160254647
21411112
162850946
119129376
150716228
262331232
244265058
28327364
276635987
91727688
23438791
32798211
67964833
325312120
37683487
373691818
49839233
81706093
80084069
19783273
36873116
184137711
331194923
51140188
361401800
31114872
118067776
92642682
231316236
142302554
122316763
115487225
212272559
43996908
59110488
746403284
97003704
617592091
348292124
28355223
34707392
42964031
1547050249
431799286
933244939
193677323
243137830
384723859
16392468
37692608
26716577
123158455
62818871
873861104
18812301
22923087
57719071
811644757
16243405
291834223
22955138
21443773
52801765
142410799
295899118
25379612
712872716
332454140
15097615
14747289
363894350
112929651
25714530
87738933
7744592
46748142
20069757
36843988
258856366
402980192
60693203
267422255
376245255
54311364
1073747610
431199694
20259954
35773039
64290490
176962510
262245460
52550306
265579018
573829078
66543338
15716318
241142787
271593036
87673496
24714102
254186356
815904300
292479483
24715596
510403018
278088724
70419335
50317463
21122114
66364944
371955914
62852558
9143022
198902989
46684174
64837653
44961877
40153002
40049263
21772839
53167394
364460082
430792424
30354991
188478027
45564482
24252078
252763592
58475439
61255653
15198507
61259514
308233424
3365
32311841
309937733
365720834
15588657
155724750
340501364
15947602
49639096
286339472
150688795
153865861
70771229
15022633
14856348
424511268
40959360
19418459
31585203
14975341
17366486
16172818
17491498
55184907
19207148
373600871
516880804
599503354
435140978
15446551
16172991
7868832
24959108
14251225
49698134
1077214808
16222236
69066533
15939889
1116129830
22685638
27830610
23519852
14700316
35928501
47794752
282735852
25203361
14824849
448295627
23359675
33799012
26637348
355906128
328679423
87510313
79653821
179971182
168281322
461317248
108726910
17735689
26513860
66481550
15909010
126713942
24199781
83795099
22539758
62837563
186930301
25475608
58569666
167892127
184814522
27719762
16900353
64892308
37917164
57105450
212320989
63262233
14764240
385544923
242142875
175082335
4970411
233933608
9130702
257508417
43372241
190298721
28495961
121539446
27029537
17009186
105531612
337306809
202819700
466519303
18587457
86226667
17011177
270067927
45605983
482120066
362643583
301494570
20772763
66375473
34309824
17142019
40866712
85341683
133880286
393303530
21786618
38146999
5360012
8161232
359984234
389693939
370911790
1152523333
46647072
9567972
388647272
102633945
195575801
843646086
440949316
86307757
34369632
513480853
239857777
115718513
109471001
20466215
20801445
78405985
20522862
516611632
161801527
27055034
50011708
87711816
296385161
297532865
47954642
395895021
56480330
11855772
20704106
36741279
958927530
36047098
28195764
27009969
414010452
346082172
33653195
194697604
139782438
41406567
8487622
1342861723
1023020557
757303975
15446531
24431892
19847765
202294396
135575282
249726335
24824450
47455112
554468225
64420220
158495061
14276218
21175250
346197350
19034656
7381772
7768402
23169038
24315040
726413324
27147528
456053754
549579841
271441733
18486746
399638155
221583114
44968998
62633151
634596749
598733789
291734275
113713370
71267797
24312506
105140872
36720356
70394720
259736125
39419180
18025557
234820310
605618203
539193216
540344742
540256550
540252406
540334656
540246707
539235333
540238847
539140859
539130313
540236347
540244220
517675416
1101166957
64437124
898045518
461177967
207660339
139738464
133852221
370340908
82426673
97449095
117754616
18189151
288478825
1179901578
1246485386
227357675
17061263
389759292
1583418930
930073033
941647194
1598564317
22519566
463918261
16085708
1452028705
21411381
20009816
18257408
312593987
1452329924
19268706
131497030
30722743
29613125
245200808
50410264
17783446
64710196
1378000346
55265935
302083519
935429406
377843282
1375289149
154573594
16435865
23192835
237869601
90402802
492399691
1071711415
19427256
237814920
243470492
38956896
560424460
49719907
1077655296
35850114
1225601383
232901331
15462819
453319164
37397428
1039785348
73190286
16153562
18213483
16042794
354399766
16170253
23518393
16244449
29442313
59159771
15174710
14185317
1330389200
27944874
858646280
35027698
106827430
89292711
6603812
1267368794
75069067
68999404
48086047
1206926856
16254913
19868489
207133632
454241542
68522205
1151701484
42501345
19113435
631594179
37267983
95048311
172779883
1179633828
15895180
133929829
21402332
7259302
26299183
243724127
445166975
258062455
168663228
250603308
22626365
418509252
16299754
22675685
210829635
15836567
74175669
125115830
56060828
23655212
16252233
24136198
14560097
340441440
174761521
181630973
16020751
25387471
15507433
15920522
24797315
21604276
19544895
15336208
14307307
84189548
60649109
277719684
61747991
78599720
19958262
19201793
122723072
17046166
44135322
360843934
1084972932
21234528
89517777
41196210
426740789
602189873
16783292
24223641
211933552
418312926
150834024
48388417
193688807
18146481
1070676493
55244226
15099539
20778387
14434011
135173872
83684370
34303729
274260620
1498783476
23814011
52140667
17659329
322830431
28143682
211207200
16948424
26133429
3335531
19639808
17935136
18996618
17746914
61222745
484527358
90947238
69480815
1596450631
148322097
26813269
228245448
36484307
196336073
294556340
15096096
19145536
498885442
157666746
210833051
161319535
18028893
161298188
189245931
20959509
266709857
398871914
16358097
16367980
39279393
16789109
19069222
118478797
356382421
292521710
169596992
119421760
393562221
7848802
83837302
55370790
184860130
18778634
21800063
118458713
17590690
16434868
169586280
219350591
58773116
10929352
430364822
44644109
19785931
1023096199
225454496
331907511
32517594
1078632655
12343872
84472115
107147014
150850048
416595744
468810139
12031692
21789369
803826720
22169931
117793973
177312593
299798272
399977826
759218382
91160433
66361998
119531334
79268624
190129094
319703670
67323898
887203226
46187825
75010872
59604041
512031192
188001904
19727388
475052992
211238730
1205249436
344864416
17601898
494363905
836145468
868234082
226237599
12267642
158509933
190617492
45880617
16221884
14086852
234463166
90957490
47458489
44129684
163507680
171643815
804295
379921114
24098060
61296548
213073267
48800363
719028380
270063196
22641280
180145679
342332572
1125495349
342400965
105929549
52582813
19318562
119939978
14906066
15927844
1512117036
261877842
310115083
1514728698
216355557
105532519
1554363578
265221271
58065308
17769536
26573734
1563545412
208843118
23186237
127426312
63894176
181304710
325210048
16640598
22192337
23134068
296361085
415731237
16797043
19257799
299920958
14803559
740843
972651
280140500
1244124979
38679388
71264628
20536157
116859102
6017542
5402612
257038465
22819843
28583197
365822838
5695632
11621822
252531143
17060020
29322642
21181948
16359843
189180763
57955878
21240602
1247221267
365197686
22524761
179689724
1546805936
36458218
27749485
134870834
217530311
242418441
20295222
241201385
214894303
14505234
393379641
108990595
193430532
285261861
444678141
78909785
98737031
370255632
735180006
254096195
35094637
9864112
20480549
175129462
872400817
247477715
78623653
20461521
29077741
128570891
28181835
27102120
38726450
236252296
153895299
544512724
26159816
545304235
507975898
192926731
19882261
18991439
17907987
544378056
89248431
308573576
257019844
60763047
127539363
119120866
36442614
27893222
95281047
155680896
105925025
338514756
29531504
41684260
473537910
1069221390
256135322
460649862
286259762
30006431
1090009730
23587196
277553942
48581849
110299604
25159286
33201624
21312961
335996055
200542610
19038768
250188760
50406326
16698389
277124730
19792457
52774637
373551099
24464743
109446583
114547989
77889726
47462001
199836680
284145973
34377792
22693132
69218324
50715793
18983793
770128646
23594033
101833775
16955991
743292565
1947301
906114092
15844989
61605255
83922884
67393806
99756515
24239045
14575708
18168401
351704053
22299177
112047805
41634520
23970102
90484508
278096906
15745368
50769180
28165924
385201287
18791763
104851609
516665208
15841757
14333957
260275260
19083161
385456621
455100646
402828353
14677276
15233793
24247327
7313362
21114659
26792275
621573
1877831
18632666
78431501
198567769
414331122
169081913
148529707
115733549
150078976
242836537
18061669
211588974
48144950
218289790
29013637
192208890
372994560
116763916
33701017
222953824
19359576
54220755
179478740
5988062
61636488
81756964
1374804697
14780915
443810395
16705761
87289614
128659076
460383833
35364809
375383001
742961898
486262900
115485051
15256841
104198706
24721204
1002433122
82643763
18963809
116589820
23817772
52474019
14786217
40887204
43078558
417393341
143214225
109901017
22145959
27939337
16594675
21786574
262668957
33719856
19249328
16621525
21878635
407039290
98906881
15537701
146089665
23092890
92394644
302162611
18320874
78744813
140783726
297066172
277165873
1329545508
550354273
1328581
21862889
1347119180
262928420
253619083
117974827
906853832
30261067
69306040
16808947
389028352
30227658
37682425
20685982
103018203
411246048
40031849
39580052
254074448
54182567
159588456
554663561
52138443
409283268
94399395
47341545
234499923
15134240
18699067
619084658
26259444
500407852
1564956584
19397785
19697415
13850422
10228272
533361215
7713202
17976923
16303106
72618381
249677516
120233868
83590349
23439032
263234033
28101965
14992591
64729812
21802625
53065480
253121489
339976465
63125746
258942898
19912304
787969735
440051629
115772421
498961017
17149641
16439779
190890578
355577408
17881467
14062180
729177876
17539497
30013792
59863421
53380557
225962390
122567822
158420296
191864679
42895967
236878017
191583349
783214
6995942
97712532
240778819
123268330
8370082
14801539
16143986
55338739
515684410
446568165
376005446
19351485
282047676
388521369
347371594
250556430
15639078
94388463
562474320
34726163
811602313
408606446
787947182
1429751
226929117
494295504
213140911
64849390
190704848
37674002
369318364
1170275684
241391563
17590932
1314718796
15799008
1374750102
74206438
1469626856
795309572
631504556
496078055
100631458
1546290708
435978510
21836759
16252507
18370412
328580084
21334433
21816289
237828219
241761378
18742338
403412603
505271382
805282562
301239030
318035760
937882820
915454429
1280018456
1327057159
86736757
109408730
351942262
69792268
107476580
600402500
272028877
28103693
34022952
14268812
16150687
133947893
80638910
258885469
17910554
356885109
83668232
165204211
109257354
126401831
115564212
135515077
61734492
64916983
45399148
17265327
6332292
47694175
426802833
16555985
459764007
433034412
78693573
20601037
329913473
21797658
130267706
80077721
174110843
180859549
293303534
47977095
20217658
75797367
272566480
49105997
58491989
55577810
6112442
125656811
20086360
778057
147666113
311989458
44638576
17325090
90658621
132476518
18159985
103949895
31464192
326301436
197423425
281593711
271586770
34739408
300497193
17908972
123327472
34371118
17466132
978620492
15891430
44935627
562456722
1111940934
1104425378
1135399020
130496027
155784594
118747545
19914257
369245377
249722522
343958195
169228393
95431448
1350033180
15667802
562385224
88507556
121305860
37723353
1281405877
198305918
20196398
15908429
47747074
158658574
123282767
301073375
369232105
435282321
103022243
41715216
146167871
16172747
14281980
448092850
22771961
369238541
124490608
154985728
23337658
120180668
30699754
54454740
253761367
226655186
59603406
851847836
119491006
602199246
85243004
17737614
19554219
15896580
241271040
18487710
403727931
20781559
142849883
56681659
74588583
189261917
71566606
190945462
19193282
82162775
161023696
17468585
126118188
238315997
15220768
4207961
65536177
124529561
1355374194
41622841
21010644
16299373
33402211
40484647
61192393
62627497
21231699
39986310
66981416
98845251
39542611
755561520
455524335
259552997
34681981
33580347
17168956
21819114
28985443
36535215
19541375
37721714
39285566
14463848
16899141
45467270
61538767
61245284
61541081
61276714
61503356
61498234
61797753
21879487
14498193
17167954
68162509
16365456
37810666
16055951
22373858
14997273
141779581
110823581
46087934
26556899
33518895
18009561
17193952
119897487
133372639
96780563
212208059
244655353
25017309
14327933
154630457
82647279
84129093
96224375
34659692
211205079
17924196
18359875
161296773
35132138
183351675
7848352
8695052
16528229
122131645
225057571
22066201
339721285
270463226
182953349
46648807
15233637
19167293
33273634
44177201
20717232
370162466
17316879
17133657
17214735
18947754
218542998
18609072
21128858
532507334
47549624
475359002
21316253
15856129
114036431
169225297
20266896
15722647
335327937
356980124
426028646
184136149
65431946
84183248
369246180
24461011
366744819
243271477
743538714
482142704
278691695
14475312
34310801
91944748
15723290
816653
475869143
67699030
142894598
449922007
31310158
371889510
15066958
612273777
89256736
21251668
516718882
15826822
58550415
14768117
25307800
278642216
950218003
250495841
20818801
11695602
174744715
20058011
499947964
33600887
14695985
167518667
22828333
25085215
235196204
23794763
1283671273
327571822
1205882858
47448886
116341480
324327894
21431618
348774571
68484786
15635891
446138615
153869519
109328493
1339835893
197047110
127180851
19066998
15944743
22061951
28622687
135001879
15741263
26048042
244183930
764399342
752999582
29363230
19471123
17972308
80874881
14759359
290011697
357606935
195897926
297098066
169785728
107286421
20660088
42716477
405181342
389034808
36771809
17377538
491377394
429236843
15739640
23605505
242431231
38984074
15426911
278094476
343149402
408702163
21340188
23633216
68474107
515800498
43638469
560773965
1531521632
21324442
62453962
573848860
19824430
277308728
163995093
456109840
533436695
45588574
14559745
22642788
13201312
5031151
3554721
17596622
20068053
18713552
260484454
74426794
326255267
34828750
25319662
43380004
91078955
409612298
785288922
174793500
44425860
22650398
12296312
195046691
241215352
27922157
34648965
94103877
482929299
18481429
5990782
24178302
73413771
277849970
85892107
49993725
314037743
562071938
42952577
17836558
161698693
20069434
16000856
127605667
95938091
26756955
104897036
18191927
513812971
84552932
15394528
38036372
15463486
18697888
114497182
45577446
24659718
58113946
18251414
151106990
125359805
136337303
593234552
35014834
14708747
620298978
38516217
61736345
109302025
294084341
384913290
785414496
1140648348
1262814457
164369297
384392601
479872233
155669457
442824717
385429543
310310133
267938462
510516465
404132211
581141508
789244177
432771620
787373558
245451804
558769636
612117635
1260172386
118744775
46700919
957865614
116559622
16302354
1410590874
17547367
1330457336
912595627
1074129612
1068470480
1009269193
19608297
392810019
1243902714
1222257180
1206227149
1155335864
484991854
1135486501
1134292500
1128781184
231510077
340151292
1080844782
1071102246
1083448909
1071840474
1089859058
1090002997
1080509366
1093090866
303861808
1092979962
126171100
1072467470
1058917562
1055907624
467823431
1068499286
1061385474
1072453910
1064206014
1077121945
937723303
776664410
749523404
1058717720
1060984272
950783972
1045110018
389840566
122174004
942156122
1055685948
1051127714
1027156464
1055730738
1058520120
1037321378
16062247
760245774
995193054
575766234
580186034
201983092
402957663
26003862
15812461
18768730
33971020
113430220
518830965
16059256
441994061
98059273
114525492
427787017
76984484
75068011
197565010
15923226
13918492
21982720
17993906
16453846
42389136
29472803
455039357
475286355
15923496
423424026
59676104
22977590
41643124
57625403
87965559
20159808
273583665
68172593
40260612
249784991
356291170
242355821
115228634
15298971
30487723
299798118
84271737
93666150
36965318
337648031
24298191
97053321
148040105
16157855
78908249
22051241
24362769
16785032
19075173
222198237
14270650
22685200
30043495
19107878
17111646
57768217
8839632
594503585
23871652
26247287
55663425
499790607
17661546
171604832
347569348
245428960
442377881
175397774
85314953
41054072
214968901
579668967
582777472
33371149
414144496
334183130
15493856
386086439
131163360
66473251
24016013
137488881
23332846
15935867
381722870
76109415
36091173
24467012
63164832
525042670
549777548
393062211
18252964
343394435
38448518
169596283
552085767
477769645
519262227
331006870
440567453
22422144
712676828
496315755
408659251
574614088
594060738
606446381
613844354
621081664
48434213
631090175
70660689
25820064
21277607
380457814
561216949
51186558
466822286
21958275
73561150
22956596
14689099
257309328
330953191
428565858
498968683
147346483
20377607
570149861
487221734
455254952
557947981
325756029
309721717
301728429
563860326
258082058
390929702
171922158
35873409
88770895
168132884
74898117
125878900
618227577
600237919
322990625
253820164
304202389
14846501
190350627
374166808
575502750
239530989
115781732
607665088
256521233
85639872
618359906
18676973
390156028
625768256
633743022
167511780
634716982
701755045
221506431
317949707
249319912
57754381
378831256
372629388
170816296
594701756
482119649
216921467
19277038
297055411
26565091
102238997
351582928
31315966
235640285
171575422
237596944
207190400
329768150
226696988
28800447
589433090
472223791
605615144
87976525
222793541
207673849
35718639
17452552
45023914
227385044
120652140
26001646
42942422
46130794
158007010
202799464
473007389
211924330
355769657
136040951
334983578
552963515
253875493
590519314
633947174
309234334
205516735
484286007
18375327
136014737
18907371
194129581
25515760
249161967
115769727
64797139
32774989
14377605
128594349
69091913
15012352
17516517
108452299
22146282
39389304
22197119
21415216
468430671
63240172
159249403
80579719
69742890
24920395
364400667
39575290
15762708
21870081
15008539
17093617
386631799
595515713
494185340
31208115
242107076
172217932
17382414
225539878
347973434
264839778
363092629
42384760
52422878
15650573
5775682
14892330
19863977
14412934
19362341
15808765
15731368
12354832
35474809
15147042
36750478
48802719
1933161
15727317
86174088
41988894
1106501
21634627
13524182
63246339
21268897
123565032
50393960
14962779
7684882
61220477
18686907
27882000
191477653
16072058
20281013
21612122
7380872
54662755
41425295
95975858
71002206
16581604
11527072
39155029
201882918
16104258
26585095
76449921
82689705
188443744
140964213
14376967
59031230
111118177
57033388
14238142
149180925
28113052
90719438
27853566
171171584
4119741
34349891
66468564
67727882
288452305
5336752
27144140
37564255
26754354
19432206
19918047
15893354
16045268
185397767
14068794
87563984
264924050
19415019
219786395
50025218
375903428
191891492
123310100
15237481
101569095
128660352
313377740
62868703
310455468
23588075
54212456
296288727
285198536
15481070
43229249
311632794
15119529
143913804
133875756
16753660
90427009
234903540
15675453
100818837
19863164
48802204
24554901
15894074
15485844
259395895
49717243
14437914
82387816
22859457
108985543
249469549
10003742
267912413
56519267
15335662
402937572
18678843
256675984
96917754
49793110
191153221
216928966
76687213
16745015
49961516
18821461
91264050
80052879
353001110
59161306
22938645
90310043
15636502
38232012
46686860
47356178
115097756
59166951
20870495
31418514
141381999
203096957
121216491
93729105
14915927
14085587
78693274
366734571
17626836
36041246
19002707
57770539
28381129
202829020
85361264
44610712
478298465
19734832
149162497
126791708
305588032
37311970
237449973
15870802
23496432
147370974
111458346
25375836
22065061
14958071
330378809
18107749
596516405
15431478
122265201
16228479
50391450
20438137
388513351
215859104
80617430
29725730
384479689
19380829
16679681
3075421
15164565
17241403
33754039
185680080
135931182
320994432
37759047
540241304
614441689
112763422
234186830
164702019
15689503
382232114
151444950
19186003
130274805
15419357
15871277
324095750
420832039
16930125
306499543
130945778
266811967
47402168
188026946
364423298
28145696
568363623
14282672
103896637
270394054
72631996
153130272
85365067
39779166
123887759
27048645
28785486
11771512
293131808
124291988
222554961
21233909
177336591
15987296
23434446
39812424
16545315
16045066
15854702
394741838
6507762
148086041
53943410
17444027
45626822
273409131
119784192
167067377
42903494
38022104
432676344
305216911
102803873
94588784
261918703
312134473
105242077
14055301
309354920
409486555
437006133
436730442
216151411
114050808
158426909
21702539
15941955
22492599
2425151
103927659
176589375
14924885
172470598
54208274
14213413
21228708
66489082
15743206
82963512
18983600
157064188
52844632
30913636
47968639
45573874
136300373
44960116
17339811
15324851
102433240
20269833
26270132
27086783
48073289
319100065
17849966
214112621
197945861
14133964
36196298
18812572
15919256
38744439
309605925
386380984
241409203
321204655
171469950
192936398
191453901
101801773
125207964
117170512
38783142
254497099
79212743
18995389
65238095
22259628
60801256
175495970
29216170
219370146
357639978
92991305
254225930
217510835
211582600
385438570
394835967
117826921
263212285
148892263
125894222
47780910
23120154
35871230
37025793
44178146
115639426
392733003
252005440
161099603
286330046
364415553
86070538
27990131
216737227
17313403
218982890
20461563
60726407
111379452
23232204
247033019
17086475
26862045
342072272
148315696
37011248
21308157
121540651
110213431
171203091
20463418
244192610
313503779
270033955
2367911
23624581
23501907
20071932
30128506
9589252
39298589
126062842
44988185
58503762
257959346
20707070
32478395
68482261
381152398
16002877
17906632
16129880
78111823
17350371
79539293
16365994
23998852
125423062
62488992
36989399
16573859
49461020
20180101
22946533
103004707
292988547
36378788
158479969
165831055
17640124
135579990
35742491
16977023
109450863
15302596
37965812
16312540
26458435
102788713
59169678
20848977
41608251
18081913
15794057
125984385
42266117
71047638
23618466
15231520
27694585
14856665
18938912
14425965
159145105
15599873
59546042
61500068
60087880
115515744
18734076
20177097
14240875
25570115
22005283
36003748
75093861
36098062
77277049
17346287
17227135
168766298
108528477
50747106
27706099
179552217
266365948
46758449
75438785
96577362
55242329
36068986
19542476
106447749
69594797
96770632
23484245
33619726
18946467
20165280
14332565
66137554
28589777
102982232
78973718
103017881
116763361
29259173
18167455
77608713
50534229
97676181
22952419
19550279
19940003
176459714
259789206
185878603
360268640
278588808
30015905
110466277
301628206
159128790
112279711
54676805
76938199
29235331
267376187
163927728
15048627
159217570
97636727
28169971
109662055
159599257
22193511
76333719
126061182
167064891
96173926
30267826
18489785
38257203
171637104
18018782
176417261
87744493
298228534
96654386
60088264
216891824
237094998
139107139
137865247
45141030
148745986
99390153
18313199
97732796
172752266
229587515
229502116
131703803
115149062
31195469
172344569
92170241
122265039
144987804
18127064
17643105
376944305
111989710
48179956
70724480
7414672
11856932
16967845
15935383
19719380
13393052
17789578
15443890
22162854
153558139
17006036
23457956
48115928
136550204
10069612
71294756
41814169
59157393
59813090
40302336
93722614
87271106
70837868
15065333
28357349
93069110
59331128
16125224
288308178
295897315
40057701
18172905
15931637
245424983
59238436
22789766
16244789
76133715
14007532
114887629
16184358
18174520
292549803
20769514
45604374
82151660
11702412
14659350
104615577
15837659
7402662
14159148
19553409
36042554
742143
90077282
15399512
18646108
18767699
20474813
76091295
38477209
10389902
13067732
74820061
22772264
21844854
10126672
12926172
17902389
182000140
80910617
21160744
15570735
20722363
97261855
130214290
19658936
16616061
18528834
14074515
22826294
16613128
17629860
7152572
18481050
18038892
14199378
17967675
20437286
20436059
20456198
18058609
19109172
17451742
18020120
15649433
14505838
6450322
17409240
16245822
44777959
59204932
21783950
33998183
43920155
61762853
54655632
49706919
76348185
105174965
67378554
66369206
82161632
117821354
104324860
19674502
153149305
9855382
211921304
234826866
36719281
121539516
278776049
232193350
254117355
17899109
164691705
33972882
17756440
278654482
24196684
15360275
61083476
146569971
22650211
21027715
159609655
79743108
337742544
28585586
26278266
369505837
15458520
54994166
14897840
108993692
51241574
31127446
14345759
15940218
15901113
253284469
23114836
257993631
16572648
19610051
17998985
305620929
299743215
54256505
26761757
22520818
28127444
14677919
16459325
61853389
136371136
158770609
52443555
182179592
278056327
16031927
17112878
19543731
14342564
321406068
128895688
54229500
306993736
6708952
158447918
300969036
242911974
370275093
15647676
16999795
15391102
21768766
15739494
23466918
165998897
16081831
12133382
259364314
272022357
224766531
20109439
18678924
15463671
133872807
45671898
153919023
164007407
93876666
27985612
65458533
271086864
146827403
80113196
21162374
133723711
222107569
18917699
128269680
61248930
20708051
270361579
164350524
264257996
31138753
25104308
91416716
18490288
69033227
129834485
339852137
322603418
15309804
237112418
319323899
112471133
331878888
193732179
22523087
292990703
292935209
252249233
192955168
246088673
151519500
229873610
291903997
317226055
11348282
308230587
18451200
21186125
325830217
24439201
115745371
29293808
259918701
29205600
85131054
139754686
26548315
222140591
14940354
278687907
43409523
44682276
19112923
1025521
205392468
18776942
28621011
19188983
20160995
119372054
21728303
222622640
15554922
237780351
14615871
44873497
149162374
27767737
134234059
242872360
18215973
11857072
164412502
147649517
110541296
232992031
21307076
33222598
224685124
250784170
16371887
17004618
16017475
14552725
15973881
16129106
19611483
8775672
66369181
54885400
59486068
26244262
16028241
6519522
16669075
14980820
14293310
14434063
52419540
9252212
14345062
15210410
12272322
108617810
11856892
274581613
15724082
247334603
46176168
91671740
77032777
106135104
50073507
36071818
15159913
16311797
138479037
83932732
38507478
19553760
19994385
288751432
2884771
14173315
19948202
33986037
82453460
15012486
168295477
245516606
258900199
48037533
5392522
24752484
20508720
16006592
14717197
85606078
14511951
18137749
30929600
49697450
86141342
15384023
27457788
38852403
142419647
198980151
59884592
156333623
163570705
149982376
78445977
263815367
40064446
15963598
15824288
47438401
80628196
13493302
44615672
261234528
36590105
36683668
20060293
267854863
20776497
260845829
78408666
23593446
85436197
132278386
193872188
242892689
56864092
227088228
221792092
85322445
168502762
239905257
75124560
153486399
137794015
140519774
199325935
148453195
24195214
162069635
125445568
92102359
242426145
237770636
161791703
233783568
240812994
153944899
234002627
158398519
235373000
249348006
248735463
168673083
249410485
9624742
65707359
73181712
216503958
227341953
239949176
210926192
24913074
92186819
20545793
19716781
208692908
246357149
234014087
29450962
107514329
97280062
88806753
26777550
26780957
76936279
15442036
20517132
38254095
9109712
46435978
111635980
14848798
16746493
21111896
247486443
17494010
17171111
57656702
35002876
69181624
84388888
30912937
17291393
18227519
73238146
48086014
48847011
166252256
132201224
131144091
20100423
21718928
17220934
14676022
14466538
21696279
72273570
115979444
15754281
20064236
44783853
236511574
55355654
224320485
28602948
14226882
18920073
14703188
26596727
28599820
107545479
19726613
84129740
28576135
18915795
8953122
19195626
14230524
206721200
182503471
72198806
19673700
97474887
205864193
161411080
138770045
34972633
80612021
13787352
188019606
24232525
129701343
121566546
97503010
52070270
89820928
173999134
159216278
119250381
58242325
939091
11856032
23632545
60919240
15458694
428333
90694084
172858784
156016878
113420831
38737676
86697288
118188665
84614572
14529929
9532402
14412533
12340562
16129920
130617778
153083172
151963505
39311638
14140370
33530012
76091017
112740986
120176950
20179628
116505994
137823987
70526457
131290943
115434851
47632905
48706233
31128529
31122582
61206798
74294786
21684013
22053641
15361570
31801993
23600262
22192142
150724371
15764644
133832049
83901492
7429102
60828944
8128442
14125897
16789970
20597460
29201047
18695134
16160352
19269183
15007149
7334402
16317406
109071031
43910797
80111837
7004382
32576041
33563161
14246001
20608910
27901418
21252618
103087786
28902856
19216998
106514937
46557945
19598173
16187637
46817943
21220931
108376246
40277246
36686040
29501253
111635527
63169388
30216513
33576489
84119348
89028052
13491312
115111016
21312077
16583468
109025212
39249305
18696134
25781141
22812434
58928690
74508260
21690931
47412499
44177383
20552026
7356562
21406834
35758363
22812754
14384907
28819823
14135426
103922067
22669526
24745957
31611298
36948268
82649553
19318314
28582749
19891734
15954997
15861717
19918558
46016028
18909919
20002401
84632688
85396297
38712914
14984637
50452197
34638973
92079350
21619519
75052666
50325797
17074440
15224867
18622869
59145948
17006157
19608273
19079396
5741722
15675138
759251
20402945
2836421
15922521
15918708
15210284
1917731
9300262
15922214
14662354
8861752
16664681
3108351
807095
2467791
43963249
813286
30313925
